9 0 1.000000 0.000000 0.000000 0.000000 0.953317 0.301972 0.000000 -0.301972 0.953317 0.000000 -2.229750 13.928699 1.952075 13.864624 2.795700 10054.dat
9 0 1.000000 0.000000 0.000000 0.000000 1.000000 0.000000 0.000000 0.000000 1.000000 0.000000 -2.699000 -1.038650 9.492775 2.449000 7.114025 10054.dat
9 0 1.000000 0.000000 0.000000 0.000000 1.000000 0.000000 0.000000 0.000000 1.000000 0.000000 -5.295975 -1.038650 1.851475 2.355650 11.743700 10054.dat
9 0 1.000000 0.000000 0.000000 0.000000 1.000000 0.000000 0.000000 0.000000 1.000000 0.000000 -12.312600 -9.741600 1.952075 3.046475 1.879050 10054.dat
9 0 1.000000 0.000000 0.000000 0.000000 1.000000 0.000000 0.000000 0.000000 1.000000 0.000000 -13.550000 0.275975 1.952075 5.398375 7.817625 10054.dat
9 0 1.000000 0.000000 0.000000 0.000000 1.000000 0.000000 0.000000 0.000000 1.000000 -0.063875 9.207000 -14.951825 2.065650 2.677950 1.658250 10054.dat
9 0 0.699658 0.000000 0.714477 0.000000 1.000000 0.000000 -0.714477 0.000000 0.699658 9.661200 4.276625 -10.855925 4.009550 1.832975 1.259525 10054.dat
9 0 -1.000000 0.000000 -0.000000 0.000000 1.000000 0.000000 0.000000 0.000000 -1.000000 -13.996075 12.119124 0.389325 0.822450 7.501000 5.347600 10054.dat
9 0 -0.837366 -0.546642 -0.000000 -0.546642 0.837366 -0.000000 0.000000 0.000000 -1.000000 -9.458401 -2.263800 0.389325 0.822450 8.370074 5.347600 10054.dat
9 0 -0.368666 0.024574 0.929237 0.024607 0.999558 -0.016671 -0.929236 0.016720 -0.369108 -4.964625 14.404275 14.297150 0.822450 6.190800 5.347600 10054.dat
9 0 -0.740336 0.024574 0.671788 0.029435 0.999558 -0.004125 -0.671592 0.016720 -0.740732 -10.601826 14.189525 9.424951 0.822450 5.491950 5.347600 10054.dat
9 0 -0.699659 0.000000 0.714477 0.000000 1.000000 0.000000 -0.714477 0.000000 -0.699659 -11.382175 18.893524 -9.413725 4.292275 4.390100 1.207550 10054.dat
9 0 -0.406213 0.397620 0.822733 -0.000000 0.900363 -0.435139 -0.913779 -0.176759 -0.365739 -13.633275 12.006525 -4.771500 4.292275 4.390100 0.455850 10054.dat
9 0 1.000000 0.000000 0.000000 0.000000 1.000000 0.000000 0.000000 0.000000 1.000000 0.000000 2.330100 -13.236626 5.922750 3.698950 1.388050 10054.dat
9 0 -0.679321 0.024573 0.733429 0.028967 0.999558 -0.006660 -0.733269 0.016721 -0.679733 -7.089250 4.905925 12.220900 0.218350 2.383125 8.468600 10054.dat
9 0 -0.699659 0.000000 0.714477 0.000000 1.000000 0.000000 -0.714477 0.000000 -0.699659 -9.661200 4.276625 -10.855925 4.009550 1.832975 1.259525 10054.dat
9 0 1.000000 0.000000 0.000000 0.000000 1.000000 0.000000 0.000000 0.000000 1.000000 13.996075 12.119124 0.389325 0.822450 7.501000 5.347600 10054.dat
9 0 0.837366 -0.546642 0.000000 0.546642 0.837366 0.000000 0.000000 0.000000 1.000000 9.458401 -2.263800 0.389325 0.822450 8.370074 5.347600 10054.dat
9 0 0.368666 0.024574 0.929237 -0.024608 0.999558 -0.016670 -0.929236 -0.016721 0.369108 4.964625 14.404275 14.297150 0.822450 6.190800 5.347600 10054.dat
9 0 0.740336 0.024574 0.671787 -0.029435 0.999558 -0.004125 -0.671592 -0.016720 0.740733 10.601826 14.189525 9.424951 0.822450 5.491950 5.347600 10054.dat
9 0 0.699658 0.000000 0.714477 0.000000 1.000000 0.000000 -0.714477 0.000000 0.699658 11.382175 18.893524 -9.413725 4.292275 4.390100 1.207550 10054.dat
9 0 0.406212 0.397621 0.822733 0.000000 0.900363 -0.435140 -0.913779 0.176759 0.365738 13.633275 12.006525 -4.771500 4.292275 4.390100 0.455850 10054.dat
9 0 0.679322 0.024574 0.733429 -0.028968 0.999558 -0.006661 -0.733269 -0.016721 0.679733 7.089250 4.905925 12.220900 0.218350 2.383125 8.468600 10054.dat
10 0 -16.372099 -23.581024 -20.780624 16.372099 20.226675 17.005526 10054.dat
2 22 1.000000 0.000000 0.000000 0.000000 1.000000 0.000000 0.000000 0.000000 1.000000 -10.000000 0.000000 10.000000 2 2 29:0:0,29:0:0,29:0:0,29:0:0,15:4:33,29:0:0,29:0:0,29:0:0,29:0:0, 10054.dat
