9 0 -1.000000 -0.000000 -0.000000 0.000000 0.610222 -0.792231 0.000001 -0.792231 -0.610222 0.000000 9.473251 -10.031377 3.321800 9.523525 3.843100 10058.dat
9 0 -1.000000 -0.000000 -0.000000 0.000000 -0.073729 -0.997278 0.000000 -0.997278 0.073729 0.000005 13.595851 -25.129002 3.202000 10.096250 2.635625 10058.dat
9 0 -1.000000 -0.000000 -0.000000 0.000000 0.677711 -0.735328 0.000001 -0.735328 -0.677711 -0.000003 3.710700 3.100125 3.503375 4.227550 0.602075 10058.dat
9 0 -1.000000 -0.000000 -0.000000 0.000000 0.677711 -0.735328 0.000001 -0.735328 -0.677711 0.000003 -3.399601 -3.453051 3.503375 4.227550 0.602075 10058.dat
9 0 -1.000000 -0.000000 -0.000000 0.000000 0.000000 -1.000000 0.000000 -1.000000 0.000000 0.000011 10.407251 -35.225754 3.607025 0.509050 5.148175 10058.dat
9 0 -0.000000 0.000000 1.000000 -1.000000 -0.000000 -0.000000 0.000000 -1.000000 0.000000 4.419214 9.554604 -40.209503 3.607025 0.150625 3.711050 10058.dat
9 0 -0.000000 0.000000 1.000000 1.000000 0.000001 0.000000 -0.000001 1.000000 -0.000000 -4.419186 9.554599 -40.209507 3.607025 0.150625 3.711050 10058.dat
10 0 -6.375000 -44.676750 -6.707375 6.375000 6.616800 18.533026 10058.dat
0 6 0.000000 0.000000 -1.000000 1.000000 0.000000 0.000000 0.000000 -1.000000 0.000000 3.943100 0.000002 0.000002 0 0 0.315426 1 0 10058.dat
0 6 0.000000 -0.000000 -1.000000 0.000000 -1.000000 0.000000 -1.000000 -0.000000 -0.000000 0.000016 5.000001 -40.000008 0 0 0.431826 1 0 10058.dat
