9 0 -1.000000 0.000000 -0.000000 0.000000 1.000000 0.000000 0.000000 0.000000 -1.000000 -0.000004 -9.565950 11.362100 10.219100 9.288575 0.640225 10169.dat
9 0 0.000000 0.000000 -1.000000 0.000000 1.000000 0.000000 1.000000 0.000000 0.000000 -11.362100 -9.565950 -0.000004 10.219100 9.288575 0.640225 10169.dat
9 0 1.000000 0.000000 0.000000 0.000000 1.000000 0.000000 -0.000000 0.000000 1.000000 0.000004 -9.565950 -11.362100 10.219100 9.288575 0.640225 10169.dat
9 0 -0.000000 0.000000 1.000000 0.000000 1.000000 0.000000 -1.000000 0.000000 -0.000000 11.362100 -9.565950 0.000004 10.219100 9.288575 0.640225 10169.dat
9 0 1.000000 0.000000 0.000000 0.000000 1.000000 0.000000 -0.000000 0.000000 1.000000 2.478350 -26.012751 0.000001 7.556475 0.838300 8.086450 10169.dat
9 0 0.423292 0.905993 0.000000 -0.905993 0.423292 -0.000000 -0.000000 -0.000000 1.000000 13.442275 -19.992800 0.000004 7.556475 0.558300 6.127725 10169.dat
9 0 -0.528038 0.849221 -0.000000 -0.849221 -0.528038 -0.000000 -0.000000 0.000000 1.000000 -12.503574 -18.415651 -0.640729 7.556475 0.558300 7.495325 10169.dat
9 0 0.866026 -0.500000 0.000000 0.500000 0.866026 0.000000 -0.000000 0.000000 1.000000 -5.328950 -30.879250 -0.000002 11.691725 4.411150 2.945600 10169.dat
9 0 0.994254 -0.107042 0.000000 0.107042 0.994254 0.000000 -0.000000 0.000000 1.000000 4.497075 -28.651751 0.000001 4.569850 2.554025 5.109525 10169.dat
9 0 0.875736 -0.482790 0.000000 0.482790 0.875736 0.000000 -0.000000 0.000000 1.000000 -16.854324 -26.414001 0.932244 3.007800 4.939950 6.260825 10169.dat
9 0 0.027711 0.903153 -0.428423 -0.092482 0.429065 0.898527 0.995329 0.014722 0.095415 1.452304 -18.355051 -11.827924 7.556475 0.558300 8.357425 10169.dat
9 0 0.027711 0.903153 0.428423 -0.092481 0.429065 -0.898527 -0.995329 -0.014722 0.095414 1.452296 -18.355051 11.827926 7.556475 0.558300 8.357425 10169.dat
10 0 -18.100525 -0.025325 -16.364374 23.509048 40.545250 16.364374 10169.dat
2 22 -1.000000 0.000000 -0.000000 0.000000 1.000000 0.000000 0.000000 0.000000 -1.000000 10.000003 0.000000 -9.999997 2 2 22:1:1,22:2:1,22:1:1,22:2:1,15:4:0,22:2:1,22:1:1,22:2:1,22:1:1, 10169.dat
0 7 0.507538 0.861629 0.000000 0.861629 -0.507538 0.000000 0.000000 0.000000 -1.000000 -0.634800 -34.801502 -0.000000 0 0 0.500000 0 0 10169.dat
