9 0 -0.707107 0.000000 -0.707107 0.000000 1.000000 0.000000 0.707107 0.000000 -0.707107 0.000000 -3.043875 0.000000 6.821000 2.793875 6.821000 10172.dat
9 0 -0.707107 0.000000 -0.707107 0.000000 1.000000 0.000000 0.707107 0.000000 -0.707107 0.000000 -15.500000 0.000000 2.578350 7.250000 2.578350 10172.dat
9 0 -0.707107 0.000000 -0.707107 0.000000 1.000000 0.000000 0.707107 0.000000 -0.707107 -19.903950 -34.774750 0.024719 2.578350 9.083525 2.578350 10172.dat
9 0 0.180688 0.683632 -0.707107 0.966801 -0.255531 0.000001 -0.180687 -0.683632 -0.707107 -11.686450 -25.350498 0.024721 1.822250 4.807425 1.822250 10172.dat
9 0 -0.132945 0.694496 -0.707107 0.982167 0.188013 -0.000001 0.132945 -0.694497 -0.707107 -13.742826 -44.328251 0.024721 1.822250 4.807425 1.822250 10172.dat
9 0 0.707107 0.000000 -0.707107 0.000000 1.000000 0.000000 0.707107 0.000000 0.707107 19.903950 -34.774750 0.024731 2.578350 9.083525 2.578350 10172.dat
9 0 -0.180687 0.683631 -0.707107 -0.966801 -0.255531 -0.000001 -0.180688 0.683632 0.707106 11.686450 -25.350498 0.024729 1.822250 4.807425 1.822250 10172.dat
9 0 0.132946 0.694496 -0.707107 -0.982167 0.188013 -0.000001 0.132945 0.694497 0.707107 13.742826 -44.328251 0.024729 1.822250 4.807425 1.822250 10172.dat
9 0 -1.000000 0.000000 -0.000000 0.000000 1.000000 0.000000 0.000000 0.000000 -1.000000 -0.000003 -41.184502 8.733625 4.153400 6.565775 0.233675 10172.dat
9 0 -0.500000 0.000000 -0.866026 0.000000 1.000000 0.000000 0.866026 0.000000 -0.500000 -7.563551 -41.184502 4.366823 4.153400 6.565775 0.233675 10172.dat
9 0 0.500000 0.000000 -0.866025 0.000000 1.000000 0.000000 0.866025 0.000000 0.500000 -7.563549 -41.184502 -4.366828 4.153400 6.565775 0.233675 10172.dat
9 0 1.000000 0.000000 0.000000 0.000000 1.000000 0.000000 -0.000000 0.000000 1.000000 0.000003 -41.184502 -8.733625 4.153400 6.565775 0.233675 10172.dat
9 0 0.500000 0.000000 0.866026 0.000000 1.000000 0.000000 -0.866026 0.000000 0.500000 7.563551 -41.184502 -4.366823 4.153400 6.565775 0.233675 10172.dat
9 0 -0.500000 0.000000 0.866025 0.000000 1.000000 0.000000 -0.866025 0.000000 -0.500000 7.563549 -41.184502 4.366828 4.153400 6.565775 0.233675 10172.dat
9 0 -0.000000 0.000000 1.000000 -0.318875 0.947797 -0.000000 -0.947797 -0.318875 -0.000000 6.615825 -28.385248 0.000002 4.432825 6.565775 0.233675 10172.dat
9 0 0.000000 -0.000000 -1.000000 0.318875 0.947797 0.000000 0.947797 -0.318875 0.000000 -6.615825 -28.385248 -0.000002 4.432825 6.565775 0.233675 10172.dat
9 0 1.000000 -0.000000 0.000000 -0.000000 0.947796 0.318877 -0.000000 -0.318877 0.947796 0.000002 -28.385248 -6.615825 4.432825 6.565775 0.233675 10172.dat
9 0 -1.000000 0.000000 -0.000000 0.000000 0.947796 -0.318876 0.000000 -0.318876 -0.947796 -0.000002 -28.385248 6.615825 4.432825 6.565775 0.233675 10172.dat
10 0 -23.928675 0.000000 -9.999900 23.928675 48.000248 9.999900 10172.dat
0 7 -1.000000 0.000000 -0.000000 0.000000 1.000000 0.000000 0.000000 0.000000 -1.000000 -19.903950 -28.433001 -0.000006 1 1 0.507346 0 1 10172.dat
0 7 -1.000000 0.000000 -0.000000 0.000000 1.000000 0.000000 0.000000 0.000000 -1.000000 19.903950 -28.433001 0.000006 1 1 0.507346 0 1 10172.dat
0 7 -1.000000 0.000000 -0.000000 0.000000 1.000000 0.000000 0.000000 0.000000 -1.000000 0.000000 -8.000000 0.000000 1 1 0.540013 0 1 10172.dat
3 23 -1.000000 0.000000 -0.000000 0.000000 1.000000 0.000000 0.000000 0.000000 -1.000000 10.000003 -43.000000 -9.999997 2 2 29:0:0,29:0:0,29:0:0,29:0:0,19:4:33,29:0:0,29:0:0,29:0:0,29:0:0, 10172.dat
2 22 -1.000000 0.000000 -0.000000 0.000000 1.000000 0.000000 0.000000 0.000000 -1.000000 10.000003 0.000000 -9.999997 2 2 29:0:0,29:0:0,29:0:0,29:0:0,15:4:33,29:0:0,29:0:0,29:0:0,29:0:0, 10172.dat
