9 0 -0.707107 0.000000 -0.707107 0.000000 1.000000 0.000000 0.707107 0.000000 -0.707107 0.000000 -1.667325 0.000000 2.578425 7.696325 2.578425 10170.dat
9 0 -1.000000 0.000000 -0.000000 0.000000 1.000000 0.000000 0.000000 0.000000 -1.000000 0.000000 15.744474 0.000000 4.538900 1.854225 1.854225 10170.dat
9 0 -0.824543 0.565799 -0.000000 0.565799 0.824543 0.000000 0.000000 0.000000 -1.000000 9.239375 12.374725 0.000003 6.462150 1.854225 1.854225 10170.dat
9 0 -0.314313 0.949319 -0.000000 0.949319 0.314313 0.000000 0.000000 0.000000 -1.000000 15.762424 2.561275 0.000005 6.462150 1.854225 1.854225 10170.dat
9 0 0.540550 0.841312 0.000000 0.841312 -0.540550 0.000000 0.000000 0.000000 -1.000000 14.661301 -8.518525 0.000005 6.462150 1.854225 1.854225 10170.dat
9 0 0.969890 -0.243545 0.000000 -0.243545 -0.969890 -0.000000 0.000000 0.000000 -1.000000 6.127275 -11.807025 0.000002 6.462150 1.854225 1.854225 10170.dat
9 0 0.525404 -0.532999 -0.663222 -0.838799 -0.455208 -0.298667 -0.142715 0.713231 -0.686247 6.328699 9.913575 1.632552 1.762625 7.104300 1.762625 10170.dat
9 0 0.824543 0.565799 0.000000 -0.565799 0.824543 -0.000000 -0.000000 -0.000000 1.000000 -9.239375 12.374725 -0.000003 6.462150 1.854225 1.854225 10170.dat
9 0 0.314312 0.949320 0.000000 -0.949320 0.314312 -0.000000 -0.000000 -0.000000 1.000000 -15.762424 2.561275 -0.000005 6.462150 1.854225 1.854225 10170.dat
9 0 -0.540550 0.841312 -0.000000 -0.841312 -0.540550 -0.000000 -0.000000 0.000000 1.000000 -14.661301 -8.518525 -0.000005 6.462150 1.854225 1.854225 10170.dat
9 0 -0.969889 -0.243546 -0.000000 0.243546 -0.969889 0.000000 -0.000000 0.000000 1.000000 -6.127275 -11.807025 -0.000002 6.462150 1.854225 1.854225 10170.dat
9 0 -0.525403 -0.532998 -0.663223 0.838799 -0.455208 -0.298667 -0.142715 -0.713231 0.686246 -6.328701 9.913575 1.632548 1.762625 7.104300 1.762625 10170.dat
10 0 -19.736376 -18.823601 -3.993875 19.736376 15.432850 6.133000 10170.dat
0 7 -1.000000 0.000000 -0.000000 0.000000 1.000000 0.000000 0.000000 0.000000 -1.000000 0.000000 4.736500 0.000000 1 1 0.475338 0 1 10170.dat
