9 0 1.000000 0.000000 0.000000 0.000000 1.000000 0.000000 0.000000 0.000000 1.000000 -3.930975 -12.437500 3.930975 1.430975 7.312500 1.430975 10178.dat
9 0 1.000000 0.000000 0.000000 0.000000 1.000000 0.000000 0.000000 0.000000 1.000000 -6.997800 -10.000000 0.000000 0.267650 9.750000 3.121500 10178.dat
9 0 0.500000 0.000000 0.866025 0.000000 1.000000 0.000000 -0.866025 0.000000 0.500000 -3.498900 -10.000000 -6.060275 0.267650 9.750000 3.121500 10178.dat
9 0 -0.500000 0.000000 0.866025 0.000000 1.000000 0.000000 -0.866025 0.000000 -0.500000 3.498900 -10.000000 -6.060275 0.267650 9.750000 3.121500 10178.dat
9 0 -1.000000 0.000000 -0.000000 0.000000 1.000000 0.000000 0.000000 0.000000 -1.000000 6.997800 -10.000000 0.000000 0.267650 9.750000 3.121500 10178.dat
9 0 -0.500000 0.000000 -0.866025 0.000000 1.000000 0.000000 0.866025 0.000000 -0.500000 3.498900 -10.000000 6.060275 0.267650 9.750000 3.121500 10178.dat
9 0 0.500000 0.000000 -0.866025 0.000000 1.000000 0.000000 0.866025 0.000000 0.500000 -3.498900 -10.000000 6.060275 0.267650 9.750000 3.121500 10178.dat
9 0 -0.000000 0.000000 1.000000 0.000000 1.000000 0.000000 -1.000000 0.000000 -0.000000 -3.930975 -12.437500 -3.930975 1.430975 7.312500 1.430975 10178.dat
9 0 -1.000000 0.000000 -0.000000 0.000000 1.000000 0.000000 0.000000 0.000000 -1.000000 3.930975 -12.437500 -3.930975 1.430975 7.312500 1.430975 10178.dat
9 0 -0.000000 0.000000 -1.000000 0.000000 1.000000 0.000000 1.000000 0.000000 -0.000000 3.930975 -12.437500 3.930975 1.430975 7.312500 1.430975 10178.dat
9 0 0.934050 0.357143 0.000000 -0.357143 0.934050 0.000000 0.000000 0.000000 1.000000 -9.676200 -26.964750 0.000000 1.521700 21.593000 2.951925 10178.dat
9 0 1.000000 0.000000 0.000000 0.000000 1.000000 0.000000 0.000000 0.000000 1.000000 0.000000 -14.822200 7.358675 10.009151 8.418850 0.628550 10178.dat
9 0 1.000000 0.000000 0.000000 0.000000 1.000000 0.000000 0.000000 0.000000 1.000000 0.000000 -14.822200 -7.362025 10.009151 8.418850 0.625200 10178.dat
9 0 0.934050 0.357143 0.000000 -0.357143 0.934050 0.000000 0.000000 0.000000 1.000000 -6.739350 -25.050751 0.000000 1.521700 18.769024 8.012775 10178.dat
9 0 -0.934050 0.357142 -0.000000 0.357142 0.934050 0.000000 0.000000 -0.000000 -1.000000 9.676200 -26.964750 0.000000 1.521700 21.593000 2.951925 10178.dat
9 0 1.000000 0.000000 0.000000 0.000000 1.000000 0.000000 0.000000 0.000000 1.000000 0.000000 -27.965000 0.000000 4.204425 7.715125 7.987225 10178.dat
9 0 -0.934050 0.357142 -0.000000 0.357142 0.934050 0.000000 0.000000 -0.000000 -1.000000 6.739350 -25.050751 -0.012775 1.521700 18.769024 8.000000 10178.dat
10 0 -20.023226 0.000000 -8.250000 20.023226 48.000000 8.250000 10178.dat
2 22 1.000000 0.000000 0.000000 0.000000 1.000000 0.000000 0.000000 0.000000 1.000000 -10.000000 0.000000 10.000000 2 2 29:0:0,29:0:0,29:0:0,29:0:0,5:4:34,29:0:0,29:0:0,29:0:0,29:0:0, 10178.dat
0 4 -0.000000 0.000000 1.000000 0.000000 1.000000 0.000000 -1.000000 0.000000 -0.000000 0.000000 0.000000 0.000000 0 1 0.800000 0 0 10178.dat
