9 0 -0.707107 0.000000 -0.707107 0.000000 1.000000 0.000000 0.707107 0.000000 -0.707107 0.000000 -8.875000 0.000003 6.290750 0.875000 6.290750 10197.dat
9 0 -0.707107 0.707106 -0.000000 -0.000000 0.000000 1.000000 0.707106 0.707107 0.000000 0.000003 0.000000 -8.874997 6.290750 0.875000 6.290750 10197.dat
9 0 -0.000000 1.000000 0.000000 -0.000000 -0.000000 1.000000 1.000000 0.000000 0.000000 0.000000 -20.000000 0.000003 9.750000 5.875000 2.000000 10197.dat
9 0 0.000000 1.000000 0.000000 1.000000 -0.000000 0.000000 0.000000 0.000000 -1.000000 0.000000 -20.000000 0.000003 9.750000 5.875000 2.000000 10197.dat
9 0 -0.000000 0.000000 1.000000 -0.000000 -1.000000 0.000000 1.000000 0.000000 0.000000 0.000006 0.000000 -19.999998 9.750000 5.875000 2.000000 10197.dat
9 0 -0.000000 0.000000 1.000000 1.000000 0.000000 0.000000 0.000000 1.000000 -0.000000 0.000006 0.000000 -19.999998 9.750000 5.875000 2.000000 10197.dat
9 0 0.000000 0.000000 -1.000000 0.000000 1.000000 0.000000 1.000000 0.000000 0.000000 -0.000002 0.000000 8.158552 0.158550 3.298175 9.750000 10197.dat
9 0 0.000000 -0.866025 -0.500000 0.000000 0.500000 -0.866025 1.000000 0.000000 0.000000 -0.000001 7.065500 4.079278 0.158550 3.298175 9.750000 10197.dat
9 0 -0.000000 -0.866025 0.500000 0.000000 -0.500000 -0.866025 1.000000 0.000000 0.000000 0.000001 7.065500 -4.079272 0.158550 3.298175 9.750000 10197.dat
9 0 -0.000000 0.000000 1.000000 -0.000000 -1.000000 0.000000 1.000000 0.000000 0.000000 0.000002 0.000000 -8.158546 0.158550 3.298175 9.750000 10197.dat
9 0 -0.000000 0.866025 0.500000 -0.000000 -0.500000 0.866025 1.000000 0.000000 0.000000 0.000001 -7.065500 -4.079272 0.158550 3.298175 9.750000 10197.dat
9 0 0.000000 0.866025 -0.500000 -0.000000 0.500000 0.866025 1.000000 0.000000 0.000000 -0.000001 -7.065500 4.079278 0.158550 3.298175 9.750000 10197.dat
10 0 -9.250000 -9.250000 -20.000000 30.000002 30.000002 0.000000 10197.dat
0 2 -0.000000 1.000000 0.000000 -1.000000 -0.000000 -0.000000 -0.000000 0.000000 1.000000 -10.000000 0.000000 0.000000 0 0 0.800000 0 0 10197.dat
0 5 0.000000 0.000000 -1.000000 0.000000 1.000000 0.000000 1.000000 0.000000 0.000000 0.000000 -10.000000 0.000003 1 0 0.800000 0 0 10197.dat
0 5 -0.000000 1.000000 0.000000 -0.000000 -0.000000 1.000000 1.000000 0.000000 0.000000 0.000003 0.000000 -9.999997 1 0 0.800000 0 0 10197.dat
