9 0 -0.000000 -0.000000 1.000000 -1.000000 0.000000 -0.000000 0.000000 -1.000000 -0.000000 0.000003 0.875000 0.000003 19.750000 19.750000 0.625000 10247.dat
9 0 -0.000000 -0.000000 1.000000 -1.000000 0.000000 -0.000000 0.000000 -1.000000 -0.000000 -0.000001 4.000000 13.875003 5.875000 19.750000 3.750000 10247.dat
9 0 -0.000000 -0.000000 1.000000 -1.000000 0.000000 -0.000000 0.000000 -1.000000 -0.000000 0.000007 4.000000 -13.874996 5.875000 19.750000 3.750000 10247.dat
9 0 -0.000000 0.000000 1.000000 -1.000000 0.000000 -0.000000 -0.000000 -1.000000 0.000000 -10.374997 4.875000 0.000000 7.500000 9.375000 2.875000 10247.dat
9 0 0.000000 0.258818 -0.965926 -1.000000 0.000000 -0.000000 0.000000 0.965926 0.258818 11.000031 11.724524 -8.302094 0.572825 8.750000 2.273500 10247.dat
9 0 0.000000 0.707107 -0.707106 -1.000000 0.000000 -0.000000 -0.000000 0.707106 0.707107 11.000029 15.577549 -6.077544 0.572825 8.750000 2.273500 10247.dat
9 0 0.000000 0.965926 -0.258818 -1.000000 0.000000 -0.000000 -0.000000 0.258818 0.965926 11.000029 17.802099 -2.224543 0.572825 8.750000 2.273475 10247.dat
9 0 -0.000000 0.965926 0.258819 -1.000000 0.000000 -0.000000 -0.000000 -0.258819 0.965926 11.000028 17.802099 2.224532 0.572825 8.750000 2.273500 10247.dat
9 0 -0.000001 0.707107 0.707106 -1.000000 -0.000000 -0.000001 -0.000000 -0.707106 0.707107 11.000026 15.577549 6.077557 0.572825 8.750000 2.273500 10247.dat
9 0 0.000001 0.258818 0.965926 -1.000000 0.000000 0.000001 0.000000 -0.965926 0.258818 11.000025 11.724549 8.302107 0.572825 8.750000 2.273475 10247.dat
10 0 -10.000000 -11.500000 -30.000002 30.000002 12.500000 10.000000 10247.dat
3 23 0.000000 0.000000 -1.000000 0.000000 1.000000 0.000000 1.000000 0.000000 0.000000 19.999998 0.000000 20.000011 4 4 18:1:1,23:4:1,18:2:1,23:4:1,18:1:1,23:4:1,1:4:1,23:4:1,1:4:1,23:4:1,18:2:1,23:4:1,18:4:1,23:4:1,18:2:1,23:4:1,1:4:1,23:4:1,1:4:1,23:4:1,18:1:1,23:4:1,18:2:1,23:4:1,18:1:1, 10247.dat
0 2 0.000000 1.000000 0.000000 1.000000 -0.000000 0.000000 0.000000 0.000000 -1.000000 20.000004 9.500000 0.000010 0 0 0.800000 0 0 10247.dat
2 22 0.000000 0.000000 -1.000000 0.000000 1.000000 0.000000 1.000000 0.000000 0.000000 -0.000003 8.000000 20.000004 2 4 22:1:1,22:2:1,22:2:1,22:2:1,22:1:1,22:2:1,15:4:1,9:4:1,15:4:1,22:2:1,22:1:1,22:2:1,22:2:1,22:2:1,22:1:1, 10247.dat
2 22 -0.000000 0.000000 1.000000 1.000000 0.000000 0.000000 0.000000 1.000000 -0.000000 20.000008 19.500000 -9.999991 2 2 22:1:1,22:2:1,22:1:1,22:2:1,16:4:64,22:2:1,22:1:1,22:2:1,22:1:1, 10247.dat
