9 0 -1.000000 0.000000 -0.000000 0.000000 1.000000 0.000000 0.000000 0.000000 -1.000000 3.262725 0.000000 0.013626 3.012725 3.726600 3.908600 10303.dat
9 0 -0.236743 0.707106 -0.666298 0.236743 0.707107 0.666297 0.942287 -0.000000 -0.334805 31.681999 -0.025200 4.085935 1.177025 1.177025 9.682700 10303.dat
9 0 -0.467943 0.707106 -0.530123 0.467943 0.707107 0.530122 0.749706 -0.000000 -0.661771 25.323004 -0.025200 -6.659166 1.177025 1.177025 9.682700 10303.dat
9 0 -0.637053 0.707107 -0.306861 0.637053 0.707107 0.306861 0.433967 0.000000 -0.900929 14.988880 -0.025200 -13.932096 1.177025 1.177025 9.682700 10303.dat
9 0 -0.703769 0.707107 -0.068621 0.703769 0.707107 0.068621 0.097045 0.000000 -0.995280 3.049730 -0.025200 -16.571198 1.177025 1.177025 9.682725 10303.dat
9 0 -0.992272 0.000000 -0.124078 0.000000 1.000000 0.000000 0.124078 0.000000 -0.992272 11.364730 0.000000 -14.300898 6.990500 0.750000 8.444600 10303.dat
9 0 -0.843389 0.000000 -0.537303 0.000000 1.000000 0.000000 0.537303 0.000000 -0.843389 19.902878 0.000000 -9.192643 7.051525 0.750000 8.354050 10303.dat
9 0 -0.477028 0.000000 -0.878888 0.000000 1.000000 0.000000 0.878888 0.000000 -0.477028 27.514250 0.000000 -0.654941 5.811900 0.750000 8.472575 10303.dat
9 0 -0.551937 -0.000000 -0.833886 0.833886 -0.000000 -0.551937 -0.000000 -1.000000 0.000000 15.684123 0.086825 5.500555 4.768700 3.281675 2.970050 10303.dat
9 0 -0.886806 0.000000 -0.462142 0.462025 -0.022556 -0.886580 -0.010424 -0.999746 0.020003 11.322024 -0.013425 2.390454 6.168075 4.239225 3.938175 10303.dat
10 0 -41.620750 -6.686700 -27.033249 3.750000 6.686700 14.608524 10303.dat
6 16 0.000000 1.000000 0.000000 0.551937 -0.000000 0.833886 0.833885 -0.000000 -0.551937 19.311398 0.000000 10.975430 0.000000 0.000000 0.000000 0.000000 1 10303.dat
6 15 0.000000 1.000000 0.000000 1.000000 -0.000000 0.000000 0.000000 0.000000 -1.000000 -3.750000 0.000000 -0.000001 0.000000 0.000000 0.000000 0.000000 1 10303.dat
