9 0 0.000000 0.000000 -1.000000 0.000000 1.000000 0.000000 1.000000 0.000000 0.000000 0.000000 14.954500 0.000000 9.648900 2.085375 9.750000 10350c01.dat
9 0 0.000000 -0.866025 -0.500000 0.000000 0.500000 -0.866025 1.000000 0.000000 0.000000 0.000004 7.477250 -12.950974 9.648900 2.085375 9.750000 10350c01.dat
9 0 -0.000000 -0.866025 0.500000 0.000000 -0.500000 -0.866025 1.000000 0.000000 0.000000 0.000004 -7.477250 -12.950974 9.648900 2.085375 9.750000 10350c01.dat
9 0 -0.000000 0.000000 1.000000 -0.000000 -1.000000 0.000000 1.000000 0.000000 0.000000 0.000002 -19.231949 -5.035250 14.684150 6.362800 8.764650 10350c01.dat
9 0 -0.000000 0.866025 0.500000 -0.000000 -0.500000 0.866025 1.000000 0.000000 0.000000 -0.000004 -7.477250 12.950974 9.648900 2.085375 9.750000 10350c01.dat
9 0 0.000000 0.866025 -0.500000 -0.000000 0.500000 0.866025 1.000000 0.000000 0.000000 -0.000004 7.477250 12.950974 9.648900 2.085375 9.750000 10350c01.dat
9 0 0.000000 -0.955323 -0.295563 0.000000 0.295563 -0.955323 1.000000 0.000000 0.000000 0.000003 -20.330425 -8.985400 9.648900 15.605526 7.677925 10350c01.dat
9 0 0.000000 -0.705466 -0.708743 0.000000 0.708743 -0.705466 1.000000 0.000000 0.000000 0.000009 -36.620251 -28.097252 14.242675 10.897550 5.231900 10350c01.dat
9 0 0.000000 -0.608522 -0.793537 0.000000 0.793537 -0.608522 1.000000 0.000000 0.000000 0.000015 -24.775774 -47.708000 7.801025 17.718050 8.241800 10350c01.dat
9 0 0.000000 -0.608522 -0.793537 0.000000 0.793537 -0.608522 1.000000 0.000000 0.000000 0.000011 -38.183998 -35.889252 10.344100 12.130100 9.869375 10350c01.dat
9 0 0.000000 -0.608522 -0.793537 0.000000 0.793537 -0.608522 1.000000 0.000000 0.000000 0.000004 -33.589249 -13.224800 19.014076 8.610125 5.231900 10350c01.dat
9 0 0.000000 0.468408 -0.883512 0.035872 0.882943 0.468107 0.999356 -0.031694 -0.016803 -7.584764 -56.435249 -35.950253 2.572975 8.982450 2.606675 10350c01.dat
9 0 0.000000 0.468408 -0.883512 -0.035873 0.882943 0.468107 0.999356 0.031694 0.016803 7.584786 -56.435249 -35.950245 2.572975 8.982450 2.606675 10350c01.dat
9 0 -0.000000 0.932524 0.361108 -0.000000 -0.361108 0.932524 1.000000 0.000000 0.000000 -0.000004 -13.900150 13.296149 7.600625 2.085375 9.750000 10350c01.dat
10 0 -19.964600 -19.964600 -11.066950 64.680252 66.010246 11.066950 10350c01.dat
6 193 0.000000 1.000000 0.000000 1.000000 -0.000000 0.000000 0.000000 0.000000 -1.000000 0.000000 0.000000 0.000000 0.000000 0.000000 0.000000 0.000000 1 10350c01.dat
4 109 -0.000000 0.000000 1.000000 0.000000 1.000000 0.000000 -1.000000 0.000000 -0.000000 0.000010 -43.242249 -32.022499 2 10350c01.dat
