9 0 1.000000 0.000000 0.000000 0.000000 1.000000 0.000000 0.000000 0.000000 1.000000 0.000000 -1.500000 9.625000 19.750000 1.250000 3.125000 11097.dat
9 0 1.000000 0.000000 0.000000 0.000000 1.000000 0.000000 0.000000 0.000000 1.000000 0.000000 -1.500000 -9.625000 17.966024 1.250000 3.125000 11097.dat
9 0 1.000000 0.000000 0.000000 0.000000 1.000000 0.000000 0.000000 0.000000 1.000000 0.000000 8.250000 11.500000 19.750000 11.000000 1.250000 11097.dat
9 0 1.000000 0.000000 0.000000 0.000000 1.000000 0.000000 0.000000 0.000000 1.000000 0.000000 8.299999 -11.500000 12.144150 11.050000 1.250000 11097.dat
9 0 0.844328 -0.535827 0.000000 0.535827 0.844328 0.000000 0.000000 0.000000 1.000000 25.645750 -5.332925 0.718625 6.521525 1.788500 3.537525 11097.dat
9 0 0.901467 -0.432848 0.000000 0.432848 0.901467 0.000000 0.000000 0.000000 1.000000 21.939125 -3.010450 0.640750 3.156550 1.374100 9.044075 11097.dat
9 0 1.000000 0.000000 0.000000 0.000000 1.000000 0.000000 0.000000 0.000000 1.000000 13.124999 -1.500000 0.000000 6.625000 1.250000 12.750000 11097.dat
9 0 1.000000 0.000000 0.000000 0.000000 1.000000 0.000000 0.000000 0.000000 1.000000 12.440375 7.778350 -12.937500 1.365375 10.528376 2.687500 11097.dat
9 0 -0.844328 -0.535827 -0.000000 -0.535827 0.844328 -0.000000 0.000000 0.000000 -1.000000 -25.645750 -5.332925 0.718625 6.521525 1.788500 3.537525 11097.dat
9 0 -0.901467 -0.432848 -0.000000 -0.432848 0.901467 -0.000000 0.000000 0.000000 -1.000000 -21.939125 -3.010450 0.640750 3.156550 1.374100 9.044075 11097.dat
9 0 -1.000000 0.000000 -0.000000 0.000000 1.000000 0.000000 0.000000 0.000000 -1.000000 -13.124999 -1.500000 0.000000 6.625000 1.250000 12.750000 11097.dat
9 0 -1.000000 0.000000 -0.000000 0.000000 1.000000 0.000000 0.000000 0.000000 -1.000000 -12.440375 7.778350 -12.937500 1.365375 10.528376 2.687500 11097.dat
10 0 -32.559002 -20.000000 -17.425001 32.559002 10.700825 17.425001 11097.dat
4 30 -1.000000 0.000000 -0.000000 0.000000 1.000000 0.000000 0.000000 0.000000 -1.000000 7.500000 0.000000 0.000000 2 11097.dat
3 23 1.000000 0.000000 0.000000 0.000000 -0.000000 -1.000000 0.000000 1.000000 -0.000000 -20.000000 20.000000 13.000000 2 4 18:1:1,23:4:1,18:2:1,23:4:1,18:1:1,23:4:1,1:4:0,23:4:1,1:4:0,23:4:1,18:1:1,23:4:1,18:2:1,23:4:1,18:1:1, 11097.dat
3 23 1.000000 0.000000 0.000000 0.000000 -0.000000 1.000000 0.000000 -1.000000 -0.000000 -10.000000 0.000000 -13.000000 2 2 29:0:0,29:0:0,29:0:0,29:0:0,1:4:32,29:0:0,29:0:0,29:0:0,29:0:0, 11097.dat
4 30 1.000000 0.000000 0.000000 0.000000 1.000000 0.000000 0.000000 0.000000 1.000000 -7.500000 0.000000 0.000000 2 11097.dat
