9 0 -1.000000 0.000000 -0.000000 0.000000 1.000000 0.000000 0.000000 0.000000 -1.000000 17.594049 -0.786975 0.000006 7.155951 0.537925 2.968550 11096.dat
9 0 -1.000000 0.000000 -0.000000 0.000000 -0.000000 -1.000000 -0.000000 -1.000000 0.000000 17.594048 4.000000 4.786981 7.155951 0.537925 2.968550 11096.dat
9 0 -1.000000 0.000000 -0.000000 -0.000000 -1.000000 0.000000 -0.000000 0.000000 1.000000 17.594049 8.786950 0.000006 7.155951 0.537925 2.968550 11096.dat
9 0 -1.000000 0.000000 -0.000000 -0.000000 -0.000000 1.000000 -0.000000 1.000000 0.000000 17.594051 4.000000 -4.786969 7.155951 0.537925 2.968550 11096.dat
9 0 -1.000000 0.000000 -0.000000 0.000000 1.000000 0.000000 0.000000 0.000000 -1.000000 0.500000 4.000000 0.000000 11.750000 3.750000 4.470725 11096.dat
9 0 -1.000000 0.000000 -0.000000 0.000000 1.000000 0.000000 0.000000 0.000000 -1.000000 -13.000000 4.000000 -0.000004 1.250000 1.959275 1.959275 11096.dat
9 0 0.535090 0.000000 0.844795 0.000000 1.000000 0.000000 -0.844795 0.000000 0.535090 -6.258272 4.000000 -10.720503 5.131075 2.470000 4.416925 11096.dat
9 0 -0.032213 0.000000 0.999481 0.000000 1.000000 0.000000 -0.999481 0.000000 -0.032213 6.513653 4.000000 -10.133598 5.131050 2.228050 9.230450 11096.dat
9 0 0.247765 0.000000 0.968820 0.000000 1.000000 0.000000 -0.968820 0.000000 0.247765 20.563555 4.000000 -12.176768 2.888525 2.447675 7.885050 11096.dat
9 0 -0.321749 0.000000 0.946825 0.000000 1.000000 0.000000 -0.946825 0.000000 -0.321749 24.689005 4.000000 -17.628843 2.888525 0.280450 9.029574 11096.dat
9 0 0.061911 0.000000 0.998082 0.000000 1.000000 0.000000 -0.998082 0.000000 0.061911 6.556105 4.000000 -16.599222 2.888525 0.280450 9.029574 11096.dat
9 0 0.694969 0.000000 0.719039 0.000000 1.000000 0.000000 -0.719039 0.000000 0.694969 -10.160295 4.000000 -15.240378 2.888525 0.280450 8.653450 11096.dat
9 0 0.535091 0.000000 -0.844795 0.000000 1.000000 0.000000 0.844795 0.000000 0.535091 -6.258279 4.000000 10.720498 5.131075 2.470000 4.416925 11096.dat
9 0 -0.032213 0.000000 -0.999481 0.000000 1.000000 0.000000 0.999481 0.000000 -0.032213 6.513647 4.000000 10.133602 5.131050 2.228050 9.230450 11096.dat
9 0 0.247765 0.000000 -0.968820 0.000000 1.000000 0.000000 0.968820 0.000000 0.247765 20.563545 4.000000 12.176782 2.888525 2.447675 7.885050 11096.dat
9 0 -0.321748 0.000000 -0.946825 0.000000 1.000000 0.000000 0.946825 0.000000 -0.321748 24.688993 4.000000 17.628857 2.888525 0.280450 9.029574 11096.dat
9 0 0.061912 0.000000 -0.998082 0.000000 1.000000 0.000000 0.998082 0.000000 0.061912 6.556095 4.000000 16.599226 2.888525 0.280450 9.029574 11096.dat
9 0 0.694970 0.000000 -0.719039 0.000000 1.000000 0.000000 0.719039 0.000000 0.694970 -10.160305 4.000000 15.240373 2.888525 0.280450 8.653450 11096.dat
10 0 -35.813251 -12.425000 -23.653275 18.895174 4.425000 23.653275 11096.dat
3 23 -1.000000 0.000000 -0.000000 0.000000 1.000000 0.000000 0.000000 0.000000 -1.000000 10.000003 0.000000 -9.999997 2 2 29:0:0,29:0:0,29:0:0,29:0:0,1:4:34,29:0:0,29:0:0,29:0:0,29:0:0, 11096.dat
3 23 -1.000000 0.000000 -0.000000 -0.000000 -1.000000 0.000000 -0.000000 0.000000 1.000000 9.999997 8.000000 10.000003 2 2 29:0:0,29:0:0,29:0:0,29:0:0,1:4:34,29:0:0,29:0:0,29:0:0,29:0:0, 11096.dat
0 6 0.000000 1.000000 0.000000 1.000000 -0.000000 0.000000 0.000000 0.000000 -1.000000 25.000000 4.000000 0.000008 0 1 0.400000 0 0 11096.dat
