9 0 -0.707107 0.000000 0.707107 0.000000 1.000000 0.000000 -0.707107 0.000000 -0.707107 0.000000 -23.750000 0.000000 2.578425 23.500000 2.578425 11103.dat
9 0 -1.000000 0.000000 -0.000000 0.000000 1.000000 0.000000 0.000000 0.000000 -1.000000 0.000000 -34.365749 0.000000 4.993850 12.884225 2.613925 11103.dat
9 0 -1.000000 0.000000 -0.000000 0.000000 1.000000 0.000000 0.000000 0.000000 -1.000000 0.000000 -37.100498 0.000000 6.892050 10.149450 3.292175 11103.dat
9 0 -1.000000 0.000000 -0.000000 0.000000 1.000000 0.000000 0.000000 0.000000 -1.000000 0.000000 -41.295250 0.000000 14.535175 5.954800 1.691550 11103.dat
9 0 -1.000000 0.000000 -0.000000 0.000000 1.000000 0.000000 0.000000 0.000000 -1.000000 -0.000002 -53.110748 5.314700 3.233075 1.208125 0.814975 11103.dat
9 0 -1.000000 0.000000 -0.000000 0.000000 1.000000 0.000000 0.000000 0.000000 -1.000000 0.000002 -59.204250 -5.447550 3.233075 2.199475 1.046000 11103.dat
9 0 -1.000000 0.000000 -0.000000 0.000000 1.000000 0.000000 0.000000 0.000000 -1.000000 0.000002 -73.447502 -5.447550 3.233075 2.199475 1.046000 11103.dat
9 0 -1.000000 0.000000 -0.000000 0.000000 1.000000 0.000000 0.000000 0.000000 -1.000000 -0.000002 -67.532005 5.283525 3.233075 1.208125 0.846150 11103.dat
9 0 -1.000000 0.000000 -0.000000 0.000000 1.000000 0.000000 0.000000 0.000000 -1.000000 0.000002 -49.000000 -4.647775 1.635250 1.250000 0.147775 11103.dat
9 0 -0.994958 -0.100288 -0.000000 -0.100288 0.994958 -0.000000 0.000000 0.000000 -1.000000 -9.996925 -84.049248 -0.500003 2.383525 26.551750 1.125000 11103.dat
9 0 -0.950197 -0.311651 -0.000000 -0.311651 0.950197 -0.000000 0.000000 0.000000 -1.000000 -11.538775 -47.435501 -0.000004 6.383200 2.627750 0.650775 11103.dat
9 0 -1.000000 0.000000 -0.000000 0.000000 1.000000 0.000000 0.000000 0.000000 -1.000000 -6.304775 -92.618752 -0.500002 1.804775 36.629250 1.125000 11103.dat
9 0 -0.945363 -0.326019 -0.000000 -0.326019 0.945363 -0.000000 0.000000 0.000000 -1.000000 -8.951400 -120.405495 -0.500003 2.383525 6.266825 1.125000 11103.dat
9 0 0.994959 -0.100287 0.000000 0.100287 0.994959 0.000000 -0.000000 0.000000 1.000000 9.996925 -84.049248 -0.499997 2.383525 26.551750 1.125000 11103.dat
9 0 0.950197 -0.311652 0.000000 0.311652 0.950197 0.000000 -0.000000 0.000000 1.000000 11.538775 -47.435501 0.000004 6.383200 2.627750 0.650775 11103.dat
9 0 1.000000 0.000000 0.000000 0.000000 1.000000 0.000000 -0.000000 0.000000 1.000000 6.304775 -92.618752 -0.499998 1.804775 36.629250 1.125000 11103.dat
9 0 0.945363 -0.326019 0.000000 0.326019 0.945363 0.000000 -0.000000 0.000000 1.000000 8.951400 -120.405495 -0.499997 2.383525 6.266825 1.125000 11103.dat
9 0 -1.000000 0.000000 -0.000000 0.000000 1.000000 0.000000 0.000000 0.000000 -1.000000 -6.812500 -53.648750 -0.500002 2.312500 21.419149 1.500000 11103.dat
9 0 1.000000 0.000000 0.000000 0.000000 1.000000 0.000000 -0.000000 0.000000 1.000000 6.812500 -53.648750 -0.499998 2.312500 21.419149 1.500000 11103.dat
10 0 -18.423000 0.000000 -7.500000 18.423000 129.964249 7.500000 11103.dat
2 22 -1.000000 0.000000 -0.000000 0.000000 1.000000 0.000000 0.000000 0.000000 -1.000000 10.000003 0.000000 -9.999997 2 2 29:0:0,29:0:0,29:0:0,29:0:0,9:4:32,29:0:0,29:0:0,29:0:0,29:0:0, 11103.dat
0 7 -1.000000 0.000000 -0.000000 0.000000 1.000000 0.000000 0.000000 0.000000 -1.000000 0.000000 0.000000 0.000000 0 0 0.820475 0 0 11103.dat
0 6 -1.000000 0.000000 -0.000000 0.000000 1.000000 0.000000 0.000000 0.000000 -1.000000 0.000000 -49.750000 0.000000 1 0 1.068320 0 0 11103.dat
