9 0 -0.707107 0.000000 -0.707107 0.000000 1.000000 0.000000 0.707107 0.000000 -0.707107 17.287746 1.375000 17.287840 17.727699 1.125000 42.176498 11213.dat
9 0 -0.707107 0.000000 -0.707107 0.000000 1.000000 0.000000 0.707107 0.000000 -0.707107 22.778246 1.375000 22.778215 25.492250 1.125000 15.279150 11213.dat
9 0 0.707107 0.000000 -0.707107 0.000000 1.000000 0.000000 0.707107 0.000000 0.707107 -17.287748 1.375000 17.287830 17.727699 1.125000 42.176498 11213.dat
9 0 0.707107 0.000000 -0.707107 0.000000 1.000000 0.000000 0.707107 0.000000 0.707107 -22.778255 1.375000 22.778202 25.492250 1.125000 15.279150 11213.dat
9 0 0.707107 0.000000 0.707107 0.000000 1.000000 0.000000 -0.707107 0.000000 0.707107 -17.287743 1.375000 -17.287773 17.727699 1.125000 42.176498 11213.dat
9 0 0.707107 0.000000 0.707107 0.000000 1.000000 0.000000 -0.707107 0.000000 0.707107 -22.778236 1.375000 -22.778276 25.492250 1.125000 15.279150 11213.dat
9 0 -0.707107 0.000000 0.707107 0.000000 1.000000 0.000000 -0.707107 0.000000 -0.707107 17.287758 1.375000 -17.287764 17.727699 1.125000 42.176498 11213.dat
9 0 -0.707107 0.000000 0.707107 0.000000 1.000000 0.000000 -0.707107 0.000000 -0.707107 22.778261 1.375000 -22.778261 25.492250 1.125000 15.279150 11213.dat
9 0 -1.000000 0.000000 -0.000000 0.000000 1.000000 0.000000 0.000000 0.000000 -1.000000 57.102776 4.000000 0.000002 0.602775 3.750000 15.279124 11213.dat
9 0 0.000000 0.000000 -1.000000 0.000000 1.000000 0.000000 1.000000 0.000000 0.000000 -0.000018 4.000000 57.102734 0.602775 3.750000 15.279124 11213.dat
9 0 1.000000 0.000000 0.000000 0.000000 1.000000 0.000000 -0.000000 0.000000 1.000000 -57.102753 4.000000 -0.000035 0.602775 3.750000 15.279124 11213.dat
9 0 -0.000000 0.000000 1.000000 0.000000 1.000000 0.000000 -1.000000 0.000000 -0.000000 0.000021 4.000000 -57.102764 0.602775 3.750000 15.279124 11213.dat
9 0 -0.939692 0.000000 -0.342020 0.000000 1.000000 0.000000 0.342020 0.000000 -0.939692 54.136169 4.000000 20.613377 1.601525 3.750000 3.391325 11213.dat
9 0 -0.707107 0.000000 -0.707107 0.000000 1.000000 0.000000 0.707107 0.000000 -0.707107 40.871441 4.000000 40.871494 1.356775 3.750000 7.244750 11213.dat
9 0 -0.939693 0.000000 0.342020 0.000000 1.000000 0.000000 -0.342020 0.000000 -0.939693 54.136189 4.000000 -20.613501 1.601525 3.750000 3.391325 11213.dat
9 0 -0.707107 0.000000 0.707107 0.000000 1.000000 0.000000 -0.707107 0.000000 -0.707107 40.871464 4.000000 -40.871498 1.356775 3.750000 7.244750 11213.dat
9 0 0.342020 0.000000 -0.939693 0.000000 1.000000 0.000000 0.939693 0.000000 0.342020 -20.613510 4.000000 54.136230 1.601525 3.750000 3.391325 11213.dat
9 0 0.707107 0.000000 -0.707107 0.000000 1.000000 0.000000 0.707107 0.000000 0.707107 -40.871513 4.000000 40.871468 1.356775 3.750000 7.244750 11213.dat
9 0 -0.342020 0.000000 -0.939693 0.000000 1.000000 0.000000 0.939693 0.000000 -0.342020 20.613485 4.000000 54.136242 1.601525 3.750000 3.391325 11213.dat
9 0 -0.707107 0.000000 -0.707107 0.000000 1.000000 0.000000 0.707107 0.000000 -0.707107 40.871441 4.000000 40.871494 1.356775 3.750000 7.244750 11213.dat
9 0 0.939692 0.000000 0.342021 0.000000 1.000000 0.000000 -0.342021 0.000000 0.939692 -54.136242 4.000000 -20.613533 1.601525 3.750000 3.391325 11213.dat
9 0 0.707107 0.000000 0.707107 0.000000 1.000000 0.000000 -0.707107 0.000000 0.707107 -40.871483 4.000000 -40.871529 1.356775 3.750000 7.244750 11213.dat
9 0 0.939693 0.000000 -0.342020 0.000000 1.000000 0.000000 0.342020 0.000000 0.939693 -54.136253 4.000000 20.613340 1.601525 3.750000 3.391325 11213.dat
9 0 0.707107 0.000000 -0.707107 0.000000 1.000000 0.000000 0.707107 0.000000 0.707107 -40.871513 4.000000 40.871468 1.356775 3.750000 7.244750 11213.dat
9 0 -0.342020 0.000000 0.939692 0.000000 1.000000 0.000000 -0.939692 0.000000 -0.342020 20.613522 4.000000 -54.136257 1.601525 3.750000 3.391325 11213.dat
9 0 -0.707107 0.000000 0.707107 0.000000 1.000000 0.000000 -0.707107 0.000000 -0.707107 40.871464 4.000000 -40.871498 1.356775 3.750000 7.244750 11213.dat
9 0 0.342020 0.000000 0.939693 0.000000 1.000000 0.000000 -0.939693 0.000000 0.342020 -20.613474 4.000000 -54.136269 1.601525 3.750000 3.391325 11213.dat
9 0 0.707107 0.000000 0.707107 0.000000 1.000000 0.000000 -0.707107 0.000000 0.707107 -40.871483 4.000000 -40.871529 1.356775 3.750000 7.244750 11213.dat
10 0 -10.000000 0.000000 -70.000000 110.000000 12.450000 50.000000 11213.dat
3 23 -1.000000 0.000000 -0.000000 0.000000 1.000000 0.000000 0.000000 0.000000 -1.000000 60.000027 0.000000 -59.999992 12 12 29:0:1,29:0:1,29:0:1,29:0:1,18:2:1,23:4:1,18:2:1,23:4:1,18:2:1,29:0:1,29:0:1,29:0:1,29:0:1,29:0:1,29:0:1,18:2:1,18:2:1,23:4:1,0:4:0,23:4:1,0:4:0,23:4:1,18:2:1,18:2:1,29:0:1,29:0:1,29:0:1,18:2:1,18:2:1,23:4:1,18:4:1,23:4:1,18:4:1,23:4:1,18:4:1,23:4:1,18:2:1,18:2:1,29:0:1,29:0:1,18:2:1,23:4:1,0:4:1,23:4:1,0:4:1,23:4:1,0:4:1,23:4:1,0:4:1,23:4:1,18:2:1,29:0:1,18:2:1,23:4:1,18:4:1,23:4:1,18:4:1,23:4:1,18:4:1,23:4:1,18:4:1,23:4:1,18:4:1,23:4:1,18:2:1,23:4:1,0:4:0,23:4:1,0:4:1,23:4:1,0:4:0,23:4:1,0:4:0,23:4:1,0:4:1,23:4:1,0:4:0,23:4:1,18:2:1,23:4:1,18:4:1,23:4:1,18:4:1,23:4:1,18:4:0,23:4:1,18:4:1,23:4:1,18:4:1,23:4:1,18:2:1,23:4:1,0:4:0,23:4:1,0:4:1,23:4:1,0:4:0,23:4:1,0:4:0,23:4:1,0:4:1,23:4:1,0:4:0,23:4:1,18:2:1,23:4:1,18:4:1,23:4:1,18:4:1,23:4:1,18:4:1,23:4:1,18:4:1,23:4:1,18:4:1,23:4:1,18:2:1,29:0:1,18:2:1,23:4:1,0:4:1,23:4:1,0:4:1,23:4:1,0:4:1,23:4:1,0:4:1,23:4:1,18:2:1,29:0:1,29:0:1,18:2:1,18:2:1,23:4:1,18:4:1,23:4:1,18:4:1,23:4:1,18:4:1,23:4:1,18:2:1,18:2:1,29:0:1,29:0:1,29:0:1,18:2:1,18:2:1,23:4:1,0:4:0,23:4:1,0:4:0,23:4:1,18:2:1,18:2:1,29:0:1,29:0:1,29:0:1,29:0:1,29:0:1,29:0:1,18:2:1,23:4:1,18:2:1,23:4:1,18:2:1,29:0:1,29:0:1,29:0:1,29:0:1, 11213.dat
0 8 -0.000000 -0.000000 1.000000 -0.000000 -1.000000 -0.000000 1.000000 -0.000000 0.000000 0.003004 0.000000 0.003058 0 0 0.320000 0 0 11213.dat
6 69 -1.000000 0.000000 -0.000000 0.000000 1.000000 0.000000 0.000000 0.000000 -1.000000 0.000003 1.500000 -0.000016 0.000000 0.000000 0.000000 0.000000 1 11213.dat
2 22 -1.000000 0.000000 -0.000000 0.000000 1.000000 0.000000 0.000000 0.000000 -1.000000 60.000027 8.000000 -59.999992 12 12 29:0:1,29:0:1,29:0:1,29:0:1,22:2:1,22:2:1,22:2:1,22:2:1,22:2:1,29:0:1,29:0:1,29:0:1,29:0:1,29:0:1,29:0:1,29:0:1,29:0:1,22:2:1,15:4:0,23:4:1,15:4:0,22:2:1,29:0:1,29:0:1,29:0:1,29:0:1,29:0:1,29:0:1,22:2:1,23:4:1,7:4:2,23:4:1,22:2:1,23:4:1,7:4:2,23:4:1,22:2:1,29:0:1,29:0:1,29:0:1,29:0:1,23:4:1,15:4:0,23:4:1,15:4:0,23:4:1,15:4:0,23:4:1,15:4:0,23:4:1,29:0:1,29:0:1,22:2:1,22:2:1,7:4:2,23:4:1,22:2:1,23:4:1,7:4:2,23:4:1,22:2:1,23:4:1,7:4:2,22:2:1,22:2:1,22:2:1,15:4:0,23:4:1,15:4:0,23:4:1,15:4:0,23:4:1,15:4:0,23:4:1,15:4:0,23:4:1,15:4:0,22:2:1,22:2:1,23:4:1,22:2:1,23:4:1,7:4:2,23:4:1,7:4:1,23:4:1,7:4:2,23:4:1,22:2:1,23:4:1,22:2:1,22:2:1,15:4:0,23:4:1,15:4:0,23:4:1,15:4:0,23:4:1,15:4:0,23:4:1,15:4:0,23:4:1,15:4:0,22:2:1,22:2:1,22:2:1,7:4:2,23:4:1,22:2:1,23:4:1,7:4:2,23:4:1,22:2:1,23:4:1,7:4:2,22:2:1,22:2:1,29:0:1,29:0:1,23:4:1,15:4:0,23:4:1,15:4:0,23:4:1,15:4:0,23:4:1,15:4:0,23:4:1,29:0:1,29:0:1,29:0:1,29:0:1,22:2:1,23:4:1,7:4:2,23:4:1,22:2:1,23:4:1,7:4:2,23:4:1,22:2:1,29:0:1,29:0:1,29:0:1,29:0:1,29:0:1,29:0:1,22:2:1,15:4:0,23:4:1,15:4:0,22:2:1,29:0:1,29:0:1,29:0:1,29:0:1,29:0:1,29:0:1,29:0:1,29:0:1,22:2:1,22:2:1,22:2:1,22:2:1,22:2:1,29:0:1,29:0:1,29:0:1,29:0:1, 11213.dat
6 28 -0.000000 -0.000000 1.000000 -0.000000 -1.000000 -0.000000 1.000000 -0.000000 0.000000 0.003004 4.000000 0.003058 0.000000 0.000000 0.000000 0.000000 0 11213.dat
