9 0 1.000000 0.000000 0.000000 0.000000 1.000000 0.000000 0.000000 0.000000 1.000000 0.000000 1.375000 0.000000 5.937500 1.125000 13.500001 11253.dat
9 0 1.000000 0.000000 0.000000 0.000000 1.000000 0.000000 0.000000 0.000000 1.000000 0.000000 -1.297250 -11.875000 3.178525 1.047250 1.625000 11253.dat
9 0 -0.898553 0.000000 -0.438864 0.000000 1.000000 0.000000 0.438864 0.000000 -0.898553 2.858375 5.342925 -6.123850 3.196600 2.342925 0.278975 11253.dat
9 0 -1.000000 -0.000000 -0.000000 0.000000 0.707108 -0.707106 0.000000 -0.707106 -0.707108 8.062500 4.000000 -5.800000 1.625000 2.578425 2.578425 11253.dat
9 0 1.000000 0.000000 0.000000 0.000000 0.707107 -0.707107 0.000000 0.707107 0.707107 -8.062500 4.000000 -5.800000 1.625000 2.578425 2.578425 11253.dat
9 0 0.898553 0.000000 -0.438864 0.000000 1.000000 0.000000 0.438864 0.000000 0.898553 -2.858375 5.342925 -6.123850 3.196600 2.342925 0.278975 11253.dat
9 0 -0.898553 0.000000 0.438864 0.000000 1.000000 0.000000 -0.438864 0.000000 -0.898553 2.858375 5.342925 6.123850 3.196600 2.342925 0.278975 11253.dat
9 0 -1.000000 0.000000 -0.000000 -0.000000 0.707108 0.707106 0.000000 0.707106 -0.707108 8.062500 4.000000 5.800000 1.625000 2.578425 2.578425 11253.dat
9 0 1.000000 0.000000 0.000000 0.000000 0.707107 0.707107 0.000000 -0.707107 0.707107 -8.062500 4.000000 5.800000 1.625000 2.578425 2.578425 11253.dat
9 0 0.898553 0.000000 0.438864 0.000000 1.000000 0.000000 -0.438864 0.000000 0.898553 -2.858375 5.342925 6.123850 3.196600 2.342925 0.278975 11253.dat
10 0 -9.937500 -8.000000 -13.750000 9.937500 4.450000 13.750000 11253.dat
2 22 1.000000 0.000000 0.000000 0.000000 1.000000 0.000000 0.000000 0.000000 1.000000 -10.000000 8.000000 10.000000 2 2 29:0:0,29:0:0,29:0:0,29:0:0,15:4:32,29:0:0,29:0:0,29:0:0,29:0:0, 11253.dat
3 23 1.000000 0.000000 0.000000 0.000000 1.000000 0.000000 0.000000 0.000000 1.000000 -10.000000 0.000000 10.000000 2 2 29:0:0,29:0:0,29:0:0,29:0:0,0:4:32,29:0:0,29:0:0,29:0:0,29:0:0, 11253.dat
