9 0 0.000000 0.000000 1.000000 0.000000 1.000000 0.000000 -1.000000 0.000000 0.000000 -0.000003 44.623825 0.000010 19.750000 3.126175 39.750000 11301.dat
9 0 0.000000 0.000000 1.000000 0.000000 1.000000 0.000000 -1.000000 0.000000 0.000000 -0.000003 24.876200 0.000010 19.750000 0.626175 59.750004 11301.dat
9 0 0.000000 0.000000 1.000000 0.000000 1.000000 0.000000 -1.000000 0.000000 0.000000 9.998824 36.000000 0.000006 19.750000 11.750000 2.001200 11301.dat
9 0 0.000000 0.000000 1.000000 0.000000 1.000000 0.000000 -1.000000 0.000000 0.000000 -9.998751 36.000000 0.000013 19.750000 11.750000 2.001200 11301.dat
9 0 0.000000 0.000000 1.000000 -0.906028 0.423217 0.000000 -0.423217 -0.906028 0.000000 -71.288750 10.681248 0.000032 19.750000 4.269400 9.219800 11301.dat
9 0 0.000000 0.000000 1.000000 -0.680566 0.732687 0.000000 -0.732687 -0.680566 0.000000 -58.638756 29.204624 0.000028 19.750000 2.573600 11.349600 11301.dat
9 0 0.000000 0.000000 1.000000 -0.519134 0.854693 0.000000 -0.854693 -0.519134 0.000000 -48.901505 34.524101 0.000025 19.750000 3.843025 12.650750 11301.dat
9 0 0.000000 0.000000 1.000000 0.000000 1.000000 0.000000 -1.000000 0.000000 0.000000 -70.000000 1.637498 0.000031 19.750000 1.387500 9.750000 11301.dat
9 0 0.000000 0.000000 1.000000 0.000000 1.000000 0.000000 -1.000000 0.000000 0.000000 -37.539257 32.623825 0.000021 19.750000 8.373825 9.544050 11301.dat
9 0 0.000000 0.000000 1.000000 0.000000 1.000000 0.000000 -1.000000 0.000000 0.000000 -64.449005 11.999997 0.000030 19.750000 11.750000 4.198875 11301.dat
9 0 0.000000 0.000000 1.000000 0.906028 0.423217 -0.000000 -0.423217 0.906028 0.000000 71.288750 10.681248 -0.000013 19.750000 4.269400 9.219800 11301.dat
9 0 0.000000 0.000000 1.000000 0.680566 0.732687 -0.000000 -0.732687 0.680566 0.000000 58.638752 29.204624 -0.000009 19.750000 2.573600 11.349600 11301.dat
9 0 0.000000 0.000000 1.000000 0.519134 0.854693 -0.000000 -0.854693 0.519134 0.000000 48.901375 34.524101 -0.000006 19.750000 3.843025 12.650750 11301.dat
9 0 0.000000 0.000000 1.000000 0.000000 1.000000 0.000000 -1.000000 0.000000 0.000000 70.000000 1.637498 -0.000013 19.750000 1.387500 9.750000 11301.dat
9 0 0.000000 0.000000 1.000000 0.000000 1.000000 0.000000 -1.000000 0.000000 0.000000 37.539349 32.623825 -0.000002 19.750000 8.373825 9.544050 11301.dat
9 0 0.000000 0.000000 1.000000 0.000000 1.000000 0.000000 -1.000000 0.000000 0.000000 64.448997 11.999997 -0.000011 19.750000 11.750000 4.198875 11301.dat
10 0 -30.000002 0.000000 -110.000000 10.000000 52.450001 50.000000 11301.dat
0 2 0.000000 1.000000 -0.000000 0.000000 0.000000 1.000000 1.000000 -0.000000 -0.000000 20.000004 33.499996 20.000004 0 0 0.800000 0 0 11301.dat
0 2 0.000000 1.000000 -0.000000 0.000000 0.000000 1.000000 1.000000 -0.000000 -0.000000 0.000003 33.499996 20.000011 0 0 0.800000 0 0 11301.dat
0 2 0.000000 1.000000 -0.000000 0.000000 0.000000 1.000000 1.000000 -0.000000 -0.000000 -19.999996 33.499996 20.000017 0 0 0.800000 0 0 11301.dat
0 2 0.000000 1.000000 -0.000000 0.000000 0.000000 1.000000 1.000000 -0.000000 -0.000000 19.999998 33.499996 0.000003 0 0 0.800000 0 0 11301.dat
0 2 0.000000 1.000000 -0.000000 0.000000 0.000000 1.000000 1.000000 -0.000000 -0.000000 -0.000003 33.499996 0.000010 0 0 0.800000 0 0 11301.dat
0 2 0.000000 1.000000 -0.000000 0.000000 0.000000 1.000000 1.000000 -0.000000 -0.000000 -20.000004 33.499996 0.000016 0 0 0.800000 0 0 11301.dat
3 23 0.000000 0.000000 1.000000 0.000000 1.000000 0.000000 -1.000000 0.000000 0.000000 59.999992 0.000000 -20.000011 2 4 18:1:1,23:4:1,18:2:1,23:4:1,18:1:1,23:4:1,1:4:1,23:4:1,1:4:1,23:4:1,18:1:1,23:4:1,18:2:1,23:4:1,18:1:1, 11301.dat
3 23 0.000000 0.000000 1.000000 0.000000 1.000000 0.000000 -1.000000 0.000000 0.000000 -80.000015 0.000000 -19.999966 2 4 18:1:1,23:4:1,18:2:1,23:4:1,18:1:1,23:4:1,1:4:1,23:4:1,1:4:1,23:4:1,18:1:1,23:4:1,18:2:1,23:4:1,18:1:1, 11301.dat
3 23 0.000000 0.000000 1.000000 0.000000 1.000000 0.000000 -1.000000 0.000000 0.000000 -60.000008 24.000000 -19.999975 12 4 18:1:1,23:4:1,18:2:1,23:4:1,18:1:1,23:4:1,1:4:1,23:4:1,1:4:1,23:4:1,18:2:1,23:4:1,18:4:1,23:4:1,18:2:1,23:4:1,1:4:1,23:4:1,1:4:1,23:4:1,18:2:1,23:4:1,18:4:1,23:4:1,18:2:1,23:4:1,1:4:1,23:4:1,1:4:1,23:4:1,18:2:1,23:4:1,18:4:1,23:4:1,18:2:1,23:4:1,1:4:1,23:4:1,1:4:1,23:4:1,18:2:1,23:4:1,18:4:1,23:4:1,18:2:1,23:4:1,1:4:1,23:4:1,1:4:1,23:4:1,18:2:1,23:4:1,18:4:1,23:4:1,18:2:1,23:4:1,1:4:1,23:4:1,1:4:1,23:4:1,18:1:1,23:4:1,18:2:1,23:4:1,18:1:1, 11301.dat
2 22 0.000000 0.000000 1.000000 0.000000 1.000000 0.000000 -1.000000 0.000000 0.000000 -40.000008 48.000000 -19.999981 8 4 22:1:1,22:2:1,22:2:1,22:2:1,22:1:1,22:2:1,15:4:1,23:4:1,15:4:1,22:2:1,22:2:1,23:4:1,7:4:2,23:4:1,22:2:1,22:2:1,15:4:1,23:4:1,15:4:1,22:2:1,22:2:1,23:4:1,7:4:2,23:4:1,22:2:1,22:2:1,15:4:1,23:4:1,15:4:1,22:2:1,22:2:1,23:4:1,7:4:2,23:4:1,22:2:1,22:2:1,15:4:1,23:4:1,15:4:1,22:2:1,22:1:1,22:2:1,22:2:1,22:2:1,22:1:1, 11301.dat
2 22 -1.000000 0.000000 0.000000 0.000000 -0.000000 1.000000 0.000000 1.000000 0.000000 30.000004 43.500000 20.000000 2 6 22:1:1,22:2:1,22:2:1,22:2:1,22:2:1,22:2:1,22:1:1,22:2:1,16:4:64,22:2:1,16:4:64,22:2:1,16:4:64,22:2:1,22:1:1,22:2:1,22:2:1,22:2:1,22:2:1,22:2:1,22:1:1, 11301.dat
2 22 1.000000 -0.000000 -0.000000 -0.000000 -0.000000 -1.000000 0.000000 1.000000 -0.000000 -30.000013 43.500000 -19.999985 2 6 22:1:1,22:2:1,22:2:1,22:2:1,22:2:1,22:2:1,22:1:1,22:2:1,16:4:64,22:2:1,16:4:64,22:2:1,16:4:64,22:2:1,22:1:1,22:2:1,22:2:1,22:2:1,22:2:1,22:2:1,22:1:1, 11301.dat
