9 0 1.000000 0.000000 0.000000 0.000000 1.000000 0.000000 0.000000 0.000000 1.000000 -7.260651 4.000000 0.000000 12.489350 3.750000 9.750000 11458.dat
9 0 1.000000 0.000000 0.000000 0.000000 1.000000 0.000000 0.000000 0.000000 1.000000 10.381249 4.618750 0.000000 9.368750 3.131250 9.750000 11458.dat
9 0 1.000000 0.000000 0.000000 0.000000 1.000000 0.000000 0.000000 0.000000 1.000000 17.604000 4.000000 0.000000 2.146050 3.750000 9.750000 11458.dat
9 0 1.000000 0.000000 0.000000 0.000000 1.000000 0.000000 0.000000 0.000000 1.000000 1.528975 0.750075 0.000000 0.496150 6.999925 9.750000 11458.dat
9 0 1.000000 0.000000 0.000000 0.000000 1.000000 0.000000 0.000000 0.000000 1.000000 18.496000 0.750075 0.000000 0.496150 6.999925 9.750000 11458.dat
9 0 1.000000 0.000000 0.000000 0.000000 1.000000 0.000000 0.000000 0.000000 1.000000 10.006700 -14.698575 0.000000 2.226550 0.211350 9.750000 11458.dat
9 0 0.500000 -0.866025 0.000000 0.866025 0.500000 0.000000 0.000000 0.000000 1.000000 2.903049 -10.605025 0.000000 2.226550 0.211350 9.750000 11458.dat
9 0 -0.500000 -0.866025 0.000000 0.866025 -0.500000 0.000000 0.000000 0.000000 1.000000 2.896350 -2.406300 0.000000 2.226550 0.211350 9.750000 11458.dat
9 0 -0.500000 0.866025 0.000000 -0.866025 -0.500000 0.000000 0.000000 0.000000 1.000000 17.097000 -2.394675 0.000000 2.226550 0.211350 9.750000 11458.dat
9 0 0.500000 0.866025 0.000000 -0.866025 0.500000 0.000000 0.000000 0.000000 1.000000 17.103750 -10.593425 0.000000 2.226550 0.211350 9.750000 11458.dat
9 0 1.000000 0.000000 0.000000 0.000000 1.000000 0.000000 0.000000 0.000000 1.000000 9.991174 0.500000 0.000000 4.564625 0.500000 7.750000 11458.dat
9 0 1.000000 0.000000 0.000000 0.000000 1.000000 0.000000 0.000000 0.000000 1.000000 9.991174 -13.500001 0.000000 4.564625 0.500000 7.750000 11458.dat
10 0 -10.000000 0.000000 -10.000000 30.000002 24.500000 10.000000 11458.dat
3 23 1.000000 0.000000 0.000000 0.000000 1.000000 0.000000 0.000000 0.000000 1.000000 -20.000000 0.000000 10.000000 2 2 18:1:1,23:4:1,29:0:1,23:4:1,0:4:1,29:0:1,18:1:1,23:4:1,29:0:1, 11458.dat
2 22 1.000000 0.000000 0.000000 0.000000 1.000000 0.000000 0.000000 0.000000 1.000000 -20.000000 8.000000 10.000000 2 4 22:1:1,22:2:1,22:2:1,22:2:1,22:1:1,22:2:1,15:4:1,9:4:1,15:4:1,22:2:1,22:1:1,22:2:1,22:2:1,22:2:1,22:1:1, 11458.dat
0 2 -0.000000 1.000000 -0.000000 0.000000 -0.000000 -1.000000 -1.000000 0.000000 -0.000000 10.000000 -6.500000 -10.000000 0 0 0.800000 0 0 11458.dat
2 22 1.000000 0.000000 0.000000 0.000000 -0.000000 -1.000000 0.000000 1.000000 -0.000000 0.000000 3.500000 -10.000000 2 2 22:1:1,22:2:1,22:1:1,22:2:1,16:4:64,22:2:1,22:1:1,22:2:1,22:1:1, 11458.dat
2 22 1.000000 0.000000 0.000000 0.000000 -0.000000 1.000000 0.000000 -1.000000 -0.000000 0.000000 -16.500000 10.000000 2 2 22:1:1,22:2:1,22:1:1,22:2:1,16:4:64,22:2:1,22:1:1,22:2:1,22:1:1, 11458.dat
