9 0 0.000000 0.373292 0.927714 -0.000000 0.927714 -0.373292 -1.000000 0.000000 0.000000 -0.000022 -38.422501 -78.205994 4.136225 11.794600 3.781825 11467.dat
9 0 0.000000 0.775282 0.631615 -0.000000 0.631615 -0.775282 -1.000000 0.000000 0.000000 -0.000018 -49.737503 -66.978249 8.048775 11.794600 11.176225 11467.dat
9 0 0.000000 0.978604 0.205751 -0.000000 0.205751 -0.978604 -1.000000 0.000000 0.000000 -0.000012 -57.831253 -48.240498 12.537549 11.794600 14.481174 11467.dat
9 0 -0.000000 1.000000 -0.000000 -0.000000 -0.000000 -1.000000 -1.000000 0.000000 0.000000 0.000003 -56.784500 -0.804522 14.965600 34.491749 18.836174 11467.dat
9 0 -0.000000 0.978491 -0.206288 -0.000000 -0.206288 -0.978491 -1.000000 0.000000 0.000000 0.000019 -61.564247 52.243752 5.213400 23.230726 18.836174 11467.dat
9 0 -0.000000 0.932469 -0.361249 -0.000000 -0.361249 -0.932469 -1.000000 0.000000 0.000000 0.000028 -50.491501 80.748756 4.350125 14.930625 28.237000 11467.dat
9 0 0.000000 0.984771 0.173858 -0.000000 0.173858 -0.984771 -1.000000 0.000000 0.000000 0.000007 -36.474998 13.817829 14.965600 11.702300 17.769073 11467.dat
9 0 -0.000000 0.951448 -0.307809 -0.000000 -0.307809 -0.951448 -1.000000 0.000000 0.000000 0.000007 -17.413074 12.261003 14.965600 7.616350 16.564625 11467.dat
9 0 0.000000 0.000000 1.000000 0.000000 1.000000 0.000000 -1.000000 0.000000 0.000000 0.000003 -5.272925 -0.622122 17.459301 5.022925 18.216900 11467.dat
9 0 -0.000000 1.000000 -0.000000 -0.000000 -0.000000 -1.000000 -1.000000 0.000000 0.000000 21.601700 -67.979744 -9.986254 3.770200 3.742150 4.367650 11467.dat
9 0 -0.000000 1.000000 -0.000000 -0.000000 -0.000000 -1.000000 -1.000000 0.000000 0.000000 30.129900 -75.070503 -9.983456 0.888825 3.742150 3.806200 11467.dat
9 0 -0.000000 1.000000 -0.000000 -0.000000 -0.000000 -1.000000 -1.000000 0.000000 0.000000 30.129900 -65.033249 -9.983456 1.035500 3.742150 3.806200 11467.dat
9 0 -0.000000 1.000000 -0.000000 -0.000000 -0.000000 -1.000000 -1.000000 0.000000 0.000000 21.601707 -67.979744 9.994047 3.770200 3.742150 4.367650 11467.dat
9 0 -0.000000 1.000000 -0.000000 -0.000000 -0.000000 -1.000000 -1.000000 0.000000 0.000000 30.129906 -75.070503 9.996819 0.888825 3.742150 3.806200 11467.dat
9 0 -0.000000 1.000000 -0.000000 -0.000000 -0.000000 -1.000000 -1.000000 0.000000 0.000000 30.129906 -65.033249 9.996819 1.035500 3.742150 3.806200 11467.dat
9 0 -0.000000 1.000000 -0.000000 -0.000000 -0.000000 -1.000000 -1.000000 0.000000 0.000000 -21.601751 -67.979744 -9.986240 3.770200 3.742150 4.367650 11467.dat
9 0 -0.000000 1.000000 -0.000000 -0.000000 -0.000000 -1.000000 -1.000000 0.000000 0.000000 -30.130001 -75.070503 -9.983438 0.888825 3.742150 3.806200 11467.dat
9 0 -0.000000 1.000000 -0.000000 -0.000000 -0.000000 -1.000000 -1.000000 0.000000 0.000000 -30.130001 -65.033249 -9.983438 1.035500 3.742150 3.806200 11467.dat
9 0 -0.000000 1.000000 -0.000000 -0.000000 -0.000000 -1.000000 -1.000000 0.000000 0.000000 -21.601746 -67.979744 9.994061 3.770200 3.742150 4.367650 11467.dat
9 0 -0.000000 1.000000 -0.000000 -0.000000 -0.000000 -1.000000 -1.000000 0.000000 0.000000 -30.129995 -75.070503 9.996837 0.888825 3.742150 3.806200 11467.dat
9 0 -0.000000 1.000000 -0.000000 -0.000000 -0.000000 -1.000000 -1.000000 0.000000 0.000000 -30.129995 -65.033249 9.996837 1.035500 3.742150 3.806200 11467.dat
10 0 -76.445999 -0.117275 -44.279251 109.023247 77.603500 24.279325 11467.dat
2 22 0.000000 0.000000 1.000000 0.000000 1.000000 0.000000 -1.000000 0.000000 0.000000 -20.000004 0.000000 -19.999990 4 4 22:1:1,22:2:1,22:2:1,22:2:1,22:1:1,22:2:1,15:4:0,23:4:1,15:4:0,22:2:1,22:2:1,23:4:1,7:4:2,23:4:1,22:2:1,22:2:1,15:4:0,23:4:1,15:4:0,22:2:1,22:1:1,22:2:1,22:2:1,22:2:1,22:1:1, 11467.dat
3 23 0.000000 0.000000 1.000000 0.000000 1.000000 0.000000 -1.000000 0.000000 0.000000 -20.000004 -72.000000 -19.999990 4 4 18:1:1,23:4:1,18:2:1,23:4:1,18:1:1,23:4:1,0:4:0,23:4:1,0:4:0,23:4:1,18:2:1,23:4:1,18:4:1,23:4:1,18:2:1,23:4:1,0:4:0,23:4:1,0:4:0,23:4:1,18:1:1,23:4:1,18:2:1,23:4:1,18:1:1, 11467.dat
0 6 -0.000000 1.000000 -0.000000 -0.000000 -0.000000 -1.000000 -1.000000 0.000000 0.000000 29.999998 -70.000000 -13.978407 0 0 0.319450 1 0 11467.dat
0 6 -0.000000 1.000000 -0.000000 -0.000000 -0.000000 -1.000000 -1.000000 0.000000 0.000000 30.000004 -70.000000 5.953868 0 0 0.319450 1 0 11467.dat
0 6 -0.000000 1.000000 -0.000000 -0.000000 -0.000000 -1.000000 -1.000000 0.000000 0.000000 -29.999996 -70.000000 5.953887 0 0 0.319450 1 0 11467.dat
0 6 -0.000000 1.000000 -0.000000 -0.000000 -0.000000 -1.000000 -1.000000 0.000000 0.000000 -30.000002 -70.000000 -13.978388 0 0 0.319450 1 0 11467.dat
