9 0 -1.000000 0.000000 -0.000000 0.000000 1.000000 0.000000 0.000000 0.000000 -1.000000 -6.882850 -3.687500 -0.000002 0.382850 3.437500 2.326925 11609.dat
9 0 -0.707107 0.000000 -0.707107 0.000000 1.000000 0.000000 0.707107 0.000000 -0.707107 -4.866899 -3.687500 -4.866901 0.382850 3.437500 2.326925 11609.dat
9 0 0.000000 0.000000 -1.000000 0.000000 1.000000 0.000000 1.000000 0.000000 0.000000 0.000002 -3.687500 -6.882850 0.382850 3.437500 2.326925 11609.dat
9 0 0.707107 0.000000 -0.707107 0.000000 1.000000 0.000000 0.707107 0.000000 0.707107 4.866901 -3.687500 -4.866899 0.382850 3.437500 2.326925 11609.dat
9 0 1.000000 0.000000 0.000000 0.000000 1.000000 0.000000 -0.000000 0.000000 1.000000 6.882850 -3.687500 0.000002 0.382850 3.437500 2.326925 11609.dat
9 0 0.707107 0.000000 0.707107 0.000000 1.000000 0.000000 -0.707107 0.000000 0.707107 4.866899 -3.687500 4.866901 0.382850 3.437500 2.326925 11609.dat
9 0 -0.000000 0.000000 1.000000 0.000000 1.000000 0.000000 -1.000000 0.000000 -0.000000 -0.000002 -3.687500 6.882850 0.382850 3.437500 2.326925 11609.dat
9 0 -0.707107 0.000000 0.707107 0.000000 1.000000 0.000000 -0.707107 0.000000 -0.707107 -4.866901 -3.687500 4.866899 0.382850 3.437500 2.326925 11609.dat
9 0 -0.809017 0.000000 -0.587785 0.000000 1.000000 0.000000 0.587785 0.000000 -0.809017 2.884301 -6.750000 -3.969924 7.281625 1.000000 2.782075 11609.dat
9 0 -1.000000 0.000000 -0.000000 0.000000 1.000000 0.000000 0.000000 0.000000 -1.000000 0.000002 -6.750000 -7.326725 1.296450 1.000000 5.201725 11609.dat
9 0 0.309017 0.000000 -0.951056 0.000000 1.000000 0.000000 0.951056 0.000000 0.309017 4.666924 -6.750000 1.516376 7.281625 1.000000 2.782075 11609.dat
9 0 -0.309017 0.000000 -0.951057 0.000000 1.000000 0.000000 0.951057 0.000000 -0.309017 6.968126 -6.750000 -2.264073 1.296450 1.000000 5.201725 11609.dat
9 0 1.000000 0.000000 0.000000 0.000000 1.000000 0.000000 -0.000000 0.000000 1.000000 -0.000002 -6.750000 4.907075 7.281625 1.000000 2.782075 11609.dat
9 0 0.809017 0.000000 -0.587785 0.000000 1.000000 0.000000 0.587785 0.000000 0.809017 4.306548 -6.750000 5.927451 1.296450 1.000000 5.201725 11609.dat
9 0 0.309017 0.000000 0.951057 0.000000 1.000000 0.000000 -0.951057 0.000000 0.309017 -4.666925 -6.750000 1.516374 7.281625 1.000000 2.782075 11609.dat
9 0 0.809017 0.000000 0.587785 0.000000 1.000000 0.000000 -0.587785 0.000000 0.809017 -4.306552 -6.750000 5.927448 1.296450 1.000000 5.201725 11609.dat
9 0 -0.809017 0.000000 0.587785 0.000000 1.000000 0.000000 -0.587785 0.000000 -0.809017 -2.884324 -6.750000 -3.969926 7.281625 1.000000 2.782075 11609.dat
9 0 -0.309017 0.000000 0.951056 0.000000 1.000000 0.000000 -0.951056 0.000000 -0.309017 -6.968124 -6.750000 -2.264077 1.296450 1.000000 5.201725 11609.dat
10 0 -13.037226 0.000000 -13.684724 13.037226 8.000000 11.433249 11609.dat
0 14 0.000000 0.000000 -1.000000 0.000000 1.000000 0.000000 1.000000 0.000000 0.000000 0.000000 -5.250000 0.000000 0 0 0.085000 0 0 11609.dat
2 22 -1.000000 0.000000 -0.000000 0.000000 1.000000 0.000000 0.000000 0.000000 -1.000000 10.000003 0.000000 -9.999997 2 2 29:0:0,29:0:0,29:0:0,29:0:0,5:4:32,29:0:0,29:0:0,29:0:0,29:0:0, 11609.dat
