9 0 -0.707107 0.000000 0.707107 0.000000 1.000000 0.000000 -0.707107 0.000000 -0.707107 0.000000 25.900000 0.000000 2.578425 6.350000 2.578425 11610.dat
9 0 -0.976507 0.215483 -0.000000 0.215483 0.976507 0.000000 0.000000 0.000000 -1.000000 -5.455725 9.720723 -0.000002 0.784600 9.460950 3.438975 11610.dat
9 0 0.000000 0.215483 -0.976508 -0.000000 0.976508 0.215483 1.000000 -0.000000 0.000000 0.000002 9.720723 -5.455725 0.784600 9.460950 3.438975 11610.dat
9 0 0.976508 0.215483 0.000000 -0.215483 0.976508 -0.000000 -0.000000 -0.000000 1.000000 5.455725 9.720723 0.000002 0.784600 9.460950 3.438975 11610.dat
9 0 -0.000000 0.215483 0.976508 0.000000 0.976508 -0.215483 -1.000000 0.000000 -0.000000 -0.000002 9.720723 5.455725 0.784600 9.460950 3.438975 11610.dat
10 0 -10.000000 0.000000 -10.000000 10.000000 36.924999 10.000000 11610.dat
3 23 -1.000000 0.000000 -0.000000 0.000000 1.000000 0.000000 0.000000 0.000000 -1.000000 10.000003 0.000000 -9.999997 2 2 29:0:0,29:0:0,29:0:0,29:0:0,1:4:34,29:0:0,29:0:0,29:0:0,29:0:0, 11610.dat
0 7 0.000000 0.000000 -1.000000 0.000000 1.000000 0.000000 1.000000 0.000000 0.000000 0.000000 32.500000 0.000000 0 1 0.520000 0 0 11610.dat
2 22 -1.000000 0.000000 -0.000000 0.000000 1.000000 0.000000 0.000000 0.000000 -1.000000 10.000003 32.500000 -9.999997 2 2 29:0:0,29:0:0,29:0:0,29:0:0,9:4:32,29:0:0,29:0:0,29:0:0,29:0:0, 11610.dat
