9 0 0.000001 -1.000000 -0.000001 0.000001 0.000001 -1.000000 1.000000 0.000001 0.000001 4.344515 4.344522 -0.224995 1.844525 9.750000 1.844525 11946.dat
9 0 1.000000 0.000001 0.000001 0.000001 0.000001 -1.000000 -0.000001 1.000000 0.000001 -4.344534 4.344516 -0.225001 1.844525 9.750000 1.844525 11946.dat
9 0 -0.000001 1.000000 0.000001 0.000001 0.000001 -1.000000 -1.000000 -0.000001 -0.000001 -4.344525 -8.874934 -0.225008 6.374925 9.750000 1.844525 11946.dat
9 0 -1.000000 -0.000001 -0.000001 0.000001 0.000001 -1.000000 0.000001 -1.000000 -0.000001 4.344524 -8.874928 -0.225002 1.844525 9.750000 6.374925 11946.dat
9 0 0.000001 -1.000000 -0.000001 0.000001 0.000001 -1.000000 1.000000 0.000001 0.000001 -0.436023 -13.516231 -0.225008 2.266225 9.750000 5.718750 11946.dat
9 0 -1.000000 -0.000001 -0.000001 0.000001 0.000001 -1.000000 0.000001 -1.000000 -0.000001 7.687498 -6.141301 -0.224999 1.312500 9.750000 5.891300 11946.dat
9 0 0.000001 -1.000000 -0.000001 0.000001 0.000001 -1.000000 1.000000 0.000001 0.000001 -0.039661 7.067194 -0.224996 0.692200 9.750000 4.416925 11946.dat
9 0 0.000001 -1.000000 -0.000001 0.000001 0.000001 -1.000000 1.000000 0.000001 0.000001 -3.578332 -11.200038 49.774994 0.750000 15.913200 1.328300 11946.dat
9 0 0.000001 -1.000000 -0.000001 0.000001 0.000001 -1.000000 1.000000 0.000001 0.000001 -4.251352 0.799950 68.275002 8.750000 0.500000 4.001300 11946.dat
9 0 0.000001 -1.000000 -0.000001 0.000001 0.000001 -1.000000 1.000000 0.000001 0.000001 0.592085 0.799965 49.775002 8.750000 2.000000 8.407875 11946.dat
9 0 0.000001 -1.000000 -0.000001 0.000001 0.000001 -1.000000 1.000000 0.000001 0.000001 8.499961 0.799970 49.775009 8.750000 9.750000 0.500000 11946.dat
9 0 0.000001 -1.000000 -0.000001 -0.000001 -0.000001 1.000000 -1.000000 -0.000001 -0.000001 -8.427472 2.856603 58.682991 6.693350 18.658001 0.427425 11946.dat
9 0 0.000001 -1.000000 -0.000001 -0.000001 -0.000001 1.000000 -1.000000 -0.000001 -0.000001 -7.303612 -4.228968 12.084443 8.638124 22.059450 0.928600 11946.dat
9 0 -1.000000 -0.000001 -0.000001 -0.000001 -0.000001 1.000000 -0.000001 1.000000 0.000001 -2.643625 7.124580 20.900000 2.393600 10.875000 1.124600 11946.dat
9 0 0.365609 -0.930768 -0.000000 -0.000001 -0.000001 1.000000 -0.930768 -0.365609 -0.000001 -3.994321 -19.222610 2.460062 6.359525 12.435075 0.928600 11946.dat
9 0 0.327923 -0.932087 0.153882 -0.046608 0.146728 0.988078 -0.943554 -0.331185 0.004672 -4.017165 -18.687304 31.554485 3.127800 40.851749 0.954025 11946.dat
9 0 0.000001 -1.000000 -0.000001 -0.866025 -0.000000 -0.500001 0.500001 0.000001 -0.866025 -7.069756 0.799968 35.629997 8.750000 0.195075 2.795500 11946.dat
9 0 0.000001 -1.000000 -0.000001 0.000001 0.000001 -1.000000 1.000000 0.000001 0.000001 0.054797 0.799975 31.580002 8.750000 0.195075 2.795500 11946.dat
9 0 0.000001 -1.000000 -0.000001 0.866026 0.000001 -0.499999 0.499999 -0.000000 0.866026 7.124519 0.799978 35.725006 8.750000 0.195075 2.795500 11946.dat
9 0 0.000001 -1.000000 -0.000001 0.866025 0.000000 0.500001 -0.500001 -0.000001 0.866025 7.069675 0.799961 63.920002 8.750000 0.195075 2.795500 11946.dat
9 0 0.000001 -1.000000 -0.000001 -0.000001 -0.000001 1.000000 -1.000000 -0.000001 -0.000001 -0.054877 0.799954 67.969994 8.750000 0.195075 2.795500 11946.dat
9 0 0.000001 -1.000000 -0.000001 -0.866026 -0.000001 0.500000 -0.499999 0.000000 -0.866026 -6.714824 0.799951 64.534744 8.750000 0.195075 1.975950 11946.dat
9 0 0.286561 -0.946219 0.150173 -0.031316 0.147412 0.988579 -0.957550 -0.287991 0.012610 -6.786654 -9.941086 43.985741 3.127800 35.902248 0.213500 11946.dat
9 0 0.000001 0.000001 -1.000000 -1.000000 -0.000001 -0.000001 -0.000001 1.000000 0.000001 -7.000040 -0.200040 49.859497 14.281925 0.500000 7.750000 11946.dat
9 0 0.000001 0.000001 -1.000000 -1.000000 -0.000001 -0.000001 -0.000001 1.000000 0.000001 6.999960 -0.200031 49.859509 14.281925 0.500000 7.750000 11946.dat
9 0 -0.000000 -0.593166 0.805080 -0.103538 0.800753 0.589979 -0.994626 -0.083356 -0.061415 -6.743077 -4.089255 74.073242 6.693350 9.055449 0.308350 11946.dat
9 0 0.006887 -0.824136 0.566351 -0.060685 0.564976 0.822873 -0.998133 -0.040036 -0.046122 -7.171705 -0.828055 74.808739 4.454200 9.055449 1.271300 11946.dat
10 0 -10.000000 -0.225000 -10.000000 29.526249 95.300003 10.000000 11946.dat
0 2 -1.000000 -0.000001 -0.000001 -0.000001 1.000000 0.000001 0.000001 0.000001 -1.000000 -0.000039 9.799970 39.775009 0 1 0.800000 0 0 11946.dat
0 2 -1.000000 -0.000001 -0.000001 -0.000001 1.000000 0.000001 0.000001 0.000001 -1.000000 -0.000052 9.799958 59.775002 0 1 0.800000 0 0 11946.dat
0 4 1.000000 0.000001 0.000001 0.000001 0.000001 -1.000000 -0.000001 1.000000 0.000001 0.000000 0.000000 -10.225000 0 1 0.800000 0 0 11946.dat
2 22 -1.000000 -0.000001 -0.000001 -0.000001 1.000000 0.000001 0.000001 0.000001 -1.000000 9.999968 9.999983 30.000013 4 2 22:1:1,22:2:1,22:1:1,22:2:1,16:4:64,22:2:1,22:2:1,22:2:1,22:2:1,22:2:1,16:4:64,22:2:1,22:1:1,22:2:1,22:1:1, 11946.dat
