9 0 0.000000 -1.000000 -0.000000 -0.000000 -0.000000 1.000000 -1.000000 -0.000000 -0.000000 0.000004 20.102930 -18.874996 4.641925 10.875000 9.724075 11949.dat
9 0 -0.000000 1.000000 0.000000 -0.000000 -0.000000 1.000000 1.000000 0.000000 0.000000 0.000004 -20.102921 -18.875004 4.641925 10.875000 9.724075 11949.dat
9 0 0.000000 -1.000000 -0.000000 -0.000000 -0.000000 1.000000 -1.000000 -0.000000 -0.000000 10.956926 -0.752373 -6.910348 25.503502 6.435350 0.793075 11949.dat
9 0 0.000000 -1.000000 -0.000000 -0.000000 -0.000000 1.000000 -1.000000 -0.000000 -0.000000 -0.000002 -21.000000 8.201621 8.750000 0.201625 2.264200 11949.dat
9 0 0.000000 -1.000000 -0.000000 -0.707107 -0.000000 0.707107 -0.707107 0.000000 -0.707107 -5.799427 -21.000000 5.799418 8.750000 0.201625 2.264200 11949.dat
9 0 0.000000 -1.000000 -0.000000 -1.000000 0.000000 -0.000000 0.000000 0.000000 -1.000000 -8.201625 -21.000000 -0.000007 8.750000 0.201625 2.264200 11949.dat
9 0 0.000000 -1.000000 -0.000000 -0.707107 0.000000 -0.707107 0.707107 0.000000 -0.707107 -5.799424 -20.999998 -5.799431 8.750000 0.201625 2.264200 11949.dat
9 0 0.000000 -1.000000 -0.000000 0.000000 0.000000 -1.000000 1.000000 -0.000000 0.000000 0.000002 -20.999998 -8.201630 8.750000 0.201625 2.264200 11949.dat
9 0 0.000000 -1.000000 -0.000000 0.707107 0.000000 -0.707107 0.707107 -0.000000 0.707107 5.799427 -20.999998 -5.799428 8.750000 0.201625 2.264200 11949.dat
9 0 0.000000 -1.000000 -0.000000 1.000000 -0.000000 0.000000 -0.000000 -0.000000 1.000000 8.201625 -21.000000 -0.000003 8.750000 0.201625 2.264200 11949.dat
9 0 0.000000 -1.000000 -0.000000 0.707107 -0.000000 0.707107 -0.707107 -0.000000 0.707107 5.799424 -21.000000 5.799422 8.750000 0.201625 2.264200 11949.dat
9 0 0.000000 -1.000000 -0.000000 -0.707107 -0.000000 0.707107 -0.707107 0.000000 -0.707107 -5.799427 20.999998 5.799428 8.750000 0.201625 2.264200 11949.dat
9 0 0.000000 -1.000000 -0.000000 -1.000000 0.000000 -0.000000 0.000000 0.000000 -1.000000 -8.201625 21.000000 0.000003 8.750000 0.201625 2.264200 11949.dat
9 0 0.000000 -1.000000 -0.000000 -0.707107 0.000000 -0.707107 0.707107 0.000000 -0.707107 -5.799424 21.000000 -5.799422 8.750000 0.201625 2.264200 11949.dat
9 0 0.000000 -1.000000 -0.000000 0.000000 0.000000 -1.000000 1.000000 -0.000000 0.000000 0.000002 21.000000 -8.201621 8.750000 0.201625 2.264200 11949.dat
9 0 0.000000 -1.000000 -0.000000 0.707107 0.000000 -0.707107 0.707107 -0.000000 0.707107 5.799427 21.000000 -5.799418 8.750000 0.201625 2.264200 11949.dat
9 0 0.000000 -1.000000 -0.000000 1.000000 -0.000000 0.000000 -0.000000 -0.000000 1.000000 8.201625 21.000000 0.000007 8.750000 0.201625 2.264200 11949.dat
9 0 0.000000 -1.000000 -0.000000 0.707107 -0.000000 0.707107 -0.707107 -0.000000 0.707107 5.799424 20.999998 5.799431 8.750000 0.201625 2.264200 11949.dat
9 0 0.000000 -1.000000 -0.000000 -0.000000 -0.000000 1.000000 -1.000000 -0.000000 -0.000000 -0.000002 20.999998 8.201630 8.750000 0.201625 2.264200 11949.dat
9 0 -0.707107 0.707106 0.000001 0.000000 -0.000001 1.000000 0.707106 0.707107 0.000001 14.214931 -14.214919 -23.750000 4.641925 6.000000 9.724075 11949.dat
9 0 -1.000000 0.000000 -0.000000 -0.000000 -0.000000 1.000000 -0.000000 1.000000 0.000000 20.102932 0.000005 -23.749996 4.641925 6.000000 9.724075 11949.dat
9 0 0.000000 -1.000000 -0.000000 -0.000000 -0.000000 1.000000 -1.000000 -0.000000 -0.000000 16.022026 15.520002 -9.532317 4.770150 9.057325 7.884675 11949.dat
9 0 0.000000 -1.000000 -0.000000 -0.707107 -0.000000 0.707107 -0.707107 0.000000 -0.707107 39.924999 6.895925 -0.199989 11.854074 3.320900 3.285525 11949.dat
9 0 0.000000 -1.000000 -0.000000 -0.999464 0.000000 -0.032742 0.032742 0.000000 -0.999464 36.441002 14.834826 -0.257888 3.915175 3.320900 4.667600 11949.dat
9 0 0.000000 -1.000000 -0.000000 -0.925026 0.000000 -0.379905 0.379905 0.000000 -0.925026 26.756250 14.805152 -3.383065 3.944850 8.643476 4.667600 11949.dat
9 0 -0.707107 -0.707106 -0.000000 -0.000000 -0.000000 1.000000 -0.707106 0.707107 -0.000000 14.214930 14.214930 -22.080019 4.641925 7.669975 9.724075 11949.dat
9 0 0.707107 0.707106 -0.000000 0.000000 0.000000 1.000000 0.707106 -0.707107 0.000000 -14.214919 -14.214919 -23.750006 4.641925 6.000000 9.724075 11949.dat
9 0 1.000000 0.000000 0.000000 -0.000000 -0.000000 1.000000 -0.000000 -1.000000 -0.000000 -20.102921 0.000005 -23.750004 4.641925 6.000000 9.724075 11949.dat
9 0 0.000000 -1.000000 -0.000000 -0.000000 -0.000000 1.000000 -1.000000 -0.000000 -0.000000 -16.022024 15.520002 -9.532325 4.770150 9.057325 7.884675 11949.dat
9 0 0.000000 -1.000000 -0.000000 0.707107 -0.000000 0.707107 -0.707107 -0.000000 0.707107 -39.924999 6.895925 -0.200008 11.854074 3.320900 3.285525 11949.dat
9 0 0.000000 -1.000000 -0.000000 0.999464 0.000000 -0.032741 0.032741 -0.000000 0.999464 -36.441002 14.834826 -0.257905 3.915175 3.320900 4.667600 11949.dat
9 0 0.000000 -1.000000 -0.000000 0.925026 0.000000 -0.379904 0.379904 -0.000000 0.925026 -26.756250 14.805152 -3.383078 3.944850 8.643476 4.667600 11949.dat
9 0 0.707107 -0.707106 0.000000 -0.000000 -0.000000 1.000000 -0.707106 -0.707107 -0.000001 -14.214921 14.214930 -22.080025 4.641925 7.669975 9.724075 11949.dat
9 0 0.000000 -1.000000 -0.000000 -0.000000 -0.000000 1.000000 -1.000000 -0.000000 -0.000000 -10.958748 -0.752373 -6.910353 25.503502 6.435350 0.793250 11949.dat
9 0 0.000000 0.000000 -1.000000 -1.000000 0.000000 -0.000000 -0.000000 1.000000 0.000000 -7.000000 -20.000000 0.003044 4.492050 0.500000 7.750000 11949.dat
9 0 0.000000 0.000000 -1.000000 -1.000000 0.000000 -0.000000 -0.000000 1.000000 0.000000 7.000000 -20.000000 0.003047 4.492050 0.500000 7.750000 11949.dat
9 0 0.000000 0.000000 -1.000000 -1.000000 0.000000 -0.000000 -0.000000 1.000000 0.000000 -7.000000 20.000000 0.003053 4.492050 0.500000 7.750000 11949.dat
9 0 0.000000 0.000000 -1.000000 -1.000000 0.000000 -0.000000 -0.000000 1.000000 0.000000 7.000000 20.000000 0.003056 4.492050 0.500000 7.750000 11949.dat
10 0 -30.000002 -47.334251 -30.000002 30.000002 47.334251 10.000000 11949.dat
1 3 1.000000 0.000000 0.000000 0.000000 -1.000000 -0.000000 0.000000 0.000000 -1.000000 39.959248 0.000000 -0.224991 11949.dat
1 3 1.000000 0.000000 0.000000 0.000000 -1.000000 -0.000000 0.000000 0.000000 -1.000000 -39.959248 0.000000 -0.225009 11949.dat
0 2 -1.000000 -0.000000 -0.000000 0.000000 -1.000000 -0.000000 -0.000000 -0.000000 1.000000 0.000000 -30.000002 -0.000007 0 1 0.800000 0 0 11949.dat
0 2 1.000000 0.000000 0.000000 0.000000 1.000000 0.000000 -0.000000 -0.000000 1.000000 0.000000 30.000002 0.000007 0 1 0.800000 0 0 11949.dat
6 184 -1.000000 0.000000 -0.000000 -0.000000 -0.000000 1.000000 -0.000000 1.000000 0.000000 0.000000 0.000000 0.000000 0.000000 0.000000 0.000000 0.000000 1 11949.dat
2 22 0.000000 0.000000 -1.000000 0.000000 -1.000000 -0.000000 -1.000000 -0.000000 -0.000000 -10.000002 -30.000004 9.999991 2 2 22:1:1,22:2:1,22:1:1,22:2:1,16:4:64,22:2:1,22:1:1,22:2:1,22:1:1, 11949.dat
2 22 -0.000000 -0.000000 1.000000 0.000000 1.000000 0.000000 -1.000000 0.000000 -0.000000 -9.999998 30.000004 -9.999995 2 2 22:1:1,22:2:1,22:1:1,22:2:1,16:4:64,22:2:1,22:1:1,22:2:1,22:1:1, 11949.dat
