9 0 -0.000001 -0.000000 -1.000000 0.000000 -1.000000 0.000000 -1.000000 -0.000000 0.000001 -8.890306 0.999963 0.000232 12.000100 8.750000 0.871100 11954.dat
9 0 -0.000001 -0.000000 -1.000000 0.000000 -1.000000 0.000000 -1.000000 -0.000000 0.000001 -8.890362 0.999945 -39.999779 12.000100 8.750000 0.871100 11954.dat
9 0 -0.000001 -0.000000 -1.000000 0.000000 -1.000000 0.000000 -1.000000 -0.000000 0.000001 8.867464 0.374955 -39.999802 12.000100 9.375000 0.871100 11954.dat
9 0 -0.000001 -0.000000 -1.000000 0.000000 -1.000000 0.000000 -1.000000 -0.000000 0.000001 8.867521 0.374973 0.000209 12.000100 9.375000 0.871100 11954.dat
9 0 -0.000001 -0.000000 -1.000000 1.000000 0.000000 -0.000001 0.000000 -1.000000 0.000000 -7.761258 -19.328766 98.612144 11.137825 1.250000 9.078775 11954.dat
9 0 -0.000001 -0.000000 -1.000000 0.957439 -0.288636 -0.000001 -0.288636 -0.957439 0.000001 4.206379 -19.271530 -0.000030 109.750000 0.841400 8.980225 11954.dat
9 0 0.000000 -1.000000 0.000000 1.000000 0.000000 -0.000001 0.000001 0.000000 1.000000 -20.011391 -31.500191 0.000006 0.500150 9.750000 79.750000 11954.dat
9 0 0.000000 -1.000000 0.000000 1.000000 0.000000 -0.000001 0.000001 0.000000 1.000000 -25.011387 -40.000042 0.000024 9.000000 4.750000 32.000248 11954.dat
9 0 0.000000 -1.000000 0.000000 1.000000 0.000000 -0.000001 0.000001 0.000000 1.000000 -20.011467 -48.499916 -59.999985 0.500150 9.750000 19.750000 11954.dat
9 0 -0.786451 -0.617653 0.000001 0.617653 -0.786451 -0.000000 0.000001 0.000000 1.000000 -14.238039 -38.358162 0.000006 11.017875 4.750000 29.562500 11954.dat
9 0 -0.000001 -0.000000 -1.000000 0.000000 -1.000000 0.000000 -1.000000 -0.000000 0.000001 -8.890202 0.999996 73.874908 5.875075 8.750000 0.871100 11954.dat
9 0 -0.000001 -0.000000 -1.000000 0.000000 -1.000000 0.000000 -1.000000 -0.000000 0.000001 -8.890249 0.999981 39.999981 12.000100 8.750000 0.871100 11954.dat
9 0 -0.000001 -0.000000 -1.000000 0.000000 -1.000000 0.000000 -1.000000 -0.000000 0.000001 8.867576 0.374991 39.999954 12.000100 9.375000 0.871100 11954.dat
9 0 -0.000001 -0.000000 -1.000000 1.000000 0.000000 -0.000001 0.000000 -1.000000 0.000000 0.363675 8.878997 60.000141 12.000100 9.375000 0.871100 11954.dat
9 0 -0.000001 -0.000000 -1.000000 0.000000 -1.000000 0.000000 -1.000000 -0.000000 0.000001 8.484497 5.003005 73.874878 5.875075 4.747100 0.504200 11954.dat
9 0 -0.000001 -0.000000 -1.000000 1.000000 0.000000 -0.000001 0.000000 -1.000000 0.000000 0.363619 8.878979 20.000214 12.000100 9.375000 0.871100 11954.dat
9 0 -0.000001 -0.000000 -1.000000 1.000000 0.000000 -0.000001 0.000000 -1.000000 0.000000 -0.869792 -8.870756 59.999825 7.499700 8.891525 0.871100 11954.dat
9 0 -0.000001 -0.000000 -1.000000 1.000000 0.000000 -0.000001 0.000000 -1.000000 0.000000 -0.869848 -8.870774 20.000225 7.499700 8.891525 0.871100 11954.dat
9 0 -1.000000 -0.000000 0.000001 0.000000 -1.000000 0.000000 0.000001 0.000000 1.000000 -0.019382 1.000005 88.172142 2.897225 8.750000 0.172500 11954.dat
9 0 -0.499999 0.000000 0.866026 0.000000 -1.000000 0.000000 0.866026 0.000001 0.499999 7.057937 1.000011 84.086037 2.897225 8.750000 0.172500 11954.dat
9 0 -0.500001 -0.000001 -0.866025 0.000000 -1.000000 0.000000 -0.866025 -0.000000 0.500001 -7.096738 1.000002 84.086052 2.897225 8.750000 0.172500 11954.dat
9 0 -1.000000 -0.000000 0.000001 0.000001 0.000000 1.000000 -0.000000 1.000000 -0.000000 -0.019367 8.172262 100.999939 2.897225 8.750000 0.172500 11954.dat
9 0 -0.707108 0.707106 0.000001 0.000002 0.000001 1.000000 0.707106 0.707107 -0.000002 5.759234 5.778515 100.999924 2.897225 8.750000 0.172500 11954.dat
9 0 -0.000000 1.000000 -0.000000 0.000001 0.000000 1.000000 1.000000 0.000000 -0.000001 8.152838 0.000018 100.999924 2.897225 8.750000 0.172500 11954.dat
9 0 0.707107 0.707107 -0.000001 0.000001 0.000001 1.000000 0.707107 -0.707107 -0.000000 5.759240 -5.778736 100.999939 2.897225 8.750000 0.172500 11954.dat
9 0 1.000000 0.000000 -0.000001 0.000001 0.000000 1.000000 0.000000 -1.000000 0.000000 -0.019360 -8.172237 100.999954 2.897225 8.750000 0.172500 11954.dat
9 0 0.707107 -0.707106 -0.000001 0.000002 0.000000 1.000000 -0.707106 -0.707107 0.000001 -5.797986 -5.778739 100.999954 2.897225 8.750000 0.172500 11954.dat
9 0 0.000000 -1.000000 0.000000 0.000001 0.000000 1.000000 -1.000000 -0.000000 0.000001 -8.515162 -3.426492 100.999962 6.323600 8.750000 0.496075 11954.dat
9 0 -0.707107 -0.707107 0.000001 0.000001 0.000000 1.000000 -0.707107 0.707107 0.000001 -5.797991 5.778512 100.999954 2.897225 8.750000 0.172500 11954.dat
9 0 -1.000000 -0.000000 0.000001 0.000001 0.000000 1.000000 -0.000000 1.000000 -0.000000 -16.209850 -31.500143 100.999977 6.698600 8.750000 0.500150 11954.dat
9 0 -0.707108 0.707106 0.000001 0.000002 0.000001 1.000000 0.707106 0.707107 -0.000002 -14.232624 -34.221371 100.999977 2.897225 8.750000 0.172500 11954.dat
9 0 -0.000000 1.000000 -0.000000 0.000001 0.000000 1.000000 1.000000 0.000000 -0.000001 -11.839046 -39.999992 100.999977 2.897225 8.750000 0.172500 11954.dat
9 0 0.650055 0.759887 -0.000001 0.000001 0.000000 1.000000 0.759887 -0.650055 -0.000001 -6.925046 -37.938614 100.999977 11.844175 8.750000 0.172500 11954.dat
9 0 1.000000 0.000000 -0.000001 0.000001 0.000000 1.000000 0.000000 -1.000000 0.000000 -20.011244 -48.172195 101.000000 2.897225 8.750000 0.172500 11954.dat
9 0 0.707107 -0.707106 -0.000001 0.000002 0.000000 1.000000 -0.707106 -0.707107 0.000001 -25.789869 -45.778622 101.000000 2.897225 8.750000 0.172500 11954.dat
9 0 0.000000 -1.000000 0.000000 0.000001 0.000000 1.000000 -1.000000 -0.000000 0.000001 -28.183445 -40.000000 101.000000 2.897225 8.750000 0.172500 11954.dat
9 0 -0.707107 -0.707107 0.000001 0.000001 0.000000 1.000000 -0.707107 0.707107 0.000001 -25.789875 -34.221375 101.000000 2.897225 8.750000 0.172500 11954.dat
9 0 0.000000 -1.000000 0.000000 1.000000 0.000000 -0.000001 0.000001 0.000000 1.000000 -20.011265 -40.000000 88.172188 2.897225 9.750000 0.172500 11954.dat
9 0 -0.000001 -0.500001 -0.866025 1.000000 0.000001 -0.000001 0.000001 -0.866025 0.500001 -20.011267 -47.077351 84.086098 2.897225 9.750000 0.172500 11954.dat
9 0 0.000001 -0.500000 0.866026 1.000000 0.000000 -0.000001 0.000000 0.866026 0.500000 -20.011272 -32.922680 84.086082 2.897225 9.750000 0.172500 11954.dat
9 0 0.000000 -1.000000 0.000000 1.000000 0.000000 -0.000001 0.000001 0.000000 1.000000 -20.011299 -48.499863 59.999992 0.500150 9.750000 19.750000 11954.dat
9 0 0.000000 -1.000000 0.000000 1.000000 0.000000 -0.000001 0.000001 0.000000 1.000000 -20.011290 -40.000008 69.999992 9.000000 9.750000 2.000300 11954.dat
9 0 0.000000 -1.000000 0.000000 1.000000 0.000000 -0.000001 0.000001 0.000000 1.000000 -20.011318 -40.000019 50.000011 9.000000 9.750000 2.000300 11954.dat
9 0 0.000001 0.000000 1.000000 0.000000 -1.000000 0.000000 1.000000 0.000000 -0.000001 -8.890409 0.999931 -73.875031 5.875075 8.750000 0.871100 11954.dat
9 0 0.000001 0.000000 1.000000 0.000000 -1.000000 0.000000 1.000000 0.000000 -0.000001 -8.890362 0.999945 -40.000027 12.000100 8.750000 0.871100 11954.dat
9 0 0.000001 0.000000 1.000000 0.000000 -1.000000 0.000000 1.000000 0.000000 -0.000001 8.867464 0.374955 -40.000050 12.000100 9.375000 0.871100 11954.dat
9 0 0.000001 0.000000 1.000000 1.000000 0.000000 -0.000001 -0.000000 1.000000 -0.000000 0.363507 8.878943 -60.000282 12.000100 9.375000 0.871100 11954.dat
9 0 0.000001 0.000000 1.000000 0.000000 -1.000000 0.000000 1.000000 0.000000 -0.000001 8.484290 5.002940 -73.875053 5.875075 4.747100 0.504200 11954.dat
9 0 0.000001 0.000000 1.000000 1.000000 0.000000 -0.000001 -0.000000 1.000000 -0.000000 0.363563 8.878962 -20.000284 12.000100 9.375000 0.871100 11954.dat
9 0 0.000001 0.000000 1.000000 1.000000 0.000000 -0.000001 -0.000000 1.000000 -0.000000 -0.869960 -8.870811 -60.000019 7.499700 8.891525 0.871100 11954.dat
9 0 0.000001 0.000000 1.000000 1.000000 0.000000 -0.000001 -0.000000 1.000000 -0.000000 -0.869904 -8.870792 -20.000273 7.499700 8.891525 0.871100 11954.dat
9 0 -1.000000 -0.000000 0.000001 0.000000 -1.000000 0.000000 0.000001 0.000000 1.000000 -0.019629 0.999928 -88.172287 2.897225 8.750000 0.172500 11954.dat
9 0 -0.500001 -0.000001 -0.866025 0.000000 -1.000000 0.000000 -0.866025 -0.000000 0.500001 7.057702 0.999936 -84.086296 2.897225 8.750000 0.172500 11954.dat
9 0 -0.499999 0.000000 0.866026 0.000000 -1.000000 0.000000 0.866026 0.000001 0.499999 -7.096973 0.999928 -84.086266 2.897225 8.750000 0.172500 11954.dat
9 0 -1.000000 -0.000000 0.000001 -0.000001 -0.000000 -1.000000 0.000000 -1.000000 0.000000 -0.019650 8.172173 -101.000023 2.897225 8.750000 0.172500 11954.dat
9 0 -0.707107 0.707106 0.000000 -0.000001 -0.000001 -1.000000 -0.707106 -0.707107 0.000001 5.758951 5.778426 -101.000046 2.897225 8.750000 0.172500 11954.dat
9 0 -0.000000 1.000000 -0.000000 -0.000001 -0.000000 -1.000000 -1.000000 -0.000000 0.000001 8.152555 -0.000072 -101.000023 2.897225 8.750000 0.172500 11954.dat
9 0 0.707107 0.707107 -0.000002 -0.000002 -0.000001 -1.000000 -0.707107 0.707107 0.000001 5.758957 -5.778825 -101.000023 2.897225 8.750000 0.172500 11954.dat
9 0 1.000000 0.000000 -0.000001 -0.000001 -0.000000 -1.000000 -0.000000 1.000000 -0.000000 -0.019643 -8.172327 -101.000023 2.897225 8.750000 0.172500 11954.dat
9 0 0.707108 -0.707106 -0.000000 -0.000001 -0.000000 -1.000000 0.707106 0.707107 -0.000001 -5.798269 -5.778828 -101.000000 2.897225 8.750000 0.172500 11954.dat
9 0 0.000001 -1.000000 0.000000 -0.000001 -0.000000 -1.000000 1.000000 0.000001 -0.000001 -8.515445 -3.426582 -101.000000 6.323600 8.750000 0.496075 11954.dat
9 0 -0.707107 -0.707107 0.000002 -0.000002 -0.000000 -1.000000 0.707107 -0.707107 -0.000001 -5.798274 5.778423 -101.000023 2.897225 8.750000 0.172500 11954.dat
9 0 -1.000000 -0.000000 0.000001 -0.000001 -0.000000 -1.000000 0.000000 -1.000000 0.000000 -16.210133 -31.500233 -100.999977 6.698600 8.750000 0.500150 11954.dat
9 0 -0.707107 0.707106 0.000000 -0.000001 -0.000001 -1.000000 -0.707106 -0.707107 0.000001 -14.232906 -34.221458 -101.000000 2.897225 8.750000 0.172500 11954.dat
9 0 -0.000000 1.000000 -0.000000 -0.000001 -0.000000 -1.000000 -1.000000 -0.000000 0.000001 -11.839329 -40.000080 -101.000000 2.897225 8.750000 0.172500 11954.dat
9 0 0.650054 0.759888 -0.000001 -0.000001 0.000000 -1.000000 -0.759888 0.650054 0.000001 -6.925330 -37.938705 -101.000000 11.844175 8.750000 0.172500 11954.dat
9 0 1.000000 0.000000 -0.000001 -0.000001 -0.000000 -1.000000 -0.000000 1.000000 -0.000000 -20.011524 -48.172287 -100.999977 2.897225 8.750000 0.172500 11954.dat
9 0 0.707108 -0.707106 -0.000000 -0.000001 -0.000000 -1.000000 0.707106 0.707107 -0.000001 -25.790152 -45.778713 -100.999977 2.897225 8.750000 0.172500 11954.dat
9 0 0.000001 -1.000000 0.000000 -0.000001 -0.000000 -1.000000 1.000000 0.000001 -0.000001 -28.183729 -40.000092 -100.999977 2.897225 8.750000 0.172500 11954.dat
9 0 -0.707107 -0.707107 0.000002 -0.000002 -0.000000 -1.000000 0.707107 -0.707107 -0.000001 -25.790157 -34.221466 -100.999977 2.897225 8.750000 0.172500 11954.dat
9 0 0.000000 -1.000000 0.000000 1.000000 0.000000 -0.000001 0.000001 0.000000 1.000000 -20.011511 -40.000080 -88.172241 2.897225 9.750000 0.172500 11954.dat
9 0 0.000001 -0.500000 0.866026 1.000000 0.000000 -0.000001 0.000000 0.866026 0.500000 -20.011503 -47.077431 -84.086235 2.897225 9.750000 0.172500 11954.dat
9 0 -0.000001 -0.500001 -0.866025 1.000000 0.000001 -0.000001 0.000001 -0.866025 0.500001 -20.011509 -32.922752 -84.086235 2.897225 9.750000 0.172500 11954.dat
9 0 0.000000 -1.000000 0.000000 1.000000 0.000000 -0.000001 0.000001 0.000000 1.000000 -20.011467 -48.499916 -59.999985 0.500150 9.750000 19.750000 11954.dat
9 0 0.000000 -1.000000 0.000000 1.000000 0.000000 -0.000001 0.000001 0.000000 1.000000 -20.011484 -40.000072 -69.999985 9.000000 9.750000 2.000300 11954.dat
9 0 0.000000 -1.000000 0.000000 1.000000 0.000000 -0.000001 0.000001 0.000000 1.000000 -20.011457 -40.000065 -49.999981 9.000000 9.750000 2.000300 11954.dat
9 0 -0.000001 -0.000000 -1.000000 0.000000 -1.000000 0.000000 -1.000000 -0.000000 0.000001 -20.000193 -47.000069 -60.070984 24.305349 0.500000 7.750000 11954.dat
9 0 -0.000001 -0.000000 -1.000000 0.000000 -1.000000 0.000000 -1.000000 -0.000000 0.000001 -20.000141 -33.000050 -17.653496 66.723000 0.500000 7.750000 11954.dat
9 0 -0.000001 -0.000000 -1.000000 0.000000 -1.000000 0.000000 -1.000000 -0.000000 0.000001 -20.000025 -47.000015 60.485519 23.742750 0.500000 7.750000 11954.dat
9 0 -1.000000 -0.000000 0.000001 0.000000 -1.000000 0.000000 0.000001 0.000000 1.000000 -13.028351 -32.999992 100.000000 11.313500 0.500000 7.750000 11954.dat
9 0 -1.000000 -0.000000 0.000001 0.000000 -1.000000 0.000000 0.000001 0.000000 1.000000 -20.197094 -46.999996 100.000023 4.144750 0.500000 7.750000 11954.dat
9 0 -1.000000 -0.000000 0.000001 0.000000 -1.000000 0.000000 0.000001 0.000000 1.000000 -0.068368 7.000261 99.999962 4.447075 0.500000 7.750000 11954.dat
9 0 -1.000000 -0.000000 0.000001 0.000000 -1.000000 0.000000 0.000001 0.000000 1.000000 -0.330561 -6.999740 99.999977 8.522375 0.500000 7.750000 11954.dat
9 0 -1.000000 -0.000000 0.000001 0.000000 -1.000000 0.000000 0.000001 0.000000 1.000000 -0.048023 7.000172 -100.000023 4.380500 0.500000 7.750000 11954.dat
9 0 -1.000000 -0.000000 0.000001 0.000000 -1.000000 0.000000 0.000001 0.000000 1.000000 -0.381492 -6.999829 -100.000023 8.540100 0.500000 7.750000 11954.dat
9 0 -1.000000 -0.000000 0.000001 0.000000 -1.000000 0.000000 0.000001 0.000000 1.000000 -13.214504 -33.000080 -99.999992 11.364875 0.500000 7.750000 11954.dat
9 0 -1.000000 -0.000000 0.000001 0.000000 -1.000000 0.000000 0.000001 0.000000 1.000000 -20.276100 -47.000088 -99.999985 4.303300 0.500000 7.750000 11954.dat
9 0 -0.000001 -0.000000 -1.000000 0.000000 -1.000000 0.000000 -1.000000 -0.000000 0.000001 -0.000042 -6.999758 59.958851 11.959200 0.500000 7.750000 11954.dat
9 0 -0.000001 -0.000000 -1.000000 0.000000 -1.000000 0.000000 -1.000000 -0.000000 0.000001 -0.000049 6.999743 59.958839 11.959200 0.500000 7.750000 11954.dat
9 0 -0.000001 -0.000000 -1.000000 0.000000 -1.000000 0.000000 -1.000000 -0.000000 0.000001 -0.000098 -6.999776 19.999975 12.000300 0.500000 7.750000 11954.dat
9 0 -0.000001 -0.000000 -1.000000 0.000000 -1.000000 0.000000 -1.000000 -0.000000 0.000001 -0.000105 6.999725 19.999964 12.000300 0.500000 7.750000 11954.dat
9 0 -0.000001 -0.000000 -1.000000 0.000000 -1.000000 0.000000 -1.000000 -0.000000 0.000001 -0.000155 -6.999794 -20.000023 12.000300 0.500000 7.750000 11954.dat
9 0 -0.000001 -0.000000 -1.000000 0.000000 -1.000000 0.000000 -1.000000 -0.000000 0.000001 -0.000161 6.999707 -20.000034 12.000300 0.500000 7.750000 11954.dat
9 0 -0.000001 -0.000000 -1.000000 0.000000 -1.000000 0.000000 -1.000000 -0.000000 0.000001 -0.000211 -6.999812 -60.000019 12.000300 0.500000 7.750000 11954.dat
9 0 -0.000001 -0.000000 -1.000000 0.000000 -1.000000 0.000000 -1.000000 -0.000000 0.000001 -0.000217 6.999689 -60.000031 12.000300 0.500000 7.750000 11954.dat
9 0 -0.000001 -0.000000 -1.000000 -1.000000 -0.000000 0.000001 -0.000000 1.000000 -0.000000 -7.019124 -0.000003 75.479828 8.980300 0.500000 7.750000 11954.dat
9 0 -0.000001 -0.000000 -1.000000 -1.000000 -0.000000 0.000001 -0.000000 1.000000 -0.000000 6.980301 0.000006 75.479813 8.980300 0.500000 7.750000 11954.dat
9 0 -0.000001 -0.000000 -1.000000 -1.000000 -0.000000 0.000001 -0.000000 1.000000 -0.000000 -7.019174 -0.000018 39.999981 13.500200 0.500000 7.750000 11954.dat
9 0 -0.000001 -0.000000 -1.000000 -1.000000 -0.000000 0.000001 -0.000000 1.000000 -0.000000 6.980250 -0.000009 39.999958 13.500200 0.500000 7.750000 11954.dat
9 0 -0.000001 -0.000000 -1.000000 -1.000000 -0.000000 0.000001 -0.000000 1.000000 -0.000000 -7.019230 -0.000036 -0.000024 13.500375 0.500000 7.750000 11954.dat
9 0 -0.000001 -0.000000 -1.000000 -1.000000 -0.000000 0.000001 -0.000000 1.000000 -0.000000 6.980195 -0.000027 -0.000042 13.500375 0.500000 7.750000 11954.dat
9 0 -0.000001 -0.000000 -1.000000 -1.000000 -0.000000 0.000001 -0.000000 1.000000 -0.000000 -7.019286 -0.000054 -40.000015 13.500275 0.500000 7.750000 11954.dat
9 0 -0.000001 -0.000000 -1.000000 -1.000000 -0.000000 0.000001 -0.000000 1.000000 -0.000000 6.980138 -0.000045 -40.000038 13.500275 0.500000 7.750000 11954.dat
9 0 -0.000001 -0.000000 -1.000000 -1.000000 -0.000000 0.000001 -0.000000 1.000000 -0.000000 -7.019336 -0.000069 -75.533264 9.033625 0.500000 7.750000 11954.dat
9 0 -0.000001 -0.000000 -1.000000 -1.000000 -0.000000 0.000001 -0.000000 1.000000 -0.000000 6.980089 -0.000060 -75.533287 9.033625 0.500000 7.750000 11954.dat
9 0 0.000001 0.608762 0.793353 1.000000 0.000000 -0.000001 -0.000001 0.793353 -0.608762 -20.011435 -46.483505 -35.024982 2.897225 9.750000 0.172500 11954.dat
9 0 -0.000001 0.608761 -0.793353 1.000000 0.000000 -0.000001 -0.000001 -0.793353 -0.608761 -20.011335 -46.483475 35.025017 2.897225 9.750000 0.172500 11954.dat
9 0 -0.000001 -0.000000 -1.000000 1.000000 0.000000 -0.000001 0.000000 -1.000000 0.000000 -4.216871 -26.194626 69.249962 40.500000 4.794425 2.194650 11954.dat
9 0 -0.000001 -0.000000 -1.000000 1.000000 0.000000 -0.000001 0.000000 -1.000000 0.000000 -7.761534 -19.328854 -98.612251 11.137825 1.250000 9.078775 11954.dat
9 0 -0.000001 -0.000000 -1.000000 1.000000 0.000000 -0.000001 0.000000 -1.000000 0.000000 -4.217065 -26.194689 -69.250015 40.500000 4.794425 2.194650 11954.dat
9 0 -0.000001 -0.000000 -1.000000 1.000000 0.000000 -0.000001 0.000000 -1.000000 0.000000 -3.976564 -18.778748 -30.012768 1.262825 5.034875 10.528725 11954.dat
9 0 -0.000001 -0.000000 -1.000000 1.000000 0.000000 -0.000001 0.000000 -1.000000 0.000000 -3.976480 -18.778721 30.012733 1.262825 5.034875 10.528725 11954.dat
10 0 -30.000002 -10.000000 -20.011299 190.000000 50.500000 20.000000 11954.dat
0 2 0.000000 -1.000000 0.000000 1.000000 0.000000 -0.000001 0.000001 0.000000 1.000000 -10.000000 -40.000000 80.000000 0 0 0.800000 0 0 11954.dat
0 2 0.000000 -1.000000 0.000000 1.000000 0.000000 -0.000001 0.000001 0.000000 1.000000 -10.000029 -40.000008 60.000004 0 0 0.800000 0 0 11954.dat
0 2 0.000000 -1.000000 0.000000 1.000000 0.000000 -0.000001 0.000001 0.000000 1.000000 -10.000056 -40.000019 40.000000 0 0 0.800000 0 0 11954.dat
0 2 0.000000 -1.000000 0.000000 1.000000 0.000000 -0.000001 0.000001 0.000000 1.000000 -10.000169 -40.000053 -40.000004 0 0 0.800000 0 0 11954.dat
0 2 0.000000 -1.000000 0.000000 1.000000 0.000000 -0.000001 0.000001 0.000000 1.000000 -10.000196 -40.000065 -59.999996 0 0 0.800000 0 0 11954.dat
0 2 0.000000 -1.000000 0.000000 1.000000 0.000000 -0.000001 0.000001 0.000000 1.000000 -10.000224 -40.000072 -80.000000 0 0 0.800000 0 0 11954.dat
0 2 0.000000 -1.000000 0.000000 0.000001 0.000000 1.000000 -1.000000 -0.000000 0.000001 -20.019333 -39.999992 110.000015 0 0 0.800000 0 0 11954.dat
0 2 0.000000 -1.000000 0.000000 -0.000001 -0.000000 -1.000000 1.000000 0.000000 -0.000001 -20.019642 -40.000092 -109.999992 0 0 0.800000 0 0 11954.dat
0 2 0.000000 -1.000000 0.000000 -0.000001 -0.000000 -1.000000 1.000000 0.000000 -0.000001 -0.019659 -0.000080 -110.000015 0 0 0.800000 0 0 11954.dat
0 2 0.000000 -1.000000 0.000000 0.000001 0.000000 1.000000 -1.000000 -0.000000 0.000001 -0.019351 0.000015 109.999969 0 0 0.800000 0 0 11954.dat
0 2 0.000000 -1.000000 0.000000 -1.000000 -0.000000 0.000001 -0.000001 -0.000000 -1.000000 -10.011320 -0.000009 59.999836 0 0 0.800000 0 0 11954.dat
0 2 0.000000 -1.000000 0.000000 -1.000000 -0.000000 0.000001 -0.000001 -0.000000 -1.000000 -10.011377 -0.000027 19.999981 0 0 0.800000 0 0 11954.dat
0 2 0.000000 -1.000000 0.000000 -1.000000 -0.000000 0.000001 -0.000001 -0.000000 -1.000000 -10.011433 -0.000045 -20.000011 0 0 0.800000 0 0 11954.dat
0 2 0.000000 -1.000000 0.000000 -1.000000 -0.000000 0.000001 -0.000001 -0.000000 -1.000000 -10.011489 -0.000063 -59.999760 0 0 0.800000 0 0 11954.dat
0 2 -1.000000 -0.000000 0.000001 -0.000000 1.000000 -0.000001 -0.000001 -0.000001 -1.000000 -0.011597 9.999931 -80.000038 0 0 0.800000 0 0 11954.dat
0 2 -1.000000 -0.000000 0.000001 -0.000000 1.000000 -0.000001 -0.000001 -0.000001 -1.000000 -0.011540 9.999949 -40.000038 0 0 0.800000 0 0 11954.dat
0 2 -1.000000 -0.000000 0.000001 -0.000000 1.000000 -0.000001 -0.000001 -0.000001 -1.000000 -0.011484 9.999967 -0.000036 0 0 0.800000 0 0 11954.dat
0 2 -1.000000 -0.000000 0.000001 -0.000000 1.000000 -0.000001 -0.000001 -0.000001 -1.000000 -0.011428 9.999985 39.999966 0 0 0.800000 0 0 11954.dat
0 2 -1.000000 -0.000000 0.000001 -0.000000 1.000000 -0.000001 -0.000001 -0.000001 -1.000000 -0.011373 10.000006 79.999962 0 0 0.800000 0 0 11954.dat
2 22 -0.000001 -0.000000 -1.000000 -1.000000 -0.000000 0.000001 -0.000000 1.000000 -0.000000 -29.999992 -30.000004 90.000031 2 18 22:1:1,22:2:1,22:2:1,22:2:1,22:2:1,22:2:1,22:1:1,29:0:1,29:0:1,29:0:1,29:0:1,29:0:1,22:1:1,22:2:1,22:2:1,22:2:1,22:2:1,22:2:1,22:1:1,22:2:1,16:4:64,22:2:1,16:4:64,22:2:1,16:4:64,22:2:1,29:0:1,29:0:1,29:0:1,29:0:1,29:0:1,22:2:1,16:4:64,22:2:1,16:4:64,22:2:1,16:4:64,22:2:1,22:1:1,22:2:1,22:2:1,22:2:1,22:2:1,22:2:1,22:1:1,29:0:1,29:0:1,29:0:1,29:0:1,29:0:1,22:1:1,22:2:1,22:2:1,22:2:1,22:2:1,22:2:1,22:1:1, 11954.dat
2 22 -0.000001 -0.000000 -1.000000 1.000000 0.000000 -0.000001 0.000000 -1.000000 0.000000 -9.999982 -49.999996 90.000000 2 18 22:1:1,22:2:1,22:2:1,22:2:1,22:2:1,22:2:1,22:1:1,29:0:1,29:0:1,29:0:1,29:0:1,29:0:1,22:1:1,22:2:1,22:2:1,22:2:1,22:2:1,22:2:1,22:1:1,22:2:1,16:4:64,22:2:1,16:4:64,22:2:1,16:4:64,22:2:1,29:0:1,29:0:1,29:0:1,29:0:1,29:0:1,22:2:1,16:4:64,22:2:1,16:4:64,22:2:1,16:4:64,22:2:1,22:1:1,22:2:1,22:2:1,22:2:1,22:2:1,22:2:1,22:1:1,29:0:1,29:0:1,29:0:1,29:0:1,29:0:1,22:1:1,22:2:1,22:2:1,22:2:1,22:2:1,22:2:1,22:1:1, 11954.dat
2 22 -0.000001 -0.000000 -1.000000 -1.000000 -0.000000 0.000001 -0.000000 1.000000 -0.000000 -10.000036 9.999996 69.999985 2 14 22:1:1,22:2:1,22:1:1,29:0:1,22:1:1,22:2:1,22:1:1,29:0:1,22:1:1,22:2:1,22:1:1,29:0:1,22:1:1,22:2:1,22:1:1,22:2:1,16:4:64,22:2:1,29:0:1,22:2:1,16:4:64,22:2:1,29:0:1,22:2:1,16:4:64,22:2:1,29:0:1,22:2:1,16:4:64,22:2:1,22:1:1,22:2:1,22:1:1,29:0:1,22:1:1,22:2:1,22:1:1,29:0:1,22:1:1,22:2:1,22:1:1,29:0:1,22:1:1,22:2:1,22:1:1, 11954.dat
2 22 -0.000001 -0.000000 -1.000000 1.000000 0.000000 -0.000001 0.000000 -1.000000 0.000000 9.999973 -9.999993 69.999954 2 14 22:1:1,22:2:1,22:1:1,29:0:1,22:1:1,22:2:1,22:1:1,29:0:1,22:1:1,22:2:1,22:1:1,29:0:1,22:1:1,22:2:1,22:1:1,22:2:1,16:4:64,22:2:1,29:0:1,22:2:1,16:4:64,22:2:1,29:0:1,22:2:1,16:4:64,22:2:1,29:0:1,22:2:1,16:4:64,22:2:1,22:1:1,22:2:1,22:1:1,29:0:1,22:1:1,22:2:1,22:1:1,29:0:1,22:1:1,22:2:1,22:1:1,29:0:1,22:1:1,22:2:1,22:1:1, 11954.dat
2 22 -1.000000 -0.000000 0.000001 -0.000001 -0.000000 -1.000000 0.000000 -1.000000 0.000000 9.999738 -50.000076 -110.000015 6 4 29:0:1,29:0:1,22:1:1,22:2:1,22:1:1,29:0:1,29:0:1,22:2:1,16:4:64,22:2:1,29:0:1,29:0:1,22:1:1,22:2:1,22:1:1,29:0:1,29:0:1,29:0:1,29:0:1,29:0:1,22:1:1,22:2:1,22:1:1,29:0:1,29:0:1,22:2:1,16:4:64,22:2:1,29:0:1,29:0:1,22:1:1,22:2:1,22:1:1,29:0:1,29:0:1, 11954.dat
2 22 1.000000 0.000000 -0.000001 0.000001 0.000000 1.000000 0.000000 -1.000000 0.000000 -29.999954 -49.999996 110.000038 6 4 22:1:1,22:2:1,22:1:1,29:0:1,29:0:1,22:2:1,16:4:64,22:2:1,29:0:1,29:0:1,22:1:1,22:2:1,22:1:1,29:0:1,29:0:1,29:0:1,29:0:1,29:0:1,29:0:1,29:0:1,29:0:1,29:0:1,22:1:1,22:2:1,22:1:1,29:0:1,29:0:1,22:2:1,16:4:64,22:2:1,29:0:1,29:0:1,22:1:1,22:2:1,22:1:1, 11954.dat
2 22 -0.000001 -0.000000 -1.000000 -0.000000 1.000000 -0.000000 1.000000 0.000000 -0.000001 9.999991 10.500010 89.999947 2 18 22:1:1,22:2:1,22:1:1,29:0:1,22:1:1,22:2:1,22:1:1,29:0:1,22:1:1,22:2:1,22:1:1,29:0:1,22:1:1,22:2:1,22:1:1,29:0:1,22:1:1,22:2:1,22:1:1,22:2:1,16:4:64,22:2:1,29:0:1,22:2:1,16:4:64,22:2:1,29:0:1,22:2:1,16:4:64,22:2:1,29:0:1,22:2:1,16:4:64,22:2:1,29:0:1,22:2:1,16:4:64,22:2:1,22:1:1,22:2:1,22:1:1,29:0:1,22:1:1,22:2:1,22:1:1,29:0:1,22:1:1,22:2:1,22:1:1,29:0:1,22:1:1,22:2:1,22:1:1,29:0:1,22:1:1,22:2:1,22:1:1, 11954.dat
