9 0 -1.000000 0.000000 0.000001 0.000000 1.000000 0.000000 -0.000001 0.000000 -1.000000 -19.582666 0.000000 -26.024988 5.573900 10.273750 2.250000 11950.dat
9 0 -1.000000 0.000000 0.000001 0.000000 1.000000 0.000000 -0.000001 0.000000 -1.000000 -25.628767 0.000000 -26.762486 0.379125 6.671525 2.987500 11950.dat
9 0 -0.500000 -0.866025 0.000000 -0.866025 0.500000 0.000001 -0.000001 0.000000 -1.000000 -9.791342 -16.959076 -26.024994 5.573900 10.273750 2.250000 11950.dat
9 0 0.500000 -0.866025 -0.000000 -0.866025 -0.500000 0.000001 -0.000001 0.000000 -1.000000 9.791308 -16.959076 -26.025005 5.573900 10.273750 2.250000 11950.dat
9 0 1.000000 0.000000 -0.000001 0.000000 -1.000000 -0.000000 -0.000001 0.000000 -1.000000 19.582634 0.000000 -26.025013 5.573900 10.273750 2.250000 11950.dat
9 0 0.500000 0.866025 -0.000000 0.866025 -0.500000 -0.000001 -0.000001 0.000000 -1.000000 9.791308 16.959076 -26.025005 5.573900 10.273750 2.250000 11950.dat
9 0 -0.500000 0.866025 0.000000 0.866025 0.500000 -0.000001 -0.000001 0.000000 -1.000000 -9.791342 16.959076 -26.024994 5.573900 10.273750 2.250000 11950.dat
9 0 -0.707107 -0.707107 0.000000 -0.707107 0.707107 0.000000 -0.000001 0.000000 -1.000000 -18.122341 -18.122324 -26.762489 0.379125 6.671525 2.987500 11950.dat
9 0 0.707107 -0.707107 -0.000000 -0.707107 -0.707107 0.000000 -0.000001 0.000000 -1.000000 18.122309 -18.122324 -26.762512 0.379125 6.671525 2.987500 11950.dat
9 0 1.000000 0.000000 -0.000001 0.000000 -1.000000 -0.000000 -0.000001 0.000000 -1.000000 25.628731 0.000000 -26.762516 0.379125 6.671525 2.987500 11950.dat
9 0 0.707107 0.707107 -0.000000 0.707107 -0.707107 -0.000000 -0.000001 0.000000 -1.000000 18.122309 18.122324 -26.762512 0.379125 6.671525 2.987500 11950.dat
9 0 0.000000 1.000000 -0.000000 1.000000 -0.000000 -0.000001 -0.000001 0.000000 -1.000000 -0.000017 25.628748 -26.762501 0.379125 6.671525 2.987500 11950.dat
9 0 -0.707107 0.707107 0.000000 0.707107 0.707107 -0.000000 -0.000001 0.000000 -1.000000 -18.122341 18.122324 -26.762489 0.379125 6.671525 2.987500 11950.dat
9 0 0.000000 -1.000000 -0.000000 -1.000000 -0.000000 0.000001 -0.000001 0.000000 -1.000000 -0.000017 -25.628748 -26.762501 0.379125 6.671525 2.987500 11950.dat
9 0 0.000000 1.000000 -0.000000 1.000000 -0.000000 -0.000001 -0.000001 0.000000 -1.000000 -0.000003 10.810375 -5.402400 0.560375 7.882350 7.627400 11950.dat
9 0 -1.000000 0.000000 0.000001 0.000000 1.000000 0.000000 -0.000001 0.000000 -1.000000 -13.543731 0.000000 -9.594567 0.706275 6.375000 7.740425 11950.dat
9 0 1.000000 0.000000 -0.000001 0.000000 1.000000 0.000000 0.000001 0.000000 1.000000 13.543719 0.000000 -9.594584 0.706275 6.375000 7.740425 11950.dat
9 0 0.000000 -1.000000 -0.000000 -1.000000 -0.000000 0.000001 -0.000001 0.000000 -1.000000 -0.000003 -10.810375 -5.402400 0.560375 7.882350 7.627400 11950.dat
9 0 0.000000 -1.000000 -0.000000 -1.000000 -0.000000 0.000001 -0.000001 0.000000 -1.000000 -0.000010 -19.683676 -16.199524 5.683725 9.750000 8.199525 11950.dat
9 0 -0.000000 1.000000 -0.000000 -1.000000 0.000000 0.000001 0.000001 0.000000 1.000000 -0.000003 10.810375 -5.402400 0.560375 7.882350 7.627400 11950.dat
9 0 0.000000 1.000000 0.000000 -1.000000 0.000000 0.000001 0.000001 -0.000000 1.000000 -0.000010 19.683676 -16.199524 5.683725 9.750000 8.199525 11950.dat
9 0 -0.386773 -0.386774 0.837146 -0.707107 0.707107 0.000001 -0.591952 -0.591951 -0.546980 -12.152537 -13.263599 -20.205593 0.813475 13.576850 7.042025 11950.dat
9 0 0.386774 -0.386773 0.837145 0.707107 0.707107 -0.000001 -0.591951 0.591951 0.546980 12.152513 -13.263599 -20.205608 0.813475 13.576850 7.042025 11950.dat
9 0 -0.386774 0.386773 0.837146 -0.707106 -0.707108 -0.000000 0.591952 -0.591951 0.546980 -12.152537 13.263599 -20.205593 0.813475 13.576850 7.042025 11950.dat
9 0 0.386774 0.386774 0.837145 0.707107 -0.707107 0.000001 0.591951 0.591951 -0.546981 12.152513 13.263599 -20.205608 0.813475 13.576850 7.042025 11950.dat
9 0 0.000000 -1.000000 -0.000000 -1.000000 -0.000000 0.000001 -0.000001 0.000000 -1.000000 0.000005 -20.000000 8.219500 2.948750 9.750000 0.219500 11950.dat
9 0 0.000000 -0.707106 0.707107 -1.000000 0.000000 0.000001 -0.000001 -0.707107 -0.707106 0.000004 -14.187924 5.812075 2.948750 9.750000 0.219500 11950.dat
9 0 0.000001 0.000000 1.000000 -1.000000 -0.000000 0.000001 0.000000 -1.000000 0.000000 0.000000 -11.780499 0.000000 2.948750 9.750000 0.219500 11950.dat
9 0 0.000001 0.707106 0.707107 -1.000000 -0.000000 0.000001 0.000001 -0.707107 0.707106 -0.000004 -14.187924 -5.812075 2.948750 9.750000 0.219500 11950.dat
9 0 -0.000001 -0.707106 -0.707107 -1.000000 0.000000 0.000001 -0.000000 0.707107 -0.707106 0.000004 -25.812000 5.812075 2.948750 9.750000 0.219500 11950.dat
9 0 -0.000001 0.000000 -1.000000 -1.000000 -0.000000 0.000001 -0.000000 1.000000 0.000000 0.000000 -28.219500 0.000000 2.948750 9.750000 0.219500 11950.dat
9 0 -0.000000 0.707106 -0.707107 -1.000000 -0.000000 -0.000000 -0.000000 0.707107 0.707106 -0.000004 -25.812000 -5.812075 2.948750 9.750000 0.219500 11950.dat
9 0 0.000000 1.000000 0.000000 -1.000000 0.000000 0.000001 0.000001 -0.000000 1.000000 0.000005 20.000000 8.219500 2.948750 9.750000 0.219500 11950.dat
9 0 0.000001 0.707106 0.707107 -1.000000 -0.000000 0.000001 0.000001 -0.707107 0.707106 0.000004 14.187924 5.812075 2.948750 9.750000 0.219500 11950.dat
9 0 0.000001 0.000000 1.000000 -1.000000 -0.000000 0.000001 0.000000 -1.000000 0.000000 0.000000 11.780499 0.000000 2.948750 9.750000 0.219500 11950.dat
9 0 0.000000 -0.707106 0.707107 -1.000000 0.000000 0.000001 -0.000001 -0.707107 -0.707106 -0.000004 14.187924 -5.812075 2.948750 9.750000 0.219500 11950.dat
9 0 -0.000000 0.707106 -0.707107 -1.000000 -0.000000 -0.000000 -0.000000 0.707107 0.707106 0.000004 25.812000 5.812075 2.948750 9.750000 0.219500 11950.dat
9 0 -0.000001 0.000000 -1.000000 -1.000000 -0.000000 0.000001 -0.000000 1.000000 0.000000 0.000000 28.219500 0.000000 2.948750 9.750000 0.219500 11950.dat
9 0 -0.000001 -0.707106 -0.707107 -1.000000 0.000000 0.000001 -0.000000 0.707107 -0.707106 -0.000004 25.812000 -5.812075 2.948750 9.750000 0.219500 11950.dat
9 0 0.866025 -0.500000 -0.000001 -0.500000 -0.866025 0.000000 -0.000001 0.000000 -1.000000 9.362046 -5.405175 -5.402406 0.560375 6.375000 7.627400 11950.dat
9 0 -0.866025 0.500000 0.000001 0.500000 0.866025 -0.000000 -0.000001 0.000000 -1.000000 -9.362054 5.405175 -5.402394 0.560375 6.375000 7.627400 11950.dat
9 0 0.866025 0.500000 -0.000001 0.500000 -0.866025 -0.000000 -0.000001 0.000000 -1.000000 9.362046 5.405175 -5.402406 0.560375 6.375000 7.627400 11950.dat
9 0 -0.866025 -0.500000 0.000001 -0.500000 0.866025 0.000000 -0.000001 0.000000 -1.000000 -9.362054 -5.405175 -5.402394 0.560375 6.375000 7.627400 11950.dat
9 0 -0.000001 0.000000 -1.000000 0.000000 1.000000 0.000000 1.000000 0.000000 -0.000001 -0.000000 -13.000000 -0.054575 4.519525 0.500000 7.750000 11950.dat
9 0 -0.000001 0.000000 -1.000000 0.000000 1.000000 0.000000 1.000000 0.000000 -0.000001 -0.000000 -27.000002 -0.054575 4.519525 0.500000 7.750000 11950.dat
9 0 -0.000001 0.000000 -1.000000 0.000000 1.000000 0.000000 1.000000 0.000000 -0.000001 -0.000000 27.000002 -0.054575 4.519525 0.500000 7.750000 11950.dat
9 0 -0.000001 0.000000 -1.000000 0.000000 1.000000 0.000000 1.000000 0.000000 -0.000001 -0.000000 13.000000 -0.054575 4.519525 0.500000 7.750000 11950.dat
10 0 -27.499750 -30.000002 -30.000002 27.499750 30.000002 10.000000 11950.dat
0 2 0.000000 1.000000 -0.000000 1.000000 -0.000000 -0.000001 -0.000001 0.000000 -1.000000 10.000000 -20.000000 -0.000006 0 0 0.800000 0 0 11950.dat
0 2 0.000000 1.000000 -0.000000 1.000000 -0.000000 -0.000001 -0.000001 0.000000 -1.000000 10.000000 20.000000 -0.000006 0 0 0.800000 0 0 11950.dat
2 22 0.000001 -0.000000 1.000000 1.000000 -0.000000 -0.000001 0.000000 1.000000 0.000000 9.999994 30.000002 -10.000006 6 2 22:1:1,22:2:1,22:1:1,22:2:1,16:4:64,22:2:1,22:1:1,22:2:1,22:1:1,29:0:1,29:0:1,29:0:1,22:1:1,22:2:1,22:1:1,22:2:1,16:4:64,22:2:1,22:1:1,22:2:1,22:1:1, 11950.dat
2 22 -0.000001 0.000000 -1.000000 -1.000000 -0.000000 0.000001 -0.000000 1.000000 0.000000 -9.999994 30.000002 10.000006 6 2 22:1:1,22:2:1,22:1:1,22:2:1,16:4:64,22:2:1,22:1:1,22:2:1,22:1:1,29:0:1,29:0:1,29:0:1,22:1:1,22:2:1,22:1:1,22:2:1,16:4:64,22:2:1,22:1:1,22:2:1,22:1:1, 11950.dat
6 184 0.000000 1.000000 0.000000 0.000001 -0.000000 1.000000 1.000000 0.000000 -0.000001 0.000000 0.000000 0.000000 0.000000 0.000000 0.000000 0.000000 1 11950.dat
