9 0 -0.707107 0.000000 -0.707106 0.000000 1.000000 0.000000 0.707106 0.000000 -0.707107 0.000000 -10.812500 0.000000 2.578425 10.562500 2.578425 12885.dat
9 0 -0.707107 0.000000 -0.707106 0.000000 1.000000 0.000000 0.707106 0.000000 -0.707107 0.000000 -20.812500 0.000000 3.152950 0.562500 3.152950 12885.dat
9 0 0.000001 0.000000 1.000000 -1.000000 -0.000000 0.000001 0.000000 -1.000000 0.000000 14.425000 -46.003498 -0.000009 4.874075 0.750000 4.874075 12885.dat
9 0 0.000000 -0.707106 0.707107 -1.000000 0.000000 0.000001 -0.000001 -0.707107 -0.707106 0.212500 -46.003498 -0.000000 2.578425 14.962501 2.578425 12885.dat
9 0 -0.707107 0.000000 -0.707106 0.000000 1.000000 0.000000 0.707106 0.000000 -0.707107 0.000000 -24.110701 0.000000 1.517775 2.235700 1.517775 12885.dat
9 0 -0.200830 -0.677988 -0.707107 -0.958820 0.284015 0.000001 0.200829 0.677988 -0.707107 9.971100 -30.525000 -0.000006 1.517775 10.001025 1.517775 12885.dat
9 0 -0.707107 0.000000 -0.707106 0.000000 1.000000 0.000000 0.707106 0.000000 -0.707107 20.000000 -39.272999 -0.000013 1.517775 3.735050 1.517775 12885.dat
9 0 -0.359391 0.608965 -0.707107 0.861207 0.508255 -0.000001 0.359390 -0.608965 -0.707107 17.487249 -44.904499 -0.000011 1.176025 3.736050 1.176025 12885.dat
10 0 -22.500000 0.000000 -7.093125 15.000001 53.250004 7.246525 12885.dat
2 22 -1.000000 0.000000 0.000001 0.000000 1.000000 0.000000 -0.000001 0.000000 -1.000000 9.999994 0.000000 -10.000006 2 2 29:0:0,29:0:0,29:0:0,29:0:0,9:4:32,29:0:0,29:0:0,29:0:0,29:0:0, 12885.dat
2 22 0.000000 -1.000000 -0.000000 -1.000000 -0.000000 0.000001 -0.000001 0.000000 -1.000000 -15.000007 -36.003502 -9.999990 2 2 29:0:0,29:0:0,29:0:0,29:0:0,9:4:32,29:0:0,29:0:0,29:0:0,29:0:0, 12885.dat
0 7 -1.000000 0.000000 0.000001 0.000000 1.000000 0.000000 -0.000001 0.000000 -1.000000 0.000000 0.000000 0.000000 0 1 0.800000 0 0 12885.dat
0 7 0.000000 -1.000000 -0.000000 -1.000000 -0.000000 0.000001 -0.000001 0.000000 -1.000000 -15.000001 -46.003498 0.000009 0 1 1.137000 0 0 12885.dat
