9 0 -0.000000 0.000000 1.000000 0.000000 1.000000 0.000000 -1.000000 0.000000 -0.000000 0.000000 21.599998 -30.012501 9.762500 2.150000 59.750004 13269.dat
9 0 -0.000000 0.000000 1.000000 0.000000 1.000000 0.000000 -1.000000 0.000000 -0.000000 0.000000 21.599998 -40.000000 19.750000 2.150000 39.774998 13269.dat
9 0 -0.000000 0.000000 1.000000 0.000000 1.000000 0.000000 -1.000000 0.000000 -0.000000 0.000000 12.000000 -20.560251 0.310250 11.750000 40.870499 13269.dat
9 0 0.000000 -0.442728 0.896656 0.000000 0.896656 0.442728 -1.000000 -0.000000 0.000000 0.000000 12.076975 -40.152775 20.699724 2.150000 39.774998 13269.dat
9 0 1.000000 0.000000 0.000000 0.000000 1.000000 0.000000 0.000000 0.000000 1.000000 -36.662750 19.999998 -10.093102 16.412750 3.750000 29.843000 13269.dat
9 0 1.000000 0.000000 0.000000 0.000000 1.000000 0.000000 0.000000 0.000000 1.000000 -40.000000 21.599998 -10.012502 19.750000 2.150000 29.762501 13269.dat
9 0 1.000000 0.000000 0.000000 0.000000 1.000000 0.000000 0.000000 0.000000 1.000000 -40.560253 12.000000 -0.557002 0.310250 11.750000 20.307125 13269.dat
9 0 0.713030 0.701133 0.000000 -0.701133 0.713030 0.000000 0.000000 0.000000 1.000000 -50.071480 12.120075 -1.210001 1.865475 11.759425 20.959974 13269.dat
9 0 0.408543 0.816202 0.408543 -0.577142 0.577767 -0.577142 -0.707107 0.000000 0.707107 -49.616501 12.347750 -34.858078 0.510200 12.173625 3.438675 13269.dat
9 0 0.406936 0.817554 0.407442 0.012656 0.440955 -0.897440 -0.913369 0.370357 0.169093 -44.796200 12.522499 -39.926075 0.510200 9.801500 5.019125 13269.dat
9 0 0.707107 0.000000 0.707107 0.000000 1.000000 0.000000 -0.707107 0.000000 0.707107 -43.280426 21.599998 -28.460327 19.750000 2.150000 3.395075 13269.dat
9 0 0.707107 0.000000 0.707107 0.000000 1.000000 0.000000 -0.707107 0.000000 0.707107 -28.460323 21.599998 -43.280403 19.750000 2.150000 3.395075 13269.dat
9 0 -1.000000 0.000000 -0.000000 0.000000 1.000000 0.000000 0.000000 0.000000 -1.000000 36.662750 19.999998 -10.093102 16.412750 3.750000 29.843000 13269.dat
9 0 -1.000000 0.000000 -0.000000 0.000000 1.000000 0.000000 0.000000 0.000000 -1.000000 39.999996 21.599998 -10.012502 19.750000 2.150000 29.762501 13269.dat
9 0 -1.000000 0.000000 -0.000000 0.000000 1.000000 0.000000 0.000000 0.000000 -1.000000 40.560253 12.000000 -0.557002 0.310250 11.750000 20.307125 13269.dat
9 0 -0.713030 0.701133 -0.000000 0.701133 0.713030 0.000000 0.000000 -0.000000 -1.000000 50.071503 12.120075 -1.210001 1.865475 11.759425 20.959974 13269.dat
9 0 -0.408543 0.816202 0.408543 0.577142 0.577767 -0.577141 -0.707107 0.000001 -0.707107 49.616497 12.347750 -34.858078 0.510200 12.173625 3.438675 13269.dat
9 0 -0.406936 0.817554 0.407442 -0.012656 0.440955 -0.897440 -0.913369 -0.370357 -0.169094 44.796253 12.522499 -39.926075 0.510200 9.801500 5.019125 13269.dat
9 0 -0.707107 0.000000 0.707107 0.000000 1.000000 0.000000 -0.707107 0.000000 -0.707107 43.280499 21.599998 -28.460327 19.750000 2.150000 3.395075 13269.dat
9 0 -0.707107 0.000000 0.707107 0.000000 1.000000 0.000000 -0.707107 0.000000 -0.707107 28.460253 21.599998 -43.280403 19.750000 2.150000 3.395075 13269.dat
9 0 0.713030 0.701134 -0.000000 -0.573146 0.582870 -0.575992 -0.403847 0.410699 0.817456 -52.395123 14.715799 -29.602177 1.865475 7.313225 3.321275 13269.dat
9 0 -0.713030 0.701133 -0.000000 0.575898 0.585670 -0.570379 -0.399912 -0.406698 -0.821382 52.415253 14.736176 -29.518652 1.865475 7.313225 3.321275 13269.dat
10 0 -10.000000 0.000000 -50.000000 110.000000 24.000000 30.000002 13269.dat
3 23 1.000000 0.000000 0.000000 0.000000 1.000000 0.000000 0.000000 0.000000 1.000000 -40.000000 16.000000 19.999998 4 2 29:0:1,23:4:1,18:1:1,29:0:1,0:4:1,23:4:1,29:0:1,23:4:1,18:2:1,29:0:1,0:4:1,23:4:1,29:0:1,29:0:1,29:0:1, 13269.dat
3 23 1.000000 0.000000 0.000000 0.000000 1.000000 0.000000 0.000000 0.000000 1.000000 19.999998 16.000000 19.999998 4 2 18:1:1,23:4:1,29:0:1,23:4:1,0:4:1,29:0:1,18:2:1,23:4:1,29:0:1,23:4:1,0:4:1,29:0:1,29:0:1,29:0:1,29:0:1, 13269.dat
2 22 1.000000 0.000000 0.000000 0.000000 1.000000 0.000000 0.000000 0.000000 1.000000 -60.000004 24.000000 19.999998 8 12 22:1:1,22:2:1,22:2:1,22:2:1,22:1:1,29:0:1,29:0:1,29:0:1,22:1:1,22:2:1,22:2:1,22:2:1,22:1:1,22:2:1,15:4:1,22:2:1,15:4:1,22:2:1,29:0:1,29:0:1,29:0:1,22:2:1,15:4:1,22:2:1,15:4:1,22:2:1,22:2:1,9:4:1,22:2:1,9:4:1,22:2:1,29:0:1,29:0:1,29:0:1,22:2:1,9:4:1,22:2:1,9:4:1,22:2:1,22:2:1,15:4:1,22:2:1,15:4:1,22:2:1,29:0:1,29:0:1,29:0:1,22:2:1,15:4:1,22:2:1,15:4:1,22:2:1,22:2:1,22:2:1,22:2:1,22:2:1,22:3:1,22:2:1,22:2:1,22:2:1,22:3:1,22:2:1,22:2:1,22:2:1,22:2:1,22:2:1,15:4:1,23:4:1,15:4:1,23:4:1,15:4:1,23:4:1,15:4:1,23:4:1,15:4:1,23:4:1,15:4:1,22:2:1,22:2:1,23:4:1,7:4:2,23:4:1,7:4:2,23:4:1,7:4:2,23:4:1,7:4:2,23:4:1,7:4:2,23:4:1,22:2:1,29:0:1,29:0:1,23:4:1,15:4:1,23:4:1,15:4:1,23:4:1,15:4:1,23:4:1,15:4:1,23:4:1,29:0:1,29:0:1,29:0:1,29:0:1,22:2:1,22:2:1,22:2:1,22:2:1,22:2:1,22:2:1,22:2:1,22:2:1,22:2:1,29:0:1,29:0:1, 13269.dat
