9 0 0.000000 0.000000 1.000000 0.000000 1.000000 0.000000 -1.000000 0.000000 0.000000 0.000000 12.000000 0.000000 9.750000 11.750000 9.750000 13548.dat
9 0 -0.000000 -1.000000 0.000000 -0.707107 0.000000 0.707107 -0.707107 -0.000000 -0.707107 26.091497 21.599998 -11.230233 2.150000 1.643750 3.383575 13548.dat
9 0 0.568790 -0.594099 -0.568792 -0.420091 -0.804392 0.420091 -0.707107 0.000001 -0.707106 14.954596 12.691474 -14.954604 1.622850 5.378175 4.872400 13548.dat
9 0 -0.000000 -1.000000 -0.000000 0.000000 -0.000000 1.000000 -1.000000 0.000000 0.000000 -0.000003 21.599998 -10.000000 2.150000 19.750000 9.750000 13548.dat
9 0 0.000000 -0.692529 0.721390 0.000000 0.721390 0.692529 -1.000000 0.000000 0.000000 -0.000006 11.969824 -17.724974 13.612175 3.035150 9.750000 13548.dat
9 0 -0.000000 -1.000000 0.000000 -0.707107 0.000000 0.707107 -0.707107 -0.000000 -0.707107 11.230242 21.599998 -26.091503 2.150000 1.643750 3.383575 13548.dat
9 0 0.000000 -1.000000 -0.000000 -1.000000 -0.000000 0.000000 -0.000000 0.000000 -1.000000 10.000000 21.599998 -0.000003 2.150000 19.750000 9.750000 13548.dat
9 0 -0.721390 -0.692529 0.000001 -0.692529 0.721390 0.000000 -0.000001 -0.000000 -1.000000 17.724974 11.969824 -0.000006 13.612175 3.035150 9.750000 13548.dat
10 0 -30.000002 0.000000 -10.000000 10.000000 28.450001 30.000002 13548.dat
2 22 0.000000 0.000000 1.000000 0.000000 1.000000 0.000000 -1.000000 0.000000 0.000000 -10.000010 24.000000 -29.999998 4 4 22:1:1,22:2:1,22:2:1,22:2:1,22:1:1,22:2:1,15:4:1,23:4:1,15:4:1,22:2:1,22:2:1,22:2:1,7:4:2,23:4:1,22:2:1,29:0:1,29:0:1,22:2:1,15:4:1,22:2:1,29:0:1,29:0:1,22:2:1,22:2:1,22:1:1, 13548.dat
3 23 0.000000 0.000000 1.000000 0.000000 1.000000 0.000000 -1.000000 0.000000 0.000000 -10.000003 0.000000 -9.999997 2 2 18:1:1,23:4:1,18:1:1,23:4:1,0:4:1,23:4:1,18:1:1,23:4:1,18:1:1, 13548.dat
