9 0 1.000000 0.000000 0.000000 0.000000 1.000000 0.000000 0.000000 0.000000 1.000000 0.000000 -74.375000 -1.647050 3.131900 4.625000 3.397050 13549.dat
9 0 1.000000 0.000000 0.000000 0.000000 1.000000 0.000000 0.000000 0.000000 1.000000 0.000000 -12.740300 -8.041300 6.003050 7.240325 1.508700 13549.dat
9 0 1.000000 0.000000 0.000000 0.000000 1.000000 0.000000 0.000000 0.000000 1.000000 0.000000 -12.740300 8.041175 6.003050 7.240325 1.508825 13549.dat
9 0 1.000000 0.000000 0.000000 0.000000 1.000000 0.000000 0.000000 0.000000 1.000000 0.000000 -21.362499 5.658850 1.826875 1.137500 1.391150 13549.dat
9 0 1.000000 0.000000 0.000000 0.000000 1.000000 0.000000 0.000000 0.000000 1.000000 1.825350 -21.362499 -5.666600 3.652225 1.137500 1.391150 13549.dat
9 0 1.000000 0.000000 0.000000 0.000000 1.000000 0.000000 0.000000 0.000000 1.000000 5.756275 -47.685753 0.125000 1.068775 27.460751 1.625000 13549.dat
9 0 0.944806 -0.327631 0.000000 0.327631 0.944806 0.000000 0.000000 0.000000 1.000000 9.785375 -68.798500 -1.125000 4.485125 2.047950 2.875000 13549.dat
9 0 0.988062 0.154060 0.000000 -0.154060 0.988062 0.000000 0.000000 0.000000 1.000000 9.403026 -53.154499 -1.125000 4.297575 2.557650 2.875000 13549.dat
9 0 0.999798 -0.020084 0.000000 0.020084 0.999798 0.000000 0.000000 0.000000 1.000000 9.117525 -38.721748 -1.074850 4.297575 3.038125 2.824850 13549.dat
9 0 1.000000 0.000000 0.000000 0.000000 1.000000 0.000000 0.000000 0.000000 1.000000 7.215775 -12.740300 0.000000 0.685900 7.240325 5.855350 13549.dat
9 0 1.000000 0.000000 0.000000 0.000000 1.000000 0.000000 0.000000 0.000000 1.000000 3.976300 -13.812500 -4.215200 1.501300 8.687500 1.640200 13549.dat
9 0 1.000000 0.000000 0.000000 0.000000 1.000000 0.000000 0.000000 0.000000 1.000000 4.026300 -13.812500 4.173275 1.451300 8.687500 1.598275 13549.dat
9 0 -1.000000 0.000000 -0.000000 0.000000 1.000000 0.000000 0.000000 0.000000 -1.000000 -5.756275 -47.685753 0.125000 1.068775 27.460751 1.625000 13549.dat
9 0 -0.944806 -0.327631 -0.000000 -0.327631 0.944806 -0.000000 0.000000 0.000000 -1.000000 -9.785375 -68.798500 -1.125000 4.485125 2.047950 2.875000 13549.dat
9 0 -0.988061 0.154060 -0.000000 0.154060 0.988061 0.000000 0.000000 -0.000000 -1.000000 -9.403026 -53.154499 -1.125000 4.297575 2.557650 2.875000 13549.dat
9 0 -0.999798 -0.020085 -0.000000 -0.020085 0.999798 -0.000000 0.000000 0.000000 -1.000000 -9.117525 -38.721748 -1.074850 4.297575 3.038125 2.824850 13549.dat
9 0 -1.000000 0.000000 -0.000000 0.000000 1.000000 0.000000 0.000000 0.000000 -1.000000 -7.215775 -12.740300 0.000000 0.685900 7.240325 5.855350 13549.dat
9 0 -1.000000 0.000000 -0.000000 0.000000 1.000000 0.000000 0.000000 0.000000 -1.000000 -3.976300 -13.812500 -4.215200 1.501300 8.687500 1.640200 13549.dat
9 0 -1.000000 0.000000 -0.000000 0.000000 1.000000 0.000000 0.000000 0.000000 -1.000000 -4.026300 -13.812500 4.173275 1.451300 8.687500 1.598275 13549.dat
9 0 0.999798 -0.020084 0.000000 0.020084 0.999798 0.000000 0.000000 0.000000 1.000000 9.092074 -23.128250 -0.824850 4.317700 2.774175 3.074850 13549.dat
9 0 -0.999798 -0.020085 -0.000000 -0.020085 0.999798 -0.000000 0.000000 0.000000 -1.000000 -9.092074 -23.128250 -0.824850 4.317700 2.774175 3.074850 13549.dat
9 0 1.000000 0.000000 0.000000 0.000000 1.000000 0.000000 0.000000 0.000000 1.000000 0.000000 -4.222800 -6.720025 3.138500 3.972775 0.190150 13549.dat
9 0 -0.000000 0.000000 1.000000 0.000000 1.000000 0.000000 -1.000000 0.000000 -0.000000 6.720025 -4.222800 0.000000 3.138500 3.972775 0.190150 13549.dat
9 0 -1.000000 0.000000 -0.000000 0.000000 1.000000 0.000000 0.000000 0.000000 -1.000000 0.000000 -4.222800 6.720025 3.138500 3.972775 0.190150 13549.dat
9 0 -0.000000 0.000000 -1.000000 0.000000 1.000000 0.000000 1.000000 0.000000 -0.000000 -6.720025 -4.222800 0.000000 3.138500 3.972775 0.190150 13549.dat
10 0 -14.693925 0.000000 -9.800000 14.693925 79.250000 9.800000 13549.dat
2 22 1.000000 0.000000 0.000000 0.000000 1.000000 0.000000 0.000000 0.000000 1.000000 -10.000000 0.000000 10.000000 2 2 29:0:0,29:0:0,29:0:0,29:0:0,5:4:32,29:0:0,29:0:0,29:0:0,29:0:0, 13549.dat
0 4 1.000000 0.000000 0.000000 0.000000 1.000000 0.000000 0.000000 0.000000 1.000000 0.000000 -4.875000 0.000000 0 0 0.604000 0 0 13549.dat
