9 0 1.000000 0.000000 0.000000 0.000000 1.000000 0.000000 0.000000 0.000000 1.000000 -6.627125 -4.016375 -0.001775 0.127125 3.724250 3.795700 13754.dat
9 0 -0.000000 0.000000 1.000000 0.000000 1.000000 0.000000 -1.000000 0.000000 -0.000000 0.001775 -4.016375 -6.627125 0.127125 3.724250 3.795700 13754.dat
9 0 -1.000000 0.000000 -0.000000 0.000000 1.000000 0.000000 0.000000 0.000000 -1.000000 6.627149 -4.016375 0.001775 0.127125 3.724250 3.795700 13754.dat
9 0 -0.000000 0.000000 -1.000000 0.000000 1.000000 0.000000 1.000000 0.000000 -0.000000 -0.001775 -4.016375 6.627125 0.127125 3.724250 3.795700 13754.dat
9 0 1.000000 0.000000 0.000000 0.000000 1.000000 0.000000 0.000000 0.000000 1.000000 -14.750525 -5.269375 0.000000 4.165500 2.471250 2.121575 13754.dat
9 0 -0.000000 0.000000 1.000000 0.000000 1.000000 0.000000 -1.000000 0.000000 -0.000000 0.009400 -5.269375 -14.759925 4.165500 2.471250 2.121575 13754.dat
9 0 -1.000000 0.000000 -0.000000 0.000000 1.000000 0.000000 0.000000 0.000000 -1.000000 14.769348 -5.269375 0.000000 4.165500 2.471250 2.121575 13754.dat
9 0 -0.000000 0.000000 -1.000000 0.000000 1.000000 0.000000 1.000000 0.000000 -0.000000 0.009400 -5.269375 14.759925 4.165500 2.471250 2.121575 13754.dat
9 0 0.938540 0.000000 0.345169 0.000000 1.000000 0.000000 -0.345169 0.000000 0.938540 -19.204626 -4.016375 -5.816325 0.576800 3.724250 6.028975 13754.dat
9 0 0.938540 0.000000 -0.345169 0.000000 1.000000 0.000000 0.345169 0.000000 0.938540 -19.204626 -4.016375 5.816325 0.576800 3.724250 6.028975 13754.dat
9 0 -0.345169 0.000000 0.938540 0.000000 1.000000 0.000000 -0.938540 0.000000 -0.345169 5.825725 -4.016375 -19.214025 0.576800 3.724250 6.028975 13754.dat
9 0 0.345170 0.000000 0.938540 0.000000 1.000000 0.000000 -0.938540 0.000000 0.345170 -5.806925 -4.016375 -19.214025 0.576800 3.724250 6.028975 13754.dat
9 0 -0.938540 0.000000 -0.345169 0.000000 1.000000 0.000000 0.345169 0.000000 -0.938540 19.223499 -4.016375 5.816325 0.576800 3.724250 6.028975 13754.dat
9 0 -0.938540 0.000000 0.345169 0.000000 1.000000 0.000000 -0.345169 0.000000 -0.938540 19.223499 -4.016375 -5.816325 0.576800 3.724250 6.028975 13754.dat
9 0 0.345170 0.000000 -0.938540 0.000000 1.000000 0.000000 0.938540 0.000000 0.345170 -5.806925 -4.016375 19.214001 0.576800 3.724250 6.028975 13754.dat
9 0 -0.345169 0.000000 -0.938540 0.000000 1.000000 0.000000 0.938540 0.000000 -0.345169 5.825725 -4.016375 19.214001 0.576800 3.724250 6.028975 13754.dat
9 0 1.000000 0.000000 0.000000 0.000000 1.000000 0.000000 0.000000 0.000000 1.000000 -14.375000 -6.638125 0.000000 7.875000 1.102475 12.250000 13754.dat
9 0 -0.000000 0.000000 1.000000 0.000000 1.000000 0.000000 -1.000000 0.000000 -0.000000 0.000000 -6.638125 -14.375000 7.875000 1.102475 12.250000 13754.dat
9 0 -1.000000 0.000000 -0.000000 0.000000 1.000000 0.000000 0.000000 0.000000 -1.000000 14.375001 -6.638125 0.000000 7.875000 1.102475 12.250000 13754.dat
9 0 -0.000000 0.000000 -1.000000 0.000000 1.000000 0.000000 1.000000 0.000000 -0.000000 0.000000 -6.638125 14.375001 7.875000 1.102475 12.250000 13754.dat
9 0 0.875725 -0.482810 0.000000 0.482810 0.875725 0.000000 0.000000 0.000000 1.000000 -29.091400 -14.868675 0.000000 0.216900 10.086525 13.141225 13754.dat
9 0 0.437862 -0.482810 0.758400 0.241405 0.875725 0.418126 -0.866025 0.000000 0.500000 -14.545700 -14.868675 -25.193899 0.216900 10.086525 13.141225 13754.dat
9 0 -0.437862 -0.482811 0.758400 -0.241405 0.875725 0.418126 -0.866026 0.000000 -0.500000 14.545700 -14.868675 -25.193899 0.216900 10.086525 13.141225 13754.dat
9 0 -0.875725 -0.482810 -0.000000 -0.482810 0.875725 -0.000000 0.000000 0.000000 -1.000000 29.091501 -14.868675 0.000000 0.216900 10.086525 13.141225 13754.dat
9 0 -0.437862 -0.482811 -0.758400 -0.241405 0.875725 -0.418126 0.866026 -0.000000 -0.500000 14.545700 -14.868675 25.194000 0.216900 10.086525 13.141225 13754.dat
9 0 0.437862 -0.482810 -0.758400 0.241405 0.875725 -0.418126 0.866025 -0.000000 0.500000 -14.545700 -14.868675 25.194000 0.216900 10.086525 13.141225 13754.dat
9 0 0.984735 -0.174059 0.000000 0.174059 0.984735 0.000000 0.000000 0.000000 1.000000 -34.533550 -27.938000 0.000000 0.216900 11.813850 14.794250 13754.dat
9 0 0.696313 -0.174059 0.696313 0.123078 0.984735 0.123078 -0.707107 -0.000000 0.707107 -24.418900 -27.938000 -24.418900 0.216900 11.813850 14.794250 13754.dat
9 0 -0.000000 -0.174059 0.984735 -0.000000 0.984735 0.174059 -1.000000 0.000000 -0.000000 0.000000 -27.938000 -34.533550 0.216900 11.813850 14.794250 13754.dat
9 0 -0.696313 -0.174060 0.696313 -0.123079 0.984735 0.123080 -0.707107 0.000000 -0.707107 24.419001 -27.938000 -24.418926 0.216900 11.813850 14.794250 13754.dat
9 0 -0.984735 -0.174060 -0.000000 -0.174060 0.984735 -0.000000 0.000000 0.000000 -1.000000 34.533501 -27.938000 0.000000 0.216900 11.813850 14.794250 13754.dat
9 0 -0.696313 -0.174060 -0.696313 -0.123079 0.984735 -0.123080 0.707107 -0.000000 -0.707107 24.419001 -27.938000 24.419001 0.216900 11.813850 14.794250 13754.dat
9 0 -0.000000 -0.174059 -0.984735 -0.000000 0.984735 -0.174059 1.000000 -0.000000 -0.000000 0.000000 -27.938000 34.533501 0.216900 11.813850 14.794250 13754.dat
9 0 0.696313 -0.174059 -0.696313 0.123078 0.984735 -0.123078 0.707107 0.000000 0.707107 -24.418900 -27.938000 24.419001 0.216900 11.813850 14.794250 13754.dat
9 0 0.925164 0.000000 0.379567 0.000000 1.000000 0.000000 -0.379567 0.000000 0.925164 -30.257299 -29.263500 -12.838849 0.519625 13.274375 12.097900 13754.dat
9 0 -0.379568 0.000000 0.925164 0.000000 1.000000 0.000000 -0.925164 0.000000 -0.379568 12.838849 -29.263500 -30.257299 0.519625 13.274375 12.097900 13754.dat
9 0 -0.925164 0.000000 -0.379567 0.000000 1.000000 0.000000 0.379567 0.000000 -0.925164 30.257252 -29.263500 12.838849 0.519625 13.274375 12.097900 13754.dat
9 0 0.379568 0.000000 -0.925164 0.000000 1.000000 0.000000 0.925164 0.000000 0.379568 -12.838849 -29.263500 30.257252 0.519625 13.274375 12.097900 13754.dat
10 0 -29.679251 0.000000 -49.582500 49.653000 44.500000 29.559002 13754.dat
2 22 1.000000 0.000000 0.000000 0.000000 1.000000 0.000000 0.000000 0.000000 1.000000 -20.000000 0.000000 20.000002 4 4 29:0:1,22:2:1,22:2:1,22:2:1,29:0:1,22:2:1,15:4:0,23:4:1,15:4:0,22:2:1,22:2:1,23:4:1,7:4:0,23:4:1,22:2:1,22:2:1,15:4:0,23:4:1,15:4:0,22:2:1,29:0:1,22:2:1,22:2:1,22:2:1,29:0:1, 13754.dat
0 8 1.000000 0.000000 0.000000 0.000000 1.000000 0.000000 0.000000 0.000000 1.000000 -0.009400 0.000000 0.000000 0 0 0.320000 0 0 13754.dat
4 111 -1.000000 0.000000 -0.000000 0.000000 1.000000 0.000000 0.000000 0.000000 -1.000000 37.500000 -40.000000 0.000000 2 13754.dat
4 110 -1.000000 0.000000 0.000000 -0.000000 -1.000000 0.000000 0.000000 0.000000 1.000000 37.500000 -40.000000 0.000000 2 13754.dat
6 28 1.000000 0.000000 0.000000 0.000000 1.000000 0.000000 0.000000 0.000000 1.000000 -0.009400 -4.000000 0.000000 0.000000 0.000000 0.000000 0.000000 0 13754.dat
4 111 1.000000 0.000000 0.000000 0.000000 1.000000 0.000000 0.000000 0.000000 1.000000 -37.500000 -40.000000 0.000000 2 13754.dat
4 111 -0.000000 0.000000 1.000000 0.000000 1.000000 0.000000 -1.000000 0.000000 -0.000000 0.000000 -40.000000 -37.500000 2 13754.dat
4 111 -0.000000 0.000000 -1.000000 0.000000 1.000000 0.000000 1.000000 0.000000 -0.000000 0.000000 -40.000000 37.500000 2 13754.dat
4 110 1.000000 0.000000 0.000000 0.000000 -1.000000 -0.000000 0.000000 0.000000 -1.000000 -37.500000 -40.000000 0.000000 2 13754.dat
4 110 0.000000 0.000000 -1.000000 -0.000000 -1.000000 -0.000000 -1.000000 0.000000 0.000000 0.000000 -40.000000 37.500000 2 13754.dat
4 110 0.000000 0.000000 1.000000 -0.000000 -1.000000 0.000000 1.000000 -0.000000 0.000000 0.000000 -40.000000 -37.500000 2 13754.dat
