9 0 1.000000 0.000000 0.000000 0.000000 1.000000 0.000000 0.000000 0.000000 1.000000 0.000000 -3.898775 10.419025 7.214950 3.656450 3.853675 13788.dat
9 0 -0.000000 0.000000 1.000000 0.000000 1.000000 0.000000 -1.000000 0.000000 -0.000000 -8.553800 -3.898775 0.000000 7.214950 3.656450 1.988425 13788.dat
9 0 -1.000000 0.000000 -0.000000 0.000000 1.000000 0.000000 0.000000 0.000000 -1.000000 0.000000 -5.444925 -8.376050 7.214950 5.202600 1.810700 13788.dat
9 0 -0.000000 0.000000 -1.000000 0.000000 1.000000 0.000000 1.000000 0.000000 -0.000000 8.553800 -3.898775 0.000000 7.214950 3.656450 1.988425 13788.dat
9 0 1.000000 0.000000 0.000000 0.000000 0.957601 -0.288097 0.000000 0.288097 0.957601 0.000000 -8.161875 7.671975 9.162225 0.862275 5.222175 13788.dat
9 0 1.000000 0.000000 0.000000 0.000000 0.985111 -0.171921 0.000000 0.171921 0.985111 0.000000 -11.177325 -5.277075 6.583300 0.760500 3.044850 13788.dat
9 0 1.000000 0.000000 0.000000 0.000000 0.935007 0.354629 0.000000 -0.354629 0.935007 0.000000 3.778225 -17.572599 9.093525 0.760500 4.292175 13788.dat
9 0 1.000000 0.000000 0.000000 0.000000 0.682191 -0.731174 0.000000 0.731174 0.682191 0.000000 10.848000 17.438351 12.734650 0.760500 5.087850 13788.dat
9 0 1.000000 0.000000 0.000000 0.000000 0.018398 -0.999831 0.000000 0.999831 0.018398 0.000000 2.051700 14.059626 9.043600 0.760500 8.739100 13788.dat
9 0 -0.576232 0.128473 0.807125 0.403296 0.903654 0.144088 -0.710851 0.408538 -0.572527 -14.659450 4.950675 -9.789450 12.734650 0.760500 4.326375 13788.dat
9 0 0.440582 0.219402 0.870488 0.380597 0.832562 -0.402475 -0.813039 0.508629 0.283308 -15.392526 8.553875 9.516500 12.734650 0.760500 4.326375 13788.dat
9 0 0.576232 0.128473 0.807125 -0.403296 0.903654 0.144088 -0.710851 -0.408538 0.572527 14.659450 4.950675 -9.789450 12.734650 0.760500 4.326375 13788.dat
9 0 -0.440582 0.219401 0.870489 -0.380598 0.832562 -0.402475 -0.813039 -0.508629 -0.283308 15.392526 8.553875 9.516500 12.734650 0.760500 4.326375 13788.dat
9 0 0.052335 0.292234 0.954914 0.986181 0.135390 -0.095482 -0.157189 0.946715 -0.281110 -13.437250 -2.134400 2.212200 9.043600 0.760500 8.739100 13788.dat
9 0 -0.052335 0.292235 0.954913 -0.986181 0.135390 -0.095482 -0.157189 -0.946714 0.281111 13.437250 -2.134400 2.212200 9.043600 0.760500 8.739100 13788.dat
10 0 -25.379749 -16.404675 -23.465351 25.379749 13.153650 23.372625 13788.dat
2 22 1.000000 0.000000 0.000000 0.000000 1.000000 0.000000 0.000000 0.000000 1.000000 -10.000000 0.000000 10.000000 2 2 29:0:0,29:0:0,29:0:0,29:0:0,5:4:32,29:0:0,29:0:0,29:0:0,29:0:0, 13788.dat
0 14 1.000000 0.000000 0.000000 0.000000 0.996195 -0.087156 0.000000 0.087156 0.996195 0.000000 -7.497800 0.000000 0 0 0.149494 0 0 13788.dat
