9 0 1.000000 0.000000 0.000000 0.000000 0.502606 -0.864515 0.000000 0.864515 0.502606 0.000000 6.572701 -16.365425 8.704850 3.373775 0.520975 13789.dat
9 0 1.000000 0.000000 0.000000 0.000000 0.933938 -0.357436 0.000000 0.357436 0.933938 0.000000 -5.046200 -10.193851 8.637549 10.418675 0.520975 13789.dat
9 0 1.000000 0.000000 0.000000 0.000000 -0.000000 1.000000 0.000000 -1.000000 -0.000000 0.000000 -7.548675 -1.192450 8.082000 7.582625 7.298675 13789.dat
9 0 1.000000 0.000000 0.000000 0.000000 0.446421 0.894823 0.000000 -0.894823 0.446421 0.000000 -16.071051 4.139825 2.308625 9.810100 2.113425 13789.dat
9 0 1.000000 0.000000 0.000000 0.000000 0.928886 0.370365 0.000000 -0.370365 0.928886 0.000000 -4.174475 10.434851 8.637549 10.418675 0.520975 13789.dat
9 0 1.000000 0.000000 0.000000 0.000000 0.667516 0.744595 0.000000 -0.744595 0.667516 0.000000 8.590825 17.084225 8.637549 4.815825 0.520975 13789.dat
9 0 -0.455316 0.165864 0.874744 0.692383 0.683631 0.230768 -0.559726 0.710730 -0.426110 13.254126 7.804150 8.599025 9.545025 3.054950 0.520975 13789.dat
9 0 0.095662 0.085369 0.991746 0.298368 0.948046 -0.110387 -0.949645 0.306465 0.065221 10.706625 -4.669050 -0.600575 8.241125 10.092976 0.520975 13789.dat
9 0 0.511983 0.036444 0.858222 0.808226 0.317953 -0.495658 -0.290938 0.947406 0.133331 13.376101 7.234025 -7.845900 8.241125 2.688225 0.520975 13789.dat
9 0 0.455316 0.165864 0.874744 -0.692383 0.683632 0.230768 -0.559726 -0.710730 0.426110 -13.254126 7.804150 8.599025 9.545025 3.054950 0.520975 13789.dat
9 0 -0.095662 0.085369 0.991746 -0.298368 0.948046 -0.110387 -0.949645 -0.306465 -0.065221 -10.706625 -4.669050 -0.600575 8.241125 10.092976 0.520975 13789.dat
9 0 -0.511983 0.036444 0.858222 -0.808226 0.317952 -0.495659 -0.290937 -0.947406 -0.133332 -13.376101 7.234025 -7.845900 8.241125 2.688225 0.520975 13789.dat
9 0 1.000000 0.000000 0.000000 0.000000 0.252885 0.967496 0.000000 -0.967496 0.252885 0.000000 -7.086850 -12.264375 3.693275 2.159850 3.392425 13789.dat
10 0 -20.006899 -12.551350 -22.661274 20.006899 22.341600 21.967749 13789.dat
2 22 1.000000 0.000000 0.000000 0.000000 1.000000 0.000000 0.000000 0.000000 1.000000 -10.000000 0.000000 10.000000 2 2 29:0:0,29:0:0,29:0:0,29:0:0,5:4:34,29:0:0,29:0:0,29:0:0,29:0:0, 13789.dat
