9 0 1.000000 0.000000 0.000000 0.000000 1.000000 0.000000 0.000000 0.000000 1.000000 7.017650 -3.458650 0.000000 0.551875 3.001675 4.264600 13792.dat
9 0 -0.000000 0.000000 1.000000 0.000000 1.000000 0.000000 -1.000000 0.000000 -0.000000 0.000000 -3.458650 7.017650 0.551875 3.001675 4.264600 13792.dat
9 0 -1.000000 0.000000 -0.000000 0.000000 1.000000 0.000000 0.000000 0.000000 -1.000000 -7.017650 -3.458650 0.000000 0.551875 3.001675 4.264600 13792.dat
9 0 -0.000000 0.000000 -1.000000 0.000000 1.000000 0.000000 1.000000 0.000000 -0.000000 0.000000 -3.458650 -7.017650 0.551875 3.001675 4.264600 13792.dat
9 0 1.000000 0.000000 0.000000 0.000000 1.000000 0.000000 0.000000 0.000000 1.000000 0.000000 -7.001975 0.124425 8.997400 0.407075 11.624275 13792.dat
9 0 1.000000 0.000000 0.000000 0.000000 0.136544 -0.990634 0.000000 0.990634 0.136544 0.000000 2.652175 13.973850 8.388250 0.407075 8.818049 13792.dat
9 0 1.000000 0.000000 0.000000 0.000000 0.015174 0.999885 0.000000 -0.999885 0.015174 0.000000 12.240701 -13.594100 14.121675 0.407075 18.416876 13792.dat
9 0 0.000000 0.707106 -0.707107 -1.000000 0.000000 -0.000000 0.000000 0.707107 0.707106 14.517925 5.925325 7.241925 1.452475 2.385250 1.452475 13792.dat
9 0 0.159254 0.139720 -0.977301 0.959203 0.212337 0.186661 0.233597 -0.967156 -0.100205 -12.846226 5.085850 -5.148775 8.997400 0.783200 10.880750 13792.dat
9 0 -0.321739 0.252563 -0.912522 0.932415 0.252039 -0.258995 0.164579 -0.934178 -0.316584 -12.552650 3.776675 4.233525 8.472950 1.139650 9.545300 13792.dat
9 0 -0.000000 0.707106 -0.707107 1.000000 -0.000000 -0.000001 -0.000001 -0.707107 -0.707106 -14.517925 5.925325 7.241925 1.452475 2.385250 1.452475 13792.dat
9 0 0.089843 0.471150 -0.877465 0.995954 -0.044044 0.078326 -0.001744 -0.880953 -0.473201 -14.339000 18.963200 -4.682125 8.997400 1.106850 1.722175 13792.dat
9 0 -0.283095 0.454279 -0.844682 0.959090 0.132487 -0.250186 -0.001745 -0.880953 -0.473201 -13.503775 13.528526 5.432475 7.600049 0.949100 1.722175 13792.dat
9 0 0.283096 0.454279 -0.844682 -0.959090 0.132488 -0.250186 -0.001744 0.880953 0.473201 13.503775 13.528526 5.432475 7.600049 0.949100 1.722175 13792.dat
9 0 -0.089843 0.471150 -0.877465 -0.995954 -0.044044 0.078326 -0.001744 0.880953 0.473201 14.339000 18.963200 -4.682125 8.997400 1.106850 1.722175 13792.dat
9 0 -0.159254 0.139720 -0.977301 -0.959203 0.212337 0.186661 0.233598 0.967156 0.100204 12.846226 5.085850 -5.148775 8.997400 0.783200 10.880750 13792.dat
9 0 0.321739 0.252562 -0.912522 -0.932415 0.252040 -0.258995 0.164580 0.934178 0.316584 12.552650 3.776675 4.233525 8.472950 1.139650 9.545300 13792.dat
10 0 -17.912325 -32.328999 -17.183575 17.912325 8.360374 16.925951 13792.dat
2 22 1.000000 0.000000 0.000000 0.000000 1.000000 0.000000 0.000000 0.000000 1.000000 -10.000000 -0.250000 10.000000 2 2 29:0:0,29:0:0,29:0:0,29:0:0,5:4:34,29:0:0,29:0:0,29:0:0,29:0:0, 13792.dat
