9 0 1.000000 0.000000 0.000000 0.000000 1.000000 0.000000 0.000000 0.000000 1.000000 -0.052125 -12.676050 11.092875 1.010825 12.222950 5.081800 13809.dat
9 0 1.000000 0.000000 0.000000 0.000000 1.000000 0.000000 0.000000 0.000000 1.000000 -0.075000 -12.707875 -9.484550 1.154725 12.191151 2.626250 13809.dat
9 0 1.000000 0.000000 0.000000 0.000000 1.000000 0.000000 0.000000 0.000000 1.000000 -11.044225 -12.766725 -0.367325 4.650025 12.250000 1.162100 13809.dat
9 0 1.000000 0.000000 0.000000 0.000000 1.000000 0.000000 0.000000 0.000000 1.000000 10.894225 -12.766725 -0.367325 4.650025 12.250000 1.162100 13809.dat
9 0 1.000000 0.000000 0.000000 0.000000 1.000000 0.000000 0.000000 0.000000 1.000000 -0.075000 -27.512499 2.064300 9.615650 4.943225 9.611950 13809.dat
9 0 1.000000 0.000000 0.000000 0.000000 0.111417 -0.993774 0.000000 0.993774 0.111417 -0.075000 -11.599174 12.589201 14.669700 4.006550 13.450225 13809.dat
9 0 1.000000 0.000000 0.000000 0.000000 0.042458 -0.999098 0.000000 0.999098 0.042458 -0.075000 11.874550 13.038726 12.127400 2.534150 12.043400 13809.dat
9 0 1.000000 0.000000 0.000000 0.000000 -0.151556 -0.988449 0.000000 0.988449 -0.151556 -0.075000 -12.289124 -12.046600 14.669700 2.900125 13.450250 13809.dat
9 0 1.000000 0.000000 0.000000 0.000000 -0.023928 -0.999714 0.000000 0.999714 -0.023928 -0.075000 9.618774 -14.070399 10.906425 2.900125 13.450225 13809.dat
9 0 1.000000 0.000000 0.000000 0.000000 -0.023928 -0.999714 0.000000 0.999714 -0.023928 -0.075000 24.745251 -12.801950 3.147550 1.270075 4.779325 13809.dat
9 0 1.000000 0.000000 0.000000 0.000000 0.024622 -0.999697 0.000000 0.999697 0.024622 -0.075000 22.169399 11.983875 2.876600 1.255275 7.689600 13809.dat
9 0 0.160260 0.987075 0.000000 -0.987075 0.160260 0.000000 0.000000 0.000000 1.000000 14.872974 -12.454950 0.921525 13.438524 2.646775 10.001000 13809.dat
9 0 -0.160260 0.987075 -0.000000 0.987075 0.160260 0.000000 0.000000 -0.000000 -1.000000 -15.022975 -12.454950 0.921525 13.438524 2.646775 10.001000 13809.dat
10 0 -22.188225 -30.454000 -19.740326 22.435650 35.143501 18.948574 13809.dat
6 200 1.000000 0.000000 0.000000 0.000000 1.000000 0.000000 0.000000 0.000000 1.000000 -0.075000 0.000000 -0.400000 0.000000 0.000000 0.000000 0.000000 1 13809.dat
2 22 1.000000 0.000000 0.000000 0.000000 1.000000 0.000000 0.000000 0.000000 1.000000 -10.075000 0.000000 9.600000 2 2 29:0:0,29:0:0,29:0:0,29:0:0,15:4:32,29:0:0,29:0:0,29:0:0,29:0:0, 13809.dat
