9 0 1.000000 0.000000 0.000000 0.000000 1.000000 0.000000 -0.000000 0.000000 1.000000 2.772478 -5.142550 -9.999999 24.266350 3.113500 19.519199 14518.dat
9 0 1.000000 0.000000 0.000000 0.000000 1.000000 0.000000 -0.000000 0.000000 1.000000 -43.981499 -24.609999 -10.000014 25.737499 3.784400 10.016700 14518.dat
9 0 0.989260 -0.146164 0.000000 0.146164 0.989260 0.000000 -0.000000 0.000000 1.000000 -36.008995 -27.708000 -10.000012 17.071524 6.623725 12.311600 14518.dat
9 0 0.508601 -0.861002 0.000000 0.861002 0.508601 0.000000 -0.000000 0.000000 1.000000 -108.717255 -16.066376 -10.000036 10.289875 4.207225 3.911000 14518.dat
9 0 1.000000 0.000000 0.000000 0.000000 1.000000 0.000000 -0.000000 0.000000 1.000000 -96.642242 -19.706450 -10.000031 11.241775 5.755600 4.944675 14518.dat
9 0 -0.898835 -0.438286 -0.000000 0.438286 -0.898835 0.000000 -0.000000 0.000000 1.000000 -111.252998 -38.675003 -10.000036 9.768375 3.308575 3.823350 14518.dat
9 0 -0.637591 -0.770375 -0.000000 0.770375 -0.637591 0.000000 -0.000000 0.000000 1.000000 -99.979996 -28.810251 -10.000033 9.130525 4.261775 5.880400 14518.dat
9 0 0.620591 -0.784135 0.000000 0.784135 0.620591 0.000000 -0.000000 0.000000 1.000000 -1.490847 -41.962250 -9.928276 7.548625 12.957650 1.989950 14518.dat
9 0 0.079007 -0.996874 0.000000 0.996874 0.079007 0.000000 -0.000000 0.000000 1.000000 -15.825222 -45.213501 -10.000006 13.605274 6.290250 1.918225 14518.dat
9 0 1.000000 0.000000 0.000000 0.000000 1.000000 0.000000 -0.000000 0.000000 1.000000 3.924028 -32.785999 -9.962098 29.123751 3.641350 12.172300 14518.dat
9 0 0.974370 -0.224951 0.000000 0.224951 0.974370 0.000000 -0.000000 0.000000 1.000000 30.520502 -6.046625 -9.962090 13.551100 0.564825 11.785376 14518.dat
9 0 0.972853 0.109833 -0.203700 -0.107502 0.993950 0.022509 0.204939 0.000000 0.978775 -66.042747 -16.007700 -20.340971 40.132748 6.637150 1.171025 14518.dat
9 0 1.000000 0.000000 0.000000 0.000000 1.000000 0.000000 -0.000000 0.000000 1.000000 -2.179292 -19.892950 -25.799000 22.673975 16.696499 2.136225 14518.dat
9 0 -0.463814 0.000000 0.885933 0.885911 0.006976 0.463803 -0.006180 0.999976 -0.003236 28.496006 -8.851925 -21.510067 7.357275 10.570875 1.958700 14518.dat
9 0 0.972853 0.109833 0.203700 -0.107502 0.993950 -0.022509 -0.204940 -0.000000 0.978775 -66.042747 -16.007700 0.340928 40.132748 6.637150 1.171025 14518.dat
9 0 1.000000 0.000000 0.000000 0.000000 1.000000 0.000000 -0.000000 0.000000 1.000000 -2.179302 -19.892950 5.798924 22.673975 16.696499 2.136225 14518.dat
9 0 -0.463813 0.000000 -0.885933 0.885911 0.006976 -0.463802 0.006180 -0.999976 -0.003236 28.496000 -8.851925 1.510084 7.357275 10.570875 1.958700 14518.dat
9 0 0.993981 0.000000 -0.109548 0.000000 1.000000 0.000000 0.109548 0.000000 0.993981 -9.666266 -18.187401 -28.456253 22.673975 14.990924 2.136225 14518.dat
9 0 0.914207 0.000000 -0.405247 0.000000 1.000000 0.000000 0.405247 0.000000 0.914207 -5.392162 -9.866775 -40.768253 7.153100 1.269775 13.013850 14518.dat
9 0 0.993981 0.000000 0.109549 0.000000 1.000000 0.000000 -0.109549 0.000000 0.993981 -9.666278 -18.187401 8.456371 22.673975 14.990924 2.136225 14518.dat
9 0 0.914207 0.000000 0.405248 0.000000 1.000000 0.000000 -0.405248 0.000000 0.914207 -5.392182 -9.866775 20.768173 7.153100 1.269775 13.013850 14518.dat
9 0 0.999974 0.007238 0.000000 -0.007238 0.999974 -0.000000 -0.000000 -0.000000 1.000000 8.696103 -9.873075 -9.999997 30.178499 0.686925 14.788000 14518.dat
10 0 -45.017250 -0.038725 -57.470001 123.945747 60.216248 37.469749 14518.dat
2 22 -1.000000 0.000000 -0.000000 0.000000 1.000000 0.000000 0.000000 0.000000 -1.000000 50.000011 0.000000 -29.999987 4 10 29:0:0,29:0:0,29:0:1,22:2:1,22:2:1,22:2:1,22:2:1,22:2:1,22:2:1,22:2:1,29:0:1,29:0:0,29:0:0,22:2:1,15:4:0,22:2:1,15:4:0,23:4:1,15:4:0,23:4:1,15:4:0,29:0:1,29:0:0,29:0:0,22:2:1,22:2:1,22:2:1,23:4:1,7:4:2,23:4:1,7:4:2,29:0:1,29:0:1,29:0:0,29:0:0,22:2:1,15:4:0,22:2:1,15:4:0,23:4:1,15:4:0,23:4:1,15:4:0,29:0:1,29:0:0,29:0:0,29:0:1,22:2:1,22:2:1,22:2:1,22:2:1,22:2:1,22:2:1,22:2:1,29:0:1, 14518.dat
6 90 0.000000 1.000000 0.000000 -0.000000 -0.000000 1.000000 1.000000 0.000000 0.000000 17.384302 -28.089500 -9.999994 0.000000 0.000000 0.000000 0.000000 0 14518.dat
0 6 0.000000 0.000000 -1.000000 0.000000 1.000000 0.000000 1.000000 0.000000 0.000000 -29.999998 0.000000 -10.000010 0 1 0.800000 0 0 14518.dat
0 6 0.000000 0.000000 -1.000000 0.000000 1.000000 0.000000 1.000000 0.000000 0.000000 -79.999992 -12.000000 -10.000027 0 1 0.320000 0 0 14518.dat
