9 0 -1.000000 -0.000000 -0.000000 0.000000 0.000000 -1.000000 0.000000 -1.000000 0.000000 -110.000000 60.000004 0.000000 9.750000 9.750000 11.750000 14707.dat
9 0 -1.000000 -0.000000 -0.000000 0.000000 0.000000 -1.000000 0.000000 -1.000000 0.000000 110.000000 60.000004 0.000000 9.750000 9.750000 11.750000 14707.dat
9 0 -1.000000 -0.000000 -0.000000 0.000000 0.000000 -1.000000 0.000000 -1.000000 0.000000 0.000000 8.165002 0.000000 79.750000 9.750000 7.915000 14707.dat
9 0 1.000000 0.000000 0.000000 0.000000 -0.000000 1.000000 0.000000 -1.000000 -0.000000 88.500000 25.375002 0.000000 11.250000 9.750000 1.125000 14707.dat
9 0 0.274510 -0.961584 -0.000000 -0.000000 -0.000000 1.000000 -0.961584 -0.274510 -0.000000 32.958996 13.339001 -8.500000 6.616575 1.250000 22.093449 14707.dat
9 0 0.489213 -0.872164 0.000000 0.000000 0.000000 1.000000 -0.872164 -0.489213 0.000000 67.642502 27.865753 -8.500000 6.862875 1.250000 21.768124 14707.dat
9 0 0.722694 -0.691169 0.000000 0.000000 0.000000 1.000000 -0.691169 -0.722694 0.000000 92.066750 49.672028 -8.500000 5.443525 1.250000 17.504124 14707.dat
9 0 1.000000 0.000000 0.000000 0.000000 -0.000000 1.000000 0.000000 -1.000000 -0.000000 98.500000 37.375004 0.000000 1.250000 9.750000 13.124999 14707.dat
9 0 1.000000 0.000000 0.000000 0.000000 -0.000000 1.000000 0.000000 -1.000000 -0.000000 90.988007 35.499504 -8.500000 8.762025 1.250000 11.249375 14707.dat
9 0 1.000000 0.000000 0.000000 0.000000 -0.000000 1.000000 0.000000 -1.000000 -0.000000 78.500000 13.375002 0.000000 1.250000 9.750000 13.124999 14707.dat
9 0 1.000000 0.000000 0.000000 0.000000 -0.000000 1.000000 0.000000 -1.000000 -0.000000 71.141243 13.087005 -8.500000 8.608800 1.250000 12.837049 14707.dat
9 0 0.274510 -0.961584 -0.000000 -0.000000 -0.000000 1.000000 -0.961584 -0.274510 -0.000000 32.958996 13.339001 8.500000 6.616575 1.250000 22.093449 14707.dat
9 0 0.489213 -0.872164 0.000000 0.000000 0.000000 1.000000 -0.872164 -0.489213 0.000000 67.642502 27.865753 8.500000 6.862875 1.250000 21.768124 14707.dat
9 0 0.722694 -0.691169 0.000000 0.000000 0.000000 1.000000 -0.691169 -0.722694 0.000000 92.066750 49.672028 8.500000 5.443525 1.250000 17.504124 14707.dat
9 0 1.000000 0.000000 0.000000 0.000000 -0.000000 1.000000 0.000000 -1.000000 -0.000000 90.988007 35.499504 8.500000 8.762025 1.250000 11.249375 14707.dat
9 0 1.000000 0.000000 0.000000 0.000000 -0.000000 1.000000 0.000000 -1.000000 -0.000000 71.141243 13.087005 8.500000 8.608800 1.250000 12.837049 14707.dat
9 0 -1.000000 0.000000 -0.000000 -0.000000 0.000000 1.000000 0.000000 1.000000 0.000000 -71.141258 13.087005 8.500000 8.608800 1.250000 12.837049 14707.dat
9 0 -1.000000 0.000000 -0.000000 -0.000000 0.000000 1.000000 0.000000 1.000000 0.000000 -90.988007 35.499504 8.500000 8.762025 1.250000 11.249375 14707.dat
9 0 -0.722694 -0.691168 0.000000 0.000000 0.000000 1.000000 -0.691168 0.722694 0.000000 -92.066780 49.672028 8.500000 5.443525 1.250000 17.504124 14707.dat
9 0 -0.489214 -0.872164 0.000001 0.000000 0.000000 1.000000 -0.872164 0.489214 0.000000 -67.642502 27.865753 8.500000 6.862875 1.250000 21.768124 14707.dat
9 0 -0.274510 -0.961584 -0.000000 -0.000000 -0.000000 1.000000 -0.961584 0.274510 -0.000000 -32.959003 13.339001 8.500000 6.616575 1.250000 22.093449 14707.dat
9 0 -1.000000 0.000000 -0.000000 -0.000000 0.000000 1.000000 0.000000 1.000000 0.000000 -71.141258 13.087005 -8.500000 8.608800 1.250000 12.837049 14707.dat
9 0 -1.000000 0.000000 -0.000000 -0.000000 0.000000 1.000000 0.000000 1.000000 0.000000 -78.500000 13.375002 0.000000 1.250000 9.750000 13.124999 14707.dat
9 0 -1.000000 0.000000 -0.000000 -0.000000 0.000000 1.000000 0.000000 1.000000 0.000000 -90.988007 35.499504 -8.500000 8.762025 1.250000 11.249375 14707.dat
9 0 -1.000000 0.000000 -0.000000 -0.000000 0.000000 1.000000 0.000000 1.000000 0.000000 -98.500023 37.375004 0.000000 1.250000 9.750000 13.124999 14707.dat
9 0 -0.722694 -0.691168 0.000000 0.000000 0.000000 1.000000 -0.691168 0.722694 0.000000 -92.066780 49.672028 -8.500000 5.443525 1.250000 17.504124 14707.dat
9 0 -0.489214 -0.872164 0.000001 0.000000 0.000000 1.000000 -0.872164 0.489214 0.000000 -67.642502 27.865753 -8.500000 6.862875 1.250000 21.768124 14707.dat
9 0 -0.274510 -0.961584 -0.000000 -0.000000 -0.000000 1.000000 -0.961584 0.274510 -0.000000 -32.959003 13.339001 -8.500000 6.616575 1.250000 22.093449 14707.dat
9 0 -1.000000 0.000000 -0.000000 -0.000000 0.000000 1.000000 0.000000 1.000000 0.000000 -88.500031 25.375002 0.000000 11.250000 9.750000 1.125000 14707.dat
10 0 -10.000025 0.000000 -10.000025 230.000000 76.450005 10.000000 14707.dat
3 23 1.000000 0.000000 0.000000 0.000000 1.000000 0.000000 0.000000 0.000000 1.000000 -80.000000 0.000000 10.000000 2 16 18:1:1,23:4:1,18:2:1,23:4:1,18:2:1,23:4:1,18:2:1,23:4:1,18:2:1,23:4:1,18:2:1,23:4:1,18:2:1,23:4:1,18:2:1,23:4:1,18:1:1,23:4:1,0:4:1,23:4:1,0:4:1,23:4:1,0:4:1,23:4:1,0:4:1,23:4:1,0:4:1,23:4:1,0:4:1,23:4:1,0:4:1,23:4:1,0:4:1,23:4:1,18:1:1,23:4:1,18:2:1,23:4:1,18:2:1,23:4:1,18:2:1,23:4:1,18:2:1,23:4:1,18:2:1,23:4:1,18:2:1,23:4:1,18:2:1,23:4:1,18:1:1, 14707.dat
3 23 1.000000 0.000000 0.000000 0.000000 1.000000 0.000000 0.000000 0.000000 1.000000 79.999992 24.000004 10.000000 2 2 29:0:1,23:4:1,18:1:1,29:0:1,0:4:1,23:4:1,29:0:1,23:4:1,18:1:1, 14707.dat
3 23 1.000000 0.000000 0.000000 0.000000 1.000000 0.000000 0.000000 0.000000 1.000000 -100.000000 24.000004 10.000000 2 2 18:1:1,23:4:1,29:0:1,23:4:1,0:4:1,29:0:1,18:1:1,23:4:1,29:0:1, 14707.dat
3 23 1.000000 0.000000 0.000000 0.000000 1.000000 0.000000 0.000000 0.000000 1.000000 99.999985 48.000000 10.000000 2 2 29:0:1,23:4:1,18:1:1,29:0:1,0:4:1,23:4:1,29:0:1,23:4:1,18:1:1, 14707.dat
3 23 1.000000 0.000000 0.000000 0.000000 1.000000 0.000000 0.000000 0.000000 1.000000 -120.000008 48.000000 10.000000 2 2 18:1:1,23:4:1,29:0:1,23:4:1,0:4:1,29:0:1,18:1:1,23:4:1,29:0:1, 14707.dat
2 22 1.000000 0.000000 0.000000 0.000000 1.000000 0.000000 0.000000 0.000000 1.000000 -120.000008 72.000000 10.000000 2 24 22:1:1,22:2:1,22:1:1,29:0:1,29:0:1,29:0:1,29:0:1,29:0:1,29:0:1,29:0:1,29:0:1,29:0:1,29:0:1,29:0:1,29:0:1,29:0:1,29:0:1,29:0:1,29:0:1,29:0:1,29:0:1,29:0:1,22:1:1,22:2:1,22:1:1,22:2:1,15:4:1,22:2:1,29:0:1,29:0:1,29:0:1,29:0:1,29:0:1,29:0:1,29:0:1,29:0:1,29:0:1,29:0:1,29:0:1,29:0:1,29:0:1,29:0:1,29:0:1,29:0:1,29:0:1,29:0:1,29:0:1,22:2:1,15:4:1,22:2:1,22:1:1,22:2:1,22:1:1,29:0:1,29:0:1,29:0:1,29:0:1,29:0:1,29:0:1,29:0:1,29:0:1,29:0:1,29:0:1,29:0:1,29:0:1,29:0:1,29:0:1,29:0:1,29:0:1,29:0:1,29:0:1,29:0:1,22:1:1,22:2:1,22:1:1, 14707.dat
