9 0 -1.000000 0.000000 0.000000 0.000000 1.000000 -0.000000 -0.000000 -0.000000 -1.000000 -0.000002 -0.000001 -7.025923 4.375000 9.750000 0.724500 152.dat
9 0 -0.399222 -0.000000 -0.916854 -0.000000 1.000000 -0.000001 0.916854 -0.000000 -0.399222 -7.467186 0.000007 123.279739 3.034750 9.750000 0.133650 152.dat
9 0 -0.500000 0.000000 -0.866025 0.000000 1.000000 -0.000000 0.866025 -0.000000 -0.500000 6.296648 -0.000001 -3.635374 4.375000 9.750000 0.479675 152.dat
9 0 -0.500000 0.000000 0.866025 0.000000 1.000000 -0.000000 -0.866025 -0.000000 -0.500000 -6.296653 0.000000 -3.635373 4.375000 9.750000 0.479675 152.dat
9 0 -1.000000 0.000000 0.000000 0.000000 1.000000 -0.000000 -0.000000 -0.000000 -1.000000 0.000002 0.000001 29.999998 8.999750 9.750000 2.000000 152.dat
9 0 -1.000000 0.000000 0.000000 0.000000 1.000000 -0.000000 -0.000000 -0.000000 -1.000000 0.000000 0.000001 10.036776 8.999750 9.750000 1.963225 152.dat
9 0 -1.000000 0.000000 0.000000 0.000000 1.000000 -0.000000 -0.000000 -0.000000 -1.000000 0.000005 0.000003 49.999996 8.999750 9.750000 2.000000 152.dat
9 0 -1.000000 0.000000 0.000000 0.000000 1.000000 -0.000000 -0.000000 -0.000000 -1.000000 0.000007 0.000004 69.999992 8.999750 9.750000 2.000000 152.dat
9 0 -1.000000 0.000000 0.000000 0.000000 1.000000 -0.000000 -0.000000 -0.000000 -1.000000 0.000010 0.000005 89.999992 8.999750 9.750000 2.000000 152.dat
9 0 -1.000000 0.000000 0.000000 0.000000 1.000000 -0.000000 -0.000000 -0.000000 -1.000000 0.000012 0.000007 109.999992 8.999750 9.750000 2.000000 152.dat
9 0 -1.000000 0.000000 0.000000 0.000000 1.000000 -0.000000 -0.000000 -0.000000 -1.000000 4.137500 0.000000 7.286800 1.687500 9.750000 4.786800 152.dat
9 0 -1.000000 0.000000 0.000000 0.000000 1.000000 -0.000000 -0.000000 -0.000000 -1.000000 -4.187501 0.000000 -4.150698 1.687500 9.750000 1.650700 152.dat
9 0 -1.000000 0.000000 0.000000 0.000000 1.000000 -0.000000 -0.000000 -0.000000 -1.000000 4.137498 -0.000001 -4.150699 1.687500 9.750000 1.650700 152.dat
9 0 0.601457 -0.000001 -0.798905 0.000000 1.000000 -0.000001 0.798905 0.000000 0.601457 28.615513 0.000006 136.280487 1.687500 9.750000 4.750000 152.dat
9 0 0.601457 -0.000001 -0.798905 0.000000 1.000000 -0.000001 0.798905 0.000000 0.601457 23.637865 0.000007 142.953491 1.687500 9.750000 4.786800 152.dat
9 0 0.601457 -0.000001 -0.798905 0.000000 1.000000 -0.000001 0.798905 0.000000 0.601457 37.782516 0.000006 143.181747 1.687500 9.750000 1.650700 152.dat
9 0 0.601457 -0.000001 -0.798905 0.000000 1.000000 -0.000001 0.798905 0.000000 0.601457 32.775269 0.000007 149.832489 1.687500 9.750000 1.650700 152.dat
9 0 -0.601456 0.000000 0.798905 0.000000 1.000000 -0.000000 -0.798906 -0.000000 -0.601456 24.058140 0.000007 137.930740 8.872175 9.750000 1.971900 152.dat
9 0 -0.601456 0.000000 0.798905 0.000000 1.000000 -0.000000 -0.798906 -0.000000 -0.601456 8.002964 0.000007 125.997482 8.867050 9.750000 1.902300 152.dat
9 0 0.992601 -0.000000 0.121423 0.000000 1.000000 -0.000000 -0.121423 0.000000 0.992601 31.065018 0.000007 151.247482 4.375000 9.750000 0.479675 152.dat
9 0 -0.391145 0.000000 -0.920329 0.000000 1.000000 -0.000000 0.920329 -0.000000 -0.391145 38.639267 0.000006 141.186737 4.375000 9.750000 0.479675 152.dat
9 0 0.601457 -0.000001 -0.798905 0.000000 1.000000 -0.000001 0.798905 0.000000 0.601457 37.561016 0.000007 148.256500 4.375000 9.750000 0.724500 152.dat
9 0 -1.000000 0.000000 0.000000 0.000000 1.000000 -0.000000 -0.000000 -0.000000 -1.000000 -4.187500 0.000001 7.286801 1.687500 9.750000 4.786800 152.dat
9 0 -0.000000 0.000000 -1.000000 0.000000 1.000000 -0.000000 1.000000 -0.000000 -0.000000 -8.500244 0.000004 60.036743 59.786751 9.750000 0.499750 152.dat
9 0 -0.000000 -0.000000 -1.000000 0.000000 1.000000 -0.000000 1.000000 -0.000000 -0.000000 8.523555 0.000003 58.133495 57.883499 9.750000 0.475950 152.dat
9 0 -0.801456 -0.000000 -0.598054 -0.000000 1.000000 -0.000001 0.598054 -0.000000 -0.801456 22.881838 0.000006 126.539742 17.398525 9.750000 0.426300 152.dat
9 0 -0.801456 -0.000000 -0.598054 -0.000000 1.000000 -0.000001 0.598054 -0.000000 -0.801456 11.239841 0.000007 138.991486 19.743475 9.750000 0.400200 152.dat
9 0 0.000000 0.000000 1.000000 -1.000000 0.000000 0.000000 -0.000000 -1.000000 0.000000 -6.999994 0.000004 60.077744 64.452751 0.500000 7.750000 152.dat
9 0 0.000000 0.000000 1.000000 -1.000000 0.000000 0.000000 -0.000000 -1.000000 0.000000 7.000006 0.000003 60.077744 64.452751 0.500000 7.750000 152.dat
9 0 -0.801456 -0.000000 -0.598054 -0.000000 1.000000 -0.000001 0.598054 -0.000000 -0.801456 22.413689 0.000006 127.166985 17.398525 7.750000 1.209100 152.dat
9 0 -0.801456 -0.000000 -0.598054 -0.000000 1.000000 -0.000001 0.598054 -0.000000 -0.801456 11.350015 0.000007 138.106735 20.184324 7.750000 1.175225 152.dat
10 0 -9.250000 -10.000000 -20.000000 153.183502 41.183502 0.000000 152.dat
0 2 0.000000 0.000000 1.000000 0.000000 1.000000 -0.000000 -1.000000 0.000000 0.000000 0.000002 10.000002 19.999998 0 0 0.800000 0 0 152.dat
0 2 0.000000 0.000000 1.000000 0.000000 1.000000 -0.000000 -1.000000 0.000000 0.000000 0.000005 10.000002 39.999996 0 0 0.800000 0 0 152.dat
0 2 0.000000 0.000000 1.000000 0.000000 1.000000 -0.000000 -1.000000 0.000000 0.000000 0.000007 10.000004 59.999996 0 0 0.800000 0 0 152.dat
0 2 0.000000 0.000000 1.000000 0.000000 1.000000 -0.000000 -1.000000 0.000000 0.000000 0.000010 10.000005 79.999992 0 0 0.800000 0 0 152.dat
0 2 0.000000 0.000000 1.000000 0.000000 1.000000 -0.000000 -1.000000 0.000000 0.000000 0.000012 10.000006 99.999992 0 0 0.800000 0 0 152.dat
0 2 0.000000 0.000000 1.000000 0.000000 1.000000 -0.000000 -1.000000 0.000000 0.000000 0.000014 10.000008 119.999992 0 0 0.800000 0 0 152.dat
0 4 0.000000 0.000000 1.000000 0.000000 1.000000 -0.000000 -1.000000 0.000000 0.000000 0.000000 10.000000 0.000000 0 0 0.800000 0 0 152.dat
0 4 0.799999 0.000000 0.600001 -0.000000 1.000000 0.000000 -0.600001 -0.000000 0.799999 32.000015 10.000007 144.000000 0 0 0.800000 0 0 152.dat
0 2 0.799999 0.000000 0.600001 -0.000000 1.000000 0.000000 -0.600001 -0.000000 0.799999 15.999990 10.000007 132.000000 0 0 0.800000 0 0 152.dat
2 22 0.000000 0.000000 1.000000 0.000000 1.000000 -0.000000 -1.000000 0.000000 0.000000 -9.999999 10.000002 10.000001 2 10 22:2:1,22:2:1,22:2:1,22:2:1,22:2:1,22:2:1,22:2:1,22:2:1,22:2:1,22:2:1,29:0:1,22:2:1,16:4:64,22:2:1,16:4:64,22:2:1,16:4:64,22:2:1,16:4:64,22:2:1,16:4:64,29:0:1,22:2:1,22:2:1,22:2:1,22:2:1,22:2:1,22:2:1,22:2:1,22:2:1,22:2:1,22:2:1,29:0:1, 152.dat
2 22 0.799921 -0.000000 0.600106 0.000000 1.000000 -0.000000 -0.600106 0.000000 0.799921 -14.000261 10.000009 121.998238 2 4 29:0:1,22:2:1,22:2:1,22:2:1,22:2:1,29:0:1,16:4:64,22:2:1,16:4:64,22:2:1,29:0:1,29:0:1,22:2:1,22:2:1,22:2:1, 152.dat
2 22 0.000000 0.000000 1.000000 -0.000000 -1.000000 0.000000 1.000000 -0.000000 -0.000000 9.999999 -10.000000 10.000000 2 10 22:2:1,22:2:1,22:2:1,22:2:1,22:2:1,22:2:1,22:2:1,22:2:1,22:2:1,22:2:1,29:0:1,22:2:1,16:4:64,22:2:1,16:4:64,22:2:1,16:4:64,22:2:1,16:4:64,22:2:1,16:4:64,29:0:1,22:2:1,22:2:1,22:2:1,22:2:1,22:2:1,22:2:1,22:2:1,22:2:1,22:2:1,22:2:1,29:0:1, 152.dat
2 22 0.799921 0.000000 0.600106 -0.000000 -1.000000 0.000000 0.600106 0.000000 -0.799921 -1.998140 -9.999994 105.999741 2 4 29:0:1,29:0:1,22:2:1,22:2:1,22:2:1,29:0:1,16:4:64,22:2:1,16:4:64,22:2:1,29:0:1,22:2:1,22:2:1,22:2:1,22:2:1, 152.dat
