9 0 0.867819 -0.496880 0.000000 0.496880 0.867819 0.000000 0.000000 0.000000 1.000000 -4.220152 -7.370648 0.000000 4.702375 0.493300 9.750000 15790.dat
9 0 0.003599 -0.999994 0.000000 0.999994 0.003599 0.000000 0.000000 0.000000 1.000000 -8.493234 -0.030572 0.000000 4.702375 0.493300 9.750000 15790.dat
9 0 -0.864220 -0.503113 0.000000 0.503113 -0.864220 0.000000 0.000000 0.000000 1.000000 -4.273082 7.340076 0.000000 4.702375 0.493300 9.750000 15790.dat
9 0 -0.867819 0.496880 0.000000 -0.496880 -0.867819 0.000000 0.000000 0.000000 1.000000 4.220152 7.370648 0.000000 4.702375 0.493300 9.750000 15790.dat
9 0 -0.003599 0.999994 0.000000 -0.999994 -0.003599 0.000000 0.000000 0.000000 1.000000 8.493234 0.030572 0.000000 4.702375 0.493300 9.750000 15790.dat
9 0 0.864220 0.503113 0.000000 -0.503113 0.864220 0.000000 0.000000 0.000000 1.000000 4.273082 -7.340076 0.000000 4.702375 0.493300 9.750000 15790.dat
9 0 0.867819 -0.496880 0.000000 0.485413 0.847792 0.213596 -0.106132 -0.185363 0.976922 42.382668 -24.181396 -0.966850 39.695503 10.669775 1.993950 15790.dat
9 0 -0.864220 -0.503113 0.000000 0.491502 -0.844276 0.213597 -0.107463 0.184595 0.976922 -42.133133 -24.613867 -0.966850 39.695503 10.669775 1.993950 15790.dat
9 0 -0.003599 0.999994 -0.000000 -0.976915 -0.003516 0.213597 0.213595 0.000769 0.976922 -0.249670 48.795082 -0.966850 39.695503 10.669775 1.993950 15790.dat
10 0 -53.705753 -82.023499 -20.000000 89.744255 82.097504 0.000000 15790.dat
0 2 0.496880 0.867819 -0.000000 0.000000 -0.000000 -1.000000 -0.867819 0.496880 -0.000000 0.000000 0.000000 -10.000000 0 0 0.800000 0 0 15790.dat
