9 0 0.926649 0.000000 -0.375928 0.000000 1.000000 0.000000 0.375928 0.000000 0.926649 2.109215 5.001500 -0.855678 0.204000 4.748525 2.480175 22667.dat
9 0 0.375928 0.000000 0.926649 0.000000 1.000000 0.000000 -0.926649 0.000000 0.375928 -0.855678 5.001500 -2.109215 0.204000 4.748525 2.480175 22667.dat
9 0 -0.375928 0.000000 -0.926649 0.000000 1.000000 0.000000 0.926649 0.000000 -0.375928 0.855678 5.001500 2.109215 0.204000 4.748525 2.480175 22667.dat
9 0 -0.926649 0.000000 0.375928 0.000000 1.000000 0.000000 -0.375928 0.000000 -0.926649 -2.109215 5.001500 0.855678 0.204000 4.748525 2.480175 22667.dat
9 0 0.926649 0.000000 -0.375928 0.000000 1.000000 0.000000 0.375928 0.000000 0.926649 1.051275 8.828925 -17.987589 3.096225 3.096225 3.096225 22667.dat
9 0 0.926649 0.000000 -0.375928 0.000000 1.000000 0.000000 0.375928 0.000000 0.926649 -12.350242 8.828925 -18.227264 3.096225 3.096225 3.096225 22667.dat
9 0 0.994061 0.051145 0.096060 -0.085481 0.913242 0.398348 -0.067352 -0.404194 0.912190 -1.362914 4.404700 -8.239791 0.298600 0.298600 6.666925 22667.dat
9 0 0.801963 0.057347 -0.594615 0.196181 0.914892 0.352826 0.564242 -0.399605 0.722459 -8.392806 4.607700 -7.934192 0.197275 0.197275 8.425425 22667.dat
9 0 0.926649 0.000000 -0.375928 0.000000 1.000000 0.000000 0.375928 0.000000 0.926649 -0.001691 1.145425 0.000686 1.574025 0.892450 1.572200 22667.dat
10 0 -9.798650 -3.552575 -3.902100 12.887150 9.997000 26.830250 22667.dat
2 22 0.926649 0.000000 -0.375928 0.000000 1.000000 0.000000 0.375928 0.000000 0.926649 -5.507209 10.000000 13.025769 2 2 29:0:0,29:0:0,29:0:0,29:0:0,9:4:32,29:0:0,29:0:0,29:0:0,29:0:0, 22667.dat
0 21 0.375928 0.000000 0.926649 0.000000 1.000000 0.000000 -0.926649 0.000000 0.375928 0.000000 10.000000 0.000000 0 0 0.399880 0 0 22667.dat
0 14 0.926649 0.000000 -0.375928 0.000000 1.000000 0.000000 0.375928 0.000000 0.926649 0.000000 10.000000 0.000000 0 1 0.300000 0 0 22667.dat
