9 0 1.000000 0.000000 0.000000 0.000000 -0.645399 -0.763846 0.000000 0.763846 -0.645399 -0.089475 -12.720426 1.327225 4.621825 3.576575 12.223675 2338.dat
9 0 -0.000000 -0.000000 -1.000000 -1.000000 -0.000000 0.000000 -0.000000 1.000000 -0.000000 -15.873325 8.796050 0.000000 7.483325 2.842975 9.371500 2338.dat
9 0 -0.866025 -0.000000 -0.500000 -0.500000 0.000000 0.866025 0.000000 1.000000 0.000000 -7.920225 11.192675 13.718200 7.481175 2.810075 11.768150 2338.dat
9 0 -0.866025 0.000000 0.500000 0.500000 0.000000 0.866025 0.000000 1.000000 0.000000 7.920199 11.192675 13.718200 7.483325 2.810075 11.768150 2338.dat
9 0 0.866025 0.000000 -0.500000 -0.500000 0.000000 -0.866025 0.000000 1.000000 -0.000000 -6.879900 1.388475 -11.916349 7.483325 0.729475 3.713375 2338.dat
9 0 -0.000000 0.000000 1.000000 1.000000 -0.000000 0.000000 0.000000 1.000000 -0.000000 15.873325 8.796050 0.000000 7.483325 2.842975 9.371500 2338.dat
9 0 0.866025 0.000000 0.500000 0.500000 0.000000 -0.866025 0.000000 1.000000 -0.000000 6.879900 1.388475 -11.916349 7.481175 0.729475 3.713375 2338.dat
9 0 1.000000 0.000000 0.000000 0.000000 -0.000000 -1.000000 0.000000 1.000000 -0.000000 0.000000 -12.904374 7.759600 8.194525 4.789850 12.519600 2338.dat
9 0 1.000000 0.000000 0.000000 0.000000 -0.000000 -1.000000 0.000000 1.000000 -0.000000 -0.270575 -6.269150 2.918675 11.771074 11.264500 5.884375 2338.dat
10 0 -19.863874 -23.987700 -20.384775 19.863874 25.857500 16.289749 2338.dat
2 22 1.000000 0.000000 0.000000 0.000000 1.000000 0.000000 0.000000 0.000000 1.000000 -10.000000 0.000000 10.000000 2 2 29:0:0,29:0:0,29:0:0,29:0:0,15:4:34,29:0:0,29:0:0,29:0:0,29:0:0, 2338.dat
