9 0 -0.000000 -0.000000 -1.000000 1.000000 0.000000 -0.000000 0.000000 -1.000000 0.000000 0.000000 72.000000 0.000000 9.750000 9.750000 23.750000 2339.dat
9 0 -0.000000 0.000000 -1.000000 1.000000 0.000000 -0.000000 -0.000000 -1.000000 -0.000000 0.000006 33.655994 19.162500 8.912500 9.750000 9.406051 2339.dat
9 0 -0.000000 -0.000000 -1.000000 1.000000 0.000000 -0.000000 0.000000 -1.000000 0.000000 0.000013 12.870997 40.000000 9.750000 9.750000 12.621000 2339.dat
9 0 -0.000000 -0.000000 -1.000000 1.000000 0.000000 -0.000000 0.000000 -1.000000 0.000000 0.000022 11.968750 70.000000 19.750000 9.750000 3.718675 2339.dat
9 0 -0.000000 0.965926 -0.258819 1.000000 0.000000 -0.000000 -0.000000 -0.258819 -0.965926 0.000003 74.313698 9.065576 11.951475 9.750000 3.539475 2339.dat
9 0 -0.000001 0.866025 -0.500001 1.000000 0.000001 -0.000001 -0.000001 -0.500001 -0.866025 0.000005 52.763748 15.112599 11.951475 9.750000 6.222525 2339.dat
9 0 0.000000 0.707107 -0.707106 1.000000 -0.000000 0.000000 0.000000 -0.707106 -0.707107 0.000009 34.854744 28.854748 11.951475 9.750000 6.222525 2339.dat
9 0 -0.000000 0.500000 -0.866025 1.000000 0.000000 -0.000000 -0.000000 -0.866025 -0.500000 0.000015 21.112495 46.763752 11.951475 9.750000 6.222525 2339.dat
9 0 -0.000000 0.258820 -0.965926 1.000000 0.000000 -0.000000 -0.000000 -0.965926 -0.258820 0.000021 15.065497 68.313751 11.951475 9.750000 3.539475 2339.dat
10 0 -10.000000 0.000000 -10.000000 90.000000 100.450005 10.000000 2339.dat
3 23 0.000000 0.000000 1.000000 0.000000 1.000000 0.000000 -1.000000 0.000000 0.000000 -10.000003 48.000000 -9.999997 2 2 18:1:1,23:4:1,29:0:1,23:4:1,0:4:1,23:4:1,18:1:1,23:4:1,29:0:1, 2339.dat
3 23 0.000000 0.000000 1.000000 0.000000 1.000000 0.000000 -1.000000 0.000000 0.000000 -9.999997 23.999994 10.000003 2 2 18:1:1,23:4:1,29:0:1,23:4:1,0:4:1,23:4:1,18:1:1,23:4:1,29:0:1, 2339.dat
3 23 0.000000 0.000000 1.000000 0.000000 1.000000 0.000000 -1.000000 0.000000 0.000000 -9.999990 0.000000 30.000004 2 2 18:1:1,23:4:1,18:1:1,23:4:1,0:4:1,23:4:1,18:1:1,23:4:1,18:1:1, 2339.dat
3 23 0.000000 0.000000 1.000000 0.000000 1.000000 0.000000 -1.000000 0.000000 0.000000 -9.999985 7.999998 50.000008 2 4 29:0:1,23:4:1,18:2:1,23:4:1,18:1:1,23:4:1,0:4:1,23:4:1,0:4:1,23:4:1,29:0:1,23:4:1,18:2:1,23:4:1,18:1:1, 2339.dat
2 22 0.000000 0.000000 1.000000 0.000000 1.000000 0.000000 -1.000000 0.000000 0.000000 -10.000003 96.000000 -9.999997 2 2 22:1:1,22:2:1,22:1:1,22:2:1,15:4:1,22:2:1,22:1:1,22:2:1,22:1:1, 2339.dat
