9 0 0.000000 0.000000 -1.000000 0.000000 1.000000 0.000000 1.000000 0.000000 0.000000 0.000000 68.000000 -40.000000 39.750000 3.750000 9.750000 2340.dat
9 0 0.000000 0.000000 -1.000000 0.000000 1.000000 0.000000 1.000000 0.000000 0.000000 -0.000000 1.875001 0.000000 19.750000 1.625000 9.750000 2340.dat
9 0 0.000000 -0.315015 -0.949087 0.000000 0.949087 -0.315015 1.000000 0.000000 0.000000 -0.000000 36.230003 -2.195125 10.487625 33.875000 1.625000 2340.dat
9 0 0.000000 -0.705872 -0.708340 0.000000 0.708340 -0.705872 1.000000 0.000000 0.000000 0.000000 34.420002 -45.743500 3.163900 44.883251 1.625000 2340.dat
9 0 0.000000 -0.705622 -0.708588 0.000000 0.708588 -0.705622 1.000000 0.000000 0.000000 0.000000 36.153255 -25.047525 16.164125 32.757500 1.625000 2340.dat
9 0 -0.000000 -1.000000 0.000000 0.000000 -0.000000 -1.000000 1.000000 0.000000 0.000000 0.000000 59.203953 -36.027000 10.934650 26.993502 1.625000 2340.dat
10 0 -30.000002 0.000000 -10.000000 70.000000 76.450005 10.000000 2340.dat
3 23 0.000000 0.000000 -1.000000 0.000000 1.000000 0.000000 1.000000 0.000000 0.000000 10.000000 0.000000 20.000002 2 4 18:1:1,23:4:1,18:2:1,23:4:1,18:1:1,23:4:1,1:4:1,23:4:1,1:4:1,23:4:1,18:1:1,23:4:1,18:2:1,23:4:1,18:1:1, 2340.dat
2 22 0.000000 0.000000 -1.000000 0.000000 1.000000 0.000000 1.000000 0.000000 0.000000 10.000000 72.000000 0.000000 2 8 22:1:1,22:2:1,22:2:1,22:2:1,22:2:1,22:2:1,22:2:1,22:2:1,22:1:1,22:2:1,15:4:1,9:4:1,15:4:1,9:4:1,15:4:1,9:4:1,15:4:1,22:2:1,22:1:1,22:2:1,22:2:1,22:2:1,22:2:1,22:2:1,22:2:1,22:2:1,22:1:1, 2340.dat
