9 0 -1.000000 -0.000000 -0.000000 0.000000 0.000000 -1.000000 0.000000 -1.000000 0.000000 0.000000 -2.875000 -0.000025 9.750000 3.750025 5.125025 2376.dat
9 0 -1.000000 0.000000 0.000000 -0.000000 0.000000 -1.000000 -0.000000 -1.000000 0.000000 0.000000 -22.192501 -0.000025 4.750025 3.750025 1.192625 2376.dat
9 0 -0.000000 0.000000 1.000000 0.000000 1.000000 0.000000 -1.000000 0.000000 -0.000000 0.000000 1.250000 0.000000 13.750000 1.000000 13.750000 2376.dat
9 0 -0.500001 -0.866025 -0.000001 0.000001 0.000001 -1.000000 0.866025 -0.500001 0.000001 6.353500 -18.643250 -0.000025 4.750000 3.750025 1.073900 2376.dat
9 0 -0.500001 0.866025 0.000001 -0.000001 0.000001 -1.000000 -0.866025 -0.500001 0.000001 -6.353475 -18.643250 -0.000025 4.750050 3.750025 1.073875 2376.dat
9 0 -0.000005 -1.000000 0.000000 -0.000000 -0.000000 -1.000000 1.000000 -0.000005 -0.000000 8.125000 -11.638801 -0.000025 3.086200 3.750025 1.625025 2376.dat
9 0 0.000007 1.000000 -0.000000 0.000000 -0.000000 -1.000000 -1.000000 0.000007 -0.000000 -8.122576 -11.638801 -0.000025 3.086200 3.750025 1.622575 2376.dat
9 0 1.000000 0.000000 0.000000 0.000000 1.000000 0.000000 0.000000 0.000000 1.000000 0.000000 5.775000 0.000000 6.202350 1.975000 6.202350 2376.dat
9 0 0.966066 0.000000 -0.258297 0.258297 0.000000 0.966066 0.000000 -1.000000 0.000000 -4.861025 4.000000 -18.140476 4.926375 0.285250 3.750000 2376.dat
9 0 0.965786 0.000000 0.259340 -0.259340 -0.000000 0.965786 0.000000 -1.000000 -0.000000 4.860450 4.000000 -18.140625 4.926375 0.285250 3.750000 2376.dat
9 0 0.258298 -0.000000 0.966065 -0.966065 -0.000000 0.258298 0.000000 -1.000000 -0.000000 18.140501 4.000000 -4.861025 4.926375 0.285250 3.750000 2376.dat
9 0 -0.259341 0.000000 0.965786 -0.965786 0.000000 -0.259341 -0.000000 -1.000000 0.000000 18.140501 4.000000 4.860475 4.926375 0.285250 3.750000 2376.dat
9 0 -0.966065 0.000000 0.258298 -0.258298 0.000000 -0.966065 0.000000 -1.000000 0.000000 4.861025 4.000000 18.140501 4.926375 0.285250 3.750000 2376.dat
9 0 -0.965786 -0.000000 -0.259340 0.259340 0.000000 -0.965786 0.000000 -1.000000 0.000000 -4.860475 4.000000 18.140501 4.926375 0.285250 3.750000 2376.dat
9 0 -0.258298 -0.000000 -0.966065 0.966065 0.000000 -0.258298 0.000000 -1.000000 0.000000 -18.140476 4.000000 4.861025 4.926375 0.285250 3.750000 2376.dat
9 0 0.259341 0.000000 -0.965786 0.965786 0.000000 0.259341 0.000000 -1.000000 0.000000 -18.140625 4.000000 -4.860475 4.926375 0.285250 3.750000 2376.dat
9 0 -0.707107 0.000000 0.707107 0.000000 1.000000 0.000000 -0.707107 0.000000 -0.707107 0.000000 1.250000 0.000000 13.750000 1.000000 13.750000 2376.dat
10 0 -10.000000 0.000000 -30.000002 30.000002 32.974998 10.000000 2376.dat
2 22 1.000000 0.000000 0.000000 0.000000 1.000000 0.000000 0.000000 0.000000 1.000000 -20.000000 8.000000 20.000002 4 4 29:0:1,22:2:1,22:2:1,22:2:1,29:0:1,22:2:1,15:4:0,15:4:0,15:4:0,22:2:1,22:2:1,15:4:0,22:2:1,15:4:0,22:2:1,22:2:1,15:4:0,15:4:0,15:4:0,22:2:1,29:0:1,22:2:1,22:2:1,22:2:1,29:0:1, 2376.dat
0 12 1.000000 0.000000 0.000000 0.000000 -0.000000 -1.000000 0.000000 1.000000 -0.000000 0.000000 -14.500000 -4.000000 0 0 0.320000 0 0 2376.dat
6 137 1.000000 0.000000 0.000000 0.000000 1.000000 0.000000 0.000000 0.000000 1.000000 0.000000 8.000000 0.000000 0.000000 0.000000 0.000000 0.000000 1 2376.dat
2 22 1.000000 0.000000 0.000000 0.000000 -0.000000 -1.000000 0.000000 1.000000 -0.000000 -10.000000 -4.500000 -4.000000 2 2 29:0:0,29:0:0,29:0:0,29:0:0,15:4:96,29:0:0,29:0:0,29:0:0,29:0:0, 2376.dat
2 22 -1.000000 0.000000 -0.000000 -0.000000 0.000000 1.000000 0.000000 1.000000 0.000000 10.000000 -4.500000 4.000000 2 2 29:0:0,29:0:0,29:0:0,29:0:0,15:4:96,29:0:0,29:0:0,29:0:0,29:0:0, 2376.dat
1 10 -0.000000 0.000000 1.000000 1.000000 -0.000000 0.000000 0.000000 1.000000 -0.000000 0.000000 -14.500000 0.000000 2376.dat
