9 0 -1.000000 -0.000000 -0.000000 0.000000 0.000000 -1.000000 0.000000 -1.000000 0.000000 -29.875002 1.874998 0.125000 6.125000 9.625000 1.625025 2437.dat
9 0 -1.000000 -0.000000 -0.000000 0.000000 0.000000 -1.000000 0.000000 -1.000000 0.000000 -38.125004 16.000000 16.375000 1.625000 13.375001 15.750000 2437.dat
9 0 -1.000000 -0.000000 -0.000000 0.000000 0.000000 -1.000000 0.000000 -1.000000 0.000000 29.803997 1.874998 0.125000 6.196100 9.625000 1.625025 2437.dat
9 0 -1.000000 0.000000 0.000000 -0.000000 0.000000 -1.000000 -0.000000 -1.000000 0.000000 38.124996 16.000000 16.375000 1.625025 13.375001 15.750000 2437.dat
9 0 -1.000000 0.000000 0.000000 -0.000000 -0.600001 -0.799999 -0.000000 -0.799999 0.600001 38.124996 15.999624 -2.583851 1.625025 5.082725 15.750000 2437.dat
9 0 -0.556510 -0.498508 -0.664670 0.830841 -0.333907 -0.445208 0.000002 -0.799998 0.600003 -33.387177 15.515325 -15.729600 1.625050 5.082725 15.750000 2437.dat
9 0 -1.000000 0.000000 0.000000 -0.000000 -0.600001 -0.799999 -0.000000 -0.799999 0.600001 0.000000 14.519975 -18.515024 29.750002 1.450000 16.625000 2437.dat
9 0 0.719889 -0.416455 -0.555270 0.694089 0.431935 0.575911 -0.000000 -0.799999 0.600002 32.351501 15.884224 -15.237724 1.625000 5.082725 15.750000 2437.dat
9 0 -1.000000 0.000000 0.000000 -0.000000 -0.600001 -0.799999 -0.000000 -0.799999 0.600001 -38.125004 15.999624 -2.583851 1.625000 5.082725 15.750000 2437.dat
9 0 -1.000000 0.000000 0.000000 -0.000000 0.000000 -1.000000 -0.000000 -1.000000 0.000000 0.000000 28.000000 -19.875000 29.750002 9.875000 3.750000 2437.dat
9 0 -1.000000 0.000000 0.000000 -0.000000 0.000000 -1.000000 -0.000000 -1.000000 0.000000 -38.125004 28.000000 -9.479600 1.625000 11.979600 3.750000 2437.dat
9 0 -1.000000 0.000000 0.000000 -0.000000 0.000000 -1.000000 -0.000000 -1.000000 0.000000 38.124996 28.000000 -9.479600 1.625000 11.979600 3.750000 2437.dat
10 0 -10.000000 0.000000 -50.000000 70.000000 36.449997 10.000000 2437.dat
2 22 1.000000 0.000000 0.000000 0.000000 1.000000 0.000000 0.000000 0.000000 1.000000 -40.000000 32.000000 -10.000000 2 8 22:1:1,22:2:1,22:2:1,22:2:1,22:2:1,22:2:1,22:2:1,22:2:1,22:1:1,22:2:1,15:4:2,9:4:1,15:4:1,9:4:1,15:4:1,9:4:1,15:4:2,22:2:1,22:1:1,22:2:1,22:2:1,22:2:1,22:2:1,22:2:1,22:2:1,22:2:1,22:1:1, 2437.dat
3 23 1.000000 0.000000 0.000000 0.000000 1.000000 0.000000 0.000000 0.000000 1.000000 19.999998 0.000000 10.000001 2 2 29:0:0,29:0:0,29:0:0,29:0:0,1:4:32,29:0:0,29:0:0,29:0:0,29:0:0, 2437.dat
3 23 1.000000 0.000000 0.000000 0.000000 1.000000 0.000000 0.000000 0.000000 1.000000 -40.000000 0.000000 10.000001 2 2 29:0:0,29:0:0,29:0:0,29:0:0,1:4:32,29:0:0,29:0:0,29:0:0,29:0:0, 2437.dat
