9 0 -0.000000 -0.000000 1.000000 -1.000000 0.000000 -0.000000 0.000000 -1.000000 -0.000000 0.000000 0.875000 0.000000 19.750000 19.750000 0.625000 2444.dat
9 0 -0.000000 -0.000000 1.000000 -1.000000 0.000000 -0.000000 0.000000 -1.000000 -0.000000 0.000000 4.000000 13.875000 5.875000 19.750000 3.750000 2444.dat
9 0 -0.000000 -0.000000 1.000000 -1.000000 0.000000 -0.000000 0.000000 -1.000000 -0.000000 0.000000 4.000000 -13.874999 5.875000 19.750000 3.750000 2444.dat
9 0 0.000000 0.000000 1.000000 -1.000000 0.000000 0.000000 -0.000000 -1.000000 0.000000 -10.375000 4.875000 0.000000 7.500000 9.375000 2.875000 2444.dat
9 0 0.000000 0.258818 -0.965926 -1.000000 0.000000 -0.000000 0.000000 0.965926 0.258818 11.000025 11.724524 -8.302099 0.572825 8.750000 2.273500 2444.dat
9 0 0.000000 0.707107 -0.707106 -1.000000 0.000000 0.000000 0.000000 0.707106 0.707107 11.000025 15.577549 -6.077549 0.572825 8.750000 2.273500 2444.dat
9 0 0.000000 0.965926 -0.258818 -1.000000 0.000000 0.000000 0.000000 0.258818 0.965926 11.000025 17.802099 -2.224550 0.572825 8.750000 2.273475 2444.dat
9 0 0.000000 0.965926 0.258819 -1.000000 0.000000 0.000000 0.000000 -0.258819 0.965926 11.000025 17.802099 2.224525 0.572825 8.750000 2.273500 2444.dat
9 0 -0.000001 0.707107 0.707106 -1.000000 -0.000000 -0.000001 -0.000000 -0.707106 0.707107 11.000025 15.577549 6.077550 0.572825 8.750000 2.273500 2444.dat
9 0 0.000001 0.258818 0.965926 -1.000000 0.000000 0.000001 0.000000 -0.965926 0.258818 11.000025 11.724549 8.302100 0.572825 8.750000 2.273475 2444.dat
10 0 -10.000000 -11.500000 -30.000002 30.000002 12.500000 10.000000 2444.dat
3 23 0.000000 0.000000 -1.000000 0.000000 1.000000 0.000000 1.000000 0.000000 0.000000 20.000002 0.000000 20.000000 4 4 18:1:1,23:4:1,18:2:1,23:4:1,18:1:1,23:4:1,1:4:1,23:4:1,1:4:1,23:4:1,18:2:1,23:4:1,18:4:1,23:4:1,18:2:1,23:4:1,1:4:1,23:4:1,1:4:1,23:4:1,18:1:1,23:4:1,18:2:1,23:4:1,18:1:1, 2444.dat
0 2 0.000000 1.000000 0.000000 1.000000 -0.000000 -0.000000 -0.000000 0.000000 -1.000000 20.000002 9.500000 0.000000 0 0 0.800000 0 0 2444.dat
2 22 0.000000 0.000000 -1.000000 0.000000 1.000000 0.000000 1.000000 0.000000 0.000000 0.000000 8.000000 20.000000 2 4 22:1:1,22:2:1,22:2:1,22:2:1,22:1:1,22:2:1,15:4:1,9:4:1,15:4:1,22:2:1,22:1:1,22:2:1,22:2:1,22:2:1,22:1:1, 2444.dat
2 22 -0.000000 0.000000 1.000000 1.000000 0.000000 0.000000 0.000000 1.000000 -0.000000 20.000002 19.500000 -10.000000 2 2 22:1:1,22:2:1,22:1:1,22:2:1,16:4:64,22:2:1,22:1:1,22:2:1,22:1:1, 2444.dat
