9 0 0.000000 -0.834203 -0.551457 0.000000 -0.551457 0.834203 -1.000000 -0.000000 -0.000000 21.844038 -4.661001 -18.432751 17.881901 1.629925 7.905975 2464.dat
9 0 0.000001 -0.529896 -0.848063 -0.000001 -0.848063 0.529896 -1.000000 0.000000 -0.000002 27.710606 13.292074 2.785453 11.542475 5.008025 2.039400 2464.dat
9 0 -0.342678 -0.874725 -0.342678 0.618524 -0.484619 0.618524 -0.707107 -0.000000 0.707107 -3.414567 -3.684001 -3.414582 16.290100 0.603300 16.500000 2464.dat
9 0 -0.572488 -0.586952 -0.572490 0.415037 -0.809622 0.415038 -0.707108 0.000000 0.707106 7.015030 9.693800 7.015021 4.200450 5.500000 11.566051 2464.dat
9 0 -1.000000 0.000000 -0.000000 -0.000000 -1.000000 0.000000 -0.000000 0.000000 1.000000 0.000004 -13.021250 6.995070 9.750000 10.728749 2.754925 2464.dat
9 0 0.000000 -0.000000 -1.000000 -0.000000 -1.000000 0.000000 -1.000000 0.000000 -0.000000 7.000007 -13.021250 -0.000004 9.750000 10.728749 2.750000 2464.dat
9 0 -0.707108 0.000000 0.707106 0.000000 -1.000000 0.000000 0.707106 0.000000 0.707108 -6.612240 -21.375002 -6.612257 28.034248 2.375000 4.540950 2464.dat
9 0 -1.000000 0.000000 -0.000000 -0.000000 -1.000000 0.000000 -0.000000 0.000000 1.000000 19.999998 12.000000 24.041626 9.750000 11.750000 5.708375 2464.dat
9 0 -1.000000 0.000000 -0.000000 -0.000000 -1.000000 0.000000 -0.000000 0.000000 1.000000 -12.995000 -12.000002 19.999990 2.745075 11.750000 9.750000 2464.dat
9 0 -1.000000 0.000000 -0.000000 -0.000000 -1.000000 0.000000 -0.000000 0.000000 1.000000 9.999998 5.749999 26.999998 19.750000 5.500000 2.750000 2464.dat
9 0 -0.000000 0.000000 1.000000 0.000000 -1.000000 0.000000 1.000000 0.000000 0.000000 20.000011 -12.000002 -12.997500 2.747600 11.750000 9.750000 2464.dat
9 0 -0.000000 0.000000 1.000000 0.000000 -1.000000 0.000000 1.000000 0.000000 0.000000 27.000004 5.749999 10.000002 19.750000 5.500000 2.750000 2464.dat
9 0 -0.551458 -0.834203 -0.000000 0.834203 -0.551458 0.000000 -0.000000 0.000000 1.000000 -18.445749 -4.652502 21.844013 17.881901 1.614350 7.905975 2464.dat
9 0 -0.848063 -0.529896 -0.000000 0.529896 -0.848063 0.000000 -0.000000 0.000000 1.000000 2.759297 13.333924 27.652195 11.542475 4.958675 2.097800 2464.dat
9 0 -0.101549 -0.829859 -0.548655 0.618524 -0.484621 0.618523 -0.779177 -0.276546 0.562500 9.797163 -4.018502 -16.888254 16.802525 0.603300 3.198575 2464.dat
9 0 -0.548872 -0.829752 -0.101248 0.618523 -0.484620 0.618524 -0.562289 0.276866 0.779215 -16.892748 -4.017751 9.802138 16.802525 0.603300 3.198575 2464.dat
9 0 -1.000000 0.000000 -0.000000 -0.000000 -1.000000 0.000000 -0.000000 0.000000 1.000000 24.041626 12.000000 20.000002 5.708375 11.750000 9.750000 2464.dat
9 0 -0.572489 -0.586952 -0.572488 0.415038 -0.809622 0.415038 -0.707106 0.000000 0.707107 10.344579 13.107474 10.344572 10.376425 5.500000 5.381600 2464.dat
9 0 -0.000000 0.000000 1.000000 0.000000 -1.000000 0.000000 1.000000 0.000000 0.000000 -26.994997 -21.375002 19.999985 9.750000 2.375000 2.754925 2464.dat
9 0 -1.000000 0.000000 -0.000000 -0.000000 -1.000000 0.000000 -0.000000 0.000000 1.000000 -16.995003 -17.557501 26.999989 6.745075 6.192400 2.750000 2464.dat
9 0 -0.000000 0.000000 1.000000 0.000000 -1.000000 0.000000 1.000000 0.000000 0.000000 20.000015 -21.375002 -26.997501 2.752400 2.375000 9.750000 2464.dat
9 0 -0.000000 0.000000 1.000000 0.000000 -1.000000 0.000000 1.000000 0.000000 0.000000 27.000013 -17.208500 -16.997498 6.747600 6.541399 2.750000 2464.dat
9 0 0.000001 -0.529896 -0.848063 -0.000001 -0.848063 0.529896 -1.000000 0.000000 -0.000002 24.041630 12.274124 3.421502 11.542475 3.807700 5.708375 2464.dat
9 0 0.000001 -0.529896 -0.848063 -0.000001 -0.848063 0.529896 -1.000000 0.000000 -0.000002 23.118631 10.728249 -1.317798 6.704100 5.008025 6.631375 2464.dat
9 0 -0.848063 -0.529896 -0.000000 0.529896 -0.848063 0.000000 -0.000000 0.000000 1.000000 3.380349 12.339974 24.041620 11.542475 3.786625 5.708375 2464.dat
9 0 -0.848063 -0.529896 -0.000000 0.529896 -0.848063 0.000000 -0.000000 0.000000 1.000000 -1.441026 10.709450 23.118643 6.589625 4.958675 6.631350 2464.dat
10 0 -10.000000 0.000000 -50.000000 50.000000 52.450001 10.000000 2464.dat
2 22 -1.000000 0.000000 -0.000000 0.000000 1.000000 0.000000 0.000000 0.000000 -1.000000 30.000004 24.000000 10.000003 2 2 22:1:1,22:2:1,22:2:1,22:2:1,15:4:1,22:2:1,22:1:1,22:2:1,22:1:1, 2464.dat
3 23 -1.000000 0.000000 -0.000000 0.000000 1.000000 0.000000 0.000000 0.000000 -1.000000 30.000015 -24.000000 -29.999996 6 6 18:1:1,23:4:1,29:0:1,29:0:1,29:0:1,29:0:1,29:0:1,23:4:1,1:4:5,23:4:1,29:0:1,29:0:1,29:0:1,29:0:1,18:1:1,23:4:1,18:2:1,23:4:1,29:0:1,29:0:1,29:0:1,29:0:1,29:0:1,23:4:1,1:4:5,23:4:1,29:0:1,29:0:1,29:0:1,29:0:1,18:1:1,23:4:1,18:2:1,23:4:1,29:0:1,29:0:1,29:0:1,29:0:1,29:0:1,23:4:1,1:4:5,23:4:1,29:0:1,29:0:1,29:0:1,29:0:1,18:1:1,23:4:1,18:1:1, 2464.dat
0 6 -0.000000 0.000000 1.000000 0.000000 -1.000000 0.000000 1.000000 0.000000 0.000000 0.000006 -28.450001 -0.009856 0 1 0.400000 0 0 2464.dat
0 6 -0.000000 0.000000 1.000000 0.000000 -1.000000 0.000000 1.000000 0.000000 0.000000 -19.990250 -28.450001 19.999987 0 1 0.400000 0 0 2464.dat
0 6 -0.000000 0.000000 1.000000 0.000000 -1.000000 0.000000 1.000000 0.000000 0.000000 20.000013 -28.450001 -19.995251 0 1 0.400000 0 0 2464.dat
3 23 -1.000000 0.000000 -0.000000 0.000000 1.000000 0.000000 0.000000 0.000000 -1.000000 30.000010 0.000000 -9.999998 4 4 18:1:1,23:4:1,29:0:1,29:0:1,29:0:1,23:4:1,1:4:1,29:0:1,29:0:1,29:0:1,18:2:1,23:4:1,29:0:1,29:0:1,29:0:1,23:4:1,0:4:1,23:4:1,1:4:1,23:4:1,18:1:1,23:4:1,18:2:1,23:4:1,18:1:1, 2464.dat
