9 0 -1.000000 -0.000000 -0.000000 0.000000 0.000000 -1.000000 0.000000 -1.000000 0.000000 0.000000 132.000000 0.000000 19.750000 9.750000 3.750000 2466.dat
9 0 -1.000000 -0.000000 -0.000000 0.000000 0.662620 -0.748956 0.000000 -0.748956 -0.662620 0.000000 112.039352 -28.458500 19.750000 1.802200 29.926500 2466.dat
9 0 -1.000000 -0.000000 -0.000000 0.000000 0.000000 -1.000000 0.000000 -1.000000 0.000000 0.000000 63.494755 -47.938747 19.750000 1.802200 27.053499 2466.dat
9 0 -1.000000 0.000000 0.000000 -0.000000 -0.669778 -0.742562 -0.000000 -0.742562 0.669778 0.000000 17.152250 -30.063251 19.750000 1.802225 27.240749 2466.dat
9 0 -1.000000 -0.000000 -0.000000 0.000000 0.662620 -0.748956 0.000000 -0.748956 -0.662620 -18.125000 110.802010 -27.059999 1.625000 3.669600 29.926500 2466.dat
9 0 -1.000000 -0.000000 -0.000000 0.000000 0.000000 -1.000000 0.000000 -1.000000 0.000000 -18.125000 63.494755 -45.995502 1.625000 3.745525 27.053499 2466.dat
9 0 -1.000000 0.000000 0.000000 -0.000000 -0.669779 -0.742561 -0.000000 -0.742561 0.669779 -18.125000 18.972004 -29.028500 1.625000 3.789500 26.582750 2466.dat
9 0 -1.000000 -0.000000 -0.000000 0.000000 0.662620 -0.748956 0.000000 -0.748956 -0.662620 18.125000 110.802010 -27.059999 1.625000 3.669600 29.926500 2466.dat
9 0 -1.000000 -0.000000 -0.000000 0.000000 0.000000 -1.000000 0.000000 -1.000000 0.000000 18.125000 63.494755 -45.995502 1.625000 3.745525 27.053499 2466.dat
9 0 -1.000000 0.000000 0.000000 -0.000000 -0.669779 -0.742561 -0.000000 -0.742561 0.669779 18.125000 18.972004 -29.028500 1.625000 3.789500 26.582750 2466.dat
9 0 -1.000000 -0.000000 -0.000000 0.000000 0.000000 -1.000000 0.000000 -1.000000 0.000000 0.000000 1.374996 0.000000 19.750000 9.750000 1.125000 2466.dat
9 0 -1.000000 -0.000000 -0.000000 0.000000 0.000000 -1.000000 0.000000 -1.000000 0.000000 18.125000 3.999996 0.000000 1.625000 9.750000 3.750000 2466.dat
9 0 -1.000000 -0.000000 -0.000000 0.000000 0.000000 -1.000000 0.000000 -1.000000 0.000000 -18.125000 3.999996 0.000000 1.625000 9.750000 3.750000 2466.dat
9 0 -1.000000 -0.000000 -0.000000 0.000000 0.000000 -1.000000 0.000000 -1.000000 0.000000 0.000000 3.999996 -3.539200 3.750000 13.289200 3.750000 2466.dat
10 0 -10.000000 0.000000 -10.000000 30.000002 144.000000 50.000000 2466.dat
3 23 1.000000 0.000000 0.000000 0.000000 1.000000 0.000000 0.000000 0.000000 1.000000 -20.000000 0.000000 10.000000 2 4 18:1:1,23:4:1,18:2:1,23:4:1,18:1:1,23:4:1,1:4:1,23:4:1,1:4:1,23:4:1,29:0:1,23:4:1,29:0:1,23:4:1,29:0:1, 2466.dat
2 22 1.000000 0.000000 0.000000 0.000000 1.000000 0.000000 0.000000 0.000000 1.000000 -20.000000 136.000000 10.000000 2 4 22:1:1,22:2:1,22:2:1,22:2:1,22:1:1,22:2:1,15:4:1,9:4:1,15:4:1,22:2:1,22:1:1,22:2:1,22:2:1,22:2:1,22:1:1, 2466.dat
2 22 1.000000 0.000000 0.000000 0.000000 1.000000 0.000000 0.000000 0.000000 1.000000 -20.000000 8.000004 10.000000 2 4 22:1:1,29:0:1,22:2:1,29:0:1,22:1:1,22:2:1,15:4:1,23:4:1,15:4:1,22:2:1,22:1:1,22:2:1,22:2:1,22:2:1,22:1:1, 2466.dat
