9 0 1.000000 0.000000 0.000000 0.000000 1.000000 0.000000 0.000000 0.000000 1.000000 -29.943651 96.000000 -46.039600 9.750000 3.750000 10.789600 2483.dat
9 0 1.000000 0.000000 0.000000 0.000000 1.000000 0.000000 0.000000 0.000000 1.000000 30.028248 96.000000 -45.999996 9.721826 3.750000 10.750000 2483.dat
9 0 1.000000 0.000000 0.000000 0.000000 0.647472 -0.762089 0.000000 0.762089 0.647472 -38.443653 86.349098 -62.029476 1.250000 4.749600 13.280150 2483.dat
9 0 1.000000 0.000000 0.000000 0.000000 -0.000000 -1.000000 0.000000 1.000000 -0.000000 -38.443653 66.962502 -69.599998 1.250000 4.750000 12.062500 2483.dat
9 0 1.000000 0.000000 0.000000 0.000000 -0.454360 -0.890818 0.000000 0.890818 -0.454360 -38.443653 36.839001 -60.309875 1.250000 4.779750 22.110676 2483.dat
9 0 1.000000 0.000000 0.000000 0.000000 -0.939483 -0.342597 0.000000 0.342597 -0.939483 38.528252 9.324998 -29.199999 1.221825 3.449200 25.437250 2483.dat
9 0 1.000000 0.000000 0.000000 0.000000 0.647472 -0.762089 0.000000 0.762089 0.647472 0.028250 87.918427 -64.800003 39.721752 1.622100 12.682276 2483.dat
9 0 1.000000 0.000000 0.000000 0.000000 0.647472 -0.762089 0.000000 0.762089 0.647472 38.528252 86.349098 -62.029476 1.221825 4.749600 13.280150 2483.dat
9 0 1.000000 0.000000 0.000000 0.000000 -0.000000 -1.000000 0.000000 1.000000 -0.000000 38.528252 66.962502 -69.799995 1.221825 4.950000 12.062500 2483.dat
9 0 1.000000 0.000000 0.000000 0.000000 -0.000000 -1.000000 0.000000 1.000000 -0.000000 0.028250 66.962502 -72.924995 39.721752 1.825000 12.062500 2483.dat
9 0 1.000000 0.000000 0.000000 0.000000 -0.453998 -0.891003 0.000000 0.891003 -0.453998 0.028250 35.409248 -63.111450 39.721752 1.625350 22.110676 2483.dat
9 0 1.000000 0.000000 0.000000 0.000000 -0.454346 -0.890825 0.000000 0.890825 -0.454346 38.528252 36.848495 -60.294552 1.221825 4.762000 22.110676 2483.dat
9 0 1.000000 0.000000 0.000000 0.000000 -0.939483 -0.342597 0.000000 0.342597 -0.939483 -38.443653 9.324998 -29.199999 1.250000 3.449200 25.437250 2483.dat
9 0 1.000000 0.000000 0.000000 0.000000 -0.939483 -0.342597 0.000000 0.342597 -0.939483 0.000000 7.186752 -29.979700 39.549999 1.173325 25.437250 2483.dat
9 0 -1.000000 -0.000000 -0.000000 0.000000 0.707108 -0.707106 0.000000 -0.707106 -0.707108 34.899998 0.000000 0.000000 0.850000 2.578425 2.578425 2483.dat
9 0 -1.000000 -0.000000 -0.000000 0.000000 0.707108 -0.707106 0.000000 -0.707106 -0.707108 3.187499 0.000000 0.000000 0.937500 2.578425 2.578425 2483.dat
9 0 -1.000000 -0.000000 -0.000000 0.000000 0.707108 -0.707106 0.000000 -0.707106 -0.707108 -3.187501 0.000000 0.000000 0.937500 2.578425 2.578425 2483.dat
9 0 -1.000000 -0.000000 -0.000000 0.000000 0.707108 -0.707106 0.000000 -0.707106 -0.707108 -34.900002 0.000000 0.000000 0.850000 2.578425 2.578425 2483.dat
9 0 1.000000 0.000000 0.000000 0.000000 1.000000 0.000000 0.000000 0.000000 1.000000 -29.062500 -2.125001 -1.499999 6.937500 1.625000 2.050000 2483.dat
9 0 1.000000 0.000000 0.000000 0.000000 1.000000 0.000000 0.000000 0.000000 1.000000 -10.000001 -2.125001 -1.499999 7.875000 1.625000 2.050000 2483.dat
9 0 1.000000 0.000000 0.000000 0.000000 1.000000 0.000000 0.000000 0.000000 1.000000 -10.000001 -2.125001 -1.499999 7.875000 1.625000 2.050000 2483.dat
9 0 1.000000 0.000000 0.000000 0.000000 1.000000 0.000000 0.000000 0.000000 1.000000 9.999999 -2.125001 -1.499999 7.875000 1.625000 2.050000 2483.dat
9 0 1.000000 0.000000 0.000000 0.000000 1.000000 0.000000 0.000000 0.000000 1.000000 29.062498 -2.125001 -1.499999 6.937500 1.625000 2.050000 2483.dat
10 0 -10.000000 0.000000 -49.799999 70.056244 104.000000 30.000002 2483.dat
2 22 1.000000 0.000000 0.000000 0.000000 1.000000 0.000000 0.000000 0.000000 1.000000 -39.943649 100.000000 -35.000000 2 2 22:1:1,22:2:1,22:1:1,22:2:1,15:4:1,22:2:1,22:1:1,22:2:1,22:1:1, 2483.dat
2 22 1.000000 0.000000 0.000000 0.000000 1.000000 0.000000 0.000000 0.000000 1.000000 20.056248 100.000000 -35.000000 2 2 22:1:1,22:2:1,22:1:1,22:2:1,15:4:1,22:2:1,22:1:1,22:2:1,22:1:1, 2483.dat
6 169 -0.000000 0.000000 -1.000000 1.000000 -0.000000 0.000000 -0.000000 -1.000000 -0.000000 0.000000 0.000000 0.000000 0.000000 0.000000 0.000000 0.000000 0 2483.dat
