9 0 -0.000000 1.000000 -0.000000 0.707107 0.000000 0.707106 0.707106 -0.000000 -0.707107 -5.281474 -117.499992 -94.853500 2.250000 4.142275 0.832525 2488.dat
9 0 -0.000000 1.000000 0.000000 -0.000000 -0.000000 1.000000 1.000000 0.000000 0.000000 -7.373649 -117.499992 -100.095497 2.250000 4.142275 0.832525 2488.dat
9 0 0.000000 1.000000 -0.000000 -0.707107 0.000000 0.707106 0.707106 0.000000 0.707107 -5.146449 -117.499992 -105.281494 2.250000 4.142275 0.832525 2488.dat
9 0 -0.000000 1.000000 0.000000 -1.000000 -0.000000 -0.000000 -0.000000 0.000000 1.000000 0.095476 -117.499992 -107.373749 2.250000 4.142275 0.832525 2488.dat
9 0 -0.000001 1.000000 0.000000 -0.707107 -0.000000 -0.707106 -0.707106 -0.000001 0.707107 5.281476 -117.499992 -105.146500 2.250000 4.142275 0.832525 2488.dat
9 0 0.000000 1.000000 0.000000 -0.000000 0.000000 -1.000000 -1.000000 0.000000 0.000000 7.373652 -117.499992 -99.904503 2.250000 4.142275 0.832525 2488.dat
9 0 0.000001 1.000000 0.000000 0.707107 -0.000000 -0.707106 -0.707106 0.000001 -0.707107 5.146451 -117.499992 -94.718498 2.250000 4.142275 0.832525 2488.dat
9 0 0.000000 0.885243 -0.465128 -0.000000 0.465128 0.885243 1.000000 0.000000 0.000000 -0.012774 -113.643005 -82.450005 1.094675 9.320251 1.368175 2488.dat
9 0 -0.000000 -1.000000 0.000000 0.000000 -0.000000 -1.000000 1.000000 0.000000 0.000000 0.000001 -108.716499 -67.330750 1.387975 6.642550 1.173075 2488.dat
9 0 -0.000000 0.965142 0.261726 -0.000000 -0.261726 0.965142 1.000000 0.000000 0.000000 0.000001 -113.547752 -46.081249 1.420975 17.436024 1.715475 2488.dat
9 0 0.000000 0.930938 -0.365178 -0.000000 0.365178 0.930938 1.000000 0.000000 0.000000 0.000000 -114.045753 -18.053625 1.387975 11.257074 1.039075 2488.dat
9 0 0.000000 0.354207 -0.935167 -0.000000 0.935167 0.354207 1.000000 0.000000 0.000000 0.000000 -98.533249 -3.472675 1.387975 10.743800 1.173075 2488.dat
9 0 0.000000 0.000000 -1.000000 0.000000 1.000000 0.000000 1.000000 0.000000 0.000000 0.000000 -31.758749 0.000000 1.349400 55.508751 1.748425 2488.dat
10 0 -4.000000 0.000000 -10.000000 110.000000 144.000000 10.000000 2488.dat
0 7 1.000000 0.000000 0.000000 0.000000 1.000000 0.000000 -0.000000 0.000000 1.000000 0.000000 24.000000 0.000000 0 0 1.920000 0 0 2488.dat
2 22 0.000000 0.000000 -1.000000 0.000000 1.000000 0.000000 1.000000 0.000000 0.000000 10.000000 24.000000 10.000000 2 2 29:0:0,29:0:0,29:0:0,29:0:0,9:4:32,29:0:0,29:0:0,29:0:0,29:0:0, 2488.dat
2 22 0.000000 0.000000 -1.000000 0.000000 1.000000 0.000000 1.000000 0.000000 0.000000 10.000001 -115.000000 -90.000000 2 2 29:0:0,29:0:0,29:0:0,29:0:0,15:4:32,29:0:0,29:0:0,29:0:0,29:0:0, 2488.dat
2 22 0.000000 0.000000 -1.000000 -0.000000 -1.000000 -0.000000 -1.000000 0.000000 -0.000000 -9.999999 -120.000008 -90.000000 2 2 29:0:0,29:0:0,29:0:0,29:0:0,15:4:32,29:0:0,29:0:0,29:0:0,29:0:0, 2488.dat
