9 0 -0.707106 -0.000001 0.707107 -0.707107 -0.000000 -0.707106 0.000001 -1.000000 -0.000000 13.130799 17.375002 13.130799 4.926375 0.498775 17.125000 2489.dat
9 0 0.707106 0.000000 0.707107 -0.707107 0.000000 0.707106 -0.000000 -1.000000 0.000000 13.130799 17.375002 -13.130800 4.926375 0.498775 17.125000 2489.dat
9 0 0.707106 -0.000000 -0.707107 0.707107 0.000000 0.707106 0.000000 -1.000000 0.000000 -13.130800 17.375002 -13.130800 4.926375 0.498775 17.125000 2489.dat
9 0 -0.707106 0.000001 -0.707107 0.707107 -0.000000 -0.707106 -0.000001 -1.000000 -0.000000 -13.130800 17.375002 13.130799 4.926375 0.498775 17.125000 2489.dat
9 0 -1.000000 -0.000000 -0.000000 0.000000 0.000000 -1.000000 0.000000 -1.000000 0.000000 -7.650826 33.375000 8.000001 5.150825 5.500000 1.125000 2489.dat
9 0 -0.000000 0.000000 -1.000000 1.000000 -0.000000 0.000000 -0.000000 -1.000000 -0.000000 -7.650826 33.375000 -7.650826 5.150825 5.150825 1.125000 2489.dat
9 0 -0.000000 -0.000000 1.000000 -1.000000 -0.000000 0.000000 0.000000 -1.000000 -0.000000 7.650825 33.375000 8.000001 5.500000 5.150825 1.125000 2489.dat
9 0 1.000000 0.000000 0.000000 0.000000 -0.000000 1.000000 0.000000 -1.000000 -0.000000 7.650825 33.375000 -7.650826 5.150825 5.150825 1.125000 2489.dat
9 0 1.000000 0.000000 0.000000 0.000000 -0.000000 1.000000 0.000000 -1.000000 -0.000000 0.000000 33.375000 -12.059825 6.169975 5.684825 1.125000 2489.dat
9 0 -0.000000 0.000000 -1.000000 1.000000 -0.000000 0.000000 -0.000000 -1.000000 -0.000000 -12.213201 33.375000 0.000000 6.169975 5.838200 1.125000 2489.dat
9 0 -1.000000 -0.000000 -0.000000 0.000000 0.000000 -1.000000 0.000000 -1.000000 0.000000 0.000000 33.375000 12.055925 6.169975 5.680925 1.125000 2489.dat
9 0 -0.000000 -0.000000 1.000000 -1.000000 -0.000000 0.000000 0.000000 -1.000000 -0.000000 12.110576 33.375000 0.000000 6.169975 5.735575 1.125000 2489.dat
9 0 -1.000000 -0.000000 -0.000000 0.000000 0.000000 -1.000000 0.000000 -1.000000 0.000000 0.000000 13.775000 14.495799 4.926375 0.498775 17.975000 2489.dat
9 0 -0.707106 -0.000001 0.707107 -0.707107 -0.000000 -0.707106 0.000001 -1.000000 -0.000000 10.250100 13.775000 10.250074 4.926375 0.498775 17.975000 2489.dat
9 0 -0.000000 -0.000000 1.000000 -1.000000 -0.000000 0.000000 0.000000 -1.000000 -0.000000 14.495799 13.775000 0.000000 4.926375 0.498775 17.975000 2489.dat
9 0 0.707106 0.000000 0.707107 -0.707107 0.000000 0.707106 -0.000000 -1.000000 0.000000 10.250074 13.775000 -10.250075 4.926375 0.498775 17.975000 2489.dat
9 0 1.000000 0.000000 0.000000 0.000000 -0.000000 1.000000 0.000000 -1.000000 -0.000000 0.000000 13.775000 -14.495800 4.926375 0.498775 17.975000 2489.dat
9 0 0.707106 -0.000000 -0.707107 0.707107 0.000000 0.707106 0.000000 -1.000000 0.000000 -10.250075 13.775000 -10.250075 4.926375 0.498775 17.975000 2489.dat
9 0 -0.000000 0.000000 -1.000000 1.000000 -0.000000 0.000000 -0.000000 -1.000000 -0.000000 -14.495800 13.775000 0.000000 4.926375 0.498775 17.975000 2489.dat
9 0 -0.707106 0.000001 -0.707107 0.707107 -0.000000 -0.707106 -0.000001 -1.000000 -0.000000 -10.250075 13.775000 10.250100 4.926375 0.498775 17.975000 2489.dat
9 0 0.966066 0.000000 -0.258297 0.258297 0.000000 0.966066 0.000000 -1.000000 0.000000 -4.861025 36.000000 -18.140476 4.926375 0.285250 3.750000 2489.dat
9 0 0.965786 0.000000 0.259340 -0.259340 -0.000000 0.965786 0.000000 -1.000000 -0.000000 4.860450 36.000000 -18.140625 4.926375 0.285250 3.750000 2489.dat
9 0 0.258298 -0.000000 0.966065 -0.966065 -0.000000 0.258298 0.000000 -1.000000 -0.000000 18.140501 36.000000 -4.861025 4.926375 0.285250 3.750000 2489.dat
9 0 -0.259341 0.000000 0.965786 -0.965786 0.000000 -0.259341 -0.000000 -1.000000 0.000000 18.140501 36.000000 4.860475 4.926375 0.285250 3.750000 2489.dat
9 0 -0.966065 0.000000 0.258298 -0.258298 0.000000 -0.966065 0.000000 -1.000000 0.000000 4.861025 36.000000 18.140501 4.926375 0.285250 3.750000 2489.dat
9 0 -0.965786 -0.000000 -0.259340 0.259340 0.000000 -0.965786 0.000000 -1.000000 0.000000 -4.860475 36.000000 18.140501 4.926375 0.285250 3.750000 2489.dat
9 0 -0.258298 -0.000000 -0.966065 0.966065 0.000000 -0.258298 0.000000 -1.000000 0.000000 -18.140476 36.000000 4.861025 4.926375 0.285250 3.750000 2489.dat
9 0 0.259341 0.000000 -0.965786 0.965786 0.000000 0.259341 0.000000 -1.000000 0.000000 -18.140625 36.000000 -4.860475 4.926375 0.285250 3.750000 2489.dat
10 0 -10.000000 0.000000 -30.000002 30.000002 45.250000 10.000000 2489.dat
2 22 1.000000 0.000000 0.000000 0.000000 1.000000 0.000000 0.000000 0.000000 1.000000 -20.000000 40.000000 20.000002 4 4 29:0:1,22:2:1,22:2:1,22:2:1,29:0:1,22:2:1,15:4:0,23:4:1,15:4:0,22:2:1,22:2:1,23:4:1,7:4:0,23:4:1,22:2:1,22:2:1,15:4:0,23:4:1,15:4:0,22:2:1,29:0:1,22:2:1,22:2:1,22:2:1,29:0:1, 2489.dat
0 4 1.000000 0.000000 0.000000 0.000000 1.000000 0.000000 0.000000 0.000000 1.000000 0.000000 34.750000 0.000000 0 0 0.110000 0 0 2489.dat
6 137 1.000000 0.000000 0.000000 0.000000 1.000000 0.000000 0.000000 0.000000 1.000000 0.000000 40.000000 0.000000 0.000000 0.000000 0.000000 0.000000 1 2489.dat
6 136 1.000000 0.000000 0.000000 0.000000 1.000000 0.000000 0.000000 0.000000 1.000000 0.000000 0.000000 0.000000 0.000000 0.000000 0.000000 0.000000 1 2489.dat
