9 0 0.000000 0.000000 -1.000000 0.000000 1.000000 0.000000 1.000000 0.000000 0.000000 -21.625000 17.018751 3.390900 61.299252 21.268751 1.375000 2490.dat
9 0 0.000000 0.000000 -1.000000 0.000000 1.000000 0.000000 1.000000 0.000000 0.000000 -21.625000 -16.306499 -32.686001 22.436100 11.556500 1.375000 2490.dat
9 0 0.000000 0.000000 -1.000000 0.000000 1.000000 0.000000 1.000000 0.000000 0.000000 -13.748924 -32.940250 -32.096249 15.846350 1.329825 3.498925 2490.dat
9 0 0.000000 0.000000 -1.000000 0.000000 1.000000 0.000000 1.000000 0.000000 0.000000 -21.625000 -11.081350 42.282501 22.407576 6.331350 1.375000 2490.dat
9 0 0.000000 0.000000 -1.000000 0.000000 1.000000 0.000000 1.000000 0.000000 0.000000 -21.625000 -22.205751 33.189247 22.939150 4.293175 1.375000 2490.dat
9 0 0.000000 0.816792 -0.576933 -0.000000 0.576933 0.816792 1.000000 0.000000 0.000000 -13.748924 -24.990751 -50.905003 10.484200 1.329825 3.498925 2490.dat
9 0 0.000000 0.481210 -0.876605 -0.000000 0.876605 0.481210 1.000000 0.000000 0.000000 -15.979676 -13.725525 59.071999 0.214500 15.475350 6.044650 2490.dat
9 0 0.000000 0.000000 -1.000000 0.000000 1.000000 0.000000 1.000000 0.000000 0.000000 21.625000 17.018751 3.390900 61.299252 21.268751 1.375000 2490.dat
9 0 0.000000 0.000000 -1.000000 0.000000 1.000000 0.000000 1.000000 0.000000 0.000000 21.625000 -16.306499 -32.686001 22.436100 11.556500 1.375000 2490.dat
9 0 0.000000 0.000000 -1.000000 0.000000 1.000000 0.000000 1.000000 0.000000 0.000000 13.748926 -32.940250 -32.096249 15.846350 1.329825 3.498925 2490.dat
9 0 0.000000 0.000000 -1.000000 0.000000 1.000000 0.000000 1.000000 0.000000 0.000000 21.625000 -11.081350 42.282501 22.407576 6.331350 1.375000 2490.dat
9 0 0.000000 0.000000 -1.000000 0.000000 1.000000 0.000000 1.000000 0.000000 0.000000 21.625000 -22.205751 33.189247 22.939150 4.293175 1.375000 2490.dat
9 0 0.000000 0.816792 -0.576933 -0.000000 0.576933 0.816792 1.000000 0.000000 0.000000 13.748926 -24.990751 -50.905003 10.484200 1.329825 3.498925 2490.dat
9 0 0.000000 -0.105448 -0.994425 0.000000 0.994425 -0.105448 1.000000 0.000000 0.000000 0.000000 -29.122002 29.297001 17.798149 0.392950 22.377951 2490.dat
9 0 0.000000 0.000000 -1.000000 0.000000 1.000000 0.000000 1.000000 0.000000 0.000000 0.000000 -31.087749 11.899875 1.487725 5.351250 17.211575 2490.dat
9 0 0.000000 0.000000 -1.000000 0.000000 1.000000 0.000000 1.000000 0.000000 0.000000 0.000000 -34.219749 -13.000000 2.750000 4.496500 21.596149 2490.dat
9 0 0.000000 0.000000 -1.000000 0.000000 1.000000 0.000000 1.000000 0.000000 0.000000 0.000000 4.000000 0.000000 9.750000 3.750000 19.750000 2490.dat
9 0 0.000000 0.000000 -1.000000 0.000000 1.000000 0.000000 1.000000 0.000000 0.000000 29.750002 -10.500000 22.312500 0.937500 3.750000 4.250000 2490.dat
9 0 0.000000 0.000000 -1.000000 0.000000 1.000000 0.000000 1.000000 0.000000 0.000000 29.750002 -10.500000 11.875001 0.875000 3.750000 4.250000 2490.dat
9 0 0.000000 0.000000 -1.000000 0.000000 1.000000 0.000000 1.000000 0.000000 0.000000 -29.750002 -10.500000 22.312500 0.937500 3.750000 4.250000 2490.dat
9 0 0.000000 0.000000 -1.000000 0.000000 1.000000 0.000000 1.000000 0.000000 0.000000 -29.750002 -10.500000 11.875000 0.875000 3.750000 4.250000 2490.dat
9 0 0.000000 0.097254 -0.995260 -0.000000 0.995260 0.097254 1.000000 0.000000 0.000000 15.979752 18.828699 66.638496 0.339025 15.475350 6.044650 2490.dat
9 0 0.000000 0.097254 -0.995260 -0.000000 0.995260 0.097254 1.000000 0.000000 0.000000 -15.979676 18.828699 66.638496 0.339025 15.475350 6.044650 2490.dat
9 0 0.000000 0.481210 -0.876605 -0.000000 0.876605 0.481210 1.000000 0.000000 0.000000 15.918499 -13.725525 59.071999 0.214500 15.475350 6.044650 2490.dat
10 0 -71.186249 -33.599998 -44.250000 60.461998 52.999996 24.250000 2490.dat
0 6 1.000000 0.000000 0.000000 0.000000 1.000000 0.000000 -0.000000 0.000000 1.000000 -30.000002 -6.500000 17.125000 0 0 0.320000 1 0 2490.dat
0 6 -1.000000 0.000000 0.000000 0.000000 1.000000 0.000000 -0.000000 0.000000 -1.000000 30.000002 -6.500000 17.125000 0 0 0.320000 1 0 2490.dat
3 23 0.000000 0.000000 -1.000000 0.000000 1.000000 0.000000 1.000000 0.000000 0.000000 20.000002 0.000000 10.000000 4 2 29:0:1,23:4:1,29:0:1,23:4:1,0:4:1,23:4:1,18:2:1,23:4:1,18:2:1,23:4:1,0:4:1,23:4:1,29:0:1,23:4:1,29:0:1, 2490.dat
2 22 0.000000 0.000000 -1.000000 0.000000 1.000000 0.000000 1.000000 0.000000 0.000000 20.000002 8.000000 10.000000 4 2 29:0:1,29:0:1,29:0:1,22:2:1,15:4:1,22:2:1,22:2:1,9:4:1,22:2:1,22:2:1,15:4:1,22:2:1,29:0:1,29:0:1,29:0:1, 2490.dat
