9 0 0.000000 0.000000 1.000000 0.000000 1.000000 0.000000 -1.000000 0.000000 0.000000 -0.000003 -8.000000 -38.124992 1.625000 15.750000 39.750000 2512.dat
9 0 -0.923180 -0.384368 0.000000 -0.384368 0.923180 0.000000 -0.000000 -0.000000 -1.000000 43.271107 -4.734750 -10.625007 1.625000 12.763775 29.125000 2512.dat
9 0 0.000000 0.781637 0.623734 -0.000000 0.623734 -0.781637 -1.000000 0.000000 0.000000 0.000021 -6.110975 33.315510 0.822925 18.959349 39.750000 2512.dat
9 0 -1.000000 0.000000 0.000000 0.000000 1.000000 0.000000 -0.000000 0.000000 -1.000000 48.125011 -20.375000 2.585492 1.625000 3.375000 42.335503 2512.dat
9 0 -0.960947 -0.271833 0.051847 -0.196919 0.803322 0.562046 -0.194433 0.529887 -0.825479 44.061394 -7.936650 25.947243 0.804875 6.451475 18.188576 2512.dat
9 0 0.960947 -0.271833 0.051847 0.196920 0.803322 0.562046 -0.194432 -0.529887 0.825479 -44.163483 -7.936650 25.837772 0.804875 6.451475 18.188576 2512.dat
9 0 1.000000 0.000000 -0.000000 0.000000 1.000000 0.000000 0.000000 0.000000 1.000000 -48.124989 -19.948002 2.723524 1.625000 3.375000 42.473499 2512.dat
9 0 0.000000 0.000000 1.000000 0.000000 1.000000 0.000000 -1.000000 0.000000 0.000000 0.000006 4.000000 -10.399567 29.350502 3.750000 39.750000 2512.dat
9 0 0.923036 -0.384713 -0.000000 0.384713 0.923036 -0.000000 0.000000 0.000000 1.000000 -43.291241 -4.770125 -10.624979 1.625000 12.803451 29.125000 2512.dat
10 0 -10.000000 0.000000 -80.000000 80.000000 32.000000 20.000000 2512.dat
3 23 0.000000 0.000000 1.000000 0.000000 1.000000 0.000000 -1.000000 0.000000 0.000000 -19.999996 0.000000 -19.999985 4 4 29:0:1,23:4:1,29:0:1,23:4:1,29:0:1,23:4:1,0:4:1,23:4:1,0:4:1,23:4:1,29:0:1,23:4:1,18:4:1,23:4:1,29:0:1,23:4:1,0:4:1,23:4:1,0:4:1,23:4:1,29:0:1,23:4:1,29:0:1,23:4:1,29:0:1, 2512.dat
2 22 0.000000 0.000000 1.000000 0.000000 1.000000 0.000000 -1.000000 0.000000 0.000000 -40.000004 8.000000 -39.999981 8 6 22:1:1,22:2:1,22:2:1,22:2:1,22:2:1,22:2:1,22:1:1,22:2:1,15:4:1,23:4:1,15:4:1,23:4:1,15:4:1,22:2:1,22:2:1,23:4:1,7:4:2,23:4:1,7:4:2,23:4:1,22:2:1,22:2:1,15:4:1,23:4:1,15:4:1,23:4:1,15:4:1,22:2:1,22:2:1,23:4:1,7:4:2,23:4:1,7:4:2,23:4:1,22:2:1,22:2:1,15:4:1,23:4:1,15:4:1,23:4:1,15:4:1,22:2:1,22:2:1,23:4:1,7:4:2,23:4:1,7:4:2,23:4:1,22:2:1,22:2:1,15:4:1,23:4:1,15:4:1,23:4:1,15:4:1,22:2:1,22:1:1,22:2:1,22:2:1,22:2:1,22:2:1,22:2:1,22:1:1, 2512.dat
