9 0 -0.707107 0.707107 -0.000000 -0.707107 -0.707107 -0.000000 -0.000000 -0.000000 1.000000 -15.422267 -15.922272 -28.748756 12.250000 1.560400 9.739600 2515.dat
9 0 0.000000 1.000000 0.000000 -1.000000 0.000000 -0.000000 -0.000000 -0.000000 1.000000 -21.810392 -0.499997 -28.748756 12.250000 1.560400 9.739600 2515.dat
9 0 0.707107 0.707107 0.000000 -0.707107 0.707107 -0.000000 -0.000000 -0.000000 1.000000 -15.422267 14.922279 -28.748756 12.250000 1.560400 9.739600 2515.dat
9 0 1.000000 0.000000 0.000000 -0.000000 1.000000 0.000000 -0.000000 -0.000000 1.000000 0.000009 21.310404 -28.748747 12.250000 1.560400 9.739600 2515.dat
9 0 0.707107 -0.707107 0.000000 0.707107 0.707107 0.000000 -0.000000 -0.000000 1.000000 15.422285 14.922279 -28.748745 12.250000 1.560400 9.739600 2515.dat
9 0 0.000000 -1.000000 -0.000000 1.000000 0.000000 0.000000 -0.000000 -0.000000 1.000000 21.810410 -0.499997 -28.748745 12.250000 1.560400 9.739600 2515.dat
9 0 -0.707107 -0.707107 -0.000000 0.707107 -0.707107 0.000000 -0.000000 -0.000000 1.000000 15.422285 -15.922272 -28.748745 12.250000 1.560400 9.739600 2515.dat
9 0 0.000000 -1.000000 -0.000000 1.000000 0.000000 0.000000 -0.000000 -0.000000 1.000000 13.617378 -0.499999 -11.379596 10.993750 5.607375 11.129600 2515.dat
9 0 -1.000000 0.000000 -0.000000 0.000000 -1.000000 -0.000000 -0.000000 -0.000000 1.000000 0.000004 -14.117373 -11.379601 10.993750 5.607375 11.129600 2515.dat
9 0 0.000000 1.000000 0.000000 -1.000000 0.000000 -0.000000 -0.000000 -0.000000 1.000000 -13.617373 -0.499999 -11.379604 10.993750 5.607375 11.129600 2515.dat
9 0 1.000000 0.000000 0.000000 -0.000000 1.000000 0.000000 -0.000000 -0.000000 1.000000 0.000004 13.117377 -11.379599 10.993750 5.607375 11.129600 2515.dat
9 0 -1.000000 0.000000 -0.000000 0.000000 -1.000000 -0.000000 -0.000000 -0.000000 1.000000 0.000009 -22.310396 -28.748755 12.250000 1.560400 9.739600 2515.dat
9 0 -0.500000 -0.866025 -0.000000 0.866025 -0.500000 0.000000 -0.000000 -0.000000 1.000000 35.849010 -21.197371 -34.853493 13.345550 21.144775 3.353600 2515.dat
9 0 0.000000 -1.000000 -0.000000 1.000000 0.000000 0.000000 -0.000000 -0.000000 1.000000 64.910004 -0.500000 0.000021 16.539801 4.374075 38.480247 2515.dat
9 0 0.000000 -1.000000 -0.000000 1.000000 0.000000 0.000000 -0.000000 -0.000000 1.000000 41.394760 -0.499997 -34.853485 13.345550 21.144775 3.353600 2515.dat
9 0 0.500000 -0.866025 0.000000 0.866025 0.500000 0.000000 -0.000000 -0.000000 1.000000 56.213749 31.955000 0.000021 16.539801 4.374075 38.480247 2515.dat
9 0 0.500000 -0.866025 0.000000 0.866025 0.500000 0.000000 -0.000000 -0.000000 1.000000 35.849010 20.197378 -34.853485 13.345550 21.144775 3.353600 2515.dat
9 0 0.866025 -0.500000 0.000000 0.500000 0.866025 0.000000 -0.000000 -0.000000 1.000000 32.455002 55.713749 0.000015 16.539801 4.374075 38.480247 2515.dat
9 0 0.866025 -0.500000 0.000000 0.500000 0.866025 0.000000 -0.000000 -0.000000 1.000000 20.697386 35.349003 -34.853493 13.345550 21.144775 3.353600 2515.dat
9 0 1.000000 0.000000 0.000000 -0.000000 1.000000 0.000000 -0.000000 -0.000000 1.000000 -0.000000 64.410004 0.000006 16.539801 4.374075 38.480247 2515.dat
9 0 1.000000 0.000000 0.000000 -0.000000 1.000000 0.000000 -0.000000 -0.000000 1.000000 0.000011 40.894753 -34.853497 13.345550 21.144775 3.353600 2515.dat
9 0 0.866025 0.500000 0.000000 -0.500000 0.866025 -0.000000 -0.000000 -0.000000 1.000000 -32.455002 55.713749 -0.000006 16.539801 4.374075 38.480247 2515.dat
9 0 0.866025 0.500000 0.000000 -0.500000 0.866025 -0.000000 -0.000000 -0.000000 1.000000 -20.697363 35.349003 -34.853504 13.345550 21.144775 3.353600 2515.dat
9 0 0.500000 0.866025 0.000000 -0.866025 0.500000 -0.000000 -0.000000 -0.000000 1.000000 -56.213749 31.955000 -0.000015 16.539801 4.374075 38.480247 2515.dat
9 0 0.500000 0.866025 0.000000 -0.866025 0.500000 -0.000000 -0.000000 -0.000000 1.000000 -35.848988 20.197378 -34.853508 13.345550 21.144775 3.353600 2515.dat
9 0 0.000000 1.000000 0.000000 -1.000000 0.000000 -0.000000 -0.000000 -0.000000 1.000000 -64.910004 -0.500000 -0.000021 16.539801 4.374075 38.480247 2515.dat
9 0 0.000000 1.000000 0.000000 -1.000000 0.000000 -0.000000 -0.000000 -0.000000 1.000000 -41.394737 -0.499997 -34.853516 13.345550 21.144775 3.353600 2515.dat
9 0 -0.500000 0.866025 -0.000000 -0.866025 -0.500000 -0.000000 -0.000000 -0.000000 1.000000 -56.213749 -32.954998 -0.000021 16.539801 4.374075 38.480247 2515.dat
9 0 -0.500000 0.866025 -0.000000 -0.866025 -0.500000 -0.000000 -0.000000 -0.000000 1.000000 -35.848988 -21.197371 -34.853516 13.345550 21.144775 3.353600 2515.dat
9 0 -0.866025 0.500000 -0.000000 -0.500000 -0.866025 -0.000000 -0.000000 -0.000000 1.000000 -32.455002 -56.713749 -0.000015 16.539801 4.374075 38.480247 2515.dat
9 0 -0.866025 0.500000 -0.000000 -0.500000 -0.866025 -0.000000 -0.000000 -0.000000 1.000000 -20.697363 -36.348995 -34.853508 13.345550 21.144775 3.353600 2515.dat
9 0 -0.500000 -0.866025 -0.000000 0.866025 -0.500000 0.000000 -0.000000 -0.000000 1.000000 56.213749 -32.954998 0.000015 16.539801 4.374075 38.480247 2515.dat
9 0 -0.866025 -0.500000 -0.000000 0.500000 -0.866025 0.000000 -0.000000 -0.000000 1.000000 20.697386 -36.348995 -34.853497 13.345550 21.144775 3.353600 2515.dat
9 0 -0.866025 -0.500000 -0.000000 0.500000 -0.866025 0.000000 -0.000000 -0.000000 1.000000 32.455002 -56.713749 0.000006 16.539801 4.374075 38.480247 2515.dat
9 0 -1.000000 0.000000 -0.000000 0.000000 -1.000000 -0.000000 -0.000000 -0.000000 1.000000 0.000011 -41.894745 -34.853504 13.345550 21.144775 3.353600 2515.dat
9 0 -1.000000 0.000000 -0.000000 0.000000 -1.000000 -0.000000 -0.000000 -0.000000 1.000000 0.000000 -65.410004 -0.000006 16.539801 4.374075 38.480247 2515.dat
10 0 -69.961998 -69.961998 -38.740749 69.961998 69.961998 38.740749 2515.dat
0 2 0.000000 1.000000 0.000000 0.000000 0.000000 -1.000000 -1.000000 0.000000 -0.000000 0.000000 -0.500000 0.000000 0 0 0.800000 0 0 2515.dat
3 23 -1.000000 0.000000 -0.000000 0.000000 0.000000 -1.000000 0.000000 -1.000000 -0.000000 20.000006 19.500002 -22.759216 4 4 29:0:1,23:4:1,29:0:1,23:4:1,29:0:1,23:4:1,0:4:0,23:4:1,0:4:0,23:4:1,29:0:1,23:4:1,18:4:1,23:4:1,29:0:1,23:4:1,0:4:0,23:4:1,0:4:0,23:4:1,29:0:1,23:4:1,29:0:1,23:4:1,29:0:1, 2515.dat
