9 0 -0.966336 -0.257285 0.000001 -0.000001 -0.000000 -1.000000 0.257285 -0.966336 -0.000000 99.542252 21.691875 0.000000 78.057251 5.110675 1.250000 2518.dat
9 0 -1.000000 -0.000000 -0.000000 0.000000 0.000000 -1.000000 0.000000 -1.000000 0.000000 0.000000 1.500000 0.000000 5.750000 9.750000 1.250000 2518.dat
9 0 -0.501877 -0.240609 0.830799 -0.838715 -0.099350 -0.535432 0.211370 -0.965524 -0.151940 30.764750 4.242100 -15.878175 10.635350 4.244375 1.250000 2518.dat
9 0 -0.645336 -0.285804 0.708419 -0.718761 -0.086880 -0.689808 0.258697 -0.954342 -0.149358 55.236000 12.096251 -23.146824 19.387850 7.715225 1.250000 2518.dat
9 0 -0.656746 -0.229200 0.718437 -0.738086 -0.000000 -0.674707 0.154643 -0.973379 -0.169169 86.858246 21.370501 -23.482300 19.387850 7.715225 1.250025 2518.dat
9 0 -0.657566 -0.223976 0.719334 -0.738086 0.000001 -0.674707 0.151118 -0.974595 -0.165314 115.376244 27.268549 -19.838474 19.387850 7.715225 1.250000 2518.dat
9 0 -0.737437 -0.251063 0.627020 -0.647768 0.000001 -0.761838 0.191269 -0.967971 -0.162631 142.795502 33.850498 -11.119824 12.304650 7.715250 1.250025 2518.dat
9 0 -0.501878 -0.240608 -0.830799 -0.855944 -0.000001 0.517068 -0.124412 0.970622 -0.205947 30.764750 4.242100 15.878175 10.635350 4.244375 1.250000 2518.dat
9 0 -0.737437 -0.251063 -0.627020 -0.647768 0.000001 0.761838 -0.191269 0.967971 -0.162631 142.795746 33.850498 11.119850 12.304675 7.715225 1.250000 2518.dat
9 0 -0.657566 -0.223976 -0.719334 -0.738085 0.000001 0.674707 -0.151118 0.974595 -0.165314 115.376244 27.268549 19.838449 19.387850 7.715250 1.250025 2518.dat
9 0 -0.656746 -0.229200 -0.718437 -0.738086 -0.000000 0.674707 -0.154643 0.973379 -0.169169 86.858246 21.370501 23.482300 19.387850 7.715250 1.250025 2518.dat
9 0 -0.650715 -0.264303 -0.711839 -0.738085 0.000001 0.674708 -0.178327 0.964440 -0.195078 55.236000 12.096251 23.146851 19.387850 7.715225 1.250000 2518.dat
9 0 -0.000000 -0.000000 1.000000 -1.000000 -0.000000 0.000000 0.000000 -1.000000 -0.000000 -0.319375 1.500000 -6.940400 1.682225 14.069375 1.250000 2518.dat
9 0 1.000000 0.000000 0.000000 0.000000 -0.000000 1.000000 0.000000 -1.000000 -0.000000 -16.940399 1.500000 0.000000 1.682225 4.388750 1.250000 2518.dat
9 0 -0.000000 0.000000 -1.000000 1.000000 -0.000000 0.000000 -0.000000 -1.000000 -0.000000 -0.319375 1.500000 6.940400 1.682225 14.069375 1.250000 2518.dat
9 0 -1.000000 -0.000000 -0.000000 0.000000 0.000000 -1.000000 0.000000 -1.000000 0.000000 17.724251 1.500000 0.000000 3.474325 9.750000 1.250000 2518.dat
9 0 1.000000 0.000000 0.000000 0.000000 -0.000000 1.000000 0.000000 -1.000000 -0.000000 -16.594025 5.500000 0.000000 0.219025 4.388750 2.250000 2518.dat
9 0 -0.000000 -0.000000 1.000000 -1.000000 -0.000000 0.000000 0.000000 -1.000000 -0.000000 -10.000000 5.500000 -6.594025 0.219025 4.388750 2.250000 2518.dat
9 0 -1.000000 -0.000000 -0.000000 0.000000 0.000000 -1.000000 0.000000 -1.000000 0.000000 -3.405975 5.500000 0.000000 0.219025 4.388750 2.250000 2518.dat
9 0 -0.000000 0.000000 -1.000000 1.000000 -0.000000 0.000000 -0.000000 -1.000000 -0.000000 -10.000000 5.500000 6.594025 0.219025 4.388750 2.250000 2518.dat
9 0 1.000000 0.000000 0.000000 0.000000 -0.000000 1.000000 0.000000 -1.000000 -0.000000 3.405976 5.500000 0.000000 0.219025 4.388750 2.250000 2518.dat
9 0 -0.000000 -0.000000 1.000000 -1.000000 -0.000000 0.000000 0.000000 -1.000000 -0.000000 10.000000 5.500000 -6.594025 0.219025 4.388750 2.250000 2518.dat
9 0 -1.000000 -0.000000 -0.000000 0.000000 0.000000 -1.000000 0.000000 -1.000000 0.000000 16.594002 5.500000 0.000000 0.219025 4.388750 2.250000 2518.dat
9 0 -0.000000 0.000000 -1.000000 1.000000 -0.000000 0.000000 -0.000000 -1.000000 -0.000000 10.000000 5.500000 6.594025 0.219025 4.388750 2.250000 2518.dat
9 0 1.000000 0.000000 0.000000 0.000000 -0.000000 1.000000 0.000000 -1.000000 -0.000000 43.406002 16.146151 0.000000 0.219025 4.388750 7.603850 2518.dat
9 0 -0.000000 -0.000000 1.000000 -1.000000 -0.000000 0.000000 0.000000 -1.000000 -0.000000 50.000000 17.497599 -6.594025 0.219025 4.388750 6.252400 2518.dat
9 0 -1.000000 -0.000000 -0.000000 0.000000 0.000000 -1.000000 0.000000 -1.000000 0.000000 56.593998 17.497599 0.000000 0.219025 4.388750 6.252400 2518.dat
9 0 -0.000000 0.000000 -1.000000 1.000000 -0.000000 0.000000 -0.000000 -1.000000 -0.000000 50.000000 17.497599 6.594025 0.219025 4.388750 6.252400 2518.dat
9 0 1.000000 0.000000 0.000000 0.000000 -0.000000 1.000000 0.000000 -1.000000 -0.000000 63.405998 19.784700 0.000000 0.219025 4.388750 3.965300 2518.dat
9 0 -0.000000 -0.000000 1.000000 -1.000000 -0.000000 0.000000 0.000000 -1.000000 -0.000000 70.000000 19.784700 -6.594025 0.219025 4.388750 3.965300 2518.dat
9 0 -1.000000 -0.000000 -0.000000 0.000000 0.000000 -1.000000 0.000000 -1.000000 0.000000 76.593994 21.500000 0.000000 0.219025 4.388750 2.250000 2518.dat
9 0 -0.000000 0.000000 -1.000000 1.000000 -0.000000 0.000000 -0.000000 -1.000000 -0.000000 70.000000 19.784700 6.594025 0.219025 4.388750 3.965300 2518.dat
10 0 -10.000000 -34.982750 -46.234249 187.133499 12.450000 46.234249 2518.dat
3 23 1.000000 0.000000 0.000000 0.000000 1.000000 0.000000 0.000000 0.000000 1.000000 -20.000000 0.000000 10.000000 2 4 18:1:1,23:4:1,18:2:1,23:4:1,18:1:1,23:4:1,1:4:6,23:4:1,1:4:6,23:4:1,18:1:1,23:4:1,18:2:1,23:4:1,18:1:1, 2518.dat
2 22 1.000000 0.000000 0.000000 0.000000 1.000000 0.000000 0.000000 0.000000 1.000000 -20.000000 8.000000 10.000000 2 4 29:0:1,29:0:1,29:0:1,29:0:1,29:0:1,29:0:1,7:4:2,23:4:1,7:4:2,29:0:1,29:0:1,29:0:1,29:0:1,29:0:1,29:0:1, 2518.dat
2 22 1.000000 0.000000 0.000000 0.000000 1.000000 0.000000 0.000000 0.000000 1.000000 40.000000 24.000000 10.000000 2 4 29:0:1,29:0:1,29:0:1,29:0:1,29:0:1,29:0:1,7:4:2,23:4:1,7:4:2,29:0:1,29:0:1,29:0:1,29:0:1,29:0:1,29:0:1, 2518.dat
0 6 -0.000000 0.000000 1.000000 0.000000 1.000000 0.000000 -1.000000 0.000000 -0.000000 -10.000000 3.000000 0.000000 0 0 0.120000 0 0 2518.dat
0 6 -0.000000 0.000000 1.000000 0.000000 1.000000 0.000000 -1.000000 0.000000 -0.000000 10.000000 3.000000 0.000000 0 0 0.120000 0 0 2518.dat
