9 0 -1.000000 0.000000 -0.000000 0.000000 1.000000 0.000000 0.000000 0.000000 -1.000000 0.000002 1.478975 -7.516775 6.576200 1.271025 1.129275 2526.dat
9 0 -1.000000 0.000000 -0.000000 0.000000 1.000000 0.000000 0.000000 0.000000 -1.000000 14.887050 1.478975 0.075105 8.512050 1.271025 6.320575 2526.dat
9 0 -0.976174 0.216990 -0.000000 0.216990 0.976174 0.000000 0.000000 0.000000 -1.000000 22.668526 4.231925 0.087757 0.745250 4.349550 4.971250 2526.dat
9 0 -0.317116 0.128123 0.939693 0.054024 0.991664 -0.116977 -0.946847 0.013670 -0.321394 18.389603 3.987800 -6.674819 0.526400 4.293450 3.457650 2526.dat
9 0 -0.317115 0.128123 -0.939693 0.054023 0.991664 0.116977 0.946847 -0.013670 -0.321393 18.388847 3.974300 6.673256 0.526400 4.279800 3.457650 2526.dat
9 0 1.000000 0.000000 0.000000 0.000000 1.000000 0.000000 -0.000000 0.000000 1.000000 -0.000002 1.478975 7.530500 6.576200 1.271025 1.143000 2526.dat
9 0 1.000000 0.000000 0.000000 0.000000 1.000000 0.000000 -0.000000 0.000000 1.000000 -14.887050 1.478975 -0.075105 8.512050 1.271025 6.320575 2526.dat
9 0 0.976174 0.216990 0.000000 -0.216990 0.976174 -0.000000 -0.000000 -0.000000 1.000000 -22.668526 4.231925 -0.087757 0.745250 4.349550 4.971250 2526.dat
9 0 0.317116 0.128123 -0.939693 -0.054023 0.991664 0.116978 0.946847 0.013670 0.321394 -18.389378 3.983825 6.674369 0.526400 4.289425 3.457650 2526.dat
9 0 0.317115 0.128123 0.939693 -0.054023 0.991664 -0.116978 -0.946847 -0.013670 0.321393 -18.390223 3.999350 -6.676206 0.526400 4.305075 3.457650 2526.dat
10 0 -24.868626 -6.528025 -9.927050 24.868626 3.634550 9.927050 2526.dat
4 30 1.000000 0.000000 0.000000 0.000000 1.000000 0.000000 -0.000000 0.000000 1.000000 -7.500000 3.000000 -0.000002 2 2526.dat
2 22 -1.000000 0.000000 -0.000000 0.000000 1.000000 0.000000 0.000000 0.000000 -1.000000 10.000003 3.000000 -9.999997 2 2 29:0:0,29:0:0,29:0:0,29:0:0,15:4:32,29:0:0,29:0:0,29:0:0,29:0:0, 2526.dat
2 22 -1.000000 0.000000 -0.000000 -0.000000 -1.000000 0.000000 -0.000000 0.000000 1.000000 10.008122 -0.042050 10.021203 2 2 29:0:0,29:0:0,29:0:0,29:0:0,15:4:32,29:0:0,29:0:0,29:0:0,29:0:0, 2526.dat
4 30 -1.000000 0.000000 -0.000000 0.000000 1.000000 0.000000 0.000000 0.000000 -1.000000 7.500000 3.000000 0.000002 2 2526.dat
