9 0 -0.707107 0.707106 0.000000 -0.707106 -0.707107 0.000000 0.000000 0.000000 1.000000 0.000000 0.000000 -2.208500 1.750650 1.750650 4.458500 2531.dat
9 0 -0.707107 0.707106 0.000000 -0.707106 -0.707107 0.000000 0.000000 0.000000 1.000000 0.000000 0.000000 -1.875000 3.161800 3.161800 1.625000 2531.dat
9 0 -0.707107 -0.000000 -0.707107 0.000001 -1.000000 0.000000 -0.707107 -0.000000 0.707107 -3.808050 -0.002652 -8.644051 2.907150 2.667450 0.669075 2531.dat
9 0 0.000000 0.000000 -1.000000 0.000001 -1.000000 0.000000 -1.000000 -0.000001 -0.000000 -5.419275 -0.000003 -12.466125 2.907150 2.305175 0.669075 2531.dat
9 0 0.707107 0.000000 -0.707107 0.000001 -1.000000 0.000000 -0.707107 -0.000000 -0.707107 -3.855950 -0.000002 -16.308050 2.907150 2.186500 0.669075 2531.dat
9 0 1.000000 0.000001 -0.000000 0.000001 -1.000000 0.000000 -0.000000 -0.000000 -1.000000 -0.033875 -0.000000 -17.919275 2.907150 2.184000 0.669075 2531.dat
9 0 0.707107 0.000000 0.707107 0.000001 -1.000000 0.000000 0.707107 0.000000 -0.707107 4.161625 0.000003 -16.709524 2.907150 2.129950 0.354525 2531.dat
10 0 -7.355150 -5.000000 -2.500000 7.500000 5.000000 20.000000 2531.dat
0 6 -0.923880 -0.000001 -0.382683 0.000001 -1.000000 0.000000 -0.382683 -0.000000 0.923880 0.000002 -3.000000 -12.500000 0 0 0.240000 1 0 2531.dat
6 17 0.000001 -1.000000 -0.000000 -0.000000 0.000000 -1.000000 1.000000 0.000001 -0.000000 0.000000 0.000000 1.250000 0.000000 0.000000 0.000000 0.000000 1 2531.dat
