9 0 1.000000 0.000000 0.000000 0.000000 1.000000 0.000000 0.000000 0.000000 1.000000 0.000000 -7.709025 3.216875 6.768000 2.287025 9.857375 2543.dat
9 0 1.000000 0.000000 0.000000 0.000000 0.997445 0.071445 0.000000 -0.071445 0.997445 0.164925 10.508301 15.428226 3.700200 14.542826 2.114625 2543.dat
9 0 0.707107 0.000000 0.707107 0.000000 1.000000 0.000000 -0.707107 0.000000 0.707107 -0.844625 -2.650150 0.072275 8.990900 2.400150 8.562150 2543.dat
9 0 0.965926 0.000000 0.258819 0.000000 1.000000 0.000000 -0.258819 0.000000 0.965926 -3.775000 5.848750 14.088450 4.410350 6.646975 1.570400 2543.dat
9 0 0.707107 0.000000 0.707107 0.000000 1.000000 0.000000 -0.707107 0.000000 0.707107 -9.563274 5.111800 9.563274 4.410350 5.910025 0.509475 2543.dat
9 0 0.258819 0.000000 0.965926 0.000000 1.000000 0.000000 -0.965926 0.000000 0.258819 -13.063675 3.602150 3.500400 4.410350 4.400400 0.509475 2543.dat
9 0 -0.258819 0.000000 0.965926 0.000000 1.000000 0.000000 -0.965926 0.000000 -0.258819 -13.063675 2.524400 -3.500400 4.410350 3.322650 0.509475 2543.dat
9 0 -0.707107 0.000000 0.707107 0.000000 1.000000 0.000000 -0.707107 0.000000 -0.707107 -9.563274 1.617200 -9.563274 4.410350 2.415425 0.509475 2543.dat
9 0 -0.965926 0.000000 0.258819 0.000000 1.000000 0.000000 -0.258819 0.000000 -0.965926 -3.500400 1.281000 -13.063675 4.410350 2.079225 0.509475 2543.dat
9 0 -0.965926 0.000000 -0.258819 0.000000 1.000000 0.000000 0.258819 0.000000 -0.965926 3.500400 1.281000 -13.063675 4.410350 2.079225 0.509475 2543.dat
9 0 -0.707107 0.000000 -0.707107 0.000000 1.000000 0.000000 0.707107 0.000000 -0.707107 9.563274 1.617200 -9.563274 4.410350 2.415425 0.509475 2543.dat
9 0 -0.258819 0.000000 -0.965926 0.000000 1.000000 0.000000 0.965926 0.000000 -0.258819 13.063675 2.524400 -3.500400 4.410350 3.322650 0.509475 2543.dat
9 0 0.258819 0.000000 -0.965926 0.000000 1.000000 0.000000 0.965926 0.000000 0.258819 13.063675 3.602150 3.500400 4.410350 4.400400 0.509475 2543.dat
9 0 0.707107 0.000000 -0.707107 0.000000 1.000000 0.000000 0.707107 0.000000 0.707107 9.563274 5.111800 9.563274 4.410350 5.910025 0.509475 2543.dat
9 0 0.965926 0.000000 -0.258819 0.000000 1.000000 0.000000 0.258819 0.000000 0.965926 3.775000 5.848750 14.088450 4.410350 6.646975 1.570400 2543.dat
10 0 -15.978000 -26.342499 -20.022499 15.592501 11.983000 16.039425 2543.dat
2 22 1.000000 0.000000 0.000000 0.000000 1.000000 0.000000 0.000000 0.000000 1.000000 -10.000000 0.000000 10.000000 2 2 29:0:0,29:0:0,29:0:0,29:0:0,15:4:33,29:0:0,29:0:0,29:0:0,29:0:0, 2543.dat
