9 0 -1.000000 0.000000 -0.000000 0.000000 -1.000000 -0.000000 -0.000000 -0.000000 1.000000 4.608649 -4.513725 0.000001 24.266350 3.113500 19.519199 2547.dat
9 0 -1.000000 0.000000 -0.000000 0.000000 -1.000000 -0.000000 -0.000000 -0.000000 1.000000 51.362503 -17.290150 0.000015 25.737499 9.308050 10.016700 2547.dat
9 0 -0.989261 -0.146163 -0.000000 0.146163 -0.989261 -0.000000 -0.000000 -0.000000 1.000000 43.390251 -25.911751 0.000012 17.071524 6.623725 12.311600 2547.dat
9 0 -1.000000 0.000000 -0.000000 0.000000 -1.000000 -0.000000 -0.000000 -0.000000 1.000000 105.039253 -16.303350 0.000033 24.550125 2.951250 5.395325 2547.dat
9 0 -1.000000 0.000000 -0.000000 0.000000 -1.000000 -0.000000 -0.000000 -0.000000 1.000000 98.522995 -11.488575 0.000031 15.486850 2.880000 7.113200 2547.dat
9 0 0.898835 -0.438287 0.000000 0.438287 0.898835 0.000000 -0.000000 -0.000000 1.000000 118.634247 -36.878750 0.000035 9.768375 3.308575 3.823350 2547.dat
9 0 0.637590 -0.770376 0.000000 0.770376 0.637590 0.000000 -0.000000 -0.000000 1.000000 107.360992 -27.014000 0.000033 9.130525 4.261775 5.880400 2547.dat
9 0 -0.620590 -0.784135 -0.000000 0.784135 -0.620590 0.000000 -0.000000 -0.000000 1.000000 2.573949 -41.785751 -0.071728 7.548625 12.957650 1.989950 2547.dat
9 0 -0.299959 -0.953952 -0.000000 0.953952 -0.299959 0.000000 -0.000000 -0.000000 1.000000 21.254450 -46.162998 0.000003 13.605274 6.290250 1.918225 2547.dat
9 0 -1.000000 0.000000 -0.000000 0.000000 -1.000000 -0.000000 -0.000000 -0.000000 1.000000 3.457099 -30.989752 -0.037902 29.123751 3.641350 12.172300 2547.dat
9 0 -0.974370 -0.224951 -0.000000 0.224951 -0.974370 -0.000000 -0.000000 -0.000000 1.000000 -23.139450 -4.250400 -0.037908 13.551100 0.564825 11.785376 2547.dat
9 0 -0.972853 0.109834 0.203700 -0.107503 -0.993950 0.022509 0.204940 0.000000 0.978775 58.452744 -12.961501 10.710068 26.474499 8.512175 3.877975 2547.dat
9 0 -1.000000 0.000000 -0.000000 0.000000 -1.000000 -0.000000 -0.000000 -0.000000 1.000000 9.560419 -18.096727 14.886226 22.673975 16.696499 2.136225 2547.dat
9 0 0.463814 -0.000000 -0.885933 0.885911 -0.006975 0.463803 -0.006180 -0.999976 -0.003235 -21.114979 -7.055676 11.510067 7.357275 10.570875 1.958700 2547.dat
9 0 -0.972853 0.109834 -0.203700 -0.107503 -0.993950 -0.022510 -0.204940 -0.000000 0.978775 58.452755 -12.961498 -10.710032 26.474499 8.512175 3.877975 2547.dat
9 0 -1.000000 0.000000 -0.000000 0.000000 -1.000000 -0.000000 -0.000000 -0.000000 1.000000 9.560430 -18.096724 -14.886223 22.673975 16.696499 2.136225 2547.dat
9 0 0.463813 -0.000000 0.885933 0.885911 -0.006975 -0.463802 0.006180 0.999976 -0.003235 -21.114971 -7.055675 -11.510082 7.357275 10.570875 1.958700 2547.dat
9 0 -0.993981 -0.000000 0.109549 0.000000 -1.000000 -0.000000 0.109549 -0.000000 0.993981 17.047394 -17.874826 18.456381 22.673975 16.474600 2.136225 2547.dat
9 0 -0.914207 -0.000000 0.405247 0.000000 -1.000000 -0.000000 0.405247 -0.000000 0.914207 12.773289 -8.070553 30.768255 7.153100 1.269775 13.013850 2547.dat
9 0 -0.993981 0.000000 -0.109549 0.000000 -1.000000 -0.000000 -0.109549 -0.000000 0.993981 17.047405 -17.874823 -18.456371 22.673975 16.474600 2.136225 2547.dat
9 0 -0.914207 0.000000 -0.405248 0.000000 -1.000000 -0.000000 -0.405248 -0.000000 0.914207 12.773310 -8.070547 -30.768248 7.153100 1.269775 13.013850 2547.dat
9 0 -0.999974 0.007234 -0.000000 -0.007234 -0.999974 -0.000000 -0.000000 -0.000000 1.000000 -1.314975 -8.076850 -0.000001 30.178499 0.686925 14.788000 2547.dat
10 0 -129.839249 -0.245550 -46.621250 38.500000 61.028500 46.621250 2547.dat
2 22 -1.000000 0.000000 -0.000000 0.000000 -1.000000 -0.000000 -0.000000 -0.000000 1.000000 29.173502 0.122776 -9.999990 2 4 22:1:1,22:2:1,22:2:1,22:2:1,22:1:1,22:2:1,15:4:1,9:4:1,15:4:1,22:2:1,22:1:1,22:2:1,22:2:1,22:2:1,22:1:1, 2547.dat
6 90 0.000000 1.000000 0.000000 -0.000000 -0.000000 1.000000 1.000000 0.000000 0.000000 -9.999999 -26.254499 -0.000006 0.000000 0.000000 0.000000 0.000000 0 2547.dat
