9 0 0.000000 0.000000 -1.000000 0.000000 1.000000 0.000000 1.000000 0.000000 0.000000 -0.000001 -4.513725 -4.391350 24.266350 3.113500 19.519199 2547b.dat
9 0 0.000000 0.000000 -1.000000 0.000000 1.000000 0.000000 1.000000 0.000000 0.000000 -0.000016 -17.290150 42.362503 25.737499 9.308050 10.016700 2547b.dat
9 0 0.000000 -0.146163 -0.989261 0.000000 0.989261 -0.146163 1.000000 0.000000 0.000000 -0.000014 -25.911751 34.390251 17.071524 6.623725 12.311600 2547b.dat
9 0 0.000000 0.000000 -1.000000 0.000000 1.000000 0.000000 1.000000 0.000000 0.000000 -0.000033 -16.303350 96.039246 24.550125 2.951250 5.395325 2547b.dat
9 0 0.000000 0.000000 -1.000000 0.000000 1.000000 0.000000 1.000000 0.000000 0.000000 -0.000031 -11.488575 89.523003 15.486850 2.880000 7.113200 2547b.dat
9 0 -0.000000 -0.438287 0.898835 0.000000 -0.898835 -0.438287 1.000000 0.000000 0.000000 -0.000037 -36.878750 109.634247 9.768375 3.308575 3.823350 2547b.dat
9 0 -0.000000 -0.770376 0.637590 0.000000 -0.637590 -0.770376 1.000000 0.000000 0.000000 -0.000034 -27.014000 98.360992 9.130525 4.261775 5.880400 2547b.dat
9 0 0.000000 -0.784135 -0.620590 0.000000 0.620590 -0.784135 1.000000 0.000000 0.000000 0.071724 -41.785751 -6.426051 7.548625 12.957650 1.989950 2547b.dat
9 0 0.000000 -0.953952 -0.299959 0.000000 0.299959 -0.953952 1.000000 0.000000 0.000000 -0.000007 -46.162998 12.254450 13.605274 6.290250 1.918225 2547b.dat
9 0 0.000000 0.000000 -1.000000 0.000000 1.000000 0.000000 1.000000 0.000000 0.000000 0.037899 -30.989752 -5.542901 29.123751 3.641350 12.172300 2547b.dat
9 0 0.000000 -0.224951 -0.974370 0.000000 0.974370 -0.224951 1.000000 0.000000 0.000000 0.037907 -4.250400 -32.139450 13.551100 0.564825 11.785376 2547b.dat
9 0 -0.203700 0.109834 -0.972853 0.022509 0.993950 0.107503 0.978775 -0.000000 -0.204940 -10.710069 -12.961499 49.452744 26.474499 8.512175 3.877975 2547b.dat
9 0 0.000000 0.000000 -1.000000 0.000000 1.000000 0.000000 1.000000 0.000000 0.000000 -14.886228 -18.096725 0.560420 22.673975 16.696499 2.136225 2547b.dat
9 0 0.885933 -0.000000 0.463814 0.463803 0.006975 -0.885911 -0.003235 0.999976 0.006180 -11.510068 -7.055675 -30.114979 7.357275 10.570875 1.958700 2547b.dat
9 0 0.203700 0.109834 -0.972853 -0.022510 0.993950 0.107503 0.978775 0.000000 0.204940 10.710032 -12.961499 49.452755 26.474499 8.512175 3.877975 2547b.dat
9 0 0.000000 0.000000 -1.000000 0.000000 1.000000 0.000000 1.000000 0.000000 0.000000 14.886221 -18.096725 0.560429 22.673975 16.696499 2.136225 2547b.dat
9 0 -0.885933 -0.000000 0.463814 -0.463802 0.006975 -0.885911 -0.003235 -0.999976 -0.006180 11.510081 -7.055675 -30.114973 7.357275 10.570875 1.958700 2547b.dat
9 0 -0.109549 0.000000 -0.993981 0.000000 1.000000 0.000000 0.993981 0.000000 -0.109549 -18.456381 -17.874825 8.047393 22.673975 16.474600 2.136225 2547b.dat
9 0 -0.405247 0.000000 -0.914207 0.000000 1.000000 0.000000 0.914207 0.000000 -0.405247 -30.768255 -8.070550 3.773291 7.153100 1.269775 13.013850 2547b.dat
9 0 0.109549 0.000000 -0.993981 0.000000 1.000000 0.000000 0.993981 0.000000 0.109549 18.456369 -17.874825 8.047405 22.673975 16.474600 2.136225 2547b.dat
9 0 0.405248 0.000000 -0.914207 0.000000 1.000000 0.000000 0.914207 0.000000 0.405248 30.768248 -8.070550 3.773309 7.153100 1.269775 13.013850 2547b.dat
9 0 0.000000 0.007234 -0.999974 -0.000000 0.999974 0.007234 1.000000 0.000000 0.000000 0.000000 -8.076850 -10.314976 30.178499 0.686925 14.788000 2547b.dat
10 0 -129.839249 -0.245550 -46.621250 38.500000 61.028500 46.621250 2547b.dat
2 22 0.000000 0.000000 -1.000000 0.000000 1.000000 0.000000 1.000000 0.000000 0.000000 9.999991 0.122775 20.173502 2 4 22:1:1,22:2:1,22:2:1,22:2:1,22:1:1,22:2:1,15:4:1,9:4:1,15:4:1,22:2:1,22:1:1,22:2:1,22:2:1,22:2:1,22:1:1, 2547b.dat
6 90 0.000000 1.000000 0.000000 1.000000 -0.000000 0.000000 0.000000 0.000000 -1.000000 0.000003 -26.254499 -19.000000 0.000000 0.000000 0.000000 0.000000 0 2547b.dat
