9 0 0.000000 0.000000 1.000000 0.000000 1.000000 0.000000 -1.000000 0.000000 0.000000 -0.048016 97.248802 26.664499 21.414474 41.251251 2.250000 2554.dat
9 0 0.000000 0.000000 1.000000 0.000000 1.000000 0.000000 -1.000000 0.000000 0.000000 -0.048012 31.186754 41.712250 7.037850 24.310875 2.250000 2554.dat
9 0 0.000000 0.000000 1.000000 0.000000 1.000000 0.000000 -1.000000 0.000000 0.000000 0.020851 63.373756 1.805271 2.857475 7.376200 1.586525 2554.dat
9 0 0.000000 0.000000 1.000000 0.000000 1.000000 0.000000 -1.000000 0.000000 0.000000 0.020851 96.000000 1.805271 2.857475 19.750000 1.586525 2554.dat
9 0 0.000000 0.000000 1.000000 0.000000 1.000000 0.000000 -1.000000 0.000000 0.000000 0.020851 130.187500 1.805271 2.857475 8.312500 1.586525 2554.dat
9 0 -0.000000 -1.000000 -0.000000 0.000000 -0.000000 1.000000 -1.000000 0.000000 0.000000 -0.048018 48.043259 24.978321 7.037850 23.771700 2.250000 2554.dat
9 0 0.000000 -0.707107 0.707107 0.000000 0.707107 0.707107 -1.000000 0.000000 0.000000 -0.048016 34.859753 28.627998 7.037850 20.099024 2.250000 2554.dat
9 0 0.000000 -0.382683 0.923880 0.000000 0.923880 0.382683 -1.000000 0.000000 0.000000 -0.048015 29.978752 34.410748 7.037850 19.639900 2.250000 2554.dat
9 0 0.000000 -0.923880 0.382683 0.000000 0.382683 0.923880 -1.000000 0.000000 0.000000 -0.048018 41.145752 24.125620 7.037850 20.330576 2.250000 2554.dat
10 0 -2.500025 -18.750000 6.001975 49.000000 116.250000 19.901974 2554.dat
3 23 0.000000 0.000000 1.000000 1.000000 -0.000000 -0.000000 0.000000 1.000000 -0.000000 -2.548015 83.500000 29.999998 2 2 29:0:0,29:0:0,29:0:0,29:0:0,1:4:33,29:0:0,29:0:0,29:0:0,29:0:0, 2554.dat
3 23 0.000000 0.000000 1.000000 -1.000000 -0.000000 0.000000 0.000000 -1.000000 -0.000000 2.451985 63.500004 29.999996 2 2 29:0:0,29:0:0,29:0:0,29:0:0,1:4:33,29:0:0,29:0:0,29:0:0,29:0:0, 2554.dat
6 77 -0.000000 -0.000000 -1.000000 0.000000 -1.000000 0.000000 -1.000000 0.000000 0.000000 -0.048025 96.000000 -0.000004 0.000000 0.000000 0.000000 0.000000 0 2554.dat
