9 0 0.000001 -0.707106 -0.707108 0.000000 0.707108 -0.707106 1.000000 0.000000 0.000001 -0.000002 39.849110 -4.224122 2.375000 7.562075 2.375000 2561.dat
9 0 0.000001 0.000002 -1.000000 -0.000000 1.000000 0.000002 1.000000 0.000000 0.000001 0.000009 0.936434 0.927846 2.375000 34.411751 2.375000 2561.dat
9 0 0.000001 -0.252200 -0.967675 -0.000000 0.967675 -0.252199 1.000000 0.000000 0.000001 -0.000001 60.743816 -13.945142 2.234225 12.644450 3.085500 2561.dat
9 0 0.000001 -0.002247 -0.999997 -0.000000 0.999997 -0.002247 1.000000 0.000000 0.000001 -0.000004 59.748554 -10.297428 1.963650 13.369276 3.085500 2561.dat
9 0 0.000001 -0.005255 -0.999986 -0.000000 0.999986 -0.005255 1.000000 0.000000 0.000001 -0.003547 25.966164 -3.458525 2.501850 3.395600 1.184500 2561.dat
9 0 0.000001 -0.005255 -0.999986 -0.000000 0.999986 -0.005255 1.000000 0.000000 0.000001 0.013992 29.610420 6.594363 3.948075 3.520350 3.710975 2561.dat
9 0 0.000001 0.000002 -1.000000 -0.000000 1.000000 0.000002 1.000000 0.000000 0.000001 0.000021 -30.003109 0.927703 4.157075 3.875000 4.157075 2561.dat
10 0 -22.247925 -31.447250 -5.945925 52.921497 64.808998 5.945925 2561.dat
0 7 1.000000 0.000000 0.000001 0.000000 0.707108 -0.707106 -0.000001 0.707106 0.707108 0.000000 43.125000 -7.500000 0 0 0.347617 0 0 2561.dat
0 7 1.000000 0.000000 0.000001 -0.000000 1.000000 0.000002 -0.000001 -0.000002 1.000000 -0.000001 25.836369 0.907329 0 1 2.070000 0 0 2561.dat
0 7 1.000000 0.000000 0.000001 -0.000000 1.000000 0.000002 -0.000001 -0.000002 1.000000 -0.000009 73.371834 -10.250576 0 1 0.972008 0 0 2561.dat
0 7 1.000000 0.000000 0.000001 -0.000000 0.965926 -0.258817 -0.000001 0.258817 0.965926 -0.000002 72.618279 -17.417280 0 0 1.020480 0 0 2561.dat
