9 0 0.707107 0.000000 -0.707107 0.000000 1.000000 0.000000 0.707107 0.000000 0.707107 -0.000000 -1.262700 0.028100 2.590625 9.458250 2.590625 2562.dat
9 0 0.707106 0.683309 -0.181907 -0.000000 0.257255 0.966344 0.707107 -0.683308 0.181907 0.000000 -15.966225 -16.068825 2.590625 16.117426 2.590625 2562.dat
9 0 0.000000 -0.258778 -0.965937 1.000000 0.000000 0.000000 0.000000 -0.965937 0.258778 0.000000 -11.384775 -13.508450 2.590625 1.000000 2.590625 2562.dat
9 0 0.000000 -0.869902 -0.493224 1.000000 0.000000 -0.000000 -0.000000 -0.493224 0.869902 0.000000 -16.913651 -4.265200 2.401600 3.750000 2.401600 2562.dat
9 0 0.000000 -0.505298 -0.862945 1.000000 0.000000 0.000000 0.000000 -0.862945 0.505298 -1.625000 -19.837175 -1.512300 0.715900 2.125000 3.508550 2562.dat
10 0 -5.045350 -5.945525 -5.999150 33.444752 30.963251 5.999125 2562.dat
0 7 1.000000 0.000000 0.000000 0.000000 1.000000 0.000000 -0.000000 0.000000 1.000000 0.000000 5.000000 0.000000 1 1 0.579480 0 1 2562.dat
0 7 1.000000 0.000000 -0.000000 0.000000 0.258818 0.965926 0.000000 -0.965926 0.258818 0.000000 -14.034325 -8.948450 1 1 0.620001 0 1 2562.dat
