9 0 0.000000 0.000000 -1.000000 0.000000 1.000000 0.000000 1.000000 0.000000 0.000000 0.000000 -9.000000 -5.137950 29.362000 3.750000 3.750000 2570.dat
9 0 0.000000 -0.185901 -0.982569 0.000000 0.982569 -0.185901 1.000000 0.000000 0.000000 -0.000000 -5.858049 8.181550 15.902800 2.016325 3.750000 2570.dat
9 0 0.000000 0.000000 -1.000000 0.000000 1.000000 0.000000 1.000000 0.000000 0.000000 0.000000 1.790875 -0.122025 2.551225 6.459125 2.415450 2570.dat
9 0 0.000000 0.000000 -1.000000 0.000000 1.000000 0.000000 1.000000 0.000000 0.000000 0.020900 -12.823423 -17.999250 17.492100 3.510225 1.378725 2570.dat
9 0 0.000000 0.000000 -1.000000 0.000000 1.000000 0.000000 1.000000 0.000000 0.000000 7.865326 -9.000000 -36.836002 3.946475 0.895050 1.111450 2570.dat
9 0 0.866697 0.000000 -0.498834 0.000000 1.000000 0.000000 0.498834 0.000000 0.866697 15.410800 -9.000000 -7.727450 14.183900 1.238600 1.238600 2570.dat
9 0 -0.864000 0.000000 -0.503492 0.000000 1.000000 0.000000 0.503492 0.000000 -0.864000 18.078751 -9.000000 -21.898575 16.216574 1.860625 1.095625 2570.dat
9 0 0.864000 0.000000 -0.503492 0.000000 1.000000 0.000000 0.503492 0.000000 0.864000 -18.078751 -9.000000 -21.898575 16.216574 1.860625 1.095625 2570.dat
9 0 -0.866697 0.000000 -0.498836 0.000000 1.000000 0.000000 0.498836 0.000000 -0.866697 -15.654275 -9.000000 -7.967050 14.183900 1.238600 1.238600 2570.dat
9 0 0.000000 0.000000 -1.000000 0.000000 1.000000 0.000000 1.000000 0.000000 0.000000 0.000000 -9.000000 -41.644749 0.901675 0.895050 8.400825 2570.dat
9 0 0.000000 0.000000 -1.000000 0.000000 1.000000 0.000000 1.000000 0.000000 0.000000 -7.865324 -9.000000 -36.836002 3.946475 0.895050 1.111450 2570.dat
10 0 -24.500000 0.000000 -32.641499 43.367748 26.341251 32.641499 2570.dat
0 7 1.000000 0.000000 0.000000 0.000000 1.000000 0.000000 -0.000000 0.000000 1.000000 0.000000 8.500000 0.000000 0 1 0.539100 0 0 2570.dat
2 22 0.000000 0.000000 -1.000000 0.000000 1.000000 0.000000 1.000000 0.000000 0.000000 10.000000 8.500000 10.000000 2 2 29:0:0,29:0:0,29:0:0,29:0:0,9:4:32,29:0:0,29:0:0,29:0:0,29:0:0, 2570.dat
