9 0 1.000000 0.000000 0.000000 0.000000 1.000000 0.000000 0.000000 0.000000 1.000000 0.000000 212.000015 -90.000000 59.750004 3.750000 9.750000 2572.dat
9 0 1.000000 0.000000 0.000000 0.000000 1.000000 0.000000 0.000000 0.000000 1.000000 0.000000 4.000020 0.000000 59.750004 3.750000 19.750000 2572.dat
9 0 1.000000 0.000000 0.000000 0.000000 -0.000000 -1.000000 0.000000 1.000000 -0.000000 0.000000 144.000000 -96.000000 59.750004 3.750000 63.750000 2572.dat
9 0 1.000000 0.000000 0.000000 0.000000 -0.127583 -0.991828 0.000000 0.991828 -0.127583 0.000000 70.217262 -94.708618 59.750004 3.750000 10.127999 2572.dat
9 0 1.000000 0.000000 0.000000 0.000000 -0.992001 -0.126229 0.000000 0.126229 -0.992001 0.000000 5.159497 -29.063999 59.750004 3.750000 10.969475 2572.dat
9 0 1.000000 0.000000 0.000000 0.000000 -0.390136 -0.920757 0.000000 0.920757 -0.390136 0.000000 51.310253 -89.606102 59.750004 3.750000 10.127999 2572.dat
9 0 1.000000 0.000000 0.000000 0.000000 -0.599593 -0.800305 0.000000 0.800305 -0.599593 0.000000 34.287010 -79.816498 59.750004 3.750000 10.127999 2572.dat
9 0 1.000000 0.000000 0.000000 0.000000 -0.791696 -0.610915 0.000000 0.610915 -0.791696 0.000000 20.629765 -66.300194 59.750004 3.750000 10.127999 2572.dat
9 0 1.000000 0.000000 0.000000 0.000000 -0.921049 -0.389446 0.000000 0.389446 -0.921049 0.000000 10.611510 -49.046749 59.750004 3.750000 10.523800 2572.dat
10 0 -10.000000 0.000000 -110.000000 110.000000 220.449997 10.000000 2572.dat
3 23 1.000000 0.000000 0.000000 0.000000 1.000000 0.000000 0.000000 0.000000 1.000000 -60.000004 0.000000 20.000004 4 12 18:1:1,23:4:1,18:2:1,23:4:1,18:2:1,23:4:1,18:2:1,23:4:1,18:2:1,23:4:1,18:2:1,23:4:1,18:1:1,23:4:1,0:4:1,23:4:1,0:4:1,23:4:1,0:4:1,23:4:1,0:4:1,23:4:1,0:4:1,23:4:1,0:4:1,23:4:1,18:2:1,23:4:1,18:4:1,23:4:1,18:4:1,23:4:1,18:4:1,23:4:1,18:4:1,23:4:1,18:4:1,23:4:1,18:2:1,23:4:1,0:4:1,23:4:1,0:4:1,23:4:1,0:4:1,23:4:1,0:4:1,23:4:1,0:4:1,23:4:1,0:4:1,23:4:1,29:0:1,23:4:1,29:0:1,23:4:1,29:0:1,23:4:1,29:0:1,23:4:1,29:0:1,23:4:1,29:0:1,23:4:1,29:0:1, 2572.dat
2 22 1.000000 0.000000 0.000000 0.000000 1.000000 0.000000 0.000000 0.000000 1.000000 -60.000004 8.000016 20.000004 4 12 22:1:1,22:2:1,22:2:1,22:2:1,22:2:1,22:2:1,22:2:1,22:2:1,22:2:1,22:2:1,22:2:1,22:2:1,22:1:1,22:2:1,15:4:1,23:4:1,15:4:1,23:4:1,15:4:1,23:4:1,15:4:1,23:4:1,15:4:1,23:4:1,15:4:1,22:2:1,22:2:1,23:4:1,7:4:1,23:4:1,7:4:1,23:4:1,7:4:1,23:4:1,7:4:1,23:4:1,7:4:1,23:4:1,22:2:1,22:2:1,15:4:1,23:4:1,15:4:1,23:4:1,15:4:1,23:4:1,15:4:1,23:4:1,15:4:1,23:4:1,15:4:1,22:2:1,29:0:1,22:2:1,22:2:1,22:2:1,22:2:1,22:2:1,22:2:1,22:2:1,22:2:1,22:2:1,22:2:1,22:2:1,29:0:1, 2572.dat
2 22 1.000000 0.000000 0.000000 0.000000 1.000000 0.000000 0.000000 0.000000 1.000000 -60.000004 216.000015 -79.999992 2 12 22:1:1,22:2:1,22:2:1,22:2:1,22:2:1,22:2:1,22:2:1,22:2:1,22:2:1,22:2:1,22:2:1,22:2:1,22:1:1,22:2:1,15:4:1,9:4:1,15:4:1,9:4:1,15:4:1,9:4:1,15:4:1,9:4:1,15:4:1,9:4:1,15:4:1,22:2:1,22:1:1,22:2:1,22:2:1,22:2:1,22:2:1,22:2:1,22:2:1,22:2:1,22:2:1,22:2:1,22:2:1,22:2:1,22:1:1, 2572.dat
