9 0 -0.000000 -1.000000 0.000000 0.000000 -0.000000 -1.000000 1.000000 0.000000 0.000000 20.374996 0.000000 13.612381 10.993750 5.612375 20.125000 2573.dat
9 0 0.000000 0.000000 -1.000000 0.000000 1.000000 0.000000 1.000000 0.000000 0.000000 20.375000 -13.612374 0.000006 10.993750 5.612375 20.125000 2573.dat
9 0 -0.000000 1.000000 0.000000 -0.000000 -0.000000 1.000000 1.000000 0.000000 0.000000 20.375004 0.000000 -13.612369 10.993750 5.612375 20.125000 2573.dat
9 0 -0.000000 0.000000 1.000000 -0.000000 -1.000000 0.000000 1.000000 0.000000 0.000000 20.375000 13.612374 0.000006 10.993750 5.612375 20.125000 2573.dat
9 0 0.000000 0.000000 -1.000000 0.000000 1.000000 0.000000 1.000000 0.000000 0.000000 -2.014425 -89.227997 -0.000001 23.815376 4.374075 58.485500 2573.dat
9 0 0.000000 -0.382683 -0.923880 0.000000 0.923880 -0.382683 1.000000 0.000000 0.000000 -2.014436 -82.436005 34.146000 23.815376 4.374075 58.485500 2573.dat
9 0 0.000000 -0.707107 -0.707107 0.000000 0.707107 -0.707107 1.000000 0.000000 0.000000 -2.014445 -63.093750 63.093750 23.815376 4.374075 58.485500 2573.dat
9 0 0.000000 -0.923880 -0.382683 0.000000 0.382683 -0.923880 1.000000 0.000000 0.000000 -2.014451 -34.146000 82.436005 23.815376 4.374075 58.485500 2573.dat
9 0 -0.000000 -1.000000 0.000000 0.000000 -0.000000 -1.000000 1.000000 0.000000 0.000000 -2.014453 0.000000 89.227997 23.815376 4.374075 58.485500 2573.dat
9 0 -0.000000 -0.923880 0.382683 0.000000 -0.382683 -0.923880 1.000000 0.000000 0.000000 -2.014451 34.146000 82.436005 23.815376 4.374075 58.485500 2573.dat
9 0 -0.000000 -0.707107 0.707107 0.000000 -0.707107 -0.707107 1.000000 0.000000 0.000000 -2.014445 63.093750 63.093750 23.815376 4.374075 58.485500 2573.dat
9 0 -0.000000 -0.382683 0.923880 0.000000 -0.923880 -0.382683 1.000000 0.000000 0.000000 -2.014436 82.436005 34.146000 23.815376 4.374075 58.485500 2573.dat
9 0 -0.000000 0.000000 1.000000 -0.000000 -1.000000 0.000000 1.000000 0.000000 0.000000 -2.014425 89.227997 -0.000001 23.815376 4.374075 58.485500 2573.dat
9 0 -0.000000 0.382683 0.923880 -0.000000 -0.923880 0.382683 1.000000 0.000000 0.000000 -2.014414 82.436005 -34.146000 23.815376 4.374075 58.485500 2573.dat
9 0 -0.000000 0.707107 0.707107 -0.000000 -0.707107 0.707107 1.000000 0.000000 0.000000 -2.014405 63.093750 -63.093750 23.815376 4.374075 58.485500 2573.dat
9 0 -0.000000 0.923880 0.382683 -0.000000 -0.382683 0.923880 1.000000 0.000000 0.000000 -2.014399 34.146000 -82.436005 23.815376 4.374075 58.485500 2573.dat
9 0 -0.000000 1.000000 0.000000 -0.000000 -0.000000 1.000000 1.000000 0.000000 0.000000 -2.014397 0.000000 -89.227997 23.815376 4.374075 58.485500 2573.dat
9 0 0.000000 0.923880 -0.382683 -0.000000 0.382683 0.923880 1.000000 0.000000 0.000000 -2.014399 -34.146000 -82.436005 23.815376 4.374075 58.485500 2573.dat
9 0 0.000000 0.707107 -0.707107 -0.000000 0.707107 0.707107 1.000000 0.000000 0.000000 -2.014405 -63.093750 -63.093750 23.815376 4.374075 58.485500 2573.dat
9 0 0.000000 0.382683 -0.923880 -0.000000 0.923880 0.382683 1.000000 0.000000 0.000000 -2.014414 -82.436005 -34.146000 23.815376 4.374075 58.485500 2573.dat
9 0 0.000000 0.000000 -1.000000 0.000000 1.000000 0.000000 1.000000 0.000000 0.000000 48.598999 -54.218502 0.000015 16.215700 33.968498 7.599000 2573.dat
9 0 0.000000 -0.382683 -0.923880 0.000000 0.923880 -0.382683 1.000000 0.000000 0.000000 48.598991 -50.091499 20.748564 16.215700 33.968498 7.599000 2573.dat
9 0 0.000000 -0.707107 -0.707107 0.000000 0.707107 -0.707107 1.000000 0.000000 0.000000 48.598988 -38.338249 38.338264 16.215700 33.968498 7.599000 2573.dat
9 0 0.000000 -0.923880 -0.382683 0.000000 0.382683 -0.923880 1.000000 0.000000 0.000000 48.598984 -20.748550 50.091518 16.215700 33.968498 7.599000 2573.dat
9 0 -0.000000 -1.000000 0.000000 0.000000 -0.000000 -1.000000 1.000000 0.000000 0.000000 48.598980 0.000000 54.218517 16.215700 33.968498 7.599000 2573.dat
9 0 -0.000000 -0.923880 0.382683 0.000000 -0.382683 -0.923880 1.000000 0.000000 0.000000 48.598984 20.748550 50.091518 16.215700 33.968498 7.599000 2573.dat
9 0 -0.000000 -0.707107 0.707107 0.000000 -0.707107 -0.707107 1.000000 0.000000 0.000000 48.598988 38.338249 38.338264 16.215700 33.968498 7.599000 2573.dat
9 0 -0.000000 -0.382684 0.923879 0.000000 -0.923879 -0.382684 1.000000 0.000000 0.000000 48.598991 50.091499 20.748564 16.215700 33.968498 7.599000 2573.dat
9 0 -0.000000 0.000000 1.000000 -0.000000 -1.000000 0.000000 1.000000 0.000000 0.000000 48.598999 54.218502 0.000015 16.215700 33.968498 7.599000 2573.dat
9 0 -0.000000 0.382684 0.923879 -0.000000 -0.923879 0.382684 1.000000 0.000000 0.000000 48.599007 50.091499 -20.748535 16.215700 33.968498 7.599000 2573.dat
9 0 -0.000000 0.707107 0.707107 -0.000000 -0.707107 0.707107 1.000000 0.000000 0.000000 48.599010 38.338249 -38.338234 16.215700 33.968498 7.599000 2573.dat
9 0 -0.000000 0.923880 0.382683 -0.000000 -0.382683 0.923880 1.000000 0.000000 0.000000 48.599014 20.748550 -50.091480 16.215700 33.968498 7.599000 2573.dat
9 0 -0.000000 1.000000 0.000000 -0.000000 -0.000000 1.000000 1.000000 0.000000 0.000000 48.599018 0.000000 -54.218483 16.215700 33.968498 7.599000 2573.dat
9 0 0.000000 0.923880 -0.382683 -0.000000 0.382683 0.923880 1.000000 0.000000 0.000000 48.599014 -20.748550 -50.091480 16.215700 33.968498 7.599000 2573.dat
9 0 0.000000 0.707107 -0.707107 -0.000000 0.707107 0.707107 1.000000 0.000000 0.000000 48.599010 -38.338249 -38.338234 16.215700 33.968498 7.599000 2573.dat
9 0 0.000000 0.382683 -0.923880 -0.000000 0.923880 0.382683 1.000000 0.000000 0.000000 48.599007 -50.091499 -20.748535 16.215700 33.968498 7.599000 2573.dat
10 0 -95.590752 -95.590752 -56.731499 95.590752 95.590752 60.750000 2573.dat
0 2 -0.000000 1.000000 0.000000 -1.000000 -0.000000 -0.000000 -0.000000 0.000000 1.000000 0.000000 0.000000 0.000000 0 0 0.800000 0 0 2573.dat
3 23 0.000000 0.000000 -1.000000 -1.000000 -0.000000 -0.000000 -0.000000 1.000000 -0.000000 40.749992 20.000000 20.000013 4 4 29:0:1,23:4:1,29:0:1,23:4:1,29:0:1,23:4:1,0:4:0,23:4:1,0:4:0,23:4:1,29:0:1,23:4:1,18:4:1,23:4:1,29:0:1,23:4:1,0:4:0,23:4:1,0:4:0,23:4:1,29:0:1,23:4:1,29:0:1,23:4:1,29:0:1, 2573.dat
