9 0 -1.000000 -0.000000 -0.000000 0.000000 0.000000 -1.000000 0.000000 -1.000000 0.000000 24.125000 12.000000 -24.125000 23.875000 23.875000 11.750000 2577.dat
9 0 -0.857238 -0.000000 0.514921 -0.514921 0.000000 -0.857238 0.000000 -1.000000 0.000000 53.909248 1.375000 -32.267326 13.442725 19.884075 1.125000 2577.dat
9 0 0.920505 0.000000 0.390731 -0.390731 0.000000 0.920505 -0.000000 -1.000000 0.000000 30.616627 9.375000 -71.607002 5.992550 1.472725 9.125000 2577.dat
9 0 -1.000000 -0.000000 -0.000000 0.000000 0.000000 -1.000000 0.000000 -1.000000 0.000000 10.625000 12.000000 -62.015755 10.375000 13.515849 11.750000 2577.dat
9 0 -1.000000 -0.000000 -0.000000 0.000000 0.000000 -1.000000 0.000000 -1.000000 0.000000 61.942749 12.000000 -10.625000 13.442725 10.375000 11.750000 2577.dat
9 0 -0.503995 0.000000 0.863707 -0.863707 0.000000 -0.503994 -0.000000 -1.000000 0.000000 31.749975 1.375000 -54.215752 13.442725 19.884075 1.125000 2577.dat
9 0 0.394547 0.000000 0.918876 -0.918876 0.000000 0.394547 -0.000000 -1.000000 0.000000 71.638504 9.375000 -30.538448 5.992550 1.474450 9.125000 2577.dat
9 0 0.803639 0.000000 0.595117 -0.595117 0.000000 0.803639 0.000000 -1.000000 -0.000000 46.211750 12.000000 -62.494255 11.411325 1.191925 11.750000 2577.dat
9 0 0.987355 0.000000 0.158525 -0.158525 0.000000 0.987355 -0.000000 -1.000000 0.000000 12.268126 12.000000 -76.749756 11.411325 1.191925 11.750000 2577.dat
9 0 0.595073 0.000000 0.803672 -0.803672 0.000000 0.595073 -0.000000 -1.000000 0.000000 62.432755 12.000000 -46.294750 11.411325 1.191925 11.750000 2577.dat
9 0 0.163120 -0.000000 0.986606 -0.986606 -0.000000 0.163120 0.000000 -1.000000 -0.000000 76.674255 12.000000 -12.731425 11.411325 1.191925 11.750000 2577.dat
10 0 -10.000000 0.000000 -10.000000 70.000000 28.450001 70.000000 2577.dat
2 22 1.000000 0.000000 0.000000 0.000000 1.000000 0.000000 0.000000 0.000000 1.000000 0.000000 24.000000 0.000000 8 8 22:1:1,22:2:1,22:2:1,22:2:1,22:2:1,22:2:1,22:2:1,22:2:1,22:1:1,22:2:1,15:4:1,22:2:1,15:4:1,22:2:1,15:4:1,22:2:1,15:4:1,22:2:1,22:2:1,22:2:1,8:4:1,22:2:1,22:2:1,22:2:1,8:4:1,22:2:1,22:2:1,22:2:1,15:4:1,22:2:1,15:4:1,22:2:1,15:4:1,23:4:1,29:0:1,29:0:1,22:2:1,22:2:1,22:2:1,22:2:1,8:4:1,23:4:1,29:0:1,22:2:1,29:0:1,22:2:1,15:4:1,22:2:1,15:4:1,23:4:1,15:4:1,22:2:1,29:0:1,29:0:1,22:2:1,22:2:1,8:4:1,23:4:1,29:0:1,22:2:1,29:0:1,29:0:1,29:0:1,22:2:1,15:4:1,22:2:1,29:0:1,22:2:1,29:0:1,29:0:1,29:0:1,29:0:1,22:1:1,22:2:1,22:2:1,29:0:1,29:0:1,29:0:1,29:0:1,29:0:1,29:0:1, 2577.dat
3 23 1.000000 0.000000 0.000000 0.000000 1.000000 0.000000 0.000000 0.000000 1.000000 0.000000 0.000000 0.000000 8 8 18:1:1,23:4:1,18:2:1,23:4:1,18:2:1,23:4:1,18:2:1,23:4:1,18:1:1,23:4:1,0:4:1,23:4:1,0:4:1,23:4:1,0:4:1,23:4:1,0:4:1,23:4:1,18:2:1,23:4:1,18:4:1,23:4:1,18:4:1,23:4:1,18:3:1,23:4:1,18:1:1,23:4:1,0:4:1,23:4:1,0:4:1,23:4:1,0:4:1,23:4:1,29:0:1,29:0:1,18:2:1,23:4:1,18:4:1,23:4:1,18:4:1,23:4:1,18:2:1,29:0:1,29:0:1,23:4:1,0:4:1,23:4:1,0:4:1,23:4:1,0:4:1,23:4:1,29:0:1,29:0:1,18:2:1,23:4:1,18:3:1,23:4:1,18:2:1,23:4:1,18:1:1,29:0:1,29:0:1,23:4:1,0:4:1,23:4:1,29:0:1,29:0:1,29:0:1,29:0:1,29:0:1,29:0:1,18:1:1,23:4:1,18:1:1,29:0:1,29:0:1,29:0:1,29:0:1,29:0:1,29:0:1, 2577.dat
