9 0 -1.000000 0.000000 0.000001 0.000001 -0.000000 1.000000 0.000000 1.000000 0.000000 -0.000026 -34.375000 -43.855000 49.750000 9.769925 1.250000 2578.dat
9 0 -1.000000 0.000000 0.000001 0.000000 0.675590 0.737277 -0.000000 0.737277 -0.675590 -0.000012 -23.229000 -22.346424 49.750000 16.677250 1.217350 2578.dat
9 0 -1.000000 0.000000 0.000001 0.000000 1.000000 0.000000 -0.000001 0.000000 -1.000000 -0.000005 -0.375000 -10.375000 49.750000 12.250000 1.250000 2578.dat
9 0 1.000000 0.000000 -0.000001 0.000000 1.000000 0.000000 0.000001 0.000000 1.000000 -48.500027 -31.875000 -43.854969 1.250000 3.750000 9.769925 2578.dat
9 0 1.000000 0.000000 -0.000001 -0.000000 0.504520 -0.863400 0.000000 0.863400 0.504520 -48.500015 -18.607250 -27.514469 1.250000 3.587725 12.726675 2578.dat
9 0 1.000000 0.000000 -0.000001 -0.000000 0.736244 -0.676716 0.000000 0.676716 0.736244 -48.500015 -21.514500 -23.945669 1.250000 3.587725 16.692274 2578.dat
9 0 -1.000000 0.000000 0.000001 0.000000 1.000000 0.000000 -0.000001 0.000000 -1.000000 48.499973 -31.875000 -43.855030 1.250000 3.750000 9.769925 2578.dat
9 0 -1.000000 0.000000 0.000001 -0.000001 0.504520 -0.863400 -0.000000 -0.863400 -0.504520 48.499985 -18.607250 -27.514530 1.250000 3.587725 12.726675 2578.dat
9 0 -1.000000 0.000000 0.000001 -0.000000 0.736244 -0.676716 -0.000000 -0.676716 -0.736244 48.499989 -21.514500 -23.945730 1.250000 3.587725 16.692274 2578.dat
9 0 -1.000000 0.000000 0.000001 -0.000000 0.707107 -0.707107 -0.000000 -0.707107 -0.707107 50.999969 -3.008975 -49.009033 3.750000 4.750000 0.760525 2578.dat
9 0 -1.000000 0.000000 0.000001 0.000000 0.707107 0.707107 -0.000000 0.707107 -0.707107 50.999969 7.266601 -49.016533 3.750000 4.750000 0.771350 2578.dat
9 0 -1.000000 0.000000 0.000001 0.000000 1.000000 0.000000 -0.000001 0.000000 -1.000000 50.999989 -6.375000 -26.375031 3.750000 1.250000 17.250000 2578.dat
9 0 -1.000000 0.000000 0.000001 0.000000 1.000000 0.000000 -0.000001 0.000000 -1.000000 50.999977 9.580125 -43.875034 3.750000 0.955125 4.750000 2578.dat
9 0 -1.000000 0.000000 0.000001 0.000000 1.000000 0.000000 -0.000001 0.000000 -1.000000 50.999977 6.600600 -39.286533 3.750000 1.975600 2.088400 2578.dat
9 0 -1.000000 0.000000 0.000001 0.000000 1.000000 0.000000 -0.000001 0.000000 -1.000000 50.999977 -2.270025 -39.222282 3.750000 1.895025 2.152850 2578.dat
9 0 -1.000000 0.000000 0.000001 0.000000 1.000000 0.000000 -0.000001 0.000000 -1.000000 50.999969 2.125000 -51.339031 3.750000 4.750000 0.964050 2578.dat
9 0 -1.000000 0.000000 0.000001 0.000000 1.000000 0.000000 -0.000001 0.000000 -1.000000 53.124989 2.125000 -23.250032 1.625000 9.750000 14.125000 2578.dat
9 0 -1.000000 0.000000 0.000001 -0.000000 0.707107 -0.707107 -0.000000 -0.707107 -0.707107 -51.000031 -3.008975 -49.008968 3.750000 4.750000 0.760525 2578.dat
9 0 -1.000000 0.000000 0.000001 0.000000 0.707107 0.707107 -0.000000 0.707107 -0.707107 -51.000031 7.266601 -49.016468 3.750000 4.750000 0.771350 2578.dat
9 0 -1.000000 0.000000 0.000001 0.000000 1.000000 0.000000 -0.000001 0.000000 -1.000000 -51.000011 -6.375000 -26.374969 3.750000 1.250000 17.250000 2578.dat
9 0 -1.000000 0.000000 0.000001 0.000000 1.000000 0.000000 -0.000001 0.000000 -1.000000 -51.000023 9.580125 -43.874966 3.750000 0.955125 4.750000 2578.dat
9 0 -1.000000 0.000000 0.000001 0.000000 1.000000 0.000000 -0.000001 0.000000 -1.000000 -51.000023 6.600600 -39.286469 3.750000 1.975600 2.088400 2578.dat
9 0 -1.000000 0.000000 0.000001 0.000000 1.000000 0.000000 -0.000001 0.000000 -1.000000 -51.000023 -2.270025 -39.222218 3.750000 1.895025 2.152850 2578.dat
9 0 -1.000000 0.000000 0.000001 0.000000 1.000000 0.000000 -0.000001 0.000000 -1.000000 -51.000031 2.125000 -51.338970 3.750000 4.750000 0.964050 2578.dat
9 0 -1.000000 0.000000 0.000001 0.000000 1.000000 0.000000 -0.000001 0.000000 -1.000000 -53.125011 2.125000 -23.249968 1.625000 9.750000 14.125000 2578.dat
9 0 1.000000 0.000000 -0.000001 0.000000 1.000000 0.000000 0.000001 0.000000 1.000000 0.199997 -9.125000 -7.900000 19.549999 2.500000 3.775000 2578.dat
9 0 1.000000 0.000000 -0.000001 0.000000 1.000000 0.000000 0.000001 0.000000 1.000000 0.000000 -9.125000 -2.875000 9.550000 2.500000 8.750000 2578.dat
9 0 0.707106 0.000000 -0.707107 0.000000 1.000000 0.000000 0.707107 0.000000 0.707106 11.666950 -9.125000 -2.108057 6.891775 2.500000 4.251525 2578.dat
9 0 -0.707107 0.000000 -0.707106 0.000000 1.000000 0.000000 0.707106 0.000000 -0.707107 -11.616949 -9.125000 -2.058043 6.821075 2.500000 4.251525 2578.dat
9 0 1.000000 0.000000 -0.000001 0.000000 1.000000 0.000000 0.000001 0.000000 1.000000 0.199997 9.375000 -7.900000 19.549999 2.500000 3.775000 2578.dat
9 0 1.000000 0.000000 -0.000001 0.000000 1.000000 0.000000 0.000001 0.000000 1.000000 0.000000 9.375000 -2.875000 9.550000 2.500000 8.750000 2578.dat
9 0 0.707106 0.000000 -0.707107 0.000000 1.000000 0.000000 0.707107 0.000000 0.707106 11.666950 9.375000 -2.108057 6.891775 2.500000 4.251525 2578.dat
9 0 -0.707107 0.000000 -0.707106 0.000000 1.000000 0.000000 0.707106 0.000000 -0.707107 -11.616949 9.375000 -2.058043 6.821075 2.500000 4.251525 2578.dat
10 0 -55.000000 0.000000 -50.750000 55.000000 52.450001 9.250025 2578.dat
3 23 -1.000000 0.000000 0.000001 0.000000 1.000000 0.000000 -0.000001 0.000000 -1.000000 39.999969 -35.875000 -53.125023 2 8 18:2:1,23:4:1,18:2:1,23:4:1,18:2:1,23:4:1,18:2:1,23:4:1,18:2:1,23:4:1,0:4:1,23:4:1,0:4:1,23:4:1,0:4:1,23:4:1,0:4:1,23:4:1,18:2:1,23:4:1,18:2:1,23:4:1,18:2:1,23:4:1,18:2:1,23:4:1,18:2:1, 2578.dat
0 4 0.000000 1.000000 -0.000000 1.000000 -0.000000 -0.000001 -0.000001 0.000000 -1.000000 54.999977 2.125026 -43.875034 0 0 0.320000 0 0 2578.dat
0 4 0.000000 1.000000 -0.000000 1.000000 -0.000000 -0.000001 -0.000001 0.000000 -1.000000 -47.000027 2.124976 -43.874969 0 0 0.320000 0 0 2578.dat
1 2 1.000000 0.000000 -0.000001 -0.000001 0.000000 -1.000000 -0.000000 1.000000 0.000000 0.000001 0.125001 -0.875000 2578.dat
