9 0 -0.867239 -0.331118 0.371828 0.177627 0.491903 0.852338 -0.465128 0.805228 -0.367782 -11.083225 27.832499 -15.532975 7.011024 0.141025 6.544425 2587.dat
9 0 1.000000 0.000000 0.000000 0.000000 1.000000 0.000000 0.000000 0.000000 1.000000 0.000000 -1.877900 8.363875 12.857374 0.620800 1.869850 2587.dat
9 0 0.982731 0.000000 0.185042 0.000000 1.000000 0.000000 -0.185042 0.000000 0.982731 6.291950 -1.722675 -8.671724 6.819875 0.777325 3.294175 2587.dat
9 0 1.000000 0.000000 0.000000 0.000000 -0.000000 1.000000 0.000000 -1.000000 -0.000000 -0.056125 9.926550 -13.716250 14.231674 1.039725 12.141800 2587.dat
9 0 1.000000 0.000000 0.000000 0.000000 1.000000 0.000000 0.000000 0.000000 1.000000 12.157325 -1.370300 0.067950 5.510425 1.129700 10.259075 2587.dat
9 0 0.810703 0.432998 -0.394047 -0.473310 0.088591 -0.876430 -0.344583 0.897031 0.276763 14.394125 3.294975 11.159050 3.008000 0.469100 3.876750 2587.dat
9 0 1.000000 0.000000 0.000000 0.000000 -0.000000 -1.000000 0.000000 1.000000 -0.000000 -0.051275 15.008325 10.918650 16.427500 0.141500 16.887850 2587.dat
9 0 -1.000000 0.000000 -0.000000 0.000000 1.000000 0.000000 0.000000 0.000000 -1.000000 -12.256600 -1.388125 0.445500 5.586350 1.111875 10.259075 2587.dat
9 0 -0.810703 0.432998 -0.394048 0.473311 0.088591 -0.876429 -0.344583 -0.897031 -0.276763 -14.424850 3.289225 11.215950 3.008000 0.404200 3.876750 2587.dat
9 0 -0.982731 0.000000 0.185041 0.000000 1.000000 0.000000 -0.185041 0.000000 -0.982731 -6.293625 -1.722675 -8.680575 6.819875 0.777325 3.285175 2587.dat
9 0 -0.785586 0.572813 0.233964 0.411825 0.201840 0.888629 0.461795 0.794447 -0.394462 -14.770675 3.090725 -11.002975 3.320475 0.355075 4.165700 2587.dat
9 0 0.785586 0.572813 0.233964 -0.411824 0.201840 0.888629 0.461795 -0.794447 0.394461 14.770675 3.090725 -11.002975 3.320475 0.355075 4.165700 2587.dat
9 0 -0.878813 0.315912 -0.357615 -0.170415 0.492237 0.853617 0.445698 0.811112 -0.378748 10.468550 27.816750 -15.668750 6.561750 0.142500 6.847525 2587.dat
10 0 -21.447124 -35.607998 -15.000001 21.447124 4.686125 21.883751 2587.dat
4 30 -1.000000 0.000000 -0.000000 0.000000 1.000000 0.000000 0.000000 0.000000 -1.000000 7.500000 0.000000 0.000000 2 2587.dat
2 22 1.000000 0.000000 0.000000 0.000000 1.000000 0.000000 0.000000 0.000000 1.000000 -10.000000 0.000000 10.000000 2 2 29:0:0,29:0:0,29:0:0,29:0:0,15:4:32,29:0:0,29:0:0,29:0:0,29:0:0, 2587.dat
2 22 1.000000 0.000000 0.000000 0.000000 -1.000000 -0.000000 0.000000 0.000000 -1.000000 -10.000000 -2.750000 -10.000000 2 2 29:0:0,29:0:0,29:0:0,29:0:0,15:4:32,29:0:0,29:0:0,29:0:0,29:0:0, 2587.dat
4 30 1.000000 0.000000 0.000000 0.000000 1.000000 0.000000 0.000000 0.000000 1.000000 -7.500000 0.000000 0.000000 2 2587.dat
