9 0 -0.965926 -0.258819 -0.000000 -0.258819 0.965926 -0.000000 0.000000 0.000000 -1.000000 10.481949 -39.619247 1.965878 12.024750 5.062450 37.327999 2593.dat
9 0 -0.965926 -0.258819 -0.000000 -0.258819 0.965926 -0.000000 0.000000 0.000000 -1.000000 6.009360 -22.927198 -32.305996 12.024750 11.718349 3.056025 2593.dat
9 0 -0.965926 0.258819 -0.000000 0.258819 0.965926 0.000000 0.000000 0.000000 -1.000000 -10.481951 -39.619247 1.965872 12.024750 5.062450 37.327999 2593.dat
9 0 -0.965926 0.258819 -0.000000 0.258819 0.965926 0.000000 0.000000 0.000000 -1.000000 -6.009339 -22.927198 -32.306004 12.024750 11.718349 3.056025 2593.dat
9 0 -0.707107 0.707107 -0.000000 0.707107 0.707107 0.000000 0.000000 0.000000 -1.000000 -28.637251 -29.137251 1.965866 12.024750 5.062450 37.327999 2593.dat
9 0 -0.707107 0.707107 -0.000000 0.707107 0.707107 0.000000 0.000000 0.000000 -1.000000 -16.417841 -16.917850 -32.306007 12.024750 11.718349 3.056025 2593.dat
9 0 -0.258819 0.965926 -0.000000 0.965926 0.258819 0.000000 0.000000 0.000000 -1.000000 -39.119251 -10.981950 1.965862 12.024750 5.062450 37.327999 2593.dat
9 0 -0.258819 0.965926 -0.000000 0.965926 0.258819 0.000000 0.000000 0.000000 -1.000000 -22.427189 -6.509350 -32.306007 12.024750 11.718349 3.056025 2593.dat
9 0 0.258819 0.965926 0.000000 0.965926 -0.258819 0.000000 0.000000 0.000000 -1.000000 -39.119251 9.981950 1.965862 12.024750 5.062450 37.327999 2593.dat
9 0 0.258819 0.965926 0.000000 0.965926 -0.258819 0.000000 0.000000 0.000000 -1.000000 -22.427189 5.509350 -32.306007 12.024750 11.718349 3.056025 2593.dat
9 0 0.707107 0.707107 0.000000 0.707107 -0.707107 0.000000 0.000000 0.000000 -1.000000 -28.637251 28.137251 1.965866 12.024750 5.062450 37.327999 2593.dat
9 0 0.707107 0.707107 0.000000 0.707107 -0.707107 0.000000 0.000000 0.000000 -1.000000 -16.417841 15.917851 -32.306007 12.024750 11.718349 3.056025 2593.dat
9 0 0.965926 0.258819 0.000000 0.258819 -0.965926 0.000000 0.000000 0.000000 -1.000000 -10.481951 38.619251 1.965872 12.024750 5.062450 37.327999 2593.dat
9 0 0.965926 0.258819 0.000000 0.258819 -0.965926 0.000000 0.000000 0.000000 -1.000000 -6.009339 21.927200 -32.306004 12.024750 11.718349 3.056025 2593.dat
9 0 0.965926 -0.258819 0.000000 -0.258819 -0.965926 -0.000000 0.000000 0.000000 -1.000000 10.481949 38.619251 1.965878 12.024750 5.062450 37.327999 2593.dat
9 0 0.965926 -0.258819 0.000000 -0.258819 -0.965926 -0.000000 0.000000 0.000000 -1.000000 6.009360 21.927200 -32.305996 12.024750 11.718349 3.056025 2593.dat
9 0 0.707107 -0.707107 0.000000 -0.707107 -0.707107 -0.000000 0.000000 0.000000 -1.000000 28.637251 28.137251 1.965884 12.024750 5.062450 37.327999 2593.dat
9 0 0.707107 -0.707107 0.000000 -0.707107 -0.707107 -0.000000 0.000000 0.000000 -1.000000 16.417862 15.917851 -32.305996 12.024750 11.718349 3.056025 2593.dat
9 0 0.258819 -0.965926 0.000000 -0.965926 -0.258819 -0.000000 0.000000 0.000000 -1.000000 39.119251 9.981950 1.965888 12.024750 5.062450 37.327999 2593.dat
9 0 0.258819 -0.965926 0.000000 -0.965926 -0.258819 -0.000000 0.000000 0.000000 -1.000000 22.427210 5.509350 -32.305996 12.024750 11.718349 3.056025 2593.dat
9 0 -0.258819 -0.965926 -0.000000 -0.965926 0.258819 -0.000000 0.000000 0.000000 -1.000000 39.119251 -10.981950 1.965888 12.024750 5.062450 37.327999 2593.dat
9 0 -0.258819 -0.965926 -0.000000 -0.965926 0.258819 -0.000000 0.000000 0.000000 -1.000000 22.427210 -6.509350 -32.305996 12.024750 11.718349 3.056025 2593.dat
9 0 -0.707107 -0.707107 -0.000000 -0.707107 0.707107 -0.000000 0.000000 0.000000 -1.000000 28.637251 -29.137251 1.965884 12.024750 5.062450 37.327999 2593.dat
9 0 -0.707107 -0.707107 -0.000000 -0.707107 0.707107 -0.000000 0.000000 0.000000 -1.000000 16.417862 -16.917850 -32.305996 12.024750 11.718349 3.056025 2593.dat
9 0 -1.000000 0.000000 -0.000000 0.000000 1.000000 0.000000 0.000000 0.000000 -1.000000 0.000002 -13.449075 -7.625000 11.176225 6.449075 7.375000 2593.dat
9 0 0.000000 1.000000 0.000000 1.000000 -0.000000 0.000000 0.000000 0.000000 -1.000000 -14.747967 -0.500000 -22.875006 10.449350 6.495450 7.375000 2593.dat
9 0 -0.866026 0.500000 -0.000000 0.500000 0.866026 0.000000 0.000000 0.000000 -1.000000 -7.373992 -13.272124 -22.875004 10.449350 6.495450 7.375000 2593.dat
9 0 0.866025 0.500000 0.000000 0.500000 -0.866025 0.000000 0.000000 0.000000 -1.000000 -7.373968 12.272124 -22.875004 10.449350 6.495450 7.375000 2593.dat
9 0 0.866025 -0.500000 0.000000 -0.500000 -0.866025 -0.000000 0.000000 0.000000 -1.000000 7.374007 12.272124 -22.874998 10.449350 6.495450 7.375000 2593.dat
9 0 0.000000 -1.000000 0.000000 -1.000000 -0.000000 -0.000000 0.000000 0.000000 -1.000000 14.747982 -0.500000 -22.874996 10.449350 6.495450 7.375000 2593.dat
9 0 -0.866026 -0.500000 -0.000000 -0.500000 0.866026 -0.000000 0.000000 0.000000 -1.000000 7.373982 -13.272124 -22.874998 10.449350 6.495450 7.375000 2593.dat
9 0 -0.500000 -0.866025 -0.000000 -0.866025 0.500000 -0.000000 0.000000 0.000000 -1.000000 11.214228 -6.974550 -7.624997 11.176225 6.449075 7.375000 2593.dat
9 0 0.500000 -0.866025 0.000000 -0.866025 -0.500000 -0.000000 0.000000 0.000000 -1.000000 11.214252 5.974525 -7.624997 11.176225 6.449075 7.375000 2593.dat
9 0 1.000000 0.000000 0.000000 0.000000 -1.000000 0.000000 0.000000 0.000000 -1.000000 0.000002 12.449075 -7.625000 11.176225 6.449075 7.375000 2593.dat
9 0 0.500000 0.866025 0.000000 0.866025 -0.500000 0.000000 0.000000 0.000000 -1.000000 -11.214223 5.974550 -7.625004 11.176225 6.449075 7.375000 2593.dat
9 0 -0.500000 0.866025 -0.000000 0.866025 0.500000 0.000000 0.000000 0.000000 -1.000000 -11.214248 -6.974525 -7.625004 11.176225 6.449075 7.375000 2593.dat
10 0 -47.121250 -47.121250 -36.500000 47.121250 47.121250 39.750000 2593.dat
0 2 0.000000 1.000000 0.000000 -0.000000 -0.000000 1.000000 1.000000 0.000000 0.000000 -0.000001 -0.500000 2.500000 0 0 0.800000 0 0 2593.dat
