9 0 0.707107 0.000000 0.707107 0.000000 1.000000 0.000000 -0.707107 0.000000 0.707107 0.000000 -8.000001 0.000000 2.500300 0.250000 2.524375 2594.dat
9 0 1.000000 0.000000 0.000000 0.000000 0.917742 0.397176 0.000000 -0.397176 0.917742 0.000000 -7.099474 -8.976175 1.625000 2.157725 5.762075 2594.dat
9 0 1.000000 0.000000 0.000000 0.000000 0.589572 0.807716 0.000000 -0.807716 0.589572 0.000000 6.176100 -21.056376 1.625000 2.157725 14.336200 2594.dat
9 0 1.000000 0.000000 0.000000 0.000000 1.000000 0.000000 0.000000 0.000000 1.000000 2.973700 -11.375000 0.026400 0.776300 3.625000 1.678550 2594.dat
9 0 -0.000000 0.000000 1.000000 0.000000 1.000000 0.000000 -1.000000 0.000000 -0.000000 -0.043425 -11.375000 2.956675 0.776300 3.625000 1.678550 2594.dat
9 0 -1.000000 0.000000 -0.000000 0.000000 1.000000 0.000000 0.000000 0.000000 -1.000000 -2.973700 -11.375000 -0.060425 0.776300 3.625000 1.678550 2594.dat
9 0 -1.000000 -0.000000 -0.000000 0.000000 0.000000 -1.000000 0.000000 -1.000000 0.000000 19.250000 12.625000 4.185100 2.000000 2.060100 3.613700 2594.dat
9 0 -1.000000 0.000000 0.000000 -0.000000 -1.000000 0.000000 0.000000 0.000000 1.000000 19.250000 15.494349 0.000000 2.000000 0.744350 3.613700 2594.dat
9 0 -1.000000 0.000000 -0.000000 -0.000000 0.000000 1.000000 0.000000 1.000000 0.000000 19.250000 12.625000 -2.869350 2.000000 0.744350 3.613700 2594.dat
9 0 -1.000000 0.000000 -0.000000 0.000000 1.000000 0.000000 0.000000 0.000000 -1.000000 19.250000 9.755651 0.000000 2.000000 0.744350 3.613700 2594.dat
9 0 0.595679 -0.080645 0.799164 0.031558 0.996529 0.077038 -0.802602 -0.020670 0.596156 10.559125 19.426901 -18.564501 14.101151 4.417325 0.267650 2594.dat
9 0 -1.000000 0.000000 -0.000000 0.000000 1.000000 0.000000 0.000000 0.000000 -1.000000 15.779400 10.014800 -3.971625 0.970625 3.034100 7.189400 2594.dat
9 0 -0.743210 -0.257276 -0.617615 -0.668839 0.262050 0.695690 -0.017138 0.930128 -0.366834 9.530375 7.989475 -15.844125 8.322525 0.139550 3.421875 2594.dat
9 0 1.000000 0.000000 0.000000 0.000000 -0.000000 -1.000000 0.000000 1.000000 -0.000000 -19.250000 12.625000 4.185100 2.000000 2.060100 3.613700 2594.dat
9 0 1.000000 0.000000 0.000000 0.000000 -1.000000 -0.000000 0.000000 0.000000 -1.000000 -19.250000 15.494349 0.000000 2.000000 0.744350 3.613700 2594.dat
9 0 1.000000 0.000000 0.000000 0.000000 -0.000000 1.000000 0.000000 -1.000000 -0.000000 -19.250000 12.625000 -2.869350 2.000000 0.744350 3.613700 2594.dat
9 0 1.000000 0.000000 0.000000 0.000000 1.000000 0.000000 0.000000 0.000000 1.000000 -19.250000 9.755651 0.000000 2.000000 0.744350 3.613700 2594.dat
9 0 -0.595679 -0.080645 0.799164 -0.031558 0.996529 0.077038 -0.802603 0.020670 -0.596156 -10.559125 19.426901 -18.564501 14.101151 4.417325 0.267650 2594.dat
9 0 0.743211 -0.257275 -0.617614 0.668838 0.262050 0.695691 -0.017138 -0.930129 0.366834 -9.538900 7.986125 -15.853000 8.322525 0.152300 3.421875 2594.dat
9 0 -0.000000 0.000000 -1.000000 0.000000 1.000000 0.000000 1.000000 0.000000 -0.000000 0.043425 -11.375000 -2.990725 0.776300 3.625000 1.678550 2594.dat
9 0 1.000000 0.000000 0.000000 0.000000 1.000000 0.000000 0.000000 0.000000 1.000000 -15.779400 10.014800 -3.971625 0.970625 3.034100 7.189400 2594.dat
9 0 1.000000 0.000000 0.000000 0.000000 0.011136 0.999938 0.000000 -0.999938 0.011136 0.000000 22.908501 -20.865925 1.888525 1.279325 2.289225 2594.dat
9 0 0.892136 -0.115340 0.436796 -0.437377 0.021579 0.899019 -0.113118 -0.993092 -0.031196 7.289900 22.279325 -18.040375 5.291675 0.881025 2.289225 2594.dat
9 0 -0.892135 -0.115340 0.436796 0.437377 0.021579 0.899019 -0.113119 0.993091 0.031196 -7.289900 22.279325 -18.040375 5.291675 0.881025 2.289225 2594.dat
10 0 -21.500000 -16.241400 -7.500000 21.500000 25.250000 31.622499 2594.dat
6 51 -0.000000 -0.000000 1.000000 -1.000000 -0.000000 0.000000 0.000000 -1.000000 -0.000000 0.000000 10.000000 0.000000 0.000000 0.000000 0.000000 0.000000 0 2594.dat
0 14 -0.000000 0.000000 1.000000 0.000000 1.000000 0.000000 -1.000000 0.000000 -0.000000 0.000000 -8.500000 0.000000 1 0 0.270000 0 0 2594.dat
0 14 -0.000000 -0.000000 1.000000 -1.000000 -0.000000 0.000000 0.000000 -1.000000 -0.000000 17.000000 12.625000 0.000000 1 0 0.180000 0 0 2594.dat
0 14 -0.000000 0.000000 -1.000000 1.000000 -0.000000 0.000000 -0.000000 -1.000000 -0.000000 -17.000000 12.625000 0.000000 1 0 0.180000 0 0 2594.dat
