9 0 -1.000000 0.000000 -0.000000 0.000000 1.000000 0.000000 0.000000 0.000000 -1.000000 -0.748998 0.874496 14.937371 16.815100 0.624475 8.562600 2598.dat
9 0 -0.000000 0.000000 1.000000 0.000000 1.000000 0.000000 -1.000000 0.000000 -0.000000 -14.937496 0.874496 0.584468 17.562176 0.624475 8.562600 2598.dat
9 0 0.000000 0.000000 -1.000000 0.000000 1.000000 0.000000 1.000000 0.000000 0.000000 14.937502 0.874496 3.734976 19.765074 0.624475 8.562600 2598.dat
9 0 -1.000000 0.000000 -0.000000 0.000000 1.000000 0.000000 0.000000 0.000000 -1.000000 0.000012 0.874496 -14.937529 23.500000 0.624475 8.562600 2598.dat
9 0 -1.000000 0.000000 -0.000000 0.000000 0.847001 -0.531591 0.000000 -0.531591 -0.847001 2.010739 15.221500 44.253521 25.030750 0.624475 26.990499 2598.dat
9 0 -1.000000 0.000000 -0.000000 0.000000 0.573037 -0.819529 0.000000 -0.819529 -0.573037 1.353478 39.305496 76.215218 35.139252 0.624475 11.760250 2598.dat
9 0 0.000000 0.000000 -1.000000 0.531591 0.847001 0.000000 0.847001 -0.531591 0.000000 -46.357738 15.221500 -0.129044 20.758726 0.624475 26.990499 2598.dat
9 0 0.000000 0.000000 -1.000000 0.819529 0.573037 0.000000 0.573037 -0.819529 0.000000 -84.356239 50.948250 -0.000057 33.785751 0.624475 25.966999 2598.dat
9 0 0.707107 -0.000001 -0.707107 0.707107 -0.000000 0.707106 -0.000001 -1.000000 0.000000 -68.674217 81.375000 -68.674301 42.176498 1.625000 9.125000 2598.dat
9 0 0.695329 -0.000001 -0.718691 0.382051 0.847000 0.369631 0.608731 -0.531592 0.588945 -33.918476 15.221500 -31.612289 14.127025 0.624475 26.990499 2598.dat
9 0 1.000000 -0.000000 0.000000 -0.000000 0.847000 0.531592 -0.000000 -0.531592 0.847000 -0.605226 15.221500 -46.357780 20.758726 0.624475 26.990499 2598.dat
9 0 0.741268 0.000000 0.671209 -0.356809 0.847001 0.394052 -0.568515 -0.531592 0.627855 31.869513 15.221500 -33.681019 12.786475 0.624475 26.990499 2598.dat
9 0 -0.000000 -0.000000 1.000000 -0.531591 0.847001 -0.000000 -0.847001 -0.531591 -0.000000 46.357758 15.221500 0.128987 20.758726 0.624475 26.990499 2598.dat
9 0 -0.646355 -0.000000 0.763037 -0.405624 0.847001 -0.343597 -0.646293 -0.531591 -0.547464 35.063000 15.221500 30.329159 10.935600 0.624475 26.990499 2598.dat
9 0 -0.707106 -0.000000 -0.707107 0.375892 0.847001 -0.375892 0.598921 -0.531591 -0.598920 -33.118748 15.221500 32.441086 10.935600 0.624475 26.990499 2598.dat
9 0 -0.707106 0.000000 -0.707107 0.579495 0.573037 -0.579494 0.405199 -0.819529 -0.405198 -59.648766 50.948250 59.648705 33.785751 0.624475 25.966999 2598.dat
9 0 -1.000000 0.000000 -0.000000 0.000000 0.573037 -0.819529 0.000000 -0.819529 -0.573037 19.017733 50.948250 84.356224 14.767849 0.624475 25.966999 2598.dat
9 0 -0.707107 -0.000000 0.707107 -0.579495 0.573037 -0.579495 -0.405198 -0.819529 -0.405199 59.648991 50.948250 59.648739 33.785751 0.624475 25.966999 2598.dat
9 0 -0.000000 -0.000000 1.000000 -0.819529 0.573037 -0.000000 -0.573037 -0.819529 -0.000000 84.356262 50.948250 -0.000003 33.785751 0.624475 25.966999 2598.dat
9 0 0.707106 0.000000 0.707107 -0.579495 0.573038 0.579494 -0.405199 -0.819529 0.405199 59.648777 50.948250 -59.649010 33.785751 0.624475 25.966999 2598.dat
9 0 1.000000 -0.000000 0.000000 -0.000000 0.573037 0.819530 -0.000000 -0.819530 0.573037 0.000036 50.948250 -84.356277 33.785751 0.624475 25.966999 2598.dat
9 0 0.707107 -0.000000 -0.707107 0.579495 0.573038 0.579495 0.405199 -0.819529 0.405199 -59.648727 50.948250 -59.648792 33.785751 0.624475 25.966999 2598.dat
9 0 0.000000 -0.000000 -1.000000 1.000000 -0.000000 0.000000 -0.000000 -1.000000 0.000000 -98.124992 84.000000 -0.000063 39.750000 1.625000 11.750000 2598.dat
9 0 1.000000 -0.000000 0.000000 -0.000000 0.000000 1.000000 -0.000000 -1.000000 -0.000000 0.000042 84.000000 -98.125023 39.750000 1.625000 11.750000 2598.dat
9 0 0.707106 0.000001 0.707107 -0.707107 -0.000000 0.707106 0.000001 -1.000000 0.000000 68.674210 81.375000 -68.674255 42.176498 1.625000 9.125000 2598.dat
9 0 -0.000000 0.000000 1.000000 -1.000000 -0.000000 -0.000000 0.000000 -1.000000 0.000000 98.125008 84.000000 0.000003 39.750000 1.625000 11.750000 2598.dat
9 0 -0.707107 -0.000000 0.707107 -0.707107 0.000000 -0.707107 -0.000000 -1.000000 -0.000000 76.799164 82.624992 60.549248 30.686001 1.625000 7.875000 2598.dat
9 0 -0.707106 0.000000 -0.707107 0.707107 0.000000 -0.707106 0.000000 -1.000000 -0.000000 -59.589516 84.000000 77.758957 6.347725 1.625000 11.750000 2598.dat
9 0 -1.000000 0.000000 -0.000000 0.000000 -0.000000 -1.000000 -0.000000 -1.000000 0.000000 29.249977 80.928024 90.749985 6.500000 1.000000 6.178025 2598.dat
9 0 0.000000 -0.000000 -1.000000 1.000000 -0.000000 0.000000 -0.000000 -1.000000 0.000000 -34.750019 80.928024 90.749962 5.250000 1.000000 6.178025 2598.dat
9 0 0.000000 -0.000000 -1.000000 1.000000 -0.000000 0.000000 -0.000000 -1.000000 0.000000 -5.250019 80.928024 90.749969 5.250000 1.000000 6.178025 2598.dat
9 0 0.000000 -0.000000 -1.000000 1.000000 -0.000000 0.000000 -0.000000 -1.000000 0.000000 5.249977 80.928024 90.749969 5.250000 1.000000 6.178025 2598.dat
9 0 0.000000 -0.000000 -1.000000 1.000000 -0.000000 0.000000 -0.000000 -1.000000 0.000000 34.749977 80.928024 90.749985 5.250000 1.000000 6.178025 2598.dat
9 0 -1.000000 0.000000 -0.000000 0.000000 0.707107 -0.707107 0.000000 -0.707107 -0.707107 37.124981 82.000000 90.749985 2.375000 2.578425 2.578425 2598.dat
9 0 -1.000000 0.000000 -0.000000 0.000000 0.707107 -0.707107 0.000000 -0.707107 -0.707107 1.249981 82.000000 90.749969 5.000000 2.578425 2.578425 2598.dat
9 0 -1.000000 0.000000 -0.000000 0.000000 0.707107 -0.707107 0.000000 -0.707107 -0.707107 -37.875019 82.000000 90.749962 1.625000 2.578425 2.578425 2598.dat
9 0 -1.000000 0.000000 -0.000000 0.000000 1.000000 0.000000 0.000000 0.000000 -1.000000 -0.000018 73.216370 92.018219 41.394749 1.033625 7.827950 2598.dat
9 0 -1.000000 0.000000 -0.000000 0.000000 -0.000000 -1.000000 -0.000000 -1.000000 0.000000 10.749978 80.928024 90.749977 6.500000 1.000000 6.178025 2598.dat
9 0 -1.000000 0.000000 -0.000000 0.000000 -0.000000 -1.000000 -0.000000 -1.000000 0.000000 -10.750031 80.928024 90.749969 6.500000 1.000000 6.178025 2598.dat
9 0 -1.000000 0.000000 -0.000000 0.000000 -0.000000 -1.000000 -0.000000 -1.000000 0.000000 -29.250027 80.928024 90.749962 6.500000 1.000000 6.178025 2598.dat
9 0 -1.000000 0.000000 -0.000000 0.000000 -0.000000 -1.000000 -0.000000 -1.000000 0.000000 -20.000029 76.874992 90.749969 15.750000 1.000000 2.125000 2598.dat
9 0 -1.000000 0.000000 -0.000000 0.000000 -0.000000 -1.000000 -0.000000 -1.000000 0.000000 19.999981 76.874992 90.749977 15.750000 1.000000 2.125000 2598.dat
9 0 -1.000000 0.000000 -0.000000 0.000000 0.573037 -0.819529 0.000000 -0.819529 -0.573037 -19.017769 50.948250 84.356216 14.767849 0.624475 25.966999 2598.dat
9 0 -0.707106 0.000000 -0.707107 0.707107 0.000000 -0.707106 0.000000 -1.000000 -0.000000 -95.884003 84.000000 41.464390 3.696050 1.625000 11.750000 2598.dat
9 0 -0.707106 0.000000 -0.707107 0.707107 0.000000 -0.707106 0.000000 -1.000000 -0.000000 -78.674271 84.000000 58.674198 7.642125 1.625000 11.750000 2598.dat
9 0 -0.707106 0.000000 -0.707107 0.707107 0.000000 -0.707106 0.000000 -1.000000 -0.000000 -76.799263 81.375000 60.549198 30.686001 1.625000 9.125000 2598.dat
9 0 0.707107 -0.000001 -0.707107 0.707107 -0.000000 0.707106 -0.000001 -1.000000 0.000000 -95.883980 84.000000 -41.464561 3.696075 1.625000 11.750000 2598.dat
9 0 0.707107 -0.000001 -0.707107 0.707107 -0.000000 0.707106 -0.000001 -1.000000 0.000000 -41.464470 84.000000 -95.884041 3.696050 1.625000 11.750000 2598.dat
9 0 0.707107 -0.000001 -0.707107 0.707107 -0.000000 0.707106 -0.000001 -1.000000 0.000000 -78.674232 84.000000 -58.674301 7.642125 1.625000 11.750000 2598.dat
9 0 0.707107 -0.000001 -0.707107 0.707107 -0.000000 0.707106 -0.000001 -1.000000 0.000000 -58.674217 84.000000 -78.674301 7.642125 1.625000 11.750000 2598.dat
9 0 0.707106 0.000001 0.707107 -0.707107 -0.000000 0.707106 0.000001 -1.000000 0.000000 41.464539 84.000000 -95.884010 3.696050 1.625000 11.750000 2598.dat
9 0 0.707106 0.000001 0.707107 -0.707107 -0.000000 0.707106 0.000001 -1.000000 0.000000 95.883896 84.000000 -41.464500 3.696075 1.625000 11.750000 2598.dat
9 0 0.707106 0.000001 0.707107 -0.707107 -0.000000 0.707106 0.000001 -1.000000 0.000000 58.674286 84.000000 -78.674263 7.642125 1.625000 11.750000 2598.dat
9 0 0.707106 0.000001 0.707107 -0.707107 -0.000000 0.707106 0.000001 -1.000000 0.000000 78.674202 84.000000 -58.674252 7.642125 1.625000 11.750000 2598.dat
9 0 -0.707107 -0.000000 0.707107 -0.707107 0.000000 -0.707107 -0.000000 -1.000000 -0.000000 95.883873 85.250000 41.464478 3.696050 1.625000 10.500000 2598.dat
9 0 -0.707107 -0.000000 0.707107 -0.707107 0.000000 -0.707107 -0.000000 -1.000000 -0.000000 59.589481 85.250000 77.758995 6.347725 1.625000 10.500000 2598.dat
9 0 -0.707107 -0.000000 0.707107 -0.707107 0.000000 -0.707107 -0.000000 -1.000000 -0.000000 78.674164 85.250000 58.674252 7.642125 1.625000 10.500000 2598.dat
10 0 -10.000000 0.000000 -130.000000 190.000000 100.425003 70.000000 2598.dat
3 23 -1.000000 0.000000 -0.000000 0.000000 1.000000 0.000000 0.000000 0.000000 -1.000000 20.000017 0.024998 -20.000023 4 4 29:0:1,23:4:1,29:0:1,23:4:1,29:0:1,23:4:1,1:4:0,23:4:1,1:4:0,23:4:1,29:0:1,23:4:1,18:4:1,23:4:1,29:0:1,23:4:1,1:4:0,23:4:1,1:4:0,23:4:1,29:0:1,23:4:1,29:0:1,23:4:1,29:0:1, 2598.dat
2 22 -1.000000 0.000000 -0.000000 0.000000 1.000000 0.000000 0.000000 0.000000 -1.000000 20.000017 7.999998 -20.000023 4 4 22:2:1,22:2:1,22:2:1,22:2:1,22:2:1,22:2:1,15:4:1,23:4:1,15:4:1,22:2:1,22:2:1,23:4:1,7:4:1,23:4:1,22:2:1,22:2:1,15:4:1,23:4:1,15:4:1,22:2:1,22:2:1,22:2:1,22:2:1,22:2:1,22:2:1, 2598.dat
2 22 -1.000000 0.000000 -0.000000 0.000000 1.000000 0.000000 0.000000 0.000000 -1.000000 100.000038 96.000000 -99.999992 20 20 29:0:1,29:0:1,29:0:1,29:0:1,29:0:1,29:0:1,22:2:1,22:2:1,22:2:1,22:2:1,22:2:1,22:2:1,22:2:1,22:2:1,22:2:1,29:0:1,29:0:1,29:0:1,29:0:1,29:0:1,29:0:1,29:0:1,29:0:1,29:0:1,29:0:1,29:0:1,29:0:1,29:0:1,29:0:1,29:0:1,29:0:1,29:0:1,29:0:1,29:0:1,29:0:1,29:0:1,29:0:1,29:0:1,29:0:1,29:0:1,29:0:1,29:0:1,29:0:1,29:0:1,29:0:1,29:0:1,22:2:1,22:2:1,29:0:1,29:0:1,29:0:1,29:0:1,29:0:1,29:0:1,29:0:1,29:0:1,29:0:1,22:2:1,22:2:1,29:0:1,29:0:1,29:0:1,29:0:1,29:0:1,29:0:1,29:0:1,29:0:1,22:2:1,29:0:1,29:0:1,29:0:1,29:0:1,29:0:1,29:0:1,29:0:1,29:0:1,29:0:1,29:0:1,29:0:1,22:2:1,29:0:1,29:0:1,29:0:1,29:0:1,29:0:1,29:0:1,22:2:1,22:2:1,29:0:1,29:0:1,29:0:1,29:0:1,29:0:1,29:0:1,29:0:1,29:0:1,29:0:1,29:0:1,29:0:1,29:0:1,29:0:1,22:2:1,22:2:1,29:0:1,29:0:1,29:0:1,29:0:1,22:2:1,29:0:1,29:0:1,29:0:1,29:0:1,29:0:1,29:0:1,29:0:1,29:0:1,29:0:1,29:0:1,29:0:1,29:0:1,29:0:1,29:0:1,29:0:1,22:2:1,29:0:1,29:0:1,22:2:1,29:0:1,29:0:1,29:0:1,29:0:1,29:0:1,29:0:1,29:0:1,29:0:1,29:0:1,29:0:1,29:0:1,29:0:1,29:0:1,29:0:1,29:0:1,29:0:1,29:0:1,29:0:1,29:0:1,22:2:1,22:2:1,29:0:1,29:0:1,29:0:1,29:0:1,29:0:1,29:0:1,29:0:1,29:0:1,29:0:1,29:0:1,29:0:1,29:0:1,29:0:1,29:0:1,29:0:1,29:0:1,29:0:1,29:0:1,29:0:1,22:2:1,22:2:1,29:0:1,29:0:1,29:0:1,29:0:1,29:0:1,29:0:1,29:0:1,29:0:1,29:0:1,29:0:1,29:0:1,29:0:1,29:0:1,29:0:1,29:0:1,29:0:1,29:0:1,29:0:1,29:0:1,22:2:1,22:2:1,29:0:1,29:0:1,29:0:1,29:0:1,29:0:1,29:0:1,29:0:1,29:0:1,29:0:1,29:0:1,29:0:1,29:0:1,29:0:1,29:0:1,29:0:1,29:0:1,29:0:1,29:0:1,29:0:1,22:2:1,22:2:1,29:0:1,29:0:1,29:0:1,29:0:1,29:0:1,29:0:1,29:0:1,29:0:1,29:0:1,29:0:1,29:0:1,29:0:1,29:0:1,29:0:1,29:0:1,29:0:1,29:0:1,29:0:1,29:0:1,22:2:1,22:2:1,29:0:1,29:0:1,29:0:1,29:0:1,29:0:1,29:0:1,29:0:1,29:0:1,29:0:1,29:0:1,29:0:1,29:0:1,29:0:1,29:0:1,29:0:1,29:0:1,29:0:1,29:0:1,29:0:1,22:2:1,22:2:1,29:0:1,29:0:1,29:0:1,29:0:1,29:0:1,29:0:1,29:0:1,29:0:1,29:0:1,29:0:1,29:0:1,29:0:1,29:0:1,29:0:1,29:0:1,29:0:1,29:0:1,29:0:1,29:0:1,22:2:1,22:2:1,29:0:1,29:0:1,29:0:1,29:0:1,29:0:1,29:0:1,29:0:1,29:0:1,29:0:1,29:0:1,29:0:1,29:0:1,29:0:1,29:0:1,29:0:1,29:0:1,29:0:1,29:0:1,29:0:1,22:2:1,22:2:1,29:0:1,29:0:1,29:0:1,29:0:1,29:0:1,29:0:1,29:0:1,29:0:1,29:0:1,29:0:1,29:0:1,29:0:1,29:0:1,29:0:1,29:0:1,29:0:1,29:0:1,29:0:1,29:0:1,22:2:1,29:0:1,29:0:1,22:2:1,29:0:1,29:0:1,29:0:1,29:0:1,29:0:1,29:0:1,29:0:1,29:0:1,29:0:1,29:0:1,29:0:1,29:0:1,29:0:1,29:0:1,29:0:1,22:2:1,29:0:1,29:0:1,29:0:1,29:0:1,22:2:1,22:2:1,29:0:1,29:0:1,29:0:1,29:0:1,29:0:1,29:0:1,29:0:1,29:0:1,29:0:1,29:0:1,29:0:1,29:0:1,29:0:1,22:2:1,22:2:1,29:0:1,29:0:1,29:0:1,29:0:1,29:0:1,29:0:1,22:2:1,29:0:1,29:0:1,29:0:1,29:0:1,29:0:1,29:0:1,29:0:1,29:0:1,29:0:1,29:0:1,29:0:1,22:2:1,29:0:1,29:0:1,29:0:1,29:0:1,29:0:1,29:0:1,29:0:1,29:0:1,22:2:1,22:2:1,29:0:1,29:0:1,29:0:1,29:0:1,29:0:1,29:0:1,29:0:1,29:0:1,29:0:1,22:2:1,22:2:1,29:0:1,29:0:1,29:0:1,29:0:1,29:0:1,29:0:1,29:0:1,29:0:1,29:0:1,29:0:1,29:0:1,29:0:1,29:0:1,29:0:1,29:0:1,29:0:1,29:0:1,29:0:1,29:0:1,29:0:1,29:0:1,29:0:1,29:0:1,29:0:1,29:0:1,29:0:1,29:0:1,29:0:1,29:0:1,29:0:1,29:0:1,29:0:1,29:0:1,29:0:1,29:0:1,29:0:1,29:0:1,29:0:1,29:0:1,29:0:1,29:0:1,29:0:1,29:0:1,29:0:1,29:0:1,29:0:1, 2598.dat
0 4 0.000000 0.000000 -1.000000 0.000000 1.000000 0.000000 1.000000 0.000000 0.000000 0.000012 2.749997 -0.000030 0 0 0.110000 0 0 2598.dat
6 5 0.000000 1.000000 0.000000 1.000000 -0.000000 0.000000 0.000000 0.000000 -1.000000 -20.000029 82.000000 90.749969 0.000000 0.000000 0.000000 0.000000 0 2598.dat
6 5 0.000000 1.000000 0.000000 1.000000 -0.000000 0.000000 0.000000 0.000000 -1.000000 19.999981 82.000000 90.749977 0.000000 0.000000 0.000000 0.000000 0 2598.dat
