9 0 0.000000 0.000000 -1.000000 0.000000 1.000000 0.000000 1.000000 0.000000 0.000000 -0.013400 -94.433502 -0.025200 2.022075 116.432747 1.178175 2614.dat
9 0 0.000000 0.707107 -0.707107 -0.000000 0.707107 0.707107 1.000000 0.000000 0.000000 0.305225 -210.767014 -0.574250 2.250025 0.776300 1.872875 2614.dat
9 0 0.000000 0.000000 -1.000000 0.000000 1.000000 0.000000 1.000000 0.000000 0.000000 -0.016075 -24.000000 -7.232625 4.517950 4.750000 2.750000 2614.dat
9 0 0.000000 0.000000 -1.000000 0.000000 1.000000 0.000000 1.000000 0.000000 0.000000 -0.057875 -29.413500 -16.000549 3.750000 1.264725 3.764150 2614.dat
9 0 -0.000000 0.000000 1.000000 -0.000000 -1.000000 0.000000 1.000000 0.000000 0.000000 -0.057875 -18.536001 -16.000574 3.750000 1.214100 3.764150 2614.dat
9 0 -0.000000 1.000000 0.000000 -0.000000 -0.000000 1.000000 1.000000 0.000000 0.000000 -0.057875 -24.000000 -21.464676 3.750000 1.214100 3.764150 2614.dat
9 0 -0.000000 0.707107 -0.707106 1.000000 0.000000 0.000000 0.000000 -0.707106 -0.707107 3.048325 -212.714508 -2.521750 2.250025 0.776300 1.872875 2614.dat
9 0 0.000000 0.707106 -0.707108 -0.000000 -0.707108 -0.707106 -1.000000 0.000000 0.000000 0.239300 -214.908508 -4.749625 2.250025 0.776300 1.872875 2614.dat
9 0 0.000000 0.707107 -0.707106 -1.000000 0.000000 0.000000 0.000000 0.707106 0.707107 -2.862425 -212.722260 -2.516625 2.250025 0.776300 1.872875 2614.dat
10 0 -3.999425 0.000000 -8.483925 24.000574 240.000015 8.513075 2614.dat
0 7 1.000000 0.000000 0.000000 0.000000 1.000000 0.000000 -0.000000 0.000000 1.000000 0.000000 22.500000 0.000000 0 0 2.840000 0 0 2614.dat
3 23 0.000000 0.000000 -1.000000 1.000000 -0.000000 0.000000 -0.000000 -1.000000 -0.000000 -4.016075 -34.000000 -6.000575 2 2 29:0:0,29:0:0,29:0:0,29:0:0,1:4:36,29:0:0,29:0:0,29:0:0,29:0:0, 2614.dat
3 23 0.000000 0.000000 -1.000000 -1.000000 -0.000000 -0.000000 -0.000000 1.000000 -0.000000 3.983925 -14.000002 -6.000575 2 2 29:0:0,29:0:0,29:0:0,29:0:0,1:4:36,29:0:0,29:0:0,29:0:0,29:0:0, 2614.dat
0 6 -0.000000 1.000000 0.000000 -1.000000 -0.000000 -0.000000 -0.000000 0.000000 1.000000 -8.513075 -24.000000 -16.000574 0 0 0.679880 0 0 2614.dat
2 22 0.000000 0.000000 -1.000000 0.000000 1.000000 0.000000 1.000000 0.000000 0.000000 10.000000 22.500000 10.000000 2 2 29:0:0,29:0:0,29:0:0,29:0:0,9:4:32,29:0:0,29:0:0,29:0:0,29:0:0, 2614.dat
