9 0 1.000000 0.000000 0.000000 0.000000 1.000000 0.000000 -0.000000 0.000000 1.000000 38.112495 63.851524 -35.112499 1.612500 3.898475 39.862499 2620.dat
9 0 1.000000 0.000000 0.000000 0.000000 1.000000 0.000000 -0.000000 0.000000 1.000000 38.112495 36.112499 -6.166099 1.612500 31.637499 10.916100 2620.dat
9 0 1.000000 0.000001 0.000000 0.000001 -0.907590 -0.419857 -0.000000 0.419857 -0.907590 38.515747 15.166998 -15.364300 1.209325 10.588250 16.997725 2620.dat
9 0 -1.000000 -0.000000 -0.000000 0.000000 0.707106 -0.707107 0.000000 -0.707107 -0.707106 34.899998 0.043499 0.146776 0.850000 2.505425 2.494575 2620.dat
9 0 -1.000000 -0.000000 -0.000000 0.000000 0.707106 -0.707107 0.000000 -0.707107 -0.707106 3.187499 0.035751 0.138900 0.937500 2.505425 2.483475 2620.dat
9 0 -1.000000 -0.000000 -0.000000 0.000000 0.707106 -0.707107 0.000000 -0.707107 -0.707106 -3.187501 0.036001 0.137925 0.937500 2.506375 2.483000 2620.dat
9 0 -1.000000 -0.000000 -0.000000 0.000000 0.707106 -0.707107 0.000000 -0.707107 -0.707106 -34.900002 0.036001 0.137925 0.850000 2.506375 2.483000 2620.dat
9 0 1.000000 0.000000 -0.000000 0.000000 0.907948 0.419083 0.000000 -0.419083 0.907948 -29.062500 -1.172751 -1.386875 6.937500 1.625000 2.050000 2620.dat
9 0 1.000000 0.000000 -0.000000 0.000000 0.907948 0.419083 0.000000 -0.419083 0.907948 -10.062501 -1.172751 -1.386875 7.812500 1.625000 2.050000 2620.dat
9 0 1.000000 0.000000 -0.000000 0.000000 0.907948 0.419083 0.000000 -0.419083 0.907948 9.937498 -1.172751 -1.386875 7.812500 1.625000 2.050000 2620.dat
9 0 1.000000 0.000000 -0.000000 0.000000 0.907948 0.419083 0.000000 -0.419083 0.907948 29.062498 -1.172751 -1.386874 6.937500 1.625000 2.050000 2620.dat
9 0 1.000000 -0.000000 -0.000000 -0.000000 -0.642354 -0.766408 0.000000 0.766408 -0.642354 38.515747 40.083752 -50.688248 1.209325 5.918025 30.547750 2620.dat
9 0 1.000000 -0.000000 0.000000 -0.000000 -0.976414 -0.215907 0.000000 0.215907 -0.976414 38.515747 45.965252 -32.635502 1.209325 13.649925 20.866724 2620.dat
9 0 1.000000 0.000001 0.000000 0.000001 -0.907590 -0.419857 -0.000000 0.419857 -0.907590 -0.012502 7.125753 -19.084225 39.737499 1.728275 16.997725 2620.dat
9 0 1.000000 -0.000000 -0.000000 -0.000000 -0.642354 -0.766408 0.000000 0.766408 -0.642354 -0.012502 37.183498 -54.148750 39.737499 1.402725 30.547750 2620.dat
9 0 1.000000 0.000000 0.000000 0.000000 1.000000 0.000000 -0.000000 0.000000 1.000000 -0.012502 63.851524 -73.362503 39.737499 3.898475 1.612500 2620.dat
9 0 -1.000000 0.000000 0.000000 0.000000 1.000000 0.000000 -0.000000 0.000000 -1.000000 -38.112499 63.851524 -35.112499 1.612500 3.898475 39.862499 2620.dat
9 0 -1.000000 -0.000000 -0.000000 0.000000 -0.976414 -0.215907 0.000000 -0.215907 0.976414 -38.515675 45.965252 -32.635502 1.209325 13.649925 20.866724 2620.dat
9 0 -1.000000 0.000000 0.000000 0.000000 1.000000 0.000000 -0.000000 0.000000 -1.000000 -38.112499 36.112499 -6.166100 1.612500 31.637499 10.916100 2620.dat
9 0 -1.000000 0.000001 0.000000 -0.000001 -0.907590 -0.419857 -0.000000 -0.419857 0.907590 -38.515675 15.166998 -15.364300 1.209325 10.588250 16.997725 2620.dat
9 0 -1.000000 -0.000000 -0.000000 0.000000 -0.642354 -0.766408 0.000000 -0.766408 0.642354 -38.515675 40.083752 -50.688248 1.209325 5.918025 30.547750 2620.dat
10 0 -10.000000 0.000000 -69.976006 70.224998 71.885506 10.000000 2620.dat
6 169 -0.000000 0.419067 -0.907955 1.000000 0.000000 0.000000 0.000000 -0.907955 -0.419067 -0.040501 0.128251 0.865575 0.000000 0.000000 0.000000 0.000000 0 2620.dat
