9 0 0.000000 0.000000 -1.000000 0.000000 1.000000 0.000000 1.000000 0.000000 0.000000 39.999996 12.000000 58.125000 1.625000 11.750000 19.750000 2626.dat
9 0 0.000000 0.000000 -1.000000 0.000000 1.000000 0.000000 1.000000 0.000000 0.000000 30.000002 12.000000 28.125000 27.875000 11.750000 9.750000 2626.dat
9 0 -0.446198 0.000000 -0.894934 -0.327910 0.930455 0.163490 0.832696 0.366406 -0.415167 28.870499 17.986225 -24.663502 17.433176 5.746925 0.934250 2626.dat
9 0 -0.315502 -0.000089 -0.948925 -0.249845 0.964724 0.082979 0.915443 0.263264 -0.304394 49.027245 18.245974 25.537628 26.831001 5.437400 0.774325 2626.dat
9 0 0.000000 0.000000 -1.000000 0.000000 1.000000 0.000000 1.000000 0.000000 0.000000 0.000000 12.000000 -19.999998 19.750000 11.750000 19.750000 2626.dat
9 0 0.000000 0.658689 -0.752415 -0.000000 0.752415 0.658689 1.000000 0.000000 0.000000 0.000000 12.112775 -48.113503 1.475275 14.038375 19.750000 2626.dat
9 0 -0.446198 0.000000 -0.894934 -0.327910 0.930455 0.163490 0.832696 0.366406 -0.415167 29.124748 6.488225 -34.337002 17.433176 5.846100 0.934250 2626.dat
9 0 -0.553730 0.550297 -0.624945 -0.000519 0.750280 0.661120 0.832696 0.366407 -0.415167 37.281754 12.102674 -13.021249 2.866050 12.507675 0.934250 2626.dat
9 0 -0.553730 0.550297 -0.624945 -0.000519 0.750280 0.661120 0.832696 0.366407 -0.415167 20.745998 12.279499 -45.995247 2.866050 12.507675 0.934250 2626.dat
9 0 0.929976 0.000000 -0.367620 0.000000 1.000000 0.000000 0.367620 0.000000 0.929976 31.945246 23.375000 9.784251 6.942875 0.375000 50.439251 2626.dat
9 0 -0.402430 0.605950 -0.686203 0.003796 0.750678 0.660658 0.915443 0.263264 -0.304395 40.339001 12.284949 -5.747747 3.041050 12.340200 0.774325 2626.dat
9 0 -0.402430 0.605950 -0.686203 0.003796 0.750678 0.660658 0.915443 0.263264 -0.304395 57.762997 12.338099 46.227600 3.095650 12.179400 0.774325 2626.dat
9 0 0.000000 0.000000 -1.000000 0.000000 1.000000 0.000000 1.000000 0.000000 0.000000 58.749996 5.672024 54.012604 5.737400 5.422050 1.000000 2626.dat
9 0 -0.317305 0.000000 -0.948324 0.000000 1.000000 0.000000 0.948324 0.000000 -0.317305 48.270500 0.624999 10.740500 31.219500 0.375000 1.589250 2626.dat
9 0 0.000000 0.000000 -1.000000 0.000000 1.000000 0.000000 1.000000 0.000000 0.000000 58.749996 0.624999 50.000000 9.750000 0.375000 1.000000 2626.dat
9 0 -0.446198 0.000000 -0.894934 0.000000 1.000000 0.000000 0.894934 0.000000 -0.446198 28.376747 0.624999 -39.190750 22.110676 0.375000 1.589250 2626.dat
9 0 0.315502 -0.000089 -0.948925 0.249845 0.964724 0.082979 0.915443 -0.263264 0.304394 -49.097229 6.464699 15.086001 26.831001 5.437400 0.774325 2626.dat
9 0 0.446198 0.000000 -0.894934 0.000000 1.000000 0.000000 0.894934 0.000000 0.446198 -28.376726 0.624999 -39.190750 22.110676 0.375000 1.589250 2626.dat
9 0 0.000000 0.000000 -1.000000 0.000000 1.000000 0.000000 1.000000 0.000000 0.000000 -58.749996 0.624999 50.000000 9.750000 0.375000 1.000000 2626.dat
9 0 0.317305 0.000000 -0.948324 0.000000 1.000000 0.000000 0.948324 0.000000 0.317305 -48.270428 0.624999 10.740500 31.219500 0.375000 1.589250 2626.dat
9 0 0.000000 0.000000 -1.000000 0.000000 1.000000 0.000000 1.000000 0.000000 0.000000 -58.749996 5.672024 54.012596 5.737400 5.422050 1.000000 2626.dat
9 0 0.402430 0.605950 -0.686203 -0.003796 0.750678 0.660658 0.915443 -0.263264 0.304395 -57.763004 12.338099 46.227600 3.095650 12.179400 0.774325 2626.dat
9 0 0.402430 0.605950 -0.686203 -0.003796 0.750678 0.660658 0.915443 -0.263264 0.304395 -40.338902 12.284949 -5.747747 3.041050 12.340200 0.774325 2626.dat
9 0 -0.929976 0.000000 -0.367620 0.000000 1.000000 0.000000 0.367620 0.000000 -0.929976 -31.945225 23.375000 9.784251 6.942875 0.375000 50.439251 2626.dat
9 0 0.553730 0.550297 -0.624945 0.000519 0.750280 0.661120 0.832696 -0.366407 0.415167 -20.745949 12.279499 -45.995247 2.866050 12.507675 0.934250 2626.dat
9 0 0.553730 0.550297 -0.624945 0.000519 0.750280 0.661120 0.832696 -0.366407 0.415167 -37.281799 12.102674 -13.021249 2.866050 12.507675 0.934250 2626.dat
9 0 0.446198 0.000000 -0.894934 0.327910 0.930455 0.163490 0.832696 -0.366406 0.415167 -29.124701 6.488225 -34.337002 17.433176 5.846100 0.934250 2626.dat
9 0 0.315502 -0.000089 -0.948925 0.249845 0.964724 0.082979 0.915443 -0.263264 0.304394 -49.027328 18.245974 25.537624 26.831001 5.437400 0.774325 2626.dat
9 0 0.446198 0.000000 -0.894934 0.327910 0.930455 0.163490 0.832696 -0.366406 0.415167 -28.870525 17.986225 -24.663502 17.433176 5.746925 0.934250 2626.dat
9 0 0.000000 0.000000 -1.000000 0.000000 1.000000 0.000000 1.000000 0.000000 0.000000 -30.000002 12.000000 28.125000 27.875000 11.750000 9.750000 2626.dat
9 0 0.000000 0.000000 -1.000000 0.000000 1.000000 0.000000 1.000000 0.000000 0.000000 -40.000000 12.000000 58.125000 1.625000 11.750000 19.750000 2626.dat
9 0 -0.315502 -0.000089 -0.948925 -0.249845 0.964724 0.082979 0.915443 0.263264 -0.304394 49.097244 6.464699 15.086001 26.831001 5.437400 0.774325 2626.dat
9 0 0.000000 -0.751180 -0.660098 0.000000 0.660098 -0.751180 1.000000 0.000000 0.000000 58.749996 9.960149 50.926399 10.720799 2.208125 1.000000 2626.dat
9 0 0.000000 -0.751180 -0.660098 0.000000 0.660098 -0.751180 1.000000 0.000000 0.000000 -58.844250 9.960149 50.926399 10.720799 2.208125 1.000000 2626.dat
10 0 -10.000000 0.000000 -90.000000 110.000000 28.450001 30.000002 2626.dat
3 23 0.000000 0.000000 -1.000000 0.000000 1.000000 0.000000 1.000000 0.000000 0.000000 59.999996 0.000000 60.000004 12 12 18:1:1,23:4:1,18:1:1,29:0:1,29:0:1,29:0:1,29:0:1,29:0:1,29:0:1,29:0:1,29:0:1,29:0:1,29:0:1,23:4:1,1:4:5,23:4:1,29:0:1,29:0:1,29:0:1,29:0:1,29:0:1,29:0:1,29:0:1,29:0:1,29:0:1,29:0:1,18:2:1,23:4:1,18:3:1,23:4:1,18:2:1,23:4:1,18:2:1,23:4:1,18:1:1,29:0:1,29:0:1,29:0:1,29:0:1,23:4:1,0:4:1,23:4:1,0:4:1,23:4:1,0:4:1,23:4:1,1:4:5,23:4:1,29:0:1,29:0:1,29:0:1,29:0:1,18:1:1,23:4:1,18:2:1,23:4:1,18:2:1,23:4:1,18:3:1,23:4:1,18:3:1,23:4:1,18:2:1,23:4:1,18:1:1,29:0:1,29:0:1,29:0:1,29:0:1,29:0:1,29:0:1,23:4:1,0:4:1,23:4:1,0:4:1,23:4:1,1:4:5,23:4:1,29:0:1,29:0:1,29:0:1,29:0:1,29:0:1,29:0:1,18:2:1,23:4:1,18:4:1,23:4:1,18:4:1,23:4:1,18:2:1,29:0:1,29:0:1,29:0:1,29:0:1,29:0:1,29:0:1,23:4:1,0:4:1,23:4:1,0:4:1,23:4:1,1:4:5,23:4:1,18:1:1,23:4:1,18:2:1,23:4:1,18:2:1,23:4:1,18:3:1,23:4:1,18:3:1,23:4:1,18:2:1,23:4:1,18:1:1,23:4:1,0:4:1,23:4:1,0:4:1,23:4:1,0:4:1,23:4:1,1:4:5,23:4:1,29:0:1,29:0:1,29:0:1,29:0:1,18:2:1,23:4:1,18:3:1,23:4:1,18:2:1,23:4:1,18:2:1,23:4:1,18:1:1,29:0:1,29:0:1,29:0:1,29:0:1,23:4:1,1:4:5,23:4:1,29:0:1,29:0:1,29:0:1,29:0:1,29:0:1,29:0:1,29:0:1,29:0:1,29:0:1,29:0:1,18:1:1,23:4:1,18:1:1,29:0:1,29:0:1,29:0:1,29:0:1,29:0:1,29:0:1,29:0:1,29:0:1,29:0:1,29:0:1, 2626.dat
2 22 0.000000 0.000000 -1.000000 0.000000 1.000000 0.000000 1.000000 0.000000 0.000000 39.999996 24.000000 60.000004 8 10 22:1:1,22:2:1,22:2:1,22:2:1,22:2:1,22:2:1,22:1:1,29:0:1,29:0:1,29:0:1,29:0:1,22:2:1,15:4:1,10:4:1,15:4:1,10:4:1,15:4:1,22:2:1,29:0:1,29:0:1,29:0:1,29:0:1,22:2:1,22:2:1,22:2:1,22:2:1,22:2:1,22:2:1,22:2:1,22:2:1,22:2:1,22:2:1,22:1:1,29:0:1,29:0:1,29:0:1,29:0:1,29:0:1,29:0:1,22:2:1,15:4:1,23:4:1,15:4:1,22:2:1,29:0:1,29:0:1,29:0:1,29:0:1,29:0:1,29:0:1,22:2:1,23:4:1,7:4:1,23:4:1,22:2:1,29:0:1,29:0:1,29:0:1,29:0:1,29:0:1,29:0:1,22:2:1,15:4:1,23:4:1,15:4:1,22:2:1,22:2:1,22:2:1,22:2:1,22:2:1,22:2:1,22:2:1,22:2:1,22:2:1,22:2:1,22:2:1,22:1:1,22:2:1,15:4:1,10:4:1,15:4:1,10:4:1,15:4:1,22:2:1,29:0:1,29:0:1,29:0:1,29:0:1,22:1:1,22:2:1,22:2:1,22:2:1,22:2:1,22:2:1,22:1:1,29:0:1,29:0:1,29:0:1,29:0:1, 2626.dat
