9 0 1.000000 0.000000 0.000000 0.000000 1.000000 0.000000 0.000000 0.000000 1.000000 -140.000000 380.000000 -30.000002 19.750000 3.750000 9.750000 2635.dat
9 0 1.000000 0.000000 0.000000 0.000000 1.000000 0.000000 0.000000 0.000000 1.000000 -140.000000 372.000000 -50.000000 19.750000 11.750000 9.750000 2635.dat
9 0 0.976523 0.215414 0.000000 -0.215414 0.976523 0.000000 0.000000 0.000000 1.000000 -136.946838 264.201721 -50.000000 1.625650 98.265251 9.750000 2635.dat
9 0 0.973918 0.224197 0.034910 -0.213375 0.957287 -0.195123 -0.077165 0.182585 0.980157 -97.765999 87.809494 -27.060722 1.625650 88.570747 9.750000 2635.dat
9 0 0.973918 0.224197 0.034910 -0.213375 0.957287 -0.195123 -0.077165 0.182585 0.980157 -61.777000 87.749245 -27.070099 1.357450 88.570747 9.750000 2635.dat
9 0 0.976523 0.215414 0.000000 -0.215414 0.976523 0.000000 0.000000 0.000000 1.000000 -100.696754 264.201721 -50.000000 1.625650 98.265251 9.750000 2635.dat
9 0 0.976674 0.214727 0.000000 -0.214727 0.976674 0.000000 0.000000 0.000000 1.000000 -119.000244 266.656494 -58.125000 19.750000 99.720001 1.625000 2635.dat
9 0 0.980475 0.190218 -0.049849 -0.196594 0.953776 -0.227292 0.004310 0.232655 0.972550 -78.749252 86.661240 -37.765049 17.290699 83.827003 1.625000 2635.dat
9 0 -1.000000 0.000000 -0.000000 0.000000 1.000000 0.000000 0.000000 0.000000 -1.000000 140.000015 380.000000 -30.000002 19.750000 3.750000 9.750000 2635.dat
9 0 -1.000000 0.000000 -0.000000 0.000000 1.000000 0.000000 0.000000 0.000000 -1.000000 140.000015 372.000000 -50.000000 19.750000 11.750000 9.750000 2635.dat
9 0 -0.976523 0.215415 -0.000000 0.215415 0.976523 0.000000 0.000000 -0.000000 -1.000000 136.946747 264.201721 -50.000000 1.625650 98.265251 9.750000 2635.dat
9 0 -0.973918 0.224197 0.034909 0.213375 0.957287 -0.195122 -0.077164 -0.182585 -0.980158 97.765755 87.809494 -27.060722 1.625650 88.570747 9.750000 2635.dat
9 0 -0.973918 0.224197 0.034909 0.213375 0.957287 -0.195122 -0.077164 -0.182585 -0.980158 61.993004 87.699745 -27.077824 1.135650 88.570747 9.750000 2635.dat
9 0 -0.976523 0.215415 -0.000000 0.215415 0.976523 0.000000 0.000000 -0.000000 -1.000000 100.696754 264.201721 -50.000000 1.625650 98.265251 9.750000 2635.dat
9 0 -0.976674 0.214727 -0.000000 0.214727 0.976674 0.000000 0.000000 -0.000000 -1.000000 119.000244 266.656494 -58.125000 19.750000 99.720001 1.625000 2635.dat
9 0 -0.980475 0.190218 -0.049849 0.196594 0.953776 -0.227292 0.004310 -0.232654 -0.972550 78.763512 86.330482 -37.685852 17.209826 83.496246 1.625000 2635.dat
9 0 -1.000000 0.000000 -0.000000 0.000000 1.000000 0.000000 0.000000 0.000000 -1.000000 0.000000 180.000000 -50.000000 82.416748 11.750000 9.750000 2635.dat
9 0 -1.000000 0.000000 -0.000000 0.000000 1.000000 0.000000 0.000000 0.000000 -1.000000 0.000000 11.999989 -9.999999 45.083248 11.750000 9.750000 2635.dat
9 0 -1.000000 0.000000 -0.000000 0.000000 1.000000 0.000000 0.000000 0.000000 -1.000000 0.000000 3.999996 0.000000 79.750000 3.750000 19.750000 2635.dat
10 0 -10.000000 0.000000 -70.000000 310.000000 388.450012 10.000000 2635.dat
3 23 1.000000 0.000000 0.000000 0.000000 1.000000 0.000000 0.000000 0.000000 1.000000 -60.000004 167.999985 -40.000000 2 12 18:2:1,23:4:1,18:2:1,23:4:1,18:2:1,23:4:1,18:2:1,23:4:1,18:2:1,23:4:1,18:2:1,23:4:1,18:2:1,23:4:1,0:4:1,23:4:1,0:4:1,23:4:1,0:4:1,23:4:1,0:4:1,23:4:1,0:4:1,23:4:1,0:4:1,23:4:1,18:2:1,23:4:1,18:2:1,23:4:1,18:2:1,23:4:1,18:2:1,23:4:1,18:2:1,23:4:1,18:2:1,23:4:1,18:2:1, 2635.dat
3 23 1.000000 0.000000 0.000000 0.000000 1.000000 0.000000 0.000000 0.000000 1.000000 -80.000000 0.000000 19.999998 4 16 18:1:1,23:4:1,18:2:1,23:4:1,18:2:1,23:4:1,18:2:1,23:4:1,18:2:1,23:4:1,18:2:1,23:4:1,18:2:1,23:4:1,18:2:1,23:4:1,18:1:1,23:4:1,1:4:0,23:4:1,1:4:0,23:4:1,0:4:1,23:4:1,0:4:1,23:4:1,0:4:1,23:4:1,0:4:1,23:4:1,1:4:0,23:4:1,1:4:0,23:4:1,18:2:1,23:4:1,18:4:1,23:4:1,18:4:1,23:4:1,18:4:1,23:4:1,18:4:1,23:4:1,18:4:1,23:4:1,18:4:1,23:4:1,18:4:1,23:4:1,18:2:1,23:4:1,1:4:0,23:4:1,1:4:0,23:4:1,0:4:1,23:4:1,0:4:1,23:4:1,0:4:1,23:4:1,0:4:1,23:4:1,1:4:0,23:4:1,1:4:0,23:4:1,18:1:1,23:4:1,18:2:1,23:4:1,18:2:1,23:4:1,18:2:1,23:4:1,18:2:1,23:4:1,18:2:1,23:4:1,18:2:1,23:4:1,18:2:1,23:4:1,18:1:1, 2635.dat
2 22 1.000000 0.000000 0.000000 0.000000 1.000000 0.000000 0.000000 0.000000 1.000000 -160.000000 384.000000 -19.999998 4 32 22:1:1,22:2:1,22:2:1,22:2:1,22:1:1,29:0:1,29:0:1,29:0:1,29:0:1,29:0:1,29:0:1,29:0:1,29:0:1,29:0:1,29:0:1,29:0:1,29:0:1,29:0:1,29:0:1,29:0:1,29:0:1,29:0:1,29:0:1,29:0:1,29:0:1,29:0:1,29:0:1,29:0:1,22:1:1,22:2:1,22:2:1,22:2:1,22:1:1,22:2:1,15:4:1,9:4:1,15:4:1,22:2:1,29:0:1,29:0:1,29:0:1,29:0:1,29:0:1,29:0:1,29:0:1,29:0:1,29:0:1,29:0:1,29:0:1,29:0:1,29:0:1,29:0:1,29:0:1,29:0:1,29:0:1,29:0:1,29:0:1,29:0:1,29:0:1,29:0:1,29:0:1,22:2:1,15:4:1,10:4:1,15:4:1,22:2:1,22:2:1,22:2:1,22:2:1,22:2:1,22:2:1,29:0:1,29:0:1,29:0:1,29:0:1,29:0:1,29:0:1,29:0:1,29:0:1,29:0:1,29:0:1,29:0:1,29:0:1,29:0:1,29:0:1,29:0:1,29:0:1,29:0:1,29:0:1,29:0:1,29:0:1,29:0:1,29:0:1,29:0:1,22:2:1,22:2:1,22:2:1,22:2:1,22:2:1,22:2:1,15:4:1,9:4:1,15:4:1,22:2:1,29:0:1,29:0:1,29:0:1,29:0:1,29:0:1,29:0:1,29:0:1,29:0:1,29:0:1,29:0:1,29:0:1,29:0:1,29:0:1,29:0:1,29:0:1,29:0:1,29:0:1,29:0:1,29:0:1,29:0:1,29:0:1,29:0:1,29:0:1,22:2:1,15:4:1,9:4:1,15:4:1,22:2:1,22:1:1,22:2:1,22:2:1,22:2:1,22:1:1,29:0:1,29:0:1,29:0:1,29:0:1,29:0:1,29:0:1,29:0:1,29:0:1,29:0:1,29:0:1,29:0:1,29:0:1,29:0:1,29:0:1,29:0:1,29:0:1,29:0:1,29:0:1,29:0:1,29:0:1,29:0:1,29:0:1,29:0:1,22:1:1,22:2:1,22:2:1,22:2:1,22:1:1, 2635.dat
2 22 1.000000 0.000000 0.000000 0.000000 1.000000 0.000000 0.000000 0.000000 1.000000 -80.000000 192.000000 -40.000000 2 16 29:0:1,22:2:1,22:2:1,22:2:1,22:2:1,22:2:1,22:2:1,22:2:1,22:2:1,22:2:1,22:2:1,22:2:1,22:2:1,22:2:1,22:2:1,22:2:1,29:0:1,29:0:1,15:4:1,9:4:1,15:4:1,10:4:1,15:4:1,9:4:1,15:4:1,10:4:1,15:4:1,9:4:1,15:4:1,10:4:1,15:4:1,9:4:1,15:4:1,29:0:1,29:0:1,22:2:1,22:2:1,22:2:1,22:2:1,22:2:1,22:2:1,22:2:1,22:2:1,22:2:1,22:2:1,22:2:1,22:2:1,22:2:1,22:2:1,22:2:1,29:0:1, 2635.dat
2 22 1.000000 0.000000 0.000000 0.000000 1.000000 0.000000 0.000000 0.000000 1.000000 -39.999996 24.000000 0.000000 2 8 22:2:1,22:2:1,22:2:1,22:2:1,22:2:1,22:2:1,22:2:1,22:2:1,22:2:1,22:2:1,15:4:1,9:4:1,15:4:1,9:4:1,15:4:1,9:4:1,15:4:1,22:2:1,22:2:1,22:2:1,22:2:1,22:2:1,22:2:1,22:2:1,22:2:1,22:2:1,22:2:1, 2635.dat
2 22 1.000000 0.000000 0.000000 0.000000 1.000000 0.000000 0.000000 0.000000 1.000000 -39.999996 7.999992 19.999998 2 8 22:2:1,22:2:1,22:2:1,22:2:1,22:2:1,22:2:1,22:2:1,22:2:1,22:2:1,22:2:1,15:4:1,9:4:1,15:4:1,9:4:1,15:4:1,9:4:1,15:4:1,22:2:1,29:0:1,29:0:1,29:0:1,29:0:1,29:0:1,29:0:1,29:0:1,29:0:1,29:0:1, 2635.dat
