9 0 -0.707107 0.000000 -0.707107 0.707107 0.000000 -0.707107 -0.000000 -1.000000 -0.000000 -6.299294 0.000001 -305.799255 0.201400 2.651675 9.750000 2637.dat
9 0 0.707107 0.000000 -0.707107 0.707107 0.000000 0.707107 -0.000000 -1.000000 -0.000000 5.299256 0.000001 -305.799255 0.201425 2.651675 9.750000 2637.dat
9 0 0.707107 0.000000 0.707107 -0.707107 0.000000 0.707107 -0.000000 -1.000000 -0.000000 5.299256 0.000001 -294.200745 0.201425 2.651675 9.750000 2637.dat
9 0 -0.707107 0.000000 0.707107 -0.707107 0.000000 -0.707107 -0.000000 -1.000000 -0.000000 -6.299293 0.000001 -294.200745 0.201425 2.651675 9.750000 2637.dat
9 0 -0.707107 0.000000 -0.707107 0.707107 0.000000 -0.707107 -0.000000 -1.000000 -0.000000 -6.299276 0.000001 -5.799275 0.201400 2.651675 9.750000 2637.dat
9 0 0.707107 0.000000 -0.707107 0.707107 0.000000 0.707107 -0.000000 -1.000000 -0.000000 5.299273 0.000001 -5.799276 0.201425 2.651675 9.750000 2637.dat
9 0 0.707107 0.000000 0.707107 -0.707107 0.000000 0.707107 -0.000000 -1.000000 -0.000000 5.299274 0.000001 5.799274 0.201425 2.651675 9.750000 2637.dat
9 0 -0.707107 0.000000 0.707107 -0.707107 0.000000 -0.707107 -0.000000 -1.000000 -0.000000 -6.299275 0.000001 5.799274 0.201425 2.651675 9.750000 2637.dat
9 0 -0.000000 -1.000000 -0.000000 1.000000 0.000000 -0.000000 0.000000 0.000000 1.000000 -0.500010 0.000001 -150.000000 5.375000 1.687500 143.239243 2637.dat
9 0 -0.000000 -1.000000 -0.000000 1.000000 0.000000 -0.000000 0.000000 0.000000 1.000000 -0.500010 0.000001 -150.000000 1.687500 5.375000 143.239243 2637.dat
10 0 -10.000000 -10.000000 -20.000000 310.000000 10.000000 0.000000 2637.dat
0 2 1.000000 0.000000 -0.000000 0.000000 1.000000 0.000000 0.000000 0.000000 1.000000 -0.500000 10.000000 0.000000 0 0 0.800000 0 0 2637.dat
0 2 1.000000 0.000000 -0.000000 0.000000 1.000000 0.000000 0.000000 0.000000 1.000000 -0.500018 10.000000 -300.000000 0 0 0.800000 0 0 2637.dat
0 5 1.000000 0.000000 0.000000 0.000000 0.000000 1.000000 -0.000000 -1.000000 -0.000000 -0.500001 0.000001 -6.510725 1 1 11.479140 0 1 2637.dat
2 22 -0.000000 0.000000 -1.000000 0.000000 1.000000 0.000000 1.000000 0.000000 -0.000000 9.500000 10.000000 9.999999 2 2 22:1:1,22:2:1,22:1:1,22:2:1,15:4:0,22:2:1,22:1:1,22:2:1,22:1:1, 2637.dat
2 22 -0.000000 0.000000 -1.000000 0.000000 1.000000 0.000000 1.000000 0.000000 -0.000000 9.499982 10.000000 -290.000000 2 2 22:1:1,22:2:1,22:1:1,22:2:1,15:4:0,22:2:1,22:1:1,22:2:1,22:1:1, 2637.dat
2 22 -0.000000 0.000000 -1.000000 -0.000000 -1.000000 -0.000000 -1.000000 0.000000 0.000000 -10.500000 -9.999999 9.999999 2 2 22:1:1,22:2:1,22:1:1,22:2:1,15:4:0,22:2:1,22:1:1,22:2:1,22:1:1, 2637.dat
2 22 -0.000000 0.000000 -1.000000 -0.000000 -1.000000 -0.000000 -1.000000 0.000000 0.000000 -10.500018 -9.999999 -290.000000 2 2 22:1:1,22:2:1,22:1:1,22:2:1,15:4:0,22:2:1,22:1:1,22:2:1,22:1:1, 2637.dat
