9 0 -0.965354 -0.260942 -0.000000 -0.260942 0.965354 -0.000000 0.000000 0.000000 -1.000000 -9.513875 4.767675 -0.134175 9.493775 0.162650 3.808900 2654.dat
9 0 -0.682609 -0.260942 -0.682609 -0.184514 0.965354 -0.184514 0.707107 0.000001 -0.707107 -7.934575 4.271125 -7.987525 7.077525 0.138575 7.502325 2654.dat
9 0 -0.682609 -0.260942 0.682609 -0.184514 0.965354 0.184514 -0.707107 -0.000001 -0.707107 -7.990125 4.284825 7.937200 7.077525 0.152775 7.502325 2654.dat
9 0 0.682609 -0.260942 -0.682609 0.184514 0.965354 -0.184514 0.707107 0.000000 0.707107 7.987850 4.272850 -7.934925 7.077525 0.140375 7.502325 2654.dat
9 0 0.682609 -0.260942 0.682609 0.184514 0.965354 0.184514 -0.707107 -0.000000 0.707107 7.935975 4.278425 7.988925 7.077525 0.146150 7.502325 2654.dat
9 0 0.000000 -0.260943 -0.965354 0.000000 0.965354 -0.260943 1.000000 0.000000 0.000000 0.134175 4.767675 -9.513875 9.493775 0.162650 3.808900 2654.dat
9 0 0.965354 -0.260943 0.000000 0.260943 0.965354 0.000000 0.000000 0.000000 1.000000 9.513875 4.767675 0.134175 9.493775 0.162650 3.808900 2654.dat
9 0 0.000000 -0.260943 0.965354 0.000000 0.965354 0.260943 -1.000000 -0.000000 0.000000 -0.134175 4.767675 9.513875 9.493775 0.162650 3.808900 2654.dat
10 0 -10.004700 -8.000000 -30.000002 30.000002 4.450000 10.002425 2654.dat
3 23 1.000000 0.000000 0.000000 0.000000 1.000000 0.000000 0.000000 0.000000 1.000000 -20.000000 0.000000 20.000002 4 4 29:0:1,23:4:1,18:2:1,23:4:1,29:0:1,23:4:1,1:4:0,23:4:1,1:4:0,23:4:1,18:2:1,23:4:1,18:4:1,23:4:1,18:2:1,23:4:1,1:4:0,23:4:1,1:4:0,23:4:1,29:0:1,23:4:1,18:2:1,23:4:1,29:0:1, 2654.dat
