9 0 -1.000000 0.000000 -0.000000 0.000000 1.000000 0.000000 0.000000 0.000000 -1.000000 0.000009 116.000008 -0.000009 39.750000 3.750000 39.750000 2680.dat
9 0 -1.000000 0.000000 -0.000000 0.000000 1.000000 0.000000 0.000000 0.000000 -1.000000 -0.000739 114.000008 -0.000009 19.750675 5.750000 19.750000 2680.dat
9 0 -0.063791 -0.997963 -0.000000 -0.997963 0.063791 -0.000000 0.000000 0.000000 -1.000000 17.693510 57.896507 -0.000003 54.072750 1.453000 7.615950 2680.dat
9 0 0.063791 -0.997963 0.000000 0.997963 0.063791 0.000000 -0.000000 0.000000 1.000000 -17.693489 57.896507 -0.000015 54.072750 1.453000 7.615950 2680.dat
9 0 -0.998489 0.054948 -0.000000 0.000000 0.000000 -1.000000 -0.054948 -0.998489 -0.000000 14.486736 56.913506 -0.000006 4.157150 1.625000 54.677246 2680.dat
9 0 0.998489 0.054949 0.000001 0.000001 0.000000 -1.000000 -0.054949 0.998489 -0.000000 -14.486739 56.913506 -0.000015 4.157150 1.625000 54.677246 2680.dat
9 0 -1.000000 0.000000 -0.000000 0.000000 1.000000 0.000000 0.000000 0.000000 -1.000000 -0.000739 106.451950 -0.000009 19.750675 1.701950 1.625000 2680.dat
9 0 -1.000000 0.000000 -0.000000 0.000000 1.000000 0.000000 0.000000 0.000000 -1.000000 -0.000739 54.750008 -0.000009 13.719800 3.500000 1.625000 2680.dat
9 0 -1.000000 0.000000 -0.000000 0.000000 1.000000 0.000000 0.000000 0.000000 -1.000000 -0.000739 1.875007 -0.000009 19.750675 1.625000 19.750000 2680.dat
10 0 -10.000000 0.000000 -70.000000 70.000000 124.450005 10.000000 2680.dat
2 22 -1.000000 0.000000 -0.000000 0.000000 1.000000 0.000000 0.000000 0.000000 -1.000000 40.000023 120.000008 -39.999992 8 8 22:1:1,22:2:1,22:2:1,22:2:1,22:2:1,22:2:1,22:2:1,22:2:1,22:1:1,22:2:1,15:4:1,23:4:1,15:4:1,29:0:1,15:4:1,23:4:1,15:4:1,22:2:1,22:2:1,23:4:1,7:4:2,22:2:1,22:2:1,22:2:1,7:4:2,23:4:1,22:2:1,22:2:1,15:4:1,22:2:1,15:4:1,23:4:1,15:4:1,22:2:1,15:4:1,22:2:1,22:2:1,29:0:1,22:2:1,23:4:1,7:4:2,23:4:1,22:2:1,29:0:1,22:2:1,22:2:1,15:4:1,22:2:1,15:4:1,23:4:1,15:4:1,22:2:1,15:4:1,22:2:1,22:2:1,23:4:1,7:4:2,22:2:1,22:2:1,22:2:1,7:4:2,23:4:1,22:2:1,22:2:1,15:4:1,23:4:1,15:4:1,29:0:1,15:4:1,23:4:1,15:4:1,22:2:1,22:1:1,22:2:1,22:2:1,22:2:1,22:2:1,22:2:1,22:2:1,22:2:1,22:1:1, 2680.dat
3 23 -1.000000 0.000000 -0.000000 0.000000 1.000000 0.000000 0.000000 0.000000 -1.000000 20.000017 0.000000 -20.000004 4 4 18:1:1,23:4:1,18:2:1,23:4:1,18:1:1,23:4:1,1:4:1,23:4:1,1:4:1,23:4:1,18:2:1,23:4:1,18:4:1,23:4:1,18:2:1,23:4:1,1:4:1,23:4:1,1:4:1,23:4:1,18:1:1,23:4:1,18:2:1,23:4:1,18:1:1, 2680.dat
