9 0 1.000000 0.000000 0.000000 0.000000 1.000000 0.000000 0.000000 0.000000 1.000000 -90.000000 68.000000 6.732000 9.750000 3.750000 23.017950 2694.dat
9 0 1.000000 0.000000 0.000000 0.000000 1.000000 0.000000 0.000000 0.000000 1.000000 0.000000 68.000000 -20.000000 89.824997 3.750000 9.750000 2694.dat
9 0 1.000000 0.000000 0.000000 0.000000 1.000000 0.000000 0.000000 0.000000 1.000000 -98.125000 32.000004 15.081750 1.625000 31.750000 14.668150 2694.dat
9 0 0.743831 0.190880 0.640531 -0.020435 0.964398 -0.263664 -0.668055 0.183032 0.721250 -94.341103 36.819504 -13.649251 1.625000 34.855499 4.792475 2694.dat
9 0 1.000000 0.000000 0.000000 0.000000 0.957881 -0.287165 0.000000 0.287165 0.957881 -1.568747 31.150003 -17.528826 88.256248 31.750000 1.483450 2694.dat
9 0 1.000000 0.000000 0.000000 0.000000 1.000000 0.000000 0.000000 0.000000 1.000000 -88.125000 1.875001 6.572749 7.875000 1.625000 13.177151 2694.dat
9 0 0.713249 0.000000 -0.700911 0.000000 1.000000 0.000000 0.700911 0.000000 0.713249 -89.278496 1.875001 20.758499 6.899500 1.625000 5.712425 2694.dat
9 0 -1.000000 0.000000 -0.000000 0.000000 1.000000 0.000000 0.000000 0.000000 -1.000000 90.000000 68.000000 6.732000 9.750000 3.750000 23.017950 2694.dat
9 0 -1.000000 0.000000 -0.000000 0.000000 1.000000 0.000000 0.000000 0.000000 -1.000000 98.125008 32.000004 15.081750 1.625000 31.750000 14.668150 2694.dat
9 0 -1.000000 0.000000 -0.000000 0.000000 1.000000 0.000000 0.000000 0.000000 -1.000000 88.125000 1.875001 6.572749 7.875000 1.625000 13.177151 2694.dat
9 0 -0.713249 0.000000 -0.700911 0.000000 1.000000 0.000000 0.700911 0.000000 -0.713249 89.278503 1.875001 20.758499 6.899500 1.625000 5.712425 2694.dat
9 0 -1.000000 0.000000 -0.000000 0.000000 1.000000 0.000000 0.000000 0.000000 -1.000000 0.000000 1.875001 0.046100 79.750000 1.625000 9.703925 2694.dat
9 0 -0.743831 0.190880 0.640531 0.020434 0.964398 -0.263664 -0.668055 -0.183034 -0.721250 94.323257 36.912003 -13.674551 1.625000 34.951500 4.792475 2694.dat
9 0 1.000000 0.000000 0.000000 0.000000 0.965926 -0.258819 0.000000 0.258819 0.965926 -98.125000 34.912003 -0.178726 1.625000 33.005749 7.644800 2694.dat
9 0 1.000000 0.000000 0.000000 0.000000 0.965926 -0.258819 0.000000 0.258819 0.965926 98.125008 34.912003 -0.178726 1.625000 33.005749 7.644800 2694.dat
10 0 -10.000000 0.000000 -50.000000 190.000000 76.424995 10.000000 2694.dat
3 23 1.000000 0.000000 0.000000 0.000000 1.000000 0.000000 0.000000 0.000000 1.000000 -100.000000 0.000000 30.000002 4 20 18:1:1,23:4:1,18:1:1,29:0:1,29:0:1,29:0:1,29:0:1,29:0:1,29:0:1,29:0:1,29:0:1,29:0:1,29:0:1,29:0:1,29:0:1,29:0:1,29:0:1,29:0:1,18:1:1,23:4:1,18:1:1,23:4:1,1:4:2,23:4:1,29:0:1,29:0:1,29:0:1,29:0:1,29:0:1,29:0:1,29:0:1,29:0:1,29:0:1,29:0:1,29:0:1,29:0:1,29:0:1,29:0:1,29:0:1,23:4:1,1:4:2,23:4:1,18:2:1,23:4:1,18:3:1,23:4:1,18:2:1,23:4:1,18:2:1,23:4:1,18:2:1,23:4:1,18:2:1,23:4:1,18:2:1,23:4:1,18:2:1,23:4:1,18:2:1,23:4:1,18:3:1,23:4:1,18:2:1,23:4:1,1:4:2,23:4:1,1:4:1,23:4:1,1:4:1,23:4:1,1:4:1,23:4:1,1:4:1,23:4:1,1:4:1,23:4:1,1:4:1,23:4:1,1:4:1,23:4:1,1:4:1,23:4:1,1:4:2,23:4:1,18:1:1,23:4:1,18:2:1,23:4:1,18:2:1,23:4:1,18:2:1,23:4:1,18:2:1,23:4:1,18:2:1,23:4:1,18:2:1,23:4:1,18:2:1,23:4:1,18:2:1,23:4:1,18:2:1,23:4:1,18:1:1, 2694.dat
2 22 1.000000 0.000000 0.000000 0.000000 1.000000 0.000000 0.000000 0.000000 1.000000 -100.000000 72.000000 30.000002 6 20 22:1:1,22:2:1,22:1:1,29:0:1,29:0:1,29:0:1,29:0:1,29:0:1,29:0:1,29:0:1,29:0:1,29:0:1,29:0:1,29:0:1,29:0:1,29:0:1,29:0:1,29:0:1,22:1:1,22:2:1,22:1:1,22:2:1,15:4:1,22:2:1,29:0:1,29:0:1,29:0:1,29:0:1,29:0:1,29:0:1,29:0:1,29:0:1,29:0:1,29:0:1,29:0:1,29:0:1,29:0:1,29:0:1,29:0:1,22:2:1,15:4:1,22:2:1,22:2:1,9:4:1,22:2:1,29:0:1,29:0:1,29:0:1,29:0:1,29:0:1,29:0:1,29:0:1,29:0:1,29:0:1,29:0:1,29:0:1,29:0:1,29:0:1,29:0:1,29:0:1,22:2:1,9:4:1,22:2:1,22:2:1,15:4:1,22:2:1,29:0:1,29:0:1,29:0:1,29:0:1,29:0:1,29:0:1,29:0:1,29:0:1,29:0:1,29:0:1,29:0:1,29:0:1,29:0:1,29:0:1,29:0:1,22:2:1,15:4:1,22:2:1,22:2:1,9:4:1,22:1:1,22:2:1,22:2:1,22:2:1,22:2:1,22:2:1,22:2:1,22:2:1,22:2:1,22:2:1,22:2:1,22:2:1,22:2:1,22:2:1,22:2:1,22:2:1,22:1:1,9:4:1,22:2:1,22:2:1,15:4:2,9:4:1,15:4:1,9:4:1,15:4:1,9:4:1,15:4:1,9:4:1,15:4:1,9:4:1,15:4:1,9:4:1,15:4:1,9:4:1,15:4:1,9:4:1,15:4:1,9:4:1,15:4:2,22:2:1,22:2:1,22:2:1,22:2:1,22:2:1,22:2:1,22:2:1,22:2:1,22:2:1,22:2:1,22:2:1,22:2:1,22:2:1,22:2:1,22:2:1,22:2:1,22:2:1,22:2:1,22:2:1,22:2:1,22:2:1,22:2:1, 2694.dat
