9 0 0.000000 -1.000000 0.000000 -1.000000 0.000000 0.000000 -0.000000 -0.000000 -1.000000 -8.660254 -0.000004 0.312503 30.421501 2.160250 6.250000 2695.dat
9 0 0.866025 0.500000 -0.000001 0.500000 -0.866025 0.000000 -0.000000 -0.000000 -1.000000 4.330121 -7.500004 0.312501 30.421501 2.160250 6.250000 2695.dat
9 0 -0.866025 0.500000 0.000000 0.500000 0.866025 -0.000001 -0.000000 -0.000000 -1.000000 4.330121 7.499997 0.312494 30.421501 2.160250 6.250000 2695.dat
9 0 0.866025 -0.500000 -0.000000 -0.500000 -0.866025 0.000001 -0.000000 -0.000000 -1.000000 -4.330129 -7.500004 0.312505 30.421501 2.160250 6.250000 2695.dat
9 0 -0.866025 -0.500000 0.000001 -0.500000 0.866025 -0.000000 -0.000000 -0.000000 -1.000000 -4.330129 7.499997 0.312498 30.421501 2.160250 6.250000 2695.dat
9 0 -0.000000 1.000000 -0.000000 1.000000 0.000000 -0.000000 -0.000000 -0.000000 -1.000000 8.660247 -0.000004 0.312496 30.421501 2.160250 6.250000 2695.dat
9 0 0.000000 -1.000000 0.000000 -0.000000 -0.000000 -1.000000 1.000000 0.000000 -0.000000 -35.570011 -0.000010 -14.312484 11.492650 9.875000 0.320075 2695.dat
9 0 0.587785 -0.809017 0.000000 -0.000001 -0.000001 -1.000000 0.809017 0.587785 -0.000001 -28.776762 -20.907585 -14.312477 11.492650 9.875000 0.320075 2695.dat
9 0 0.951057 -0.309016 -0.000001 -0.000001 -0.000001 -1.000000 0.309016 0.951057 -0.000001 -10.991760 -33.829262 -14.312480 11.492650 9.875000 0.320075 2695.dat
9 0 0.951056 0.309017 -0.000001 -0.000001 -0.000001 -1.000000 -0.309017 0.951057 -0.000001 10.991739 -33.829262 -14.312490 11.492650 9.875000 0.320075 2695.dat
9 0 0.587785 0.809017 -0.000001 -0.000000 -0.000000 -1.000000 -0.809017 0.587785 0.000000 28.776737 -20.907585 -14.312503 11.492650 9.875000 0.320075 2695.dat
9 0 -0.000000 1.000000 -0.000000 -0.000000 -0.000000 -1.000000 -1.000000 -0.000000 0.000000 35.569988 -0.000010 -14.312516 11.492650 9.875000 0.320075 2695.dat
9 0 -0.951056 0.309017 0.000001 -0.000001 -0.000000 -1.000000 -0.309017 -0.951057 0.000000 10.991739 33.829239 -14.312519 11.492650 9.875000 0.320075 2695.dat
9 0 -0.951057 -0.309016 0.000001 -0.000001 -0.000000 -1.000000 0.309016 -0.951057 -0.000000 -10.991760 33.829239 -14.312510 11.492650 9.875000 0.320075 2695.dat
9 0 -0.587785 -0.809017 0.000001 -0.000001 -0.000000 -1.000000 0.809017 -0.587785 -0.000000 -28.776762 20.907564 -14.312497 11.492650 9.875000 0.320075 2695.dat
9 0 -0.587785 0.809017 -0.000000 -0.000000 -0.000000 -1.000000 -0.809017 -0.587785 0.000001 28.776737 20.907564 -14.312522 11.492650 9.875000 0.320075 2695.dat
9 0 0.000000 -1.000000 0.000000 -1.000000 0.000000 0.000000 -0.000000 -0.000000 -1.000000 -27.213501 0.048221 0.937512 15.951775 3.254450 6.875000 2695.dat
9 0 -0.866025 0.500000 0.000000 0.500000 0.866025 -0.000001 -0.000000 -0.000000 -1.000000 13.648447 23.543396 0.937483 15.951775 3.254450 6.875000 2695.dat
9 0 -0.866025 -0.500000 0.000001 -0.500000 0.866025 -0.000000 -0.000000 -0.000000 -1.000000 -13.564953 23.591623 0.937495 15.951775 3.254450 6.875000 2695.dat
9 0 -0.000000 1.000000 -0.000000 1.000000 0.000000 -0.000000 -0.000000 -0.000000 -1.000000 27.213495 -0.048229 0.937488 15.951775 3.254450 6.875000 2695.dat
9 0 0.866025 0.500000 -0.000001 0.500000 -0.866025 0.000000 -0.000000 -0.000000 -1.000000 13.564947 -23.591629 0.937504 15.951775 3.254450 6.875000 2695.dat
9 0 0.866025 -0.500000 -0.000000 -0.500000 -0.866025 0.000001 -0.000000 -0.000000 -1.000000 -13.648454 -23.543402 0.937516 15.951775 3.254450 6.875000 2695.dat
10 0 -38.000000 -38.000000 -33.750000 38.000000 38.000000 2.000000 2695.dat
0 2 -1.000000 0.000000 0.000000 0.000000 0.000000 1.000000 0.000000 1.000000 -0.000000 0.000001 0.000001 11.312500 0 0 0.800000 0 0 2695.dat
0 2 -1.000000 0.000000 0.000000 0.000000 0.000000 1.000000 0.000000 1.000000 -0.000000 0.000001 20.000002 11.312490 0 0 0.800000 0 0 2695.dat
0 2 -1.000000 0.000000 0.000000 0.000000 0.000000 1.000000 0.000000 1.000000 -0.000000 0.000001 -19.999998 11.312509 0 0 0.800000 0 0 2695.dat
0 2 -1.000000 0.000000 0.000000 0.000000 0.000000 1.000000 0.000000 1.000000 -0.000000 17.320501 -9.999999 11.312496 0 0 0.800000 0 0 2695.dat
0 2 -1.000000 0.000000 0.000000 0.000000 0.000000 1.000000 0.000000 1.000000 -0.000000 17.320501 10.000001 11.312488 0 0 0.800000 0 0 2695.dat
0 2 -1.000000 0.000000 0.000000 0.000000 0.000000 1.000000 0.000000 1.000000 -0.000000 -17.320499 -9.999999 11.312512 0 0 0.800000 0 0 2695.dat
0 2 -1.000000 0.000000 0.000000 0.000000 0.000000 1.000000 0.000000 1.000000 -0.000000 -17.320499 10.000001 11.312504 0 0 0.800000 0 0 2695.dat
4 9 0.000000 -1.000000 0.000000 0.000000 0.000000 1.000000 -1.000000 0.000000 0.000000 -0.000008 -0.000008 -8.187500 1 2695.dat
2 22 0.000000 -1.000000 0.000000 0.000000 0.000000 1.000000 -1.000000 0.000000 0.000000 -10.000001 30.000002 8.062490 2 6 22:1:1,22:2:1,29:0:0,29:0:0,29:0:0,22:2:1,22:1:1,22:2:1,16:4:64,22:2:1,29:0:0,22:2:1,16:4:64,22:2:1,22:1:1,22:2:1,29:0:0,29:0:0,29:0:0,22:2:1,22:1:1, 2695.dat
2 22 0.000000 -1.000000 0.000000 0.000000 0.000000 1.000000 -1.000000 0.000000 0.000000 7.320499 20.000000 8.062488 2 4 22:1:1,22:2:1,22:2:1,22:2:1,22:1:1,22:2:1,16:4:64,22:2:1,16:4:64,22:2:1,22:1:1,22:2:1,22:2:1,22:2:1,22:1:1, 2695.dat
2 22 0.000000 -1.000000 0.000000 0.000000 0.000000 1.000000 -1.000000 0.000000 0.000000 -27.320501 20.000000 8.062504 2 4 22:1:1,22:2:1,22:2:1,22:2:1,22:1:1,22:2:1,16:4:64,22:2:1,16:4:64,22:2:1,22:1:1,22:2:1,22:2:1,22:2:1,22:1:1, 2695.dat
2 22 0.000000 -1.000000 0.000000 -0.000000 -0.000000 -1.000000 1.000000 0.000000 -0.000000 9.999992 29.999996 -7.437518 2 6 22:1:1,22:2:1,22:2:1,22:2:1,22:2:1,22:2:1,22:1:1,22:2:1,16:4:64,22:2:1,16:4:64,22:2:1,16:4:64,22:2:1,22:1:1,22:2:1,22:2:1,22:2:1,22:2:1,22:2:1,22:1:1, 2695.dat
2 22 0.000000 -1.000000 0.000000 -0.000000 -0.000000 -1.000000 1.000000 0.000000 -0.000000 -7.320508 19.999992 -7.437506 2 4 22:1:1,22:2:1,22:2:1,22:2:1,22:1:1,22:2:1,16:4:64,22:2:1,16:4:64,22:2:1,22:1:1,22:2:1,22:2:1,22:2:1,22:1:1, 2695.dat
2 22 0.000000 -1.000000 0.000000 -0.000000 -0.000000 -1.000000 1.000000 0.000000 -0.000000 27.320496 19.999992 -7.437521 2 4 22:1:1,22:2:1,22:2:1,22:2:1,22:1:1,22:2:1,16:4:64,22:2:1,16:4:64,22:2:1,22:1:1,22:2:1,22:2:1,22:2:1,22:1:1, 2695.dat
2 22 0.000000 -1.000000 0.000000 0.000000 0.000000 1.000000 -1.000000 0.000000 0.000000 -10.000000 10.000000 9.312500 2 2 29:0:0,22:2:1,29:0:0,29:0:0,16:4:64,29:0:0,29:0:0,22:2:1,29:0:0, 2695.dat
