9 0 0.000000 0.000000 1.000000 -0.000000 -1.000000 0.000000 1.000000 -0.000000 -0.000000 -89.987396 4.652199 0.005723 2.813750 0.402200 9.737374 2714.dat
9 0 -0.000000 -1.000000 0.000000 -0.000000 -0.000000 -1.000000 1.000000 -0.000000 -0.000000 -89.987396 -0.000000 4.657923 2.813750 0.402200 9.737374 2714.dat
9 0 -0.000000 -0.707107 0.707106 -0.000000 -0.707106 -0.707107 1.000000 -0.000000 -0.000000 -79.000000 3.639949 3.639946 3.560650 1.033950 2.750000 2714.dat
9 0 -0.000000 -0.000000 -1.000000 0.000000 1.000000 -0.000000 1.000000 -0.000000 -0.000000 -89.987404 -4.652201 0.005724 2.813750 0.402200 9.737374 2714.dat
9 0 0.000000 1.000000 -0.000000 0.000000 0.000000 1.000000 1.000000 -0.000000 -0.000000 -89.987404 -0.000001 -4.646476 2.813750 0.402200 9.737374 2714.dat
9 0 -0.000000 -0.707107 0.707106 -0.000000 -0.707106 -0.707107 1.000000 -0.000000 -0.000000 -99.000000 3.006050 3.006049 3.725000 0.137500 0.750000 2714.dat
9 0 0.000000 0.707107 0.707106 -0.000000 -0.707106 0.707107 1.000000 -0.000000 -0.000000 -99.000000 3.006050 -3.006050 3.725000 0.137500 0.750000 2714.dat
9 0 -0.000001 0.707107 -0.707106 0.000000 0.707106 0.707107 1.000000 0.000000 -0.000001 -99.000000 -3.006050 -3.006050 3.725000 0.137500 0.750000 2714.dat
9 0 0.000000 -0.707107 -0.707106 0.000000 0.707106 -0.707107 1.000000 0.000000 0.000001 -99.000000 -3.006050 3.006050 3.725000 0.137500 0.750000 2714.dat
9 0 0.000000 -0.707107 -0.707106 0.000000 0.707106 -0.707107 1.000000 0.000000 0.000001 -79.000000 -3.639951 3.639947 3.560650 1.033950 2.750000 2714.dat
9 0 -0.000001 0.707107 -0.707106 0.000000 0.707106 0.707107 1.000000 0.000000 -0.000001 -79.000000 -3.639951 -3.639952 3.560650 1.033950 2.750000 2714.dat
9 0 0.000000 0.707107 0.707106 -0.000000 -0.707106 0.707107 1.000000 -0.000000 -0.000000 -79.000000 3.639948 -3.639953 3.560650 1.033950 2.750000 2714.dat
9 0 0.000000 0.000000 1.000000 -1.000000 0.000000 0.000000 -0.000000 -1.000000 0.000000 -10.049999 -0.028331 -0.028363 2.777850 69.700005 2.122125 2714.dat
9 0 0.000000 0.000000 1.000000 -1.000000 0.000000 0.000000 -0.000000 -1.000000 0.000000 39.150249 -0.000009 -0.000021 2.672850 1.099625 8.870899 2714.dat
9 0 -0.000000 -1.000000 0.000000 -1.000000 0.000000 0.000000 -0.000000 -0.000000 -1.000000 39.150249 -0.000009 -0.000021 2.672850 1.099625 8.870899 2714.dat
9 0 0.000000 -0.707107 0.707107 -1.000000 0.000000 0.000000 -0.000000 -0.707107 -0.707107 39.150249 -0.000009 -0.000021 3.754950 1.099625 7.795350 2714.dat
9 0 -0.000000 -0.707107 -0.707107 -1.000000 0.000000 0.000000 0.000000 0.707107 -0.707107 39.150249 -0.000009 -0.000021 3.754950 1.099625 7.795350 2714.dat
10 0 -9.250000 0.000000 -9.250000 9.250000 160.000000 9.250000 2714.dat
0 7 0.000000 1.000000 -0.000000 1.000000 -0.000000 -0.000000 -0.000000 -0.000000 -1.000000 55.999992 -0.000010 -0.000023 0 1 0.619999 0 0 2714.dat
0 7 0.000000 1.000000 -0.000000 1.000000 -0.000000 -0.000000 -0.000000 -0.000000 -1.000000 36.874996 -0.000009 -0.000020 1 1 4.440000 0 1 2714.dat
0 19 -0.000000 -1.000000 0.000000 -1.000000 0.000000 0.000000 -0.000000 -0.000000 -1.000000 -100.000000 0.000000 0.000000 0 1 0.800000 0 0 2714.dat
0 6 0.000000 1.000000 -0.000000 1.000000 -0.000000 -0.000000 -0.000000 -0.000000 -1.000000 -80.000000 -0.000001 -0.000003 0 0 0.800000 0 0 2714.dat
