9 0 1.000000 0.000000 0.000000 0.000000 1.000000 0.000000 0.000000 0.000000 1.000000 0.000000 -3.500000 0.000000 19.750000 3.750000 29.750002 2717.dat
9 0 1.000000 0.000000 0.000000 0.000000 -0.000000 1.000000 0.000000 -1.000000 -0.000000 0.000000 -23.638800 27.640497 19.750000 2.109375 23.888800 2717.dat
9 0 1.000000 0.000000 0.000000 0.000000 0.258819 0.965926 0.000000 -0.965926 0.258819 0.000000 -21.846525 20.609249 39.750000 2.109375 8.794025 2717.dat
9 0 1.000000 0.000000 0.000000 0.000000 0.258819 0.965926 0.000000 -0.965926 0.258819 0.000000 -54.843746 29.268497 23.500000 2.285550 24.596626 2717.dat
9 0 1.000000 0.000000 0.000000 0.000000 1.000000 0.000000 0.000000 0.000000 1.000000 0.000000 -6.125000 -7.662350 25.017750 1.125000 22.087650 2717.dat
9 0 1.000000 0.000000 0.000000 0.000000 -0.000000 1.000000 0.000000 -1.000000 -0.000000 32.793751 -30.625000 3.242199 6.956225 22.146250 0.625000 2717.dat
9 0 1.000000 0.000000 0.000000 0.000000 -0.000000 1.000000 0.000000 -1.000000 -0.000000 33.506001 -13.375001 -4.726300 6.244025 25.023750 0.625000 2717.dat
9 0 0.984808 0.000000 0.173649 -0.173649 0.000000 0.984807 0.000000 -1.000000 0.000000 24.689001 -10.749999 -5.550375 1.227200 24.561476 3.250000 2717.dat
9 0 1.000000 0.000000 0.000000 0.000000 -0.000000 1.000000 0.000000 -1.000000 -0.000000 31.435753 -22.000000 0.000000 8.314301 2.000025 9.250000 2717.dat
9 0 1.000000 0.000000 0.000000 0.000000 -0.000000 1.000000 0.000000 -1.000000 -0.000000 33.432503 -21.544025 -22.805176 6.317525 4.805200 8.794025 2717.dat
9 0 1.000000 0.000000 0.000000 0.000000 0.258819 0.965926 0.000000 -0.965926 0.258819 21.875000 -45.345249 21.178751 1.625000 2.569900 8.151625 2717.dat
9 0 -1.000000 0.000000 -0.000000 -0.000000 0.000000 1.000000 0.000000 1.000000 0.000000 -32.793774 -30.625000 3.242199 6.956225 22.146250 0.625000 2717.dat
9 0 -1.000000 0.000000 -0.000000 -0.000000 0.000000 1.000000 0.000000 1.000000 0.000000 -33.505978 -13.375001 -4.726300 6.244025 25.023750 0.625000 2717.dat
9 0 -0.984808 0.000000 0.173648 0.173648 -0.000000 0.984808 0.000000 1.000000 -0.000000 -24.688875 -10.749999 -5.550375 1.227200 24.561476 3.250000 2717.dat
9 0 -1.000000 0.000000 -0.000000 -0.000000 0.000000 1.000000 0.000000 1.000000 0.000000 -31.435701 -22.000000 0.000000 8.314301 2.000025 9.250000 2717.dat
9 0 -1.000000 0.000000 -0.000000 -0.000000 0.000000 1.000000 0.000000 1.000000 0.000000 -33.432476 -21.544025 -22.805176 6.317525 4.805200 8.794025 2717.dat
9 0 -1.000000 0.000000 -0.000000 -0.000000 0.548073 0.836431 0.000000 0.836431 -0.548073 -21.875000 -53.321751 22.977751 1.625000 2.376475 17.778425 2717.dat
9 0 1.000000 0.000000 0.000000 0.000000 0.258819 0.965926 0.000000 -0.965926 0.258819 0.000000 -42.192001 25.878250 19.478374 2.285550 37.694748 2717.dat
9 0 -1.000000 0.000000 -0.000000 -0.000000 0.548073 0.836431 0.000000 0.836431 -0.548073 21.875000 -53.321751 22.977751 1.625000 2.376475 17.778425 2717.dat
9 0 1.000000 0.000000 0.000000 0.000000 0.258819 0.965926 0.000000 -0.965926 0.258819 -21.875000 -45.345249 21.178751 1.625000 2.569900 8.151625 2717.dat
10 0 -30.000002 0.000000 -58.499996 50.000000 80.000000 10.000000 2717.dat
2 22 1.000000 0.000000 0.000000 0.000000 -0.000000 1.000000 0.000000 -1.000000 -0.000000 -20.000000 -48.250000 30.000002 4 4 22:2:1,22:2:1,22:2:1,22:2:1,22:2:1,22:2:1,15:4:1,23:4:1,15:4:1,22:2:1,22:2:1,23:4:1,7:4:2,23:4:1,22:2:1,22:2:1,15:4:0,23:4:1,15:4:0,22:2:1,22:2:1,22:2:1,22:2:1,22:2:1,22:2:1, 2717.dat
2 22 1.000000 0.000000 0.000000 0.000000 1.000000 0.000000 0.000000 0.000000 1.000000 -20.000000 0.500000 30.000002 6 4 22:1:1,22:2:1,22:2:1,22:2:1,22:1:1,22:2:1,15:4:1,23:4:1,15:4:1,22:2:1,22:2:1,23:4:1,7:4:2,23:4:1,22:2:1,22:2:1,15:4:1,23:4:1,15:4:1,22:2:1,22:2:1,23:4:1,7:4:2,23:4:1,22:2:1,22:2:1,15:4:1,23:4:1,15:4:1,22:2:1,22:1:1,22:2:1,22:2:1,22:2:1,22:1:1, 2717.dat
0 2 0.000000 1.000000 -0.000000 1.000000 0.000000 0.000000 0.000000 -0.000000 -1.000000 40.000000 -22.000000 -10.000000 0 0 0.800000 0 0 2717.dat
0 2 0.000000 1.000000 -0.000000 1.000000 0.000000 0.000000 0.000000 -0.000000 -1.000000 40.000000 -22.000000 10.000001 0 0 0.800000 0 0 2717.dat
0 2 0.000000 -1.000000 -0.000000 -1.000000 0.000000 -0.000000 0.000000 0.000000 -1.000000 -40.000000 -22.000000 -10.000000 0 0 0.800000 0 0 2717.dat
0 2 0.000000 -1.000000 -0.000000 -1.000000 0.000000 -0.000000 0.000000 0.000000 -1.000000 -40.000000 -22.000000 10.000001 0 0 0.800000 0 0 2717.dat
2 22 -0.000000 0.000000 1.000000 1.000000 -0.000000 0.000000 0.000000 1.000000 -0.000000 40.000000 -12.000000 -20.000000 2 4 22:1:1,22:2:1,22:2:1,22:2:1,22:1:1,22:2:1,16:4:64,22:2:1,16:4:64,22:2:1,22:1:1,22:2:1,22:2:1,22:2:1,22:1:1, 2717.dat
2 22 -0.000000 -0.000000 1.000000 -1.000000 -0.000000 0.000000 0.000000 -1.000000 -0.000000 -40.000000 -32.000000 -20.000000 2 4 22:1:1,22:2:1,22:2:1,22:2:1,22:1:1,22:2:1,16:4:64,22:2:1,16:4:64,22:2:1,22:1:1,22:2:1,22:2:1,22:2:1,22:1:1, 2717.dat
