9 0 0.980785 0.000000 -0.195090 -0.195090 0.000000 -0.980785 0.000000 1.000000 0.000000 3.503325 5.000000 17.612375 5.591000 11.157275 1.657425 2723.dat
9 0 0.831470 0.000000 -0.555570 -0.555570 0.000000 -0.831470 0.000000 1.000000 0.000000 9.976624 5.000000 14.931050 5.591000 11.157275 1.657425 2723.dat
9 0 -0.195090 -0.000000 0.980785 0.980785 -0.000000 0.195090 0.000000 1.000000 0.000000 -17.612375 5.000000 -3.503300 5.591000 11.157275 1.657425 2723.dat
9 0 -0.555570 -0.000000 0.831470 0.831470 -0.000000 0.555570 0.000000 1.000000 0.000000 -14.931050 5.000000 -9.976600 5.591000 11.157275 1.657425 2723.dat
9 0 0.555570 -0.000000 0.831470 0.831470 0.000000 -0.555570 0.000000 1.000000 0.000000 -14.931050 5.000000 9.976624 5.591000 11.157275 1.657425 2723.dat
9 0 0.195090 -0.000000 0.980785 0.980785 0.000000 -0.195090 0.000000 1.000000 0.000000 -17.612375 5.000000 3.503325 5.591000 11.157275 1.657425 2723.dat
9 0 0.980785 -0.000000 0.195090 0.195090 0.000000 -0.980785 0.000000 1.000000 0.000000 -3.503300 5.000000 17.612375 5.591000 11.157275 1.657425 2723.dat
9 0 0.831470 -0.000000 0.555570 0.555570 0.000000 -0.831470 0.000000 1.000000 0.000000 -9.976600 5.000000 14.931050 5.591000 11.157275 1.657425 2723.dat
9 0 -0.831470 -0.000000 0.555570 0.555570 -0.000000 0.831470 0.000000 1.000000 0.000000 -9.976624 5.000000 -14.931050 5.591000 11.157275 1.657425 2723.dat
9 0 -0.980785 -0.000000 0.195090 0.195090 -0.000000 0.980785 0.000000 1.000000 0.000000 -3.503325 5.000000 -17.612375 5.591000 11.157275 1.657425 2723.dat
9 0 -0.980785 0.000000 -0.195090 -0.195090 -0.000000 0.980785 0.000000 1.000000 0.000000 3.503300 5.000000 -17.612375 5.591000 11.157275 1.657425 2723.dat
9 0 -0.831470 0.000000 -0.555570 -0.555570 -0.000000 0.831470 0.000000 1.000000 0.000000 9.976600 5.000000 -14.931050 5.591000 11.157275 1.657425 2723.dat
9 0 -0.555570 0.000000 -0.831470 -0.831470 -0.000000 0.555570 0.000000 1.000000 0.000000 14.931050 5.000000 -9.976624 5.591000 11.157275 1.657425 2723.dat
9 0 -0.195090 0.000000 -0.980785 -0.980785 -0.000000 0.195090 0.000000 1.000000 0.000000 17.612375 5.000000 -3.503325 5.591000 11.157275 1.657425 2723.dat
9 0 0.195090 0.000000 -0.980785 -0.980785 0.000000 -0.195090 0.000000 1.000000 0.000000 17.612375 5.000000 3.503300 5.591000 11.157275 1.657425 2723.dat
9 0 0.555570 0.000000 -0.831470 -0.831470 0.000000 -0.555570 0.000000 1.000000 0.000000 14.931050 5.000000 9.976600 5.591000 11.157275 1.657425 2723.dat
9 0 1.000000 0.000000 0.000000 0.000000 0.000000 -1.000000 0.000000 1.000000 0.000000 -6.512500 5.000000 0.000000 0.137500 3.736850 4.767550 2723.dat
9 0 -0.000000 0.000000 -1.000000 -1.000000 -0.000000 0.000000 0.000000 1.000000 0.000000 0.000000 5.000000 6.512500 0.137500 3.736850 4.767550 2723.dat
9 0 -0.000000 -0.000000 1.000000 1.000000 -0.000000 0.000000 0.000000 1.000000 0.000000 0.000000 5.000000 -6.512500 0.137500 3.736850 4.767550 2723.dat
9 0 -1.000000 0.000000 -0.000000 -0.000000 -0.000000 1.000000 0.000000 1.000000 0.000000 6.512500 5.000000 0.000000 0.137500 3.736850 4.767550 2723.dat
9 0 1.000000 0.000000 0.000000 0.000000 0.000000 -1.000000 0.000000 1.000000 0.000000 -3.871425 5.000000 3.871425 1.371425 1.371425 4.767550 2723.dat
9 0 1.000000 0.000000 0.000000 0.000000 0.000000 -1.000000 0.000000 1.000000 0.000000 3.871425 5.000000 3.871425 1.371425 1.371425 4.767550 2723.dat
9 0 1.000000 0.000000 0.000000 0.000000 0.000000 -1.000000 0.000000 1.000000 0.000000 3.871425 5.000000 -3.871425 1.371425 1.371425 4.767550 2723.dat
9 0 1.000000 0.000000 0.000000 0.000000 0.000000 -1.000000 0.000000 1.000000 0.000000 -3.871425 5.000000 -3.871425 1.371425 1.371425 4.767550 2723.dat
10 0 -29.940001 -29.940001 -10.017550 29.940001 29.940001 0.017550 2723.dat
0 4 -0.000000 -0.000000 -1.000000 0.000000 -1.000000 0.000000 -1.000000 -0.000000 -0.000000 0.000000 0.000000 0.000000 0 0 0.400702 0 0 2723.dat
