9 0 -0.000001 0.000001 -1.000000 0.000001 -1.000000 -0.000001 -1.000000 -0.000001 0.000001 0.000029 -0.000030 50.139755 41.985249 2.000000 5.875000 2739b.dat
9 0 -0.000001 0.000001 -1.000000 0.000001 -1.000000 -0.000001 -1.000000 -0.000001 0.000001 -0.021421 -0.000030 50.139755 41.985249 5.875000 2.021450 2739b.dat
9 0 -1.000000 -0.000001 0.000001 0.000001 -1.000000 -0.000001 0.000001 -0.000001 1.000000 -0.009384 0.000005 -8.152021 4.471850 5.875000 0.277025 2739b.dat
9 0 -1.000000 -0.000001 0.000001 0.000001 -1.000000 -0.000001 0.000001 -0.000001 1.000000 -0.009308 -0.000064 108.160248 4.471850 5.875000 0.277000 2739b.dat
9 0 -0.000001 0.000001 -1.000000 0.000001 -1.000000 -0.000001 -1.000000 -0.000001 0.000001 -8.179363 -0.000065 100.004997 4.471850 5.875000 0.277025 2739b.dat
9 0 -0.000001 0.000001 -1.000000 0.000001 -1.000000 -0.000001 -1.000000 -0.000001 0.000001 8.188362 -0.000054 100.004997 4.471850 5.875000 0.277025 2739b.dat
9 0 -0.000001 0.000001 -1.000000 0.000001 -1.000000 -0.000001 -1.000000 -0.000001 0.000001 8.188296 0.000005 -0.007777 4.471850 5.875000 0.277025 2739b.dat
9 0 -0.000001 0.000001 -1.000000 0.000001 -1.000000 -0.000001 -1.000000 -0.000001 0.000001 -8.179428 -0.000005 -0.007766 4.471850 5.875000 0.277025 2739b.dat
9 0 -0.707108 0.000001 -0.707106 0.000000 -1.000000 -0.000001 -0.707106 -0.000001 0.707108 -5.776735 -0.000067 105.763496 4.471850 5.875000 0.277000 2739b.dat
9 0 -0.707107 -0.000001 0.707107 0.000001 -1.000000 -0.000001 0.707107 0.000000 0.707107 5.763640 -0.000059 105.776749 4.471850 5.875000 0.277000 2739b.dat
9 0 0.707107 0.000000 -0.707107 0.000000 -1.000000 0.000000 -0.707107 -0.000000 -0.707107 -5.763583 -0.000000 -5.776793 4.471850 5.875000 0.277000 2739b.dat
9 0 0.707108 0.000000 0.707106 0.000001 -1.000000 -0.000001 0.707106 0.000001 -0.707108 5.776792 0.000007 -5.763575 4.471850 5.875000 0.277000 2739b.dat
10 0 -10.092751 -10.003375 -12.250000 110.092751 10.003375 0.000000 2739b.dat
1 2 0.000001 -0.000001 1.000000 0.000001 -1.000000 -0.000001 1.000000 0.000001 -0.000001 -0.000004 0.000000 0.000004 2739b.dat
1 2 0.000001 -0.000001 1.000000 0.000001 -1.000000 -0.000001 1.000000 0.000001 -0.000001 0.000062 -0.000060 100.000000 2739b.dat
