9 0 1.000000 0.000000 0.000000 -0.000000 -0.000001 1.000000 0.000000 -1.000000 -0.000001 -0.181473 -32.914001 0.022925 11.451750 1.964050 2.276875 2815.dat
9 0 1.000000 -0.000000 0.000000 -0.000000 0.000000 1.000000 -0.000000 -1.000000 -0.000000 -0.181473 32.809002 0.022925 11.451750 1.964050 2.276875 2815.dat
9 0 0.000000 1.000000 0.000000 -0.000000 -0.000000 1.000000 1.000000 0.000000 0.000000 32.838001 -0.115000 0.022936 11.451750 1.964050 2.276875 2815.dat
9 0 0.000000 1.000000 0.000000 -0.000000 -0.000000 1.000000 1.000000 0.000000 0.000000 -32.810749 -0.115000 0.022914 11.451750 1.964050 2.276875 2815.dat
9 0 -0.707106 0.707107 -0.000000 -0.000000 0.000000 1.000000 0.707107 0.707106 0.000000 23.051252 23.294025 0.022933 11.451750 1.964050 2.276875 2815.dat
9 0 0.707106 0.707107 0.000001 -0.000001 -0.000000 1.000000 0.707107 -0.707106 0.000000 23.240576 -23.166025 0.022933 11.451750 1.964050 2.276875 2815.dat
9 0 0.707106 -0.707107 -0.000000 0.000000 -0.000000 1.000000 -0.707107 -0.707106 0.000000 -23.182323 -23.208151 0.022918 11.451750 1.964050 2.276875 2815.dat
9 0 -0.707106 -0.707107 -0.000000 -0.000000 0.000000 1.000000 -0.707107 0.707106 -0.000000 -23.434649 22.827400 0.022918 11.451750 1.964050 2.276875 2815.dat
10 0 -38.500000 -38.500000 -9.250000 38.500000 38.500000 -0.750000 2815.dat
4 10 -1.000000 0.000000 -0.000000 -0.000000 -0.000000 1.000000 -0.000000 1.000000 0.000000 0.000002 0.000000 0.000000 1 2815.dat
4 10 -1.000000 0.000000 -0.000000 0.000000 -0.000000 -1.000000 -0.000000 -1.000000 0.000000 0.000002 0.000000 0.000000 1 2815.dat
