9 0 -1.000000 -0.000000 -0.000000 0.000000 0.262825 -0.964844 0.000000 -0.964844 -0.262825 0.000000 2.683300 15.345200 3.352675 8.174450 1.503825 2819.dat
9 0 -1.000000 -0.000000 -0.000000 0.000000 0.000000 -1.000000 0.000000 -1.000000 0.000000 5.030675 8.957599 -4.601325 2.093175 1.653100 8.542399 2819.dat
9 0 -1.000000 -0.000000 -0.000000 0.000000 0.000000 -1.000000 0.000000 -1.000000 0.000000 5.030675 8.957599 4.630600 2.093175 1.693100 8.542399 2819.dat
9 0 -1.000000 -0.000000 -0.000000 0.000000 0.000000 -1.000000 0.000000 -1.000000 0.000000 -4.970825 8.957599 4.630600 2.033325 1.693100 8.542399 2819.dat
9 0 -1.000000 -0.000000 -0.000000 0.000000 0.000000 -1.000000 0.000000 -1.000000 0.000000 -4.970825 8.957599 -4.585250 2.033325 1.647750 8.542399 2819.dat
9 0 -1.000000 -0.000000 -0.000000 0.000000 0.000000 -1.000000 0.000000 -1.000000 0.000000 7.701575 9.457600 0.041375 1.367600 1.739175 9.042400 2819.dat
9 0 0.000000 0.000000 1.000000 -1.000000 0.000000 0.000000 -0.000000 -1.000000 0.000000 0.001200 9.457600 -7.742600 1.367600 1.739175 9.042400 2819.dat
9 0 0.000000 0.000000 1.000000 -1.000000 0.000000 0.000000 -0.000000 -1.000000 0.000000 0.195425 9.457600 8.338599 1.367600 1.739175 9.042400 2819.dat
9 0 -1.000000 -0.000000 -0.000000 0.000000 0.000000 -1.000000 0.000000 -1.000000 0.000000 -7.838925 9.457600 0.041375 1.367600 1.739175 9.042400 2819.dat
9 0 0.494778 -0.018499 0.868822 -0.843603 0.229803 0.485309 -0.208636 -0.973061 0.098096 13.818500 2.654150 -7.831425 3.352675 8.174450 1.503825 2819.dat
9 0 -0.517690 0.000001 0.855568 -0.825726 -0.261809 -0.499633 0.223995 -0.965120 0.135536 -13.562125 2.581024 -7.944650 3.352675 8.174450 1.503825 2819.dat
9 0 -1.000000 -0.000000 -0.000000 0.000000 0.000000 -1.000000 0.000000 -1.000000 0.000000 0.000000 -0.086701 24.767651 12.250000 1.637125 1.717650 2819.dat
9 0 -0.000000 -0.000000 1.000000 -1.000000 -0.000000 0.000000 0.000000 -1.000000 -0.000000 24.767651 -0.086701 0.000000 12.250000 1.637125 1.717650 2819.dat
9 0 -0.000000 0.000000 -1.000000 1.000000 -0.000000 0.000000 -0.000000 -1.000000 -0.000000 -24.767651 -0.086701 0.000000 12.250000 1.637125 1.717650 2819.dat
9 0 1.000000 0.000000 0.000000 0.000000 -0.000000 1.000000 0.000000 -1.000000 -0.000000 0.000000 -0.086701 -24.767651 12.250000 1.637125 1.717650 2819.dat
9 0 0.707106 0.000000 0.707107 -0.707107 0.000000 0.707106 -0.000000 -1.000000 0.000000 17.513374 -0.086701 -17.513374 12.250000 1.637125 1.717675 2819.dat
9 0 0.707106 -0.000000 -0.707107 0.707107 0.000000 0.707106 0.000000 -1.000000 0.000000 -17.513374 -0.086701 -17.513374 12.250000 1.637125 1.717675 2819.dat
9 0 -0.707106 0.000001 -0.707107 0.707107 -0.000000 -0.707106 -0.000001 -1.000000 -0.000000 -17.513374 -0.086701 17.513374 12.250000 1.637125 1.717675 2819.dat
9 0 -0.707106 -0.000001 0.707107 -0.707107 -0.000000 -0.707106 0.000001 -1.000000 -0.000000 17.513374 -0.086701 17.513374 12.250000 1.637125 1.717675 2819.dat
10 0 -29.656250 0.000000 -30.114000 29.656250 28.450001 30.114000 2819.dat
0 4 1.000000 0.000000 0.000000 0.000000 1.000000 0.000000 0.000000 0.000000 1.000000 0.000000 18.000000 0.000000 0 0 0.600000 0 0 2819.dat
3 23 1.000000 0.000000 0.000000 0.000000 1.000000 0.000000 0.000000 0.000000 1.000000 -10.000000 0.000000 10.000000 2 2 29:0:0,29:0:0,29:0:0,29:0:0,1:4:36,29:0:0,29:0:0,29:0:0,29:0:0, 2819.dat
2 22 1.000000 0.000000 0.000000 0.000000 1.000000 0.000000 0.000000 0.000000 1.000000 -10.000000 24.000000 10.000000 2 2 29:0:0,29:0:0,29:0:0,29:0:0,5:4:32,29:0:0,29:0:0,29:0:0,29:0:0, 2819.dat
0 6 -0.000000 0.000000 1.000000 0.000000 1.000000 0.000000 -1.000000 0.000000 -0.000000 0.000000 2.749999 0.000000 0 0 0.288000 0 0 2819.dat
0 7 -0.000000 1.000000 -0.000000 0.000000 -0.000000 -1.000000 -1.000000 0.000000 -0.000000 -26.249998 -0.050026 -4.000000 0 0 0.320000 0 0 2819.dat
0 7 0.000000 1.000000 0.000000 0.382683 0.000000 -0.923880 -0.923880 0.000000 -0.382683 -22.721100 -0.050026 -13.740950 0 0 0.320000 0 0 2819.dat
0 7 -0.000000 1.000000 -0.000001 0.707106 -0.000000 -0.707107 -0.707107 -0.000001 -0.707106 -15.733125 -0.050026 -21.389975 0 0 0.320000 0 0 2819.dat
0 7 0.000000 1.000000 0.000001 0.923880 0.000000 -0.382683 -0.382683 0.000000 -0.923880 -6.349925 -0.050026 -25.782499 0 0 0.320000 0 0 2819.dat
0 7 0.000000 1.000000 -0.000000 1.000000 0.000000 0.000000 0.000000 -0.000000 -1.000000 4.000000 -0.050026 -26.249998 0 0 0.320000 0 0 2819.dat
0 7 0.000000 1.000000 -0.000001 0.923880 0.000000 0.382683 0.382683 -0.000000 -0.923880 13.740950 -0.050026 -22.721100 0 0 0.320000 0 0 2819.dat
0 7 -0.000000 1.000000 0.000001 0.707106 -0.000000 0.707107 0.707107 0.000001 -0.707106 21.389975 -0.050026 -15.733125 0 0 0.320000 0 0 2819.dat
0 7 0.000000 1.000000 -0.000000 0.382683 0.000000 0.923880 0.923880 -0.000000 -0.382683 25.782499 -0.050026 -6.349925 0 0 0.320000 0 0 2819.dat
0 7 -0.000000 1.000000 0.000000 0.000000 -0.000000 1.000000 1.000000 0.000000 -0.000000 26.249998 -0.050026 4.000000 0 0 0.320000 0 0 2819.dat
0 7 0.000000 1.000000 0.000000 -0.382683 0.000000 0.923880 0.923880 0.000000 0.382683 22.721100 -0.050026 13.740950 0 0 0.320000 0 0 2819.dat
0 7 0.000000 1.000000 -0.000000 -0.707106 0.000000 0.707107 0.707107 -0.000000 0.707106 15.733125 -0.050026 21.389975 0 0 0.320000 0 0 2819.dat
0 7 -0.000000 1.000000 0.000000 -0.923880 -0.000000 0.382683 0.382683 0.000000 0.923880 6.349925 -0.050026 25.782499 0 0 0.320000 0 0 2819.dat
0 7 -0.000000 1.000000 0.000000 -1.000000 -0.000000 0.000000 0.000000 0.000000 1.000000 -4.000000 -0.050026 26.249998 0 0 0.320000 0 0 2819.dat
0 7 -0.000000 1.000000 -0.000000 -0.923880 -0.000000 -0.382683 -0.382683 -0.000000 0.923880 -13.740950 -0.050026 22.721100 0 0 0.320000 0 0 2819.dat
0 7 0.000000 1.000000 0.000000 -0.707106 0.000000 -0.707107 -0.707107 0.000000 0.707106 -21.389975 -0.050026 15.733125 0 0 0.320000 0 0 2819.dat
0 7 0.001910 0.999998 0.000001 -0.351518 0.000672 -0.936181 -0.936179 0.001788 0.351519 -25.985250 -0.000401 5.482650 0 0 0.320000 0 0 2819.dat
