9 0 -1.000000 0.000000 -0.000000 0.000000 1.000000 0.000000 0.000000 0.000000 -1.000000 0.000000 -11.750000 0.000000 7.468675 3.500000 8.099550 2851.dat
9 0 -0.923880 0.000000 -0.382684 0.000000 1.000000 0.000000 0.382684 0.000000 -0.923880 -3.570653 -3.477100 8.620298 4.844825 11.727099 0.830550 2851.dat
9 0 -0.382683 0.000000 -0.923880 0.000000 1.000000 0.000000 0.923880 0.000000 -0.382683 -8.620301 -3.477100 3.570647 4.844825 11.727099 0.830550 2851.dat
9 0 0.382684 0.000000 -0.923879 0.000000 1.000000 0.000000 0.923879 0.000000 0.382684 -8.620298 -3.477100 -3.570653 4.844825 11.727099 0.830550 2851.dat
9 0 0.923880 0.000000 -0.382683 0.000000 1.000000 0.000000 0.382683 0.000000 0.923880 -3.570647 -3.477100 -8.620301 4.844825 11.727099 0.830550 2851.dat
9 0 0.923879 0.000000 0.382684 0.000000 1.000000 0.000000 -0.382684 0.000000 0.923879 3.570653 -3.477100 -8.620298 4.844825 11.727099 0.830550 2851.dat
9 0 0.382683 0.000000 0.923880 0.000000 1.000000 0.000000 -0.923880 0.000000 0.382683 8.620301 -3.477100 -3.570647 4.844825 11.727099 0.830550 2851.dat
9 0 -0.382684 0.000000 0.923879 0.000000 1.000000 0.000000 -0.923879 0.000000 -0.382684 8.620298 -3.477100 3.570653 4.844825 11.727099 0.830550 2851.dat
9 0 -0.923880 0.000000 0.382683 0.000000 1.000000 0.000000 -0.382683 0.000000 -0.923880 3.570647 -3.477100 8.620301 4.844825 11.727099 0.830550 2851.dat
10 0 -11.875000 -8.500025 -11.875000 11.875000 15.500000 11.875000 2851.dat
1 2 -0.000000 0.000000 1.000000 0.000000 1.000000 0.000000 -1.000000 0.000000 -0.000000 0.000000 -0.028925 0.000000 2851.dat
8 35 -0.000000 0.000000 1.000000 0.000000 1.000000 0.000000 -1.000000 0.000000 -0.000000 0.000004 8.500000 -11.875000 0 0 0.960000 0 2851.dat
8 35 0.000000 0.000000 -1.000000 0.000000 1.000000 0.000000 1.000000 0.000000 0.000000 -0.000004 8.500000 11.875000 0 0 0.960000 0 2851.dat
8 35 -1.000000 0.000000 -0.000000 0.000000 1.000000 0.000000 0.000000 0.000000 -1.000000 11.875000 8.500000 0.000004 0 0 0.960000 0 2851.dat
8 35 1.000000 0.000000 0.000000 0.000000 1.000000 0.000000 -0.000000 0.000000 1.000000 -11.875000 8.500000 -0.000004 0 0 0.960000 0 2851.dat
