9 0 0.000000 0.000000 1.000000 0.000000 1.000000 0.000000 -1.000000 0.000000 0.000000 -49.800751 2.125000 0.000016 20.415525 1.625000 13.551199 2855.dat
9 0 -0.707107 0.000000 0.707107 0.000000 1.000000 0.000000 -0.707107 0.000000 -0.707107 -35.214512 2.125000 -35.214485 20.415525 1.625000 13.551199 2855.dat
9 0 -1.000000 0.000000 0.000000 0.000000 1.000000 0.000000 -0.000000 0.000000 -1.000000 -0.000016 2.125000 -49.800751 20.415525 1.625000 13.551199 2855.dat
9 0 -0.707107 0.000000 -0.707107 0.000000 1.000000 0.000000 0.707107 0.000000 -0.707107 35.214485 2.125000 -35.214512 20.415525 1.625000 13.551199 2855.dat
9 0 -0.000000 0.000000 -1.000000 0.000000 1.000000 0.000000 1.000000 0.000000 -0.000000 49.800751 2.125000 -0.000016 20.415525 1.625000 13.551199 2855.dat
9 0 0.707107 0.000000 -0.707107 0.000000 1.000000 0.000000 0.707107 0.000000 0.707107 35.214512 2.125000 35.214485 20.415525 1.625000 13.551199 2855.dat
9 0 1.000000 0.000000 -0.000000 0.000000 1.000000 0.000000 0.000000 0.000000 1.000000 0.000016 2.125000 49.800751 20.415525 1.625000 13.551199 2855.dat
9 0 0.707107 0.000000 0.707107 0.000000 1.000000 0.000000 -0.707107 0.000000 0.707107 -35.214485 2.125000 35.214512 20.415525 1.625000 13.551199 2855.dat
9 0 0.000000 0.000000 1.000000 0.000000 1.000000 0.000000 -1.000000 0.000000 0.000000 -63.725502 8.250000 0.000020 22.535524 7.750000 0.350600 2855.dat
9 0 -0.707107 0.000000 0.707107 0.000000 1.000000 0.000000 -0.707107 0.000000 -0.707107 -45.060764 8.250000 -45.060738 22.535500 7.750000 0.350600 2855.dat
9 0 -1.000000 0.000000 0.000000 0.000000 1.000000 0.000000 -0.000000 0.000000 -1.000000 -0.000020 8.250000 -63.725502 22.535524 7.750000 0.350600 2855.dat
9 0 -0.707107 0.000000 -0.707107 0.000000 1.000000 0.000000 0.707107 0.000000 -0.707107 45.060738 8.250000 -45.060764 22.535500 7.750000 0.350600 2855.dat
9 0 -0.000000 0.000000 -1.000000 0.000000 1.000000 0.000000 1.000000 0.000000 -0.000000 63.725502 8.250000 -0.000020 22.535524 7.750000 0.350600 2855.dat
9 0 0.707107 0.000000 -0.707107 0.000000 1.000000 0.000000 0.707107 0.000000 0.707107 45.060764 8.250000 45.060738 22.535500 7.750000 0.350600 2855.dat
9 0 1.000000 0.000000 -0.000000 0.000000 1.000000 0.000000 0.000000 0.000000 1.000000 0.000020 8.250000 63.725502 22.535524 7.750000 0.350600 2855.dat
9 0 0.707107 0.000000 0.707107 0.000000 1.000000 0.000000 -0.707107 0.000000 0.707107 -45.060738 8.250000 45.060764 22.535500 7.750000 0.350600 2855.dat
9 0 0.340384 0.000000 0.940287 0.000000 1.000000 0.000000 -0.940287 0.000000 0.340384 -34.252998 7.750000 13.058736 8.961050 7.250000 0.422950 2855.dat
9 0 0.340383 0.000000 -0.940287 0.000000 1.000000 0.000000 0.940287 0.000000 0.340383 -34.253006 7.750000 -13.058715 8.961050 7.250000 0.422950 2855.dat
9 0 -0.940287 0.000000 0.340384 0.000000 1.000000 0.000000 -0.340384 0.000000 -0.940287 -13.058736 7.750000 -34.252998 8.961050 7.250000 0.422950 2855.dat
9 0 0.940287 0.000000 0.340383 0.000000 1.000000 0.000000 -0.340383 0.000000 0.940287 13.058715 7.750000 -34.253006 8.961050 7.250000 0.422950 2855.dat
9 0 -0.340384 0.000000 -0.940286 0.000000 1.000000 0.000000 0.940286 0.000000 -0.340384 34.252998 7.750000 -13.058736 8.961050 7.250000 0.422950 2855.dat
9 0 -0.340383 0.000000 0.940287 0.000000 1.000000 0.000000 -0.940287 0.000000 -0.340383 34.253006 7.750000 13.058715 8.961050 7.250000 0.422950 2855.dat
9 0 0.940287 0.000000 -0.340384 0.000000 1.000000 0.000000 0.340384 0.000000 0.940287 13.058736 7.750000 34.252998 8.961050 7.250000 0.422950 2855.dat
9 0 -0.940287 0.000000 -0.340383 0.000000 1.000000 0.000000 0.340383 0.000000 -0.940287 -13.058715 7.750000 34.253006 8.961050 7.250000 0.422950 2855.dat
9 0 0.000000 0.000000 1.000000 0.000000 1.000000 0.000000 -1.000000 0.000000 0.000000 -51.000000 -38.876751 0.000016 29.750002 0.623325 8.750000 2855.dat
9 0 0.000000 0.000000 1.000000 0.000000 1.000000 0.000000 -1.000000 0.000000 0.000000 -50.000000 -11.126751 0.000016 29.750002 11.126675 9.750000 2855.dat
9 0 0.000000 0.000000 1.000000 0.000000 1.000000 0.000000 -1.000000 0.000000 0.000000 -50.000011 -19.750002 -28.874985 0.875000 19.750000 9.750000 2855.dat
9 0 0.000000 0.000000 1.000000 0.000000 1.000000 0.000000 -1.000000 0.000000 0.000000 -49.999992 -19.750002 28.875013 0.875000 19.750000 9.750000 2855.dat
9 0 0.000000 0.000000 1.000000 0.000000 1.000000 0.000000 -1.000000 0.000000 0.000000 -50.000008 -19.750002 -9.999985 2.000000 19.750000 9.750000 2855.dat
9 0 0.000000 0.000000 1.000000 0.000000 1.000000 0.000000 -1.000000 0.000000 0.000000 -49.999996 -19.750002 10.000016 2.000000 19.750000 9.750000 2855.dat
9 0 0.000000 0.000000 1.000000 0.000000 1.000000 0.000000 -1.000000 0.000000 0.000000 51.000000 -38.876751 -0.000016 29.750002 0.623325 8.750000 2855.dat
9 0 0.000000 0.000000 1.000000 0.000000 1.000000 0.000000 -1.000000 0.000000 0.000000 50.000000 -11.126751 -0.000016 29.750002 11.126675 9.750000 2855.dat
9 0 0.000000 0.000000 1.000000 0.000000 1.000000 0.000000 -1.000000 0.000000 0.000000 49.999992 -19.750002 -28.875013 0.875000 19.750000 9.750000 2855.dat
9 0 0.000000 0.000000 1.000000 0.000000 1.000000 0.000000 -1.000000 0.000000 0.000000 50.000011 -19.750002 28.874985 0.875000 19.750000 9.750000 2855.dat
9 0 0.000000 0.000000 1.000000 0.000000 1.000000 0.000000 -1.000000 0.000000 0.000000 49.999996 -19.750002 -10.000016 2.000000 19.750000 9.750000 2855.dat
9 0 0.000000 0.000000 1.000000 0.000000 1.000000 0.000000 -1.000000 0.000000 0.000000 50.000008 -19.750002 9.999985 2.000000 19.750000 9.750000 2855.dat
9 0 0.000000 0.000000 1.000000 0.000000 1.000000 0.000000 -1.000000 0.000000 0.000000 -67.682999 9.770000 0.000021 0.909550 4.375000 4.308025 2855.dat
9 0 -0.111963 0.000000 0.993712 0.000000 1.000000 0.000000 -0.993712 0.000000 -0.111963 -67.257500 9.770000 -7.578079 0.909550 4.375000 4.308025 2855.dat
9 0 -0.222521 0.000000 0.974928 0.000000 1.000000 0.000000 -0.974928 0.000000 -0.222521 -65.986008 9.770000 -15.060880 0.909550 4.375000 4.308025 2855.dat
9 0 -0.330279 0.000000 0.943883 0.000000 1.000000 0.000000 -0.943883 0.000000 -0.330279 -63.884754 9.770000 -22.354256 0.909550 4.375000 4.308025 2855.dat
9 0 -0.433883 0.000000 0.900969 0.000000 1.000000 0.000000 -0.900969 0.000000 -0.433883 -60.980259 9.770000 -29.366482 0.909550 4.375000 4.308025 2855.dat
9 0 -0.532032 0.000000 0.846724 0.000000 1.000000 0.000000 -0.846724 0.000000 -0.532032 -57.308762 9.770000 -36.009483 0.909550 4.375000 4.308025 2855.dat
9 0 -0.623490 0.000000 0.781832 0.000000 1.000000 0.000000 -0.781832 0.000000 -0.623490 -52.916759 9.770000 -42.199730 0.909550 4.375000 4.308025 2855.dat
9 0 -0.707107 0.000000 0.707107 0.000000 1.000000 0.000000 -0.707107 0.000000 -0.707107 -47.859016 9.770000 -47.858986 0.909550 4.375000 4.308025 2855.dat
9 0 -0.781831 0.000000 0.623490 0.000000 1.000000 0.000000 -0.623490 0.000000 -0.781831 -42.199768 9.770000 -52.916737 0.909550 4.375000 4.308025 2855.dat
9 0 -0.846724 0.000000 0.532032 0.000000 1.000000 0.000000 -0.532032 0.000000 -0.846724 -36.009518 9.770000 -57.308739 0.909550 4.375000 4.308025 2855.dat
9 0 -0.900969 0.000000 0.433884 0.000000 1.000000 0.000000 -0.433884 0.000000 -0.900969 -29.366516 9.770000 -60.980236 0.909550 4.375000 4.308025 2855.dat
9 0 -0.943883 0.000000 0.330279 0.000000 1.000000 0.000000 -0.330279 0.000000 -0.943883 -22.354294 9.770000 -63.884743 0.909550 4.375000 4.308025 2855.dat
9 0 -0.974928 0.000000 0.222521 0.000000 1.000000 0.000000 -0.222521 0.000000 -0.974928 -15.060921 9.770000 -65.985992 0.909550 4.375000 4.308025 2855.dat
9 0 -0.993712 0.000000 0.111965 0.000000 1.000000 0.000000 -0.111965 0.000000 -0.993712 -7.578121 9.770000 -67.257500 0.909550 4.375000 4.308025 2855.dat
9 0 -1.000000 0.000000 0.000000 0.000000 1.000000 0.000000 -0.000000 0.000000 -1.000000 -0.000021 9.770000 -67.682999 0.909550 4.375000 4.308025 2855.dat
9 0 -0.993712 0.000000 -0.111964 0.000000 1.000000 0.000000 0.111964 0.000000 -0.993712 7.578079 9.770000 -67.257500 0.909550 4.375000 4.308025 2855.dat
9 0 -0.974928 0.000000 -0.222521 0.000000 1.000000 0.000000 0.222521 0.000000 -0.974928 15.060880 9.770000 -65.986008 0.909550 4.375000 4.308025 2855.dat
9 0 -0.943883 0.000000 -0.330279 0.000000 1.000000 0.000000 0.330279 0.000000 -0.943883 22.354256 9.770000 -63.884754 0.909550 4.375000 4.308025 2855.dat
9 0 -0.900969 0.000000 -0.433884 0.000000 1.000000 0.000000 0.433884 0.000000 -0.900969 29.366482 9.770000 -60.980259 0.909550 4.375000 4.308025 2855.dat
9 0 -0.846724 0.000000 -0.532032 0.000000 1.000000 0.000000 0.532032 0.000000 -0.846724 36.009483 9.770000 -57.308762 0.909550 4.375000 4.308025 2855.dat
9 0 -0.781832 0.000000 -0.623490 0.000000 1.000000 0.000000 0.623490 0.000000 -0.781832 42.199730 9.770000 -52.916759 0.909550 4.375000 4.308025 2855.dat
9 0 -0.707107 0.000000 -0.707107 0.000000 1.000000 0.000000 0.707107 0.000000 -0.707107 47.858986 9.770000 -47.859016 0.909550 4.375000 4.308025 2855.dat
9 0 -0.623490 0.000000 -0.781831 0.000000 1.000000 0.000000 0.781831 0.000000 -0.623490 52.916737 9.770000 -42.199768 0.909550 4.375000 4.308025 2855.dat
9 0 -0.532032 0.000000 -0.846724 0.000000 1.000000 0.000000 0.846724 0.000000 -0.532032 57.308739 9.770000 -36.009518 0.909550 4.375000 4.308025 2855.dat
9 0 -0.433884 0.000000 -0.900969 0.000000 1.000000 0.000000 0.900969 0.000000 -0.433884 60.980236 9.770000 -29.366516 0.909550 4.375000 4.308025 2855.dat
9 0 -0.330279 0.000000 -0.943883 0.000000 1.000000 0.000000 0.943883 0.000000 -0.330279 63.884743 9.770000 -22.354294 0.909550 4.375000 4.308025 2855.dat
9 0 -0.222521 0.000000 -0.974928 0.000000 1.000000 0.000000 0.974928 0.000000 -0.222521 65.985992 9.770000 -15.060921 0.909550 4.375000 4.308025 2855.dat
9 0 -0.111964 0.000000 -0.993712 0.000000 1.000000 0.000000 0.993712 0.000000 -0.111964 67.257500 9.770000 -7.578121 0.909550 4.375000 4.308025 2855.dat
9 0 -0.000000 0.000000 -1.000000 0.000000 1.000000 0.000000 1.000000 0.000000 -0.000000 67.682999 9.770000 -0.000021 0.909550 4.375000 4.308025 2855.dat
9 0 0.111963 0.000000 -0.993712 0.000000 1.000000 0.000000 0.993712 0.000000 0.111963 67.257500 9.770000 7.578079 0.909550 4.375000 4.308025 2855.dat
9 0 0.222521 0.000000 -0.974928 0.000000 1.000000 0.000000 0.974928 0.000000 0.222521 65.986008 9.770000 15.060880 0.909550 4.375000 4.308025 2855.dat
9 0 0.330279 0.000000 -0.943883 0.000000 1.000000 0.000000 0.943883 0.000000 0.330279 63.884754 9.770000 22.354256 0.909550 4.375000 4.308025 2855.dat
9 0 0.433883 0.000000 -0.900969 0.000000 1.000000 0.000000 0.900969 0.000000 0.433883 60.980259 9.770000 29.366482 0.909550 4.375000 4.308025 2855.dat
9 0 0.532032 0.000000 -0.846724 0.000000 1.000000 0.000000 0.846724 0.000000 0.532032 57.308762 9.770000 36.009483 0.909550 4.375000 4.308025 2855.dat
9 0 0.623489 0.000000 -0.781832 0.000000 1.000000 0.000000 0.781832 0.000000 0.623489 52.916759 9.770000 42.199730 0.909550 4.375000 4.308025 2855.dat
9 0 0.707107 0.000000 -0.707107 0.000000 1.000000 0.000000 0.707107 0.000000 0.707107 47.859016 9.770000 47.858986 0.909550 4.375000 4.308025 2855.dat
9 0 0.781831 0.000000 -0.623490 0.000000 1.000000 0.000000 0.623490 0.000000 0.781831 42.199768 9.770000 52.916737 0.909550 4.375000 4.308025 2855.dat
9 0 0.846724 0.000000 -0.532032 0.000000 1.000000 0.000000 0.532032 0.000000 0.846724 36.009518 9.770000 57.308739 0.909550 4.375000 4.308025 2855.dat
9 0 0.900969 0.000000 -0.433884 0.000000 1.000000 0.000000 0.433884 0.000000 0.900969 29.366516 9.770000 60.980236 0.909550 4.375000 4.308025 2855.dat
9 0 0.943883 0.000000 -0.330279 0.000000 1.000000 0.000000 0.330279 0.000000 0.943883 22.354294 9.770000 63.884743 0.909550 4.375000 4.308025 2855.dat
9 0 0.974928 0.000000 -0.222521 0.000000 1.000000 0.000000 0.222521 0.000000 0.974928 15.060921 9.770000 65.985992 0.909550 4.375000 4.308025 2855.dat
9 0 0.993712 0.000000 -0.111965 0.000000 1.000000 0.000000 0.111965 0.000000 0.993712 7.578121 9.770000 67.257500 0.909550 4.375000 4.308025 2855.dat
9 0 1.000000 0.000000 -0.000000 0.000000 1.000000 0.000000 0.000000 0.000000 1.000000 0.000021 9.770000 67.682999 0.909550 4.375000 4.308025 2855.dat
9 0 0.993712 0.000000 0.111964 0.000000 1.000000 0.000000 -0.111964 0.000000 0.993712 -7.578079 9.770000 67.257500 0.909550 4.375000 4.308025 2855.dat
9 0 0.974928 0.000000 0.222521 0.000000 1.000000 0.000000 -0.222521 0.000000 0.974928 -15.060880 9.770000 65.986008 0.909550 4.375000 4.308025 2855.dat
9 0 0.943883 0.000000 0.330279 0.000000 1.000000 0.000000 -0.330279 0.000000 0.943883 -22.354256 9.770000 63.884754 0.909550 4.375000 4.308025 2855.dat
9 0 0.900969 0.000000 0.433883 0.000000 1.000000 0.000000 -0.433883 0.000000 0.900969 -29.366482 9.770000 60.980259 0.909550 4.375000 4.308025 2855.dat
9 0 0.846724 0.000000 0.532032 0.000000 1.000000 0.000000 -0.532032 0.000000 0.846724 -36.009483 9.770000 57.308762 0.909550 4.375000 4.308025 2855.dat
9 0 0.781832 0.000000 0.623490 0.000000 1.000000 0.000000 -0.623490 0.000000 0.781832 -42.199730 9.770000 52.916759 0.909550 4.375000 4.308025 2855.dat
9 0 0.707107 0.000000 0.707107 0.000000 1.000000 0.000000 -0.707107 0.000000 0.707107 -47.858986 9.770000 47.859016 0.909550 4.375000 4.308025 2855.dat
9 0 0.623490 0.000000 0.781831 0.000000 1.000000 0.000000 -0.781831 0.000000 0.623490 -52.916737 9.770000 42.199768 0.909550 4.375000 4.308025 2855.dat
9 0 0.532032 0.000000 0.846724 0.000000 1.000000 0.000000 -0.846724 0.000000 0.532032 -57.308739 9.770000 36.009518 0.909550 4.375000 4.308025 2855.dat
9 0 0.433884 0.000000 0.900969 0.000000 1.000000 0.000000 -0.900969 0.000000 0.433884 -60.980236 9.770000 29.366516 0.909550 4.375000 4.308025 2855.dat
9 0 0.330279 0.000000 0.943883 0.000000 1.000000 0.000000 -0.943883 0.000000 0.330279 -63.884743 9.770000 22.354294 0.909550 4.375000 4.308025 2855.dat
9 0 0.222521 0.000000 0.974928 0.000000 1.000000 0.000000 -0.974928 0.000000 0.222521 -65.985992 9.770000 15.060921 0.909550 4.375000 4.308025 2855.dat
9 0 0.111964 0.000000 0.993712 0.000000 1.000000 0.000000 -0.993712 0.000000 0.111964 -67.257500 9.770000 7.578121 0.909550 4.375000 4.308025 2855.dat
10 0 -72.241005 0.000000 -72.241005 72.241005 60.450001 72.241005 2855.dat
3 23 0.000000 0.000000 1.000000 0.000000 1.000000 0.000000 -1.000000 0.000000 0.000000 39.999996 -39.750000 -20.000011 2 4 18:2:1,23:4:1,18:2:1,23:4:1,18:2:1,23:4:1,1:4:0,23:4:1,1:4:0,23:4:1,18:2:1,23:4:1,18:2:1,23:4:1,18:2:1, 2855.dat
3 23 0.000000 0.000000 1.000000 0.000000 1.000000 0.000000 -1.000000 0.000000 0.000000 -60.000008 -39.750000 -19.999981 2 4 18:2:1,23:4:1,18:2:1,23:4:1,18:2:1,23:4:1,1:4:0,23:4:1,1:4:0,23:4:1,18:2:1,23:4:1,18:2:1,23:4:1,18:2:1, 2855.dat
3 23 0.000000 0.000000 1.000000 0.000000 1.000000 0.000000 -1.000000 0.000000 0.000000 -40.000019 0.225000 -59.999992 8 12 29:0:1,23:4:1,18:2:1,29:0:1,29:0:1,29:0:1,29:0:1,29:0:1,29:0:1,29:0:1,18:2:1,23:4:1,29:0:1,23:4:1,1:4:0,23:4:1,1:4:0,23:4:1,29:0:1,29:0:1,29:0:1,23:4:1,1:4:0,23:4:1,1:4:0,23:4:1,18:2:1,23:4:1,18:4:1,23:4:1,29:0:1,29:0:1,29:0:1,29:0:1,29:0:1,23:4:1,18:4:1,23:4:1,18:2:1,23:4:1,1:4:1,23:4:1,29:0:1,29:0:1,29:0:1,29:0:1,29:0:1,29:0:1,29:0:1,23:4:1,1:4:1,23:4:1,18:2:1,23:4:1,18:4:1,29:0:1,29:0:1,29:0:1,29:0:1,29:0:1,29:0:1,29:0:1,18:4:1,23:4:1,18:2:1,23:4:1,1:4:1,23:4:1,29:0:1,29:0:1,29:0:1,29:0:1,29:0:1,29:0:1,29:0:1,23:4:1,1:4:1,23:4:1,18:2:1,23:4:1,18:4:1,23:4:1,29:0:1,29:0:1,29:0:1,29:0:1,29:0:1,23:4:1,18:4:1,23:4:1,18:2:1,23:4:1,1:4:0,23:4:1,1:4:0,23:4:1,29:0:1,29:0:1,29:0:1,23:4:1,1:4:0,23:4:1,1:4:0,23:4:1,29:0:1,23:4:1,18:2:1,29:0:1,29:0:1,29:0:1,29:0:1,29:0:1,29:0:1,29:0:1,18:2:1,23:4:1,29:0:1, 2855.dat
0 2 0.000000 1.000000 -0.000000 1.000000 -0.000000 -0.000000 -0.000000 0.000000 -1.000000 60.035496 -30.253250 -20.000019 0 0 0.800000 0 0 2855.dat
0 2 0.000000 1.000000 -0.000000 1.000000 -0.000000 -0.000000 -0.000000 0.000000 -1.000000 60.035503 -30.253250 -0.000019 0 0 0.800000 0 0 2855.dat
0 2 0.000000 1.000000 -0.000000 1.000000 -0.000000 -0.000000 -0.000000 0.000000 -1.000000 60.035507 -30.253250 19.999981 0 0 0.800000 0 0 2855.dat
0 2 0.000000 1.000000 -0.000000 1.000000 -0.000000 -0.000000 -0.000000 0.000000 -1.000000 -40.000008 -30.253250 -19.999989 0 0 0.800000 0 0 2855.dat
0 2 0.000000 1.000000 -0.000000 1.000000 -0.000000 -0.000000 -0.000000 0.000000 -1.000000 -40.000000 -30.253250 0.000013 0 0 0.800000 0 0 2855.dat
0 2 0.000000 1.000000 -0.000000 1.000000 -0.000000 -0.000000 -0.000000 0.000000 -1.000000 -39.999996 -30.253250 20.000011 0 0 0.800000 0 0 2855.dat
6 190 0.000000 0.000000 1.000000 0.000000 1.000000 0.000000 -1.000000 0.000000 0.000000 0.000000 16.250000 0.000000 0.000000 0.000000 0.000000 0.000000 1 2855.dat
2 22 0.000000 0.000000 1.000000 1.000000 -0.000000 -0.000000 0.000000 1.000000 -0.000000 -40.000008 -20.250002 -29.999989 2 6 22:1:1,22:2:1,22:2:1,22:2:1,22:2:1,22:2:1,22:1:1,22:2:1,16:4:64,22:2:1,16:4:64,22:2:1,16:4:64,22:2:1,22:1:1,22:2:1,22:2:1,22:2:1,22:2:1,22:2:1,22:1:1, 2855.dat
2 22 0.000000 0.000000 1.000000 -1.000000 -0.000000 0.000000 0.000000 -1.000000 -0.000000 -60.000015 -40.250000 -29.999983 2 6 22:1:1,22:2:1,22:2:1,22:2:1,22:2:1,22:2:1,22:1:1,22:2:1,16:4:64,22:2:1,16:4:64,22:2:1,16:4:64,22:2:1,22:1:1,22:2:1,22:2:1,22:2:1,22:2:1,22:2:1,22:1:1, 2855.dat
2 22 0.000000 0.000000 1.000000 1.000000 -0.000000 -0.000000 0.000000 1.000000 -0.000000 59.999992 -20.250002 -30.000019 2 6 22:1:1,22:2:1,22:2:1,22:2:1,22:2:1,22:2:1,22:1:1,22:2:1,16:4:64,22:2:1,16:4:64,22:2:1,16:4:64,22:2:1,22:1:1,22:2:1,22:2:1,22:2:1,22:2:1,22:2:1,22:1:1, 2855.dat
2 22 0.000000 0.000000 1.000000 -1.000000 -0.000000 0.000000 0.000000 -1.000000 -0.000000 39.999992 -40.250000 -30.000013 2 6 22:1:1,22:2:1,22:2:1,22:2:1,22:2:1,22:2:1,22:1:1,22:2:1,16:4:64,22:2:1,16:4:64,22:2:1,16:4:64,22:2:1,22:1:1,22:2:1,22:2:1,22:2:1,22:2:1,22:2:1,22:1:1, 2855.dat
