9 0 -0.000000 0.707106 -0.707107 0.000000 -0.707107 -0.707106 -1.000000 -0.000000 0.000000 -15.499997 -41.250004 0.000003 2.578425 2.578425 5.250000 2866.dat
9 0 -0.000000 0.707106 -0.707107 0.000000 -0.707107 -0.707106 -1.000000 -0.000000 0.000000 -22.816072 -41.250008 0.000003 1.164225 1.164225 1.566075 2866.dat
9 0 0.000000 -0.000000 -1.000000 0.000000 -1.000000 0.000000 -1.000000 -0.000000 0.000000 0.000006 -48.247601 0.000006 3.500000 1.502400 3.500000 2866.dat
9 0 0.000000 -0.000000 -1.000000 0.000000 -1.000000 0.000000 -1.000000 -0.000000 0.000000 0.000003 -42.412651 0.000003 6.000000 3.162650 9.750000 2866.dat
9 0 -0.000000 0.866025 -0.500000 0.000000 -0.500000 -0.866025 -1.000000 -0.000000 0.000000 0.000002 -38.706326 -6.419549 6.000000 3.162650 9.750000 2866.dat
9 0 -0.000000 0.866026 0.500000 -0.000000 0.500000 -0.866026 -1.000000 -0.000000 0.000000 -0.000002 -31.293678 -6.419551 6.000000 3.162650 9.750000 2866.dat
9 0 0.000000 0.000000 1.000000 -0.000000 1.000000 -0.000000 -1.000000 -0.000000 0.000000 -0.000003 -27.587349 -0.000003 6.000000 3.162650 9.750000 2866.dat
9 0 0.000000 -0.866025 0.500000 -0.000000 0.500000 0.866025 -1.000000 -0.000000 0.000000 -0.000002 -31.293673 6.419549 6.000000 3.162650 9.750000 2866.dat
9 0 0.000000 -0.866026 -0.500000 0.000000 -0.500000 0.866026 -1.000000 -0.000000 0.000000 0.000002 -38.706322 6.419551 6.000000 3.162650 9.750000 2866.dat
9 0 -0.000000 0.707106 -0.707107 0.000000 -0.707107 -0.707106 -1.000000 -0.000000 0.000000 -0.000016 0.000000 -0.000016 1.429375 1.429375 13.500001 2866.dat
9 0 -0.000000 0.707106 -0.707107 0.000000 -0.707107 -0.707106 -1.000000 -0.000000 0.000000 -0.000016 0.000000 -0.000016 4.169425 4.169425 9.750000 2866.dat
9 0 0.000000 -0.000000 -1.000000 0.000000 -1.000000 0.000000 -1.000000 -0.000000 0.000000 -0.000013 -5.414000 -0.000013 4.700025 18.186899 2.250000 2866.dat
9 0 0.000000 -0.000000 -1.000000 0.000000 -1.000000 0.000000 -1.000000 -0.000000 0.000000 -0.000020 9.010002 -0.000020 1.987000 12.697776 2.250000 2866.dat
9 0 -0.000000 0.707106 -0.707107 0.000000 -0.707107 -0.707106 -1.000000 -0.000000 0.000000 -9.025000 -35.000004 0.000000 8.588825 8.588825 0.725000 2866.dat
10 0 -12.500000 -15.000001 -25.000000 12.500000 57.499249 14.450000 2866.dat
0 7 0.000000 -1.000000 0.000000 1.000000 0.000000 -0.000000 0.000000 0.000000 1.000000 -9.999997 -41.250004 0.000003 1 0 0.440000 0 0 2866.dat
3 23 0.000000 -0.000000 -1.000000 -1.000000 -0.000000 -0.000000 -0.000000 1.000000 -0.000000 9.999995 -24.999990 9.999995 2 2 29:0:0,29:0:0,29:0:0,29:0:0,1:4:38,29:0:0,29:0:0,29:0:0,29:0:0, 2866.dat
6 37 0.000000 -1.000000 0.000000 1.000000 0.000000 -0.000000 0.000000 0.000000 1.000000 -0.000016 0.000000 -0.000016 0.000000 0.000000 0.000000 0.000000 0 2866.dat
