9 0 0.000000 0.625243 0.780430 -0.000000 0.780430 -0.625243 -1.000000 0.000000 0.000000 28.025043 23.791924 44.907234 11.175800 8.908725 2.775000 2871.dat
9 0 -0.000000 0.625243 -0.780430 0.000000 0.780430 0.625243 1.000000 -0.000000 -0.000000 28.025051 23.791924 75.092743 11.175800 8.908725 2.775000 2871.dat
9 0 0.500000 0.000000 0.866025 0.000000 1.000000 0.000000 -0.866025 0.000000 0.500000 21.836931 16.125000 90.234741 1.128225 7.750000 8.993275 2871.dat
9 0 0.000000 0.000000 1.000000 -0.410353 0.911927 0.000000 -0.911927 -0.410353 0.000000 19.437656 8.363275 84.999992 4.750000 2.250025 11.224051 2871.dat
9 0 0.000000 0.000000 1.000000 0.000000 1.000000 0.000000 -1.000000 0.000000 0.000000 0.000053 4.125000 80.000008 19.749975 3.750000 9.750000 2871.dat
9 0 -0.000000 0.625243 -0.780430 0.000000 0.780430 0.625243 1.000000 -0.000000 -0.000000 28.025017 23.791924 -44.907257 11.175800 8.908725 2.775000 2871.dat
9 0 0.000000 0.625243 0.780430 -0.000000 0.780430 -0.625243 -1.000000 0.000000 0.000000 28.025007 23.791924 -75.092781 11.175800 8.908725 2.775000 2871.dat
9 0 0.500000 0.000000 -0.866026 0.000000 1.000000 0.000000 0.866026 0.000000 0.500000 21.836876 16.125000 -90.234802 1.128225 7.750000 8.993275 2871.dat
9 0 -0.000000 0.000000 -1.000000 -0.410353 0.911927 0.000000 0.911927 0.410353 -0.000000 19.437603 8.363275 -85.000053 4.750000 2.250025 11.224051 2871.dat
9 0 -0.000000 0.000000 -1.000000 0.000000 1.000000 0.000000 1.000000 0.000000 -0.000000 0.000003 4.125000 -79.999992 19.749975 3.750000 9.750000 2871.dat
9 0 0.000000 0.000000 1.000000 0.000000 1.000000 0.000000 -1.000000 0.000000 0.000000 20.525028 12.125000 -0.000006 29.750002 3.750000 10.275001 2871.dat
9 0 0.000000 0.000000 1.000000 0.000000 1.000000 0.000000 -1.000000 0.000000 0.000000 20.000029 32.125000 -0.000006 9.750025 15.750000 9.750000 2871.dat
10 0 -10.000000 -40.000000 -10.000000 190.000000 8.000000 32.680248 2871.dat
3 23 0.000000 0.000000 1.000000 0.000000 1.000000 0.000000 -1.000000 0.000000 0.000000 10.000022 8.125000 -20.000004 2 4 18:2:1,23:4:1,18:2:1,23:4:1,18:2:1,29:0:1,1:4:1,23:4:1,1:4:1,29:0:1,18:2:1,23:4:1,18:2:1,23:4:1,18:2:1, 2871.dat
2 22 0.000000 0.000000 1.000000 0.000000 1.000000 0.000000 -1.000000 0.000000 0.000000 10.000026 48.125000 -10.000002 2 2 22:1:1,22:2:1,22:1:1,22:2:1,15:4:1,22:2:1,22:1:1,22:2:1,22:1:1, 2871.dat
2 22 0.000000 0.000000 1.000000 0.000000 1.000000 0.000000 -1.000000 0.000000 0.000000 -10.000003 8.125000 -99.999992 2 4 22:1:1,22:2:1,22:2:1,22:2:1,22:1:1,22:2:1,15:4:1,10:4:1,15:4:1,22:2:1,22:1:1,22:2:1,22:2:1,22:2:1,22:1:1, 2871.dat
2 22 0.000000 0.000000 1.000000 0.000000 1.000000 0.000000 -1.000000 0.000000 0.000000 -9.999953 8.125000 60.000004 2 4 22:1:1,22:2:1,22:2:1,22:2:1,22:1:1,22:2:1,15:4:1,10:4:1,15:4:1,22:2:1,22:1:1,22:2:1,22:2:1,22:2:1,22:1:1, 2871.dat
