9 0 0.946785 0.321868 0.000000 -0.161269 0.474377 0.865424 0.278552 -0.819370 0.501040 28.227556 -83.032249 -5.555700 19.846851 5.102450 12.333525 2902.dat
9 0 0.897073 -0.441882 -0.000000 0.221401 0.449469 0.865424 -0.382415 -0.776349 0.501040 -38.752712 -78.672585 -5.555700 19.846851 5.102450 12.333525 2902.dat
9 0 0.321868 -0.946785 0.000000 0.474377 0.161269 0.865424 -0.819370 -0.278552 0.501040 -83.032249 -28.227556 -5.555700 19.846851 5.102450 12.333525 2902.dat
9 0 -0.441883 -0.897073 0.000000 0.449470 -0.221401 0.865424 -0.776348 0.382416 0.501040 -78.672585 38.752712 -5.555700 19.846851 5.102450 12.333525 2902.dat
9 0 -0.946785 -0.321868 0.000000 0.161269 -0.474376 0.865425 -0.278553 0.819371 0.501039 -28.227556 83.032249 -5.555700 19.846851 5.102450 12.333525 2902.dat
9 0 -0.897073 0.441882 0.000000 -0.221400 -0.449469 0.865425 0.382416 0.776349 0.501039 38.752712 78.672585 -5.555700 19.846851 5.102450 12.333525 2902.dat
9 0 -0.321869 0.946784 -0.000000 -0.474377 -0.161269 0.865424 0.819370 0.278553 0.501040 83.032249 28.227556 -5.555700 19.846851 5.102450 12.333525 2902.dat
9 0 0.441882 0.897073 -0.000000 -0.449469 0.221401 0.865424 0.776349 -0.382416 0.501040 78.672585 -38.752712 -5.555700 19.846851 5.102450 12.333525 2902.dat
9 0 0.946785 0.321868 -0.000000 -0.161269 0.474377 -0.865424 -0.278552 0.819370 0.501040 28.227556 -83.032249 5.555700 19.846851 5.102450 12.333525 2902.dat
9 0 0.897073 -0.441882 0.000000 0.221401 0.449469 -0.865424 0.382415 0.776349 0.501040 -38.752712 -78.672585 5.555700 19.846851 5.102450 12.333525 2902.dat
9 0 0.321868 -0.946785 -0.000000 0.474377 0.161269 -0.865424 0.819370 0.278552 0.501040 -83.032249 -28.227556 5.555700 19.846851 5.102450 12.333525 2902.dat
9 0 -0.441883 -0.897073 -0.000000 0.449470 -0.221401 -0.865424 0.776348 -0.382416 0.501040 -78.672585 38.752712 5.555700 19.846851 5.102450 12.333525 2902.dat
9 0 -0.946785 -0.321868 0.000000 0.161269 -0.474376 -0.865425 0.278553 -0.819371 0.501039 -28.227556 83.032249 5.555700 19.846851 5.102450 12.333525 2902.dat
9 0 -0.897073 0.441882 0.000000 -0.221400 -0.449469 -0.865425 -0.382416 -0.776349 0.501039 38.752712 78.672585 5.555700 19.846851 5.102450 12.333525 2902.dat
9 0 -0.321869 0.946784 0.000000 -0.474377 -0.161269 -0.865424 -0.819370 -0.278553 0.501040 83.032249 28.227556 5.555700 19.846851 5.102450 12.333525 2902.dat
9 0 0.441882 0.897073 0.000000 -0.449469 0.221401 -0.865424 -0.776349 0.382416 0.501040 78.672585 -38.752712 5.555700 19.846851 5.102450 12.333525 2902.dat
9 0 0.751541 0.659686 -0.000000 -0.330529 0.376552 0.865424 0.570908 -0.650402 0.501040 57.853996 -65.909615 -5.555700 19.846851 5.102450 12.333525 2902.dat
9 0 0.997888 -0.064951 0.000000 0.032543 0.499982 0.865424 -0.056210 -0.863597 0.501040 -5.696176 -87.514076 -5.555700 19.846851 5.102450 12.333525 2902.dat
9 0 0.659686 -0.751541 0.000000 0.376552 0.330529 0.865424 -0.650402 -0.570908 0.501040 -65.909615 -57.853996 -5.555700 19.846851 5.102450 12.333525 2902.dat
9 0 -0.064951 -0.997888 -0.000000 0.499982 -0.032543 0.865424 -0.863597 0.056210 0.501040 -87.514076 5.696176 -5.555700 19.846851 5.102450 12.333525 2902.dat
9 0 -0.751541 -0.659686 -0.000001 0.330529 -0.376552 0.865424 -0.570909 0.650401 0.501040 -57.853996 65.909615 -5.555700 19.846851 5.102450 12.333525 2902.dat
9 0 -0.997888 0.064951 -0.000000 -0.032543 -0.499982 0.865424 0.056210 0.863597 0.501040 5.696176 87.514076 -5.555700 19.846851 5.102450 12.333525 2902.dat
9 0 -0.659686 0.751541 0.000001 -0.376552 -0.330529 0.865424 0.650402 0.570908 0.501040 65.909615 57.853996 -5.555700 19.846851 5.102450 12.333525 2902.dat
9 0 0.064951 0.997888 0.000000 -0.499982 0.032543 0.865424 0.863597 -0.056210 0.501040 87.514076 -5.696176 -5.555700 19.846851 5.102450 12.333525 2902.dat
9 0 0.751541 0.659686 0.000000 -0.330529 0.376552 -0.865424 -0.570908 0.650402 0.501040 57.853996 -65.909615 5.555700 19.846851 5.102450 12.333525 2902.dat
9 0 0.997888 -0.064951 0.000000 0.032543 0.499982 -0.865424 0.056210 0.863597 0.501040 -5.696176 -87.514076 5.555700 19.846851 5.102450 12.333525 2902.dat
9 0 0.659686 -0.751541 -0.000000 0.376552 0.330529 -0.865424 0.650402 0.570908 0.501040 -65.909615 -57.853996 5.555700 19.846851 5.102450 12.333525 2902.dat
9 0 -0.064951 -0.997888 0.000000 0.499982 -0.032543 -0.865424 0.863597 -0.056210 0.501040 -87.514076 5.696176 5.555700 19.846851 5.102450 12.333525 2902.dat
9 0 -0.751541 -0.659686 0.000001 0.330529 -0.376552 -0.865424 0.570909 -0.650401 0.501040 -57.853996 65.909615 5.555700 19.846851 5.102450 12.333525 2902.dat
9 0 -0.997888 0.064951 0.000000 -0.032543 -0.499982 -0.865424 -0.056210 -0.863597 0.501040 5.696176 87.514076 5.555700 19.846851 5.102450 12.333525 2902.dat
9 0 -0.659686 0.751541 -0.000001 -0.376552 -0.330529 -0.865424 -0.650402 -0.570908 0.501040 65.909615 57.853996 5.555700 19.846851 5.102450 12.333525 2902.dat
9 0 0.064951 0.997888 -0.000000 -0.499982 0.032543 -0.865424 -0.863597 0.056210 0.501040 87.514076 -5.696176 5.555700 19.846851 5.102450 12.333525 2902.dat
10 0 -101.832497 -101.832497 -27.000002 101.832497 101.832497 7.000000 2902.dat
4 12 0.997888 -0.064951 0.000000 -0.000000 -0.000000 1.000000 -0.064951 -0.997888 -0.000000 0.000000 0.000000 0.000000 1 2902.dat
4 12 0.997888 -0.064951 0.000000 0.000000 0.000000 -1.000000 0.064951 0.997888 0.000000 0.000000 0.000000 0.000000 1 2902.dat
