9 0 -1.000000 0.000000 -0.000000 0.000000 1.000000 0.000000 0.000000 0.000000 -1.000000 0.000003 -32.785000 0.000000 10.786125 18.964901 8.500000 2903.dat
9 0 -0.864291 0.502992 -0.000000 0.502992 0.864291 0.000000 0.000000 0.000000 -1.000000 3.403703 -54.209499 0.000001 3.737850 0.188950 7.750000 2903.dat
9 0 -0.008145 0.999967 -0.000000 0.999967 0.008145 0.000000 0.000000 0.000000 -1.000000 6.716653 -59.974499 0.000002 3.737850 0.188950 7.750000 2903.dat
9 0 0.855983 0.517004 0.000000 0.517004 -0.855983 0.000000 0.000000 0.000000 -1.000000 3.447478 -65.764496 0.000001 3.737850 0.188950 7.750000 2903.dat
9 0 -0.500000 0.866025 -0.000000 0.866025 0.500000 0.000000 0.000000 0.000000 -1.000000 -28.392748 -16.392550 -0.000009 10.786125 18.964901 8.500000 2903.dat
9 0 0.003459 0.999994 0.000000 0.999994 -0.003459 0.000000 0.000000 0.000000 -1.000000 -45.244999 -30.052502 -0.000015 3.737850 0.188950 7.750000 2903.dat
9 0 0.861925 0.507037 0.000000 0.507037 -0.861925 0.000000 0.000000 0.000000 -1.000000 -48.581245 -35.804001 -0.000016 3.737850 0.188950 7.750000 2903.dat
9 0 0.875730 -0.482801 0.000000 -0.482801 -0.875730 -0.000000 0.000000 0.000000 -1.000000 -55.229992 -35.867752 -0.000018 3.737850 0.188950 7.750000 2903.dat
9 0 0.500000 0.866025 0.000000 0.866025 -0.500000 0.000000 0.000000 0.000000 -1.000000 -28.392748 16.392550 -0.000009 10.786125 18.964901 8.500000 2903.dat
9 0 0.867750 0.497002 0.000000 0.497002 -0.867750 0.000000 0.000000 0.000000 -1.000000 -48.648746 24.157099 -0.000016 3.737850 0.188950 7.750000 2903.dat
9 0 0.870069 -0.492930 0.000000 -0.492930 -0.870069 -0.000000 0.000000 0.000000 -1.000000 -55.297745 24.170500 -0.000018 3.737850 0.188925 7.750000 2903.dat
9 0 0.019747 -0.999805 0.000000 -0.999805 -0.019747 -0.000000 0.000000 0.000000 -1.000000 -58.677494 29.896751 -0.000019 3.737850 0.188950 7.750000 2903.dat
9 0 1.000000 0.000000 0.000000 0.000000 -1.000000 0.000000 0.000000 0.000000 -1.000000 0.000003 32.785000 0.000000 10.786125 18.964901 8.500000 2903.dat
9 0 0.864291 -0.502993 0.000000 -0.502993 -0.864291 -0.000000 0.000000 0.000000 -1.000000 -3.403697 54.209499 -0.000001 3.737850 0.188950 7.750000 2903.dat
9 0 0.008145 -0.999967 0.000000 -0.999967 -0.008145 -0.000000 0.000000 0.000000 -1.000000 -6.716647 59.974499 -0.000002 3.737850 0.188950 7.750000 2903.dat
9 0 -0.855983 -0.517004 -0.000000 -0.517004 0.855983 -0.000000 0.000000 0.000000 -1.000000 -3.447472 65.764496 -0.000001 3.737850 0.188950 7.750000 2903.dat
9 0 0.500000 -0.866025 0.000000 -0.866025 -0.500000 -0.000000 0.000000 0.000000 -1.000000 28.392754 16.392550 0.000009 10.786125 18.964901 8.500000 2903.dat
9 0 -0.003459 -0.999994 -0.000000 -0.999994 0.003459 -0.000000 0.000000 0.000000 -1.000000 45.245003 30.052502 0.000015 3.737850 0.188950 7.750000 2903.dat
9 0 -0.861924 -0.507037 -0.000000 -0.507037 0.861924 -0.000000 0.000000 0.000000 -1.000000 48.581253 35.804001 0.000016 3.737850 0.188950 7.750000 2903.dat
9 0 -0.875730 0.482801 -0.000000 0.482801 0.875730 0.000000 0.000000 0.000000 -1.000000 55.230003 35.867752 0.000018 3.737850 0.188950 7.750000 2903.dat
9 0 -0.500000 -0.866025 -0.000000 -0.866025 0.500000 -0.000000 0.000000 0.000000 -1.000000 28.392754 -16.392550 0.000009 10.786125 18.964901 8.500000 2903.dat
9 0 -0.867750 -0.497002 -0.000000 -0.497002 0.867750 -0.000000 0.000000 0.000000 -1.000000 48.648754 -24.157099 0.000016 3.737850 0.188950 7.750000 2903.dat
9 0 -0.870069 0.492930 -0.000000 0.492930 0.870069 0.000000 0.000000 0.000000 -1.000000 55.297756 -24.170500 0.000018 3.737850 0.188925 7.750000 2903.dat
9 0 -0.019747 0.999805 -0.000000 0.999805 0.019747 0.000000 0.000000 0.000000 -1.000000 58.677505 -29.896751 0.000019 3.737850 0.188950 7.750000 2903.dat
9 0 0.864291 0.502992 0.000000 -0.502992 0.864291 -0.000000 -0.000000 -0.000000 1.000000 -3.403697 -54.209499 -0.000001 3.737850 0.188950 7.750000 2903.dat
9 0 0.008144 0.999967 0.000000 -0.999967 0.008144 -0.000000 -0.000000 -0.000000 1.000000 -6.716647 -59.974499 -0.000002 3.737850 0.188950 7.750000 2903.dat
9 0 -0.855983 0.517004 -0.000000 -0.517004 -0.855983 -0.000000 -0.000000 0.000000 1.000000 -3.447472 -65.764496 -0.000001 3.737850 0.188950 7.750000 2903.dat
9 0 -0.861126 0.508392 -0.000000 -0.508392 -0.861126 -0.000000 -0.000000 0.000000 1.000000 -6.289347 -10.599800 -0.000002 7.228050 0.826750 9.750000 2903.dat
9 0 0.009131 0.999958 0.000000 -0.999958 0.009131 -0.000000 -0.000000 -0.000000 1.000000 -12.324448 0.139625 -0.000004 7.228050 0.826750 9.750000 2903.dat
9 0 0.870267 0.492580 0.000000 -0.492580 0.870267 -0.000000 -0.000000 -0.000000 1.000000 -6.047597 10.739550 -0.000002 7.228050 0.826750 9.750000 2903.dat
9 0 1.000000 0.000000 0.000000 0.000000 1.000000 0.000000 -0.000000 0.000000 1.000000 -4.187497 4.187500 -0.000001 1.687500 1.687500 9.750000 2903.dat
9 0 1.000000 0.000000 0.000000 0.000000 1.000000 0.000000 -0.000000 0.000000 1.000000 -4.187497 -4.187500 -0.000001 1.687500 1.687500 9.750000 2903.dat
9 0 1.000000 0.000000 0.000000 0.000000 1.000000 0.000000 -0.000000 0.000000 1.000000 4.187503 -4.187500 0.000001 1.687500 1.687500 9.750000 2903.dat
9 0 1.000000 0.000000 0.000000 0.000000 1.000000 0.000000 -0.000000 0.000000 1.000000 4.187503 4.187500 0.000001 1.687500 1.687500 9.750000 2903.dat
9 0 0.003459 -0.999994 0.000000 0.999994 0.003459 0.000000 -0.000000 0.000000 1.000000 -45.244999 30.052502 -0.000015 3.737850 0.188950 7.750000 2903.dat
9 0 0.861924 -0.507038 0.000000 0.507038 0.861924 0.000000 -0.000000 0.000000 1.000000 -48.581245 35.804001 -0.000016 3.737850 0.188950 7.750000 2903.dat
9 0 0.875730 0.482801 0.000000 -0.482801 0.875730 -0.000000 -0.000000 -0.000000 1.000000 -55.229992 35.867752 -0.000018 3.737850 0.188950 7.750000 2903.dat
9 0 0.867750 -0.497001 0.000000 0.497001 0.867750 0.000000 -0.000000 0.000000 1.000000 -48.648746 -24.157099 -0.000016 3.737850 0.188950 7.750000 2903.dat
9 0 0.870069 0.492929 0.000000 -0.492929 0.870069 -0.000000 -0.000000 -0.000000 1.000000 -55.297745 -24.170500 -0.000018 3.737850 0.188925 7.750000 2903.dat
9 0 0.019747 0.999805 0.000000 -0.999805 0.019747 -0.000000 -0.000000 -0.000000 1.000000 -58.677494 -29.896751 -0.000019 3.737850 0.188950 7.750000 2903.dat
9 0 -0.864291 -0.502992 -0.000000 0.502992 -0.864291 0.000000 -0.000000 0.000000 1.000000 3.403703 54.209499 0.000001 3.737850 0.188950 7.750000 2903.dat
9 0 -0.008144 -0.999967 0.000000 0.999967 -0.008144 0.000000 -0.000000 0.000000 1.000000 6.716653 59.974499 0.000002 3.737850 0.188950 7.750000 2903.dat
9 0 0.855983 -0.517004 0.000000 0.517004 0.855983 0.000000 -0.000000 0.000000 1.000000 3.447478 65.764496 0.000001 3.737850 0.188950 7.750000 2903.dat
9 0 -0.867750 0.497001 -0.000000 -0.497001 -0.867750 -0.000000 -0.000000 0.000000 1.000000 48.648754 24.157099 0.000016 3.737850 0.188950 7.750000 2903.dat
9 0 -0.870069 -0.492929 -0.000000 0.492929 -0.870069 0.000000 -0.000000 0.000000 1.000000 55.297756 24.170500 0.000018 3.737850 0.188925 7.750000 2903.dat
9 0 -0.019747 -0.999805 0.000000 0.999805 -0.019747 0.000000 -0.000000 0.000000 1.000000 58.677505 29.896751 0.000019 3.737850 0.188950 7.750000 2903.dat
9 0 -0.003459 0.999994 -0.000000 -0.999994 -0.003459 -0.000000 -0.000000 0.000000 1.000000 45.245003 -30.052502 0.000015 3.737850 0.188950 7.750000 2903.dat
9 0 -0.861924 0.507038 -0.000000 -0.507038 -0.861924 -0.000000 -0.000000 0.000000 1.000000 48.581253 -35.804001 0.000016 3.737850 0.188950 7.750000 2903.dat
9 0 -0.875730 -0.482801 -0.000000 0.482801 -0.875730 0.000000 -0.000000 0.000000 1.000000 55.230003 -35.867752 0.000018 3.737850 0.188950 7.750000 2903.dat
9 0 0.861125 0.508393 0.000000 0.508393 -0.861125 0.000000 0.000000 0.000000 -1.000000 6.289353 -10.599800 0.000002 7.228050 0.826750 9.750000 2903.dat
9 0 -0.009133 0.999958 -0.000000 0.999958 0.009133 0.000000 0.000000 0.000000 -1.000000 12.324453 0.139625 0.000004 7.228050 0.826750 9.750000 2903.dat
9 0 -0.870268 0.492579 -0.000000 0.492579 0.870268 0.000000 0.000000 0.000000 -1.000000 6.047604 10.739550 0.000002 7.228050 0.826750 9.750000 2903.dat
9 0 -1.000000 0.000000 -0.000000 0.000000 1.000000 0.000000 0.000000 0.000000 -1.000000 0.000003 -70.662498 0.000000 14.931750 2.106100 16.750000 2903.dat
9 0 -0.923880 0.382683 -0.000000 0.382683 0.923880 0.000000 0.000000 0.000000 -1.000000 -27.041498 -65.283752 -0.000009 14.931750 2.106100 16.750000 2903.dat
9 0 -0.707107 0.707107 -0.000000 0.707107 0.707107 0.000000 0.000000 0.000000 -1.000000 -49.965996 -49.966000 -0.000016 14.931750 2.106100 16.750000 2903.dat
9 0 -0.382683 0.923880 -0.000000 0.923880 0.382683 0.000000 0.000000 0.000000 -1.000000 -65.283745 -27.041500 -0.000022 14.931750 2.106100 16.750000 2903.dat
9 0 1.000000 0.000000 0.000000 0.000000 -1.000000 0.000000 0.000000 0.000000 -1.000000 0.000003 70.662498 0.000000 14.931750 2.106100 16.750000 2903.dat
9 0 0.923879 -0.382684 0.000000 -0.382684 -0.923879 -0.000000 0.000000 0.000000 -1.000000 27.041504 65.283752 0.000009 14.931750 2.106100 16.750000 2903.dat
9 0 0.707107 -0.707107 0.000000 -0.707107 -0.707107 -0.000000 0.000000 0.000000 -1.000000 49.966003 49.966000 0.000016 14.931750 2.106100 16.750000 2903.dat
9 0 0.382683 -0.923880 0.000000 -0.923880 -0.382683 -0.000000 0.000000 0.000000 -1.000000 65.283760 27.041500 0.000022 14.931750 2.106100 16.750000 2903.dat
9 0 0.923879 0.382684 0.000000 0.382684 -0.923879 0.000000 0.000000 0.000000 -1.000000 -27.041498 65.283752 -0.000009 14.931750 2.106100 16.750000 2903.dat
9 0 0.707107 0.707107 0.000000 0.707107 -0.707107 0.000000 0.000000 0.000000 -1.000000 -49.965996 49.966000 -0.000016 14.931750 2.106100 16.750000 2903.dat
9 0 0.382683 0.923880 0.000000 0.923880 -0.382683 0.000000 0.000000 0.000000 -1.000000 -65.283745 27.041500 -0.000022 14.931750 2.106100 16.750000 2903.dat
9 0 0.000000 1.000000 0.000000 1.000000 -0.000000 0.000000 0.000000 0.000000 -1.000000 -70.662491 0.000000 -0.000023 14.931750 2.106100 16.750000 2903.dat
9 0 -0.923880 -0.382683 -0.000000 -0.382683 0.923880 -0.000000 0.000000 0.000000 -1.000000 27.041504 -65.283752 0.000009 14.931750 2.106100 16.750000 2903.dat
9 0 -0.707107 -0.707107 -0.000000 -0.707107 0.707107 -0.000000 0.000000 0.000000 -1.000000 49.966003 -49.966000 0.000016 14.931750 2.106100 16.750000 2903.dat
9 0 -0.382683 -0.923880 -0.000000 -0.923880 0.382683 -0.000000 0.000000 0.000000 -1.000000 65.283760 -27.041500 0.000022 14.931750 2.106100 16.750000 2903.dat
9 0 0.000000 -1.000000 0.000000 -1.000000 -0.000000 -0.000000 0.000000 0.000000 -1.000000 70.662506 0.000000 0.000023 14.931750 2.106100 16.750000 2903.dat
10 0 -79.375000 -79.375000 -27.000002 79.375000 79.375000 7.000000 2903.dat
0 2 0.866025 0.500000 0.000000 -0.000000 0.000000 1.000000 0.500000 -0.866025 0.000000 51.961498 30.000002 10.000017 0 0 0.800000 0 0 2903.dat
0 2 0.866025 0.500000 0.000000 -0.000000 0.000000 1.000000 0.500000 -0.866025 0.000000 -51.961498 -30.000002 9.999983 0 0 0.800000 0 0 2903.dat
0 2 -0.866025 0.500000 -0.000000 -0.000000 -0.000000 1.000000 0.500000 0.866025 0.000000 51.961498 -30.000002 10.000017 0 0 0.800000 0 0 2903.dat
0 2 -0.866025 0.500000 -0.000000 -0.000000 -0.000000 1.000000 0.500000 0.866025 0.000000 -51.961498 30.000002 9.999983 0 0 0.800000 0 0 2903.dat
0 2 0.000000 1.000000 0.000000 -0.000000 -0.000000 1.000000 1.000000 0.000000 0.000000 0.000000 -60.000004 10.000000 0 0 0.800000 0 0 2903.dat
0 2 0.000000 1.000000 0.000000 -0.000000 -0.000000 1.000000 1.000000 0.000000 0.000000 0.000000 60.000004 10.000000 0 0 0.800000 0 0 2903.dat
0 4 0.000000 1.000000 0.000000 -0.000000 -0.000000 1.000000 1.000000 0.000000 0.000000 0.000000 0.000000 10.000000 0 0 0.800000 0 0 2903.dat
4 13 -1.000000 0.000000 -0.000000 0.000000 -0.000000 -1.000000 -0.000000 -1.000000 0.000000 0.000003 0.000000 0.000000 1 2903.dat
4 13 -1.000000 0.000000 -0.000000 -0.000000 0.000000 1.000000 0.000000 1.000000 -0.000000 0.000003 0.000000 0.000000 1 2903.dat
