9 0 -1.000000 0.000000 -0.000000 -0.000000 -1.000000 -0.000000 -0.000000 -0.000000 1.000000 8.460251 -0.000009 30.000004 0.460350 4.750000 9.750000 2905.dat
9 0 -1.000000 -0.000000 0.000000 0.000000 -1.000000 -0.000000 0.000000 -0.000000 1.000000 -8.507750 -0.000009 30.000004 0.507825 4.750000 9.750025 2905.dat
9 0 -0.894360 0.000000 0.447348 -0.000000 -1.000000 -0.000000 0.447348 -0.000000 0.894360 24.355497 -0.000005 16.134901 17.588026 4.750000 1.480125 2905.dat
9 0 -1.000000 0.000000 -0.000000 -0.000000 -1.000000 -0.000000 -0.000000 -0.000000 1.000000 44.315002 0.000001 -4.483799 1.717000 4.750000 1.955100 2905.dat
9 0 -1.000000 0.000000 -0.000000 -0.000000 -1.000000 -0.000000 -0.000000 -0.000000 1.000000 -44.202198 0.000001 -4.483799 1.717000 4.750000 1.955100 2905.dat
9 0 -1.000000 -0.000000 0.000000 0.000000 -1.000000 -0.000000 0.000000 -0.000000 1.000000 -44.202198 -0.000001 4.527951 1.717000 4.750000 1.955100 2905.dat
9 0 -1.000000 -0.000000 0.000000 0.000000 -1.000000 -0.000000 0.000000 -0.000000 1.000000 44.315002 -0.000001 4.454251 1.717000 4.750000 1.955100 2905.dat
9 0 -0.894357 0.000000 -0.447353 -0.000000 -1.000000 -0.000000 -0.447353 -0.000000 0.894357 -24.257151 -0.000005 16.253952 17.588026 4.750000 1.480125 2905.dat
9 0 -1.000000 0.000000 -0.000000 -0.000000 -1.000000 -0.000000 -0.000000 -0.000000 1.000000 35.939999 0.000001 -4.483823 1.717000 4.750000 1.955100 2905.dat
9 0 -1.000000 -0.000000 0.000000 0.000000 -1.000000 -0.000000 0.000000 -0.000000 1.000000 35.939999 -0.000001 4.454226 1.717000 4.750000 1.955100 2905.dat
9 0 -1.000000 0.000000 -0.000000 -0.000000 -1.000000 -0.000000 -0.000000 -0.000000 1.000000 -35.827202 0.000001 -4.483799 1.717000 4.750000 1.955100 2905.dat
9 0 -1.000000 0.000000 -0.000000 -0.000000 -1.000000 -0.000000 -0.000000 -0.000000 1.000000 -35.827202 -0.000001 4.527977 1.717000 4.750000 1.955100 2905.dat
9 0 -1.000000 0.000000 -0.000000 -0.000000 -1.000000 -0.000000 -0.000000 -0.000000 1.000000 -0.066000 0.000003 -8.499999 39.822250 4.750000 0.500000 2905.dat
9 0 -1.000000 -0.000000 0.000000 0.000000 -1.000000 -0.000000 0.000000 -0.000000 1.000000 -0.007752 -0.000009 30.000004 9.007775 4.750000 2.000000 2905.dat
9 0 0.000012 0.000000 -1.000000 0.000000 -1.000000 -0.000000 -1.000000 -0.000000 -0.000012 -9.999999 0.000000 -0.124898 8.875100 4.750000 2.000000 2905.dat
9 0 0.000012 0.000000 -1.000000 0.000000 -1.000000 -0.000000 -1.000000 -0.000000 -0.000012 9.999999 0.000000 -0.124898 8.874850 4.750000 2.000000 2905.dat
9 0 1.000000 0.000000 0.000000 0.000000 -1.000000 -0.000000 0.000000 0.000000 -1.000000 0.109249 -0.000003 10.000002 34.199501 4.750000 2.000000 2905.dat
9 0 0.000012 0.000000 -1.000000 0.000000 -1.000000 -0.000000 -1.000000 -0.000000 -0.000012 -29.990026 0.000000 -0.316748 8.683499 4.750000 1.990100 2905.dat
9 0 0.000012 0.000000 -1.000000 0.000000 -1.000000 -0.000000 -1.000000 -0.000000 -0.000012 29.854498 0.000000 -0.380398 8.619175 4.750000 1.854475 2905.dat
9 0 -0.945618 0.000001 -0.325279 -0.000001 -1.000000 -0.000000 -0.325279 -0.000000 0.945618 -17.994501 -0.000005 15.069726 10.200125 4.750000 3.472400 2905.dat
9 0 -0.954223 -0.000001 0.299096 0.000001 -1.000000 -0.000000 0.299096 -0.000000 0.954223 17.438749 -0.000004 14.715302 10.137526 4.750000 3.472400 2905.dat
9 0 -0.000000 0.000000 -1.000000 0.000000 -1.000000 -0.000000 -1.000000 -0.000000 -0.000000 -47.108753 0.000000 0.441202 3.843125 4.750000 0.689525 2905.dat
9 0 -0.000000 0.000000 -1.000000 0.000000 -1.000000 -0.000000 -1.000000 -0.000000 -0.000000 47.171749 0.000000 0.549327 3.735050 4.750000 0.639875 2905.dat
9 0 1.000000 0.000000 0.000000 0.000000 0.000000 -1.000000 0.000000 1.000000 0.000000 0.000000 -0.000015 48.201256 1.849225 0.148750 4.750000 2905.dat
9 0 0.819152 0.000000 -0.573576 -0.573576 0.000000 -0.819152 0.000000 1.000000 0.000000 4.714999 -0.000015 46.708755 1.981925 0.160300 4.750000 2905.dat
9 0 0.819152 -0.000000 0.573576 0.573576 0.000000 -0.819152 0.000000 1.000000 0.000000 -4.718250 -0.000015 46.713253 1.944675 0.160325 4.750000 2905.dat
9 0 1.000000 0.000000 0.000000 0.000000 0.000000 -1.000000 0.000000 1.000000 0.000000 -4.625001 0.000002 -6.999999 39.750000 0.500000 2.750000 2905.dat
9 0 1.000000 0.000000 0.000000 0.000000 0.000000 -1.000000 0.000000 1.000000 0.000000 -4.625001 -0.000002 7.000001 39.750000 0.500000 2.750000 2905.dat
9 0 -0.000000 0.000000 -1.000000 -1.000000 -0.000000 0.000000 0.000000 1.000000 0.000000 6.999999 -0.000006 17.640526 26.640499 0.500000 2.750000 2905.dat
9 0 -0.000000 0.000000 -1.000000 -1.000000 -0.000000 0.000000 0.000000 1.000000 0.000000 -6.999999 -0.000006 17.640526 26.640499 0.500000 2.750000 2905.dat
10 0 -9.218275 -10.000000 -10.000000 89.218254 50.000000 0.000000 2905.dat
0 2 1.000000 0.000000 0.000000 0.000000 -1.000000 -0.000000 0.000000 0.000000 -1.000000 -20.000000 -5.000000 0.000000 0 0 0.400000 0 0 2905.dat
0 2 1.000000 0.000000 0.000000 0.000000 -1.000000 -0.000000 0.000000 0.000000 -1.000000 0.000000 -5.000000 0.000000 0 0 0.400000 0 0 2905.dat
0 2 1.000000 0.000000 0.000000 0.000000 -1.000000 -0.000000 0.000000 0.000000 -1.000000 20.000002 -5.000000 0.000000 0 0 0.400000 0 0 2905.dat
0 2 1.000000 0.000000 0.000000 0.000000 -1.000000 -0.000000 0.000000 0.000000 -1.000000 0.000000 -5.000006 20.000000 0 0 0.400000 0 0 2905.dat
0 2 1.000000 0.000000 0.000000 0.000000 -1.000000 -0.000000 0.000000 0.000000 -1.000000 0.000000 -5.000013 40.000000 0 0 0.400000 0 0 2905.dat
0 4 1.000000 0.000000 0.000000 0.000000 -1.000000 -0.000000 0.000000 0.000000 -1.000000 -40.000000 -5.000000 0.000000 0 0 0.400000 0 0 2905.dat
0 4 1.000000 0.000000 0.000000 0.000000 -1.000000 -0.000000 0.000000 0.000000 -1.000000 40.000000 -5.000000 0.000000 0 0 0.400000 0 0 2905.dat
2 22 1.000000 0.000000 0.000000 0.000000 -1.000000 -0.000000 0.000000 0.000000 -1.000000 -30.000002 -4.999997 -10.000000 6 6 22:1:1,22:2:1,22:2:1,22:2:1,22:2:1,22:2:1,22:1:1,22:2:1,16:4:64,22:2:1,16:4:64,22:2:1,16:4:64,22:2:1,22:1:1,22:2:1,22:2:1,22:2:1,22:2:1,22:2:1,22:1:1,29:0:1,29:0:1,22:2:1,16:4:64,22:2:1,29:0:1,29:0:1,29:0:1,29:0:1,22:2:1,22:2:1,22:2:1,29:0:1,29:0:1,29:0:1,29:0:1,22:2:1,16:4:64,22:2:1,29:0:1,29:0:1,29:0:1,29:0:1,22:1:1,22:2:1,22:1:1,29:0:1,29:0:1, 2905.dat
2 22 -1.000000 -0.000000 -0.000000 -0.000000 1.000000 0.000000 0.000000 0.000000 -1.000000 29.999998 5.000003 -9.999997 6 6 22:1:1,22:2:1,22:2:1,22:2:1,22:2:1,22:2:1,22:1:1,22:2:1,16:4:64,22:2:1,16:4:64,22:2:1,16:4:64,22:2:1,22:1:1,22:2:1,22:2:1,22:2:1,22:2:1,22:2:1,22:1:1,29:0:1,29:0:1,22:2:1,16:4:64,22:2:1,29:0:1,29:0:1,29:0:1,29:0:1,22:2:1,22:2:1,22:2:1,29:0:1,29:0:1,29:0:1,29:0:1,22:2:1,16:4:64,22:2:1,29:0:1,29:0:1,29:0:1,29:0:1,22:1:1,22:2:1,22:1:1,29:0:1,29:0:1, 2905.dat
