9 0 -1.000000 -0.000001 0.000000 0.000001 -1.000000 0.000000 0.000000 0.000000 1.000000 -0.000013 -29.374998 0.000000 6.455125 1.125000 6.455125 2909.dat
9 0 -1.000000 -0.000001 0.000000 0.000001 -1.000000 0.000000 0.000000 0.000000 1.000000 -15.009926 -48.746933 0.000000 4.759925 0.996925 9.750000 2909.dat
9 0 -1.000000 -0.000001 0.000000 0.000001 -1.000000 0.000000 0.000000 0.000000 1.000000 -15.009936 -31.250010 0.000000 4.759925 1.000000 9.750000 2909.dat
9 0 -1.000000 -0.000001 0.000000 0.000001 -1.000000 0.000000 0.000000 0.000000 1.000000 -27.412506 -39.993866 0.000000 1.017625 4.750000 9.750000 2909.dat
9 0 -1.000000 -0.000001 0.000000 0.000001 -1.000000 0.000000 0.000000 0.000000 1.000000 4.519043 -39.000000 4.519050 2.019050 10.750000 2.019050 2909.dat
9 0 -1.000000 -0.000001 0.000000 0.000001 -1.000000 0.000000 0.000000 0.000000 1.000000 -4.519057 -39.000004 4.519050 2.019050 10.750000 2.019050 2909.dat
9 0 -1.000000 -0.000001 0.000000 0.000001 -1.000000 0.000000 0.000000 0.000000 1.000000 4.519043 -39.000000 -4.519050 2.019050 10.750000 2.019050 2909.dat
9 0 -1.000000 -0.000001 0.000000 0.000001 -1.000000 0.000000 0.000000 0.000000 1.000000 -4.519057 -39.000004 -4.519050 2.019050 10.750000 2.019050 2909.dat
9 0 -1.000000 -0.000001 0.000000 0.000001 -1.000000 0.000000 0.000000 0.000000 1.000000 -24.269859 -35.125015 0.000000 1.750000 2.375000 9.750000 2909.dat
9 0 -1.000000 -0.000001 0.000000 0.000001 -1.000000 0.000000 0.000000 0.000000 1.000000 -15.769858 -35.125011 0.000000 1.750000 2.375000 9.750000 2909.dat
9 0 -1.000000 -0.000001 0.000000 -0.000001 1.000000 -0.000000 0.000000 -0.000000 -1.000000 -24.269854 -44.862713 0.000000 1.750000 2.375000 9.750000 2909.dat
9 0 -1.000000 -0.000001 0.000000 -0.000001 1.000000 -0.000000 0.000000 -0.000000 -1.000000 -15.769853 -44.862713 0.000000 1.750000 2.375000 9.750000 2909.dat
9 0 -1.000000 -0.000001 0.000000 -0.000001 1.000000 -0.000000 0.000000 -0.000000 -1.000000 -9.345175 -11.150005 0.000000 1.345150 0.900000 5.626150 2909.dat
9 0 -1.000000 -0.000001 0.000000 -0.000001 1.000000 -0.000000 0.000000 -0.000000 -1.000000 9.346476 -11.149994 0.000000 1.345375 0.900000 5.626150 2909.dat
9 0 -1.000000 -0.000001 0.000000 0.000001 -1.000000 0.000000 0.000000 0.000000 1.000000 -0.000050 30.026001 9.012500 1.962350 9.776050 0.137500 2909.dat
9 0 -0.866025 -0.000001 -0.500000 0.000001 -1.000000 0.000000 -0.500000 -0.000000 0.866025 -4.506279 -4.974002 7.805050 1.962350 44.775997 0.137500 2909.dat
9 0 -1.000000 -0.000001 0.000000 0.000001 -1.000000 0.000000 0.000000 0.000000 1.000000 -0.000007 -39.000000 9.012500 1.962350 10.750000 0.137500 2909.dat
9 0 -0.500000 -0.000000 -0.866025 0.000001 -1.000000 0.000000 -0.866025 -0.000001 0.500000 -7.805079 -4.974005 4.506250 1.962350 44.775997 0.137500 2909.dat
9 0 0.000000 0.000000 -1.000000 0.000001 -1.000000 0.000000 -1.000000 -0.000001 -0.000000 -9.012528 -4.974005 0.000000 1.962350 44.775997 0.137500 2909.dat
9 0 0.500000 0.000000 -0.866025 0.000001 -1.000000 0.000000 -0.866025 -0.000001 -0.500000 -7.805079 -4.974005 -4.506250 1.962350 44.775997 0.137500 2909.dat
9 0 0.866025 0.000001 -0.500000 0.000001 -1.000000 0.000000 -0.500000 -0.000000 -0.866025 -4.506279 -4.974002 -7.805050 1.962350 44.775997 0.137500 2909.dat
9 0 1.000000 0.000001 -0.000000 0.000001 -1.000000 0.000000 -0.000000 -0.000000 -1.000000 -0.000050 30.026001 -9.012500 1.962350 9.776050 0.137500 2909.dat
9 0 -0.866025 -0.000001 0.500000 0.000001 -1.000000 0.000000 0.500000 0.000000 0.866025 4.506222 -4.973996 7.805050 1.962350 44.775997 0.137500 2909.dat
9 0 -0.500000 -0.000000 0.866025 0.000001 -1.000000 0.000000 0.866025 0.000001 0.500000 7.805022 -4.973993 4.506250 1.962350 44.775997 0.137500 2909.dat
9 0 0.000000 0.000000 1.000000 0.000001 -1.000000 0.000000 1.000000 0.000001 -0.000000 9.012472 -4.973993 0.000000 1.962350 44.775997 0.137500 2909.dat
9 0 0.500000 0.000000 0.866025 0.000001 -1.000000 0.000000 0.866025 0.000001 -0.500000 7.805022 -4.973993 -4.506250 1.962350 44.775997 0.137500 2909.dat
9 0 0.866025 0.000001 0.500000 0.000001 -1.000000 0.000000 0.500000 0.000000 -0.866025 4.506222 -4.973996 -7.805050 1.962350 44.775997 0.137500 2909.dat
9 0 1.000000 0.000001 -0.000000 0.000001 -1.000000 0.000000 -0.000000 -0.000000 -1.000000 -0.000007 -39.000000 -9.012500 1.962350 10.750000 0.137500 2909.dat
10 0 -12.500000 0.000000 -11.830125 30.019751 90.052002 11.830125 2909.dat
0 4 0.000000 0.000000 1.000000 0.000001 -1.000000 0.000000 1.000000 0.000001 -0.000000 0.000000 -50.000000 0.000000 0 1 0.770000 0 0 2909.dat
0 4 0.000001 -1.000000 -0.000000 -0.000000 0.000000 -1.000000 1.000000 0.000001 -0.000000 -20.019855 -39.993866 -10.000000 0 0 0.800000 0 0 2909.dat
8 30 1.000000 0.000001 -0.000000 0.000001 -1.000000 0.000000 -0.000000 -0.000000 -1.000000 -6.250014 -28.000004 0.000000 1 1 1.920000 0 2909.dat
8 30 -1.000000 -0.000001 0.000000 0.000001 -1.000000 0.000000 0.000000 0.000000 1.000000 6.249986 -27.999996 0.000000 1 1 1.920000 0 2909.dat
