9 0 -1.000000 -0.000001 0.000000 0.000001 -1.000000 0.000000 0.000000 0.000000 1.000000 0.000036 -57.125004 0.002950 6.000000 50.625004 5.476625 2910.dat
9 0 -1.000000 -0.000001 0.000000 0.000001 -1.000000 0.000000 0.000000 0.000000 1.000000 -0.000005 8.337125 0.000000 3.785200 0.337175 9.750000 2910.dat
9 0 -0.500001 0.866025 0.000000 -0.866025 -0.500001 0.000000 0.000000 0.000000 1.000000 7.220172 4.168580 0.000000 3.785200 0.337175 9.750000 2910.dat
9 0 0.500000 0.866026 0.000000 -0.866026 0.500000 0.000000 0.000000 0.000000 1.000000 7.220178 -4.168571 0.000000 3.785200 0.337175 9.750000 2910.dat
9 0 -0.499999 -0.866026 0.000000 0.866026 -0.499999 0.000000 0.000000 0.000000 1.000000 -7.220178 4.168571 0.000000 3.785200 0.337175 9.750000 2910.dat
9 0 0.500001 -0.866025 0.000000 0.866025 0.500001 0.000000 0.000000 0.000000 1.000000 -7.220172 -4.168580 0.000000 3.785200 0.337175 9.750000 2910.dat
9 0 -1.000000 -0.000001 0.000000 0.000001 -1.000000 0.000000 0.000000 0.000000 1.000000 0.000017 -27.500000 0.002975 9.740200 2.250000 8.903625 2910.dat
10 0 -12.485000 -108.000008 -22.485001 12.485000 10.000000 2.485000 2910.dat
0 2 0.000001 -1.000000 -0.000000 -0.000000 0.000000 -1.000000 1.000000 0.000001 -0.000000 0.000000 0.000000 -10.000000 0 0 0.800000 0 0 2910.dat
8 31 -1.000000 -0.000001 0.000000 0.000001 -1.000000 0.000000 0.000000 0.000000 1.000000 6.250068 -108.000008 0.000000 0 0 0.300000 0 2910.dat
8 31 1.000000 0.000001 -0.000000 0.000001 -1.000000 0.000000 -0.000000 -0.000000 -1.000000 -6.249932 -108.000008 0.000000 0 0 0.300000 0 2910.dat
