9 0 -1.000000 -0.000000 -0.000000 0.000001 -0.218355 -0.975869 0.000000 -0.975869 0.218355 -17.499979 0.089939 -26.101011 2.250000 12.160650 2.077175 2920.dat
9 0 -1.000000 -0.000000 -0.000000 0.000000 0.220506 -0.975386 0.000001 -0.975386 -0.220506 -17.499981 7.962465 -25.446514 2.250000 12.793849 2.099000 2920.dat
9 0 -0.489600 -0.000000 0.871947 -0.871947 -0.000000 -0.489600 0.000000 -1.000000 0.000000 -8.652113 4.124995 -9.947955 3.518250 9.663199 3.625000 2920.dat
9 0 -0.489599 -0.000000 -0.871948 -0.871948 -0.000000 0.489599 -0.000000 1.000000 -0.000000 8.643561 4.125003 -9.947948 3.518250 9.663199 3.625000 2920.dat
9 0 -1.000000 -0.000000 -0.000000 0.000000 0.000000 -1.000000 0.000000 -1.000000 0.000000 -0.032042 4.124999 -2.744925 4.769350 9.600699 3.625000 2920.dat
9 0 0.000000 0.000000 -1.000000 1.000000 0.000000 0.000000 0.000000 -1.000000 0.000000 -0.010016 4.124999 -5.011651 7.333975 7.982650 3.625000 2920.dat
9 0 -1.000000 -0.000000 -0.000000 0.000000 0.000000 -1.000000 0.000000 -1.000000 0.000000 0.065228 14.249998 0.000000 3.750125 3.923575 6.000000 2920.dat
9 0 -1.000000 -0.000000 -0.000000 0.000001 -0.218355 -0.975869 0.000000 -0.975869 0.218355 17.500021 0.089954 -26.100994 2.250000 12.160650 2.077175 2920.dat
9 0 -1.000000 -0.000000 -0.000000 0.000000 0.220506 -0.975386 0.000001 -0.975386 -0.220506 17.500017 7.962480 -25.446495 2.250000 12.793849 2.099000 2920.dat
10 0 -20.000000 -38.750000 -25.625000 20.000000 8.750000 0.000000 2920.dat
6 29 1.000000 0.000001 0.000000 0.000001 -1.000000 0.000000 0.000000 -0.000000 -1.000000 0.000004 11.999999 0.000000 0.000000 0.000000 0.000000 0.000000 0 2920.dat
6 26 -0.000000 1.000000 -0.000000 -1.000000 -0.000000 -0.000000 -0.000000 0.000000 1.000000 0.000021 4.149999 -30.737505 0.000000 0.000000 0.000000 0.000000 0 2920.dat
