9 0 0.000000 -0.605820 -0.795602 -0.000000 0.795602 -0.605820 1.000000 -0.000000 0.000000 -59.999996 -39.038876 -126.326630 14.749999 3.645850 5.750000 2951.dat
9 0 0.000000 -0.605820 -0.795602 -0.000000 0.795602 -0.605820 1.000000 -0.000000 0.000000 0.000003 -21.697273 -104.825165 27.362499 1.625000 96.000000 2951.dat
9 0 0.000000 -0.261519 -0.965198 -0.000000 0.965198 -0.261519 1.000000 -0.000000 0.000000 0.000000 -1.351286 -68.976524 14.799375 1.625000 96.000000 2951.dat
9 0 -0.000000 0.412245 -0.911073 -0.000000 0.911073 0.412245 1.000000 -0.000000 0.000000 0.000000 -2.137456 -45.054356 11.450275 1.625000 96.000000 2951.dat
9 0 -0.000000 0.999981 0.006241 -0.000000 -0.006241 0.999981 1.000000 -0.000000 0.000000 0.000003 -36.766903 -23.138937 11.450275 1.625000 96.000000 2951.dat
9 0 -0.000000 0.981950 0.189141 -0.000000 -0.189141 0.981950 1.000000 -0.000000 0.000000 0.000003 -60.021843 -26.476925 17.369425 1.625000 92.113503 2951.dat
9 0 0.000000 -0.605820 -0.795602 -0.000000 0.795602 -0.605820 1.000000 -0.000000 0.000000 -94.375000 -22.397900 -80.486107 14.331050 13.177350 1.625000 2951.dat
9 0 0.000000 -0.271403 -0.962466 -0.000000 0.962466 -0.271403 1.000000 -0.000000 0.000000 -94.375000 -21.301058 -66.879417 22.452501 17.104176 1.625000 2951.dat
9 0 -0.000000 0.857136 -0.515090 -0.000000 0.515090 0.857136 1.000000 -0.000000 0.000000 -94.375000 -25.624249 -42.535812 18.801500 13.944200 1.625000 2951.dat
9 0 0.000000 -0.605820 -0.795602 -0.000000 0.795602 -0.605820 1.000000 -0.000000 0.000000 94.375000 -22.291735 -80.346672 14.155849 13.177350 1.625000 2951.dat
9 0 0.000000 -0.271403 -0.962466 -0.000000 0.962466 -0.271403 1.000000 -0.000000 0.000000 94.375000 -21.301062 -66.879410 22.452501 17.104176 1.625000 2951.dat
9 0 -0.000000 0.267466 -0.963567 -0.000000 0.963567 0.267466 1.000000 -0.000000 0.000000 94.375000 -39.129204 -66.942398 43.117500 7.079625 1.625000 2951.dat
9 0 -0.000000 0.857136 -0.515090 -0.000000 0.515090 0.857136 1.000000 -0.000000 0.000000 94.375000 -25.624252 -42.535801 18.801500 13.944200 1.625000 2951.dat
9 0 0.000000 -0.605820 -0.795602 -0.000000 0.795602 -0.605820 1.000000 -0.000000 0.000000 -34.999996 -59.586929 -11.555804 20.886724 0.500000 4.750000 2951.dat
9 0 -0.000000 0.305606 -0.952158 -0.000000 0.952158 0.305606 1.000000 -0.000000 0.000000 -35.000000 -27.483204 -11.020760 13.273725 0.441150 4.750000 2951.dat
9 0 0.000000 -0.992019 -0.126086 0.000000 0.126086 -0.992019 1.000000 -0.000000 0.000000 -35.000000 -42.609631 -16.232361 14.828899 7.794925 4.750000 2951.dat
9 0 0.000000 -0.605820 -0.795602 -0.000000 0.795602 -0.605820 1.000000 -0.000000 0.000000 -34.999996 -54.095352 -14.169429 11.857450 4.761450 4.750000 2951.dat
9 0 0.000000 -0.605820 -0.795602 -0.000000 0.795602 -0.605820 1.000000 -0.000000 0.000000 -35.000000 -17.408112 -8.830893 17.322050 0.500000 4.750000 2951.dat
9 0 0.000000 -0.113146 -0.993578 -0.000000 0.993578 -0.113146 1.000000 -0.000000 0.000000 -35.000000 5.633894 -24.404850 24.725275 0.280025 4.750000 2951.dat
9 0 0.000000 -0.605820 -0.795602 -0.000000 0.795602 -0.605820 1.000000 -0.000000 0.000000 -35.000000 -9.303357 -17.184149 11.298875 10.317450 4.750000 2951.dat
9 0 0.000000 -0.993748 0.111645 0.000000 -0.111645 -0.993748 1.000000 -0.000000 0.000000 -35.000000 0.316509 -23.909689 4.607675 15.636826 4.750000 2951.dat
9 0 0.000000 -0.605820 -0.795602 -0.000000 0.795602 -0.605820 1.000000 -0.000000 0.000000 35.000000 -59.586929 -11.555800 20.886724 0.500000 4.750000 2951.dat
9 0 -0.000000 0.305606 -0.952158 -0.000000 0.952158 0.305606 1.000000 -0.000000 0.000000 35.000000 -27.483204 -11.020756 13.273725 0.441150 4.750000 2951.dat
9 0 0.000000 -0.992019 -0.126086 0.000000 0.126086 -0.992019 1.000000 -0.000000 0.000000 35.000000 -42.609631 -16.232357 14.828899 7.794925 4.750000 2951.dat
9 0 0.000000 -0.605820 -0.795602 -0.000000 0.795602 -0.605820 1.000000 -0.000000 0.000000 35.000000 -54.112011 -14.191307 11.830000 4.761450 4.750000 2951.dat
9 0 0.000000 -0.605820 -0.795602 -0.000000 0.795602 -0.605820 1.000000 -0.000000 0.000000 35.000000 -17.408113 -8.830889 17.322050 0.500000 4.750000 2951.dat
9 0 0.000000 -0.113146 -0.993578 -0.000000 0.993578 -0.113146 1.000000 -0.000000 0.000000 35.000000 5.623803 -24.403698 24.725275 0.290175 4.750000 2951.dat
9 0 0.000000 -0.605820 -0.795602 -0.000000 0.795602 -0.605820 1.000000 -0.000000 0.000000 35.000000 -8.945835 -17.456385 11.298875 10.766800 4.750000 2951.dat
9 0 0.000000 -0.993748 0.111645 0.000000 -0.111645 -0.993748 1.000000 -0.000000 0.000000 35.000000 0.316493 -23.909706 4.607700 15.636826 4.750000 2951.dat
9 0 0.000000 -0.605820 -0.795602 -0.000000 0.795602 -0.605820 1.000000 -0.000000 0.000000 -90.000000 -39.038876 -126.326630 14.749999 3.645850 5.750000 2951.dat
9 0 0.000000 -0.605820 -0.795602 -0.000000 0.795602 -0.605820 1.000000 -0.000000 0.000000 -29.999998 -39.038876 -126.326630 14.749999 3.645850 5.750000 2951.dat
9 0 0.000000 -0.605820 -0.795602 -0.000000 0.795602 -0.605820 1.000000 -0.000000 0.000000 0.000003 -39.038876 -126.326630 14.749999 3.645850 5.750000 2951.dat
9 0 0.000000 -0.605820 -0.795602 -0.000000 0.795602 -0.605820 1.000000 -0.000000 0.000000 30.000004 -39.038876 -126.326630 14.749999 3.645850 5.750000 2951.dat
9 0 0.000000 -0.605820 -0.795602 -0.000000 0.795602 -0.605820 1.000000 -0.000000 0.000000 60.000004 -39.038879 -126.326630 14.749999 3.645850 5.750000 2951.dat
9 0 0.000000 -0.605820 -0.795602 -0.000000 0.795602 -0.605820 1.000000 -0.000000 0.000000 90.000000 -39.038879 -126.326630 14.749999 3.645850 5.750000 2951.dat
9 0 -0.000000 0.268267 -0.963345 -0.000000 0.963345 0.268267 1.000000 -0.000000 0.000000 98.125008 -48.657021 -72.372391 48.810249 5.662350 1.625000 2951.dat
9 0 -0.000000 0.268267 -0.963345 -0.000000 0.963345 0.268267 1.000000 -0.000000 0.000000 -98.124992 -48.657017 -72.372398 48.810249 5.662350 1.625000 2951.dat
9 0 -0.000000 0.267466 -0.963567 -0.000000 0.963567 0.267466 1.000000 -0.000000 0.000000 -94.375000 -39.129200 -66.942406 43.117500 7.079625 1.625000 2951.dat
9 0 -0.000000 0.913673 -0.406451 -0.000000 0.406451 0.913673 1.000000 -0.000000 0.000000 0.000000 -19.843580 -25.067013 3.168825 1.625000 96.000000 2951.dat
9 0 -0.000000 0.801051 -0.598597 -0.000000 0.598597 0.801051 1.000000 -0.000000 0.000000 0.000000 -12.709210 -29.511625 5.206475 1.625000 96.000000 2951.dat
9 0 -0.000000 0.540419 -0.841396 -0.000000 0.841396 0.540419 1.000000 -0.000000 0.000000 -36.000000 -44.417019 6.957902 0.137500 2.428925 3.750000 2951.dat
9 0 0.000000 -0.039920 -0.999203 -0.000000 0.999203 -0.039920 1.000000 -0.000000 0.000000 -36.000000 -39.694519 8.242080 0.137500 2.428925 3.750000 2951.dat
9 0 0.000000 -0.952597 -0.304235 -0.000000 0.304235 -0.952597 1.000000 -0.000000 0.000000 -36.000000 -32.158737 2.621558 0.153000 2.428925 3.750000 2951.dat
9 0 0.000000 -0.605820 -0.795602 -0.000000 0.795602 -0.605820 1.000000 -0.000000 0.000000 -36.000000 -35.089493 6.585264 0.137500 2.428925 3.750000 2951.dat
9 0 -0.000000 0.540419 -0.841396 -0.000000 0.841396 0.540419 1.000000 -0.000000 0.000000 36.000000 -44.417019 6.957906 0.137500 2.428925 3.750000 2951.dat
9 0 0.000000 -0.039920 -0.999203 -0.000000 0.999203 -0.039920 1.000000 -0.000000 0.000000 36.000000 -39.694519 8.242084 0.137500 2.428925 3.750000 2951.dat
9 0 0.000000 -0.952597 -0.304235 -0.000000 0.304235 -0.952597 1.000000 -0.000000 0.000000 36.000000 -32.158737 2.621562 0.153000 2.428925 3.750000 2951.dat
9 0 0.000000 -0.605820 -0.795602 -0.000000 0.795602 -0.605820 1.000000 -0.000000 0.000000 36.000000 -35.089493 6.585268 0.137500 2.428925 3.750000 2951.dat
9 0 -0.000000 0.540419 -0.841396 -0.000000 0.841396 0.540419 1.000000 -0.000000 0.000000 36.000000 -4.397654 6.846874 0.137500 2.428925 3.750000 2951.dat
9 0 0.000000 -0.039920 -0.999203 -0.000000 0.999203 -0.039920 1.000000 -0.000000 0.000000 36.000000 0.324849 8.131016 0.137500 2.428925 3.750000 2951.dat
9 0 0.000000 -0.952597 -0.304235 -0.000000 0.304235 -0.952597 1.000000 -0.000000 0.000000 36.000000 7.751754 2.475719 0.137500 2.428925 3.750000 2951.dat
9 0 0.000000 -0.605820 -0.795602 -0.000000 0.795602 -0.605820 1.000000 -0.000000 0.000000 36.000000 4.929856 6.474216 0.137500 2.428925 3.750000 2951.dat
9 0 -0.000000 0.540419 -0.841396 -0.000000 0.841396 0.540419 1.000000 -0.000000 0.000000 -36.000000 -4.397653 6.846870 0.137500 2.428925 3.750000 2951.dat
9 0 0.000000 -0.039920 -0.999203 -0.000000 0.999203 -0.039920 1.000000 -0.000000 0.000000 -36.000000 0.324850 8.131012 0.137500 2.428925 3.750000 2951.dat
9 0 0.000000 -0.952597 -0.304235 -0.000000 0.304235 -0.952597 1.000000 -0.000000 0.000000 -36.000000 7.751755 2.475716 0.137500 2.428925 3.750000 2951.dat
9 0 0.000000 -0.605820 -0.795602 -0.000000 0.795602 -0.605820 1.000000 -0.000000 0.000000 -36.000000 4.929857 6.474212 0.137500 2.428925 3.750000 2951.dat
9 0 -0.000000 0.620670 -0.784072 -0.000000 0.784072 0.620670 1.000000 -0.000000 0.000000 0.000000 -5.665673 -36.255089 4.616125 1.625000 96.000000 2951.dat
10 0 -9.250000 -49.367748 -140.000000 139.156250 46.632252 60.000004 2951.dat
0 2 -0.000000 0.795602 -0.605820 -1.000000 -0.000000 -0.000000 -0.000000 0.605820 0.795602 -40.000000 0.000000 0.000000 0 0 0.400000 0 0 2951.dat
0 2 -0.000000 0.795602 -0.605820 -1.000000 -0.000000 -0.000000 -0.000000 0.605820 0.795602 -39.999996 -39.980362 0.081366 0 0 0.400000 0 0 2951.dat
0 2 -0.000000 0.795602 -0.605820 -1.000000 -0.000000 -0.000000 -0.000000 0.605820 0.795602 29.999998 -0.000001 0.000003 0 0 0.400000 0 0 2951.dat
0 2 -0.000000 0.795602 -0.605820 -1.000000 -0.000000 -0.000000 -0.000000 0.605820 0.795602 29.999998 -39.980362 0.081369 0 0 0.400000 0 0 2951.dat
