9 0 0.000000 -1.000000 -0.000001 0.000000 0.000001 -1.000000 1.000000 0.000000 0.000000 9.000000 0.000000 0.000000 2.613600 2.613600 0.750000 30027.dat
9 0 0.000000 0.000000 -1.000000 -0.000000 -1.000000 -0.000000 -1.000000 0.000000 -0.000000 -1.000000 6.832013 -0.002130 2.332225 2.591500 3.750000 30027.dat
9 0 0.000000 -0.499999 -0.866026 -0.000000 -0.866026 0.499999 -1.000000 0.000000 -0.000000 -1.000000 5.915624 -3.417864 2.332225 2.591500 3.750000 30027.dat
9 0 -0.000000 -0.866024 -0.500001 -0.000000 -0.500001 0.866024 -1.000000 0.000000 -0.000000 -1.000000 3.414148 -5.917754 2.332225 2.591500 3.750000 30027.dat
9 0 -0.000000 -1.000000 -0.000002 -0.000000 -0.000002 1.000000 -1.000000 0.000000 -0.000000 -1.000000 -0.002130 -6.832013 2.332225 2.591500 3.750000 30027.dat
9 0 -0.000000 -0.866026 0.499999 -0.000000 0.499999 0.866026 -1.000000 0.000000 -0.000000 -1.000000 -3.417864 -5.915624 2.332225 2.591500 3.750000 30027.dat
9 0 -0.000000 -0.500001 0.866025 -0.000000 0.866025 0.500001 -1.000000 -0.000000 -0.000000 -1.000000 -5.917754 -3.414148 2.332225 2.591500 3.750000 30027.dat
9 0 -0.000000 -0.000000 1.000000 -0.000000 1.000000 0.000000 -1.000000 -0.000000 -0.000000 -1.000000 -6.832013 0.002130 2.332225 2.591500 3.750000 30027.dat
9 0 -0.000000 0.499999 0.866026 -0.000000 0.866026 -0.499999 -1.000000 -0.000000 -0.000000 -1.000000 -5.915624 3.417864 2.332225 2.591500 3.750000 30027.dat
9 0 -0.000000 0.866024 0.500001 0.000000 0.500001 -0.866024 -1.000000 -0.000000 -0.000000 -1.000000 -3.414148 5.917754 2.332225 2.591500 3.750000 30027.dat
9 0 -0.000000 1.000000 0.000002 0.000000 0.000002 -1.000000 -1.000000 -0.000000 -0.000000 -1.000000 0.002130 6.832013 2.332225 2.591500 3.750000 30027.dat
9 0 -0.000000 0.866026 -0.499999 0.000000 -0.499999 -0.866026 -1.000000 -0.000000 -0.000000 -1.000000 3.417864 5.915624 2.332225 2.591500 3.750000 30027.dat
9 0 0.000000 0.500001 -0.866025 -0.000000 -0.866025 -0.500001 -1.000000 0.000000 -0.000000 -1.000000 5.917754 3.414148 2.332225 2.591500 3.750000 30027.dat
9 0 -0.000000 1.000000 0.000002 0.000000 0.000002 -1.000000 -1.000000 -0.000000 -0.000000 13.500001 0.002146 9.061007 2.332225 0.362500 3.750000 30027.dat
9 0 -0.000000 0.866026 -0.499999 0.000000 -0.499999 -0.866026 -1.000000 -0.000000 -0.000000 13.500001 4.532350 7.845973 2.332225 0.362500 3.750000 30027.dat
9 0 0.000000 0.500001 -0.866025 -0.000000 -0.866025 -0.500001 -1.000000 0.000000 -0.000000 13.500001 7.848119 4.528657 2.332225 0.362500 3.750000 30027.dat
9 0 0.000000 0.000000 -1.000000 -0.000000 -1.000000 -0.000000 -1.000000 0.000000 -0.000000 13.500001 9.061007 -0.002146 2.332225 0.362500 3.750000 30027.dat
9 0 0.000000 -0.499999 -0.866026 -0.000000 -0.866026 0.499999 -1.000000 0.000000 -0.000000 13.500001 7.845973 -4.532350 2.332225 0.362500 3.750000 30027.dat
9 0 -0.000000 -0.866024 -0.500001 -0.000000 -0.500001 0.866024 -1.000000 0.000000 -0.000000 13.500001 4.528657 -7.848119 2.332225 0.362500 3.750000 30027.dat
9 0 -0.000000 -1.000000 -0.000002 -0.000000 -0.000002 1.000000 -1.000000 0.000000 -0.000000 13.500001 -0.002146 -9.061007 2.332225 0.362500 3.750000 30027.dat
9 0 -0.000000 -0.866026 0.499999 -0.000000 0.499999 0.866026 -1.000000 0.000000 -0.000000 13.500001 -4.532368 -7.845991 2.332225 0.362500 3.750000 30027.dat
9 0 -0.000000 -0.500001 0.866025 -0.000000 0.866025 0.500001 -1.000000 -0.000000 -0.000000 13.500001 -7.848137 -4.528639 2.332225 0.362500 3.750000 30027.dat
9 0 -0.000000 -0.000000 1.000000 -0.000000 1.000000 0.000000 -1.000000 -0.000000 -0.000000 13.500001 -9.061007 0.002146 2.332225 0.362500 3.750000 30027.dat
9 0 -0.000000 0.499999 0.866026 -0.000000 0.866026 -0.499999 -1.000000 -0.000000 -0.000000 13.500001 -7.845973 4.532350 2.332225 0.362500 3.750000 30027.dat
9 0 -0.000000 0.866024 0.500001 0.000000 0.500001 -0.866024 -1.000000 -0.000000 -0.000000 13.500001 -4.528657 7.848119 2.332225 0.362500 3.750000 30027.dat
10 0 -10.047825 -10.000000 -22.500000 9.952175 10.000000 0.000000 30027.dat
4 25 0.000000 -0.707106 -0.707108 1.000000 -0.000000 0.000000 -0.000000 -0.707108 0.707106 6.250000 0.000000 0.000000 1 30027.dat
6 86 -0.000000 0.707108 -0.707106 -1.000000 -0.000000 -0.000000 -0.000000 0.707106 0.707108 0.000000 0.000000 0.000000 0.000000 0.000000 0.000000 0.000000 0 30027.dat
4 25 0.000000 -0.707106 -0.707108 -1.000000 0.000000 -0.000000 0.000000 0.707108 -0.707106 6.250000 0.000000 0.000000 1 30027.dat
