9 0 1.000000 0.000000 0.000000 0.000000 0.000000 1.000000 0.000000 -1.000000 0.000000 0.000000 8.024997 11.999997 3.925000 11.750000 1.725000 30035.dat
9 0 1.000000 0.000000 0.000000 0.000000 0.000000 1.000000 0.000000 -1.000000 0.000000 9.962950 -4.565878 12.000001 3.662950 3.750000 5.831025 30035.dat
9 0 1.000000 0.000000 0.000000 0.000000 0.000000 1.000000 0.000000 -1.000000 0.000000 -8.025001 -0.000004 12.000000 1.725000 11.750000 3.925000 30035.dat
9 0 1.000000 0.000000 0.000000 0.000000 0.000000 1.000000 0.000000 -1.000000 0.000000 0.000000 -8.025004 12.000002 3.925000 11.750000 1.725000 30035.dat
9 0 1.000000 0.000000 0.000000 0.000000 0.000000 1.000000 0.000000 -1.000000 0.000000 -11.269600 -0.000004 9.999999 0.996375 2.399275 2.399275 30035.dat
9 0 1.000000 0.000000 0.000000 0.000000 0.000000 1.000000 0.000000 -1.000000 0.000000 0.000000 -11.401730 9.375003 2.578425 9.125000 1.151725 30035.dat
9 0 0.707107 0.707107 -0.000000 0.000000 0.000000 1.000000 0.707107 -0.707107 0.000000 7.238075 7.238370 9.999996 2.029575 2.399275 2.029275 30035.dat
9 0 1.000000 0.000000 0.000000 0.000000 0.000000 1.000000 0.000000 -1.000000 0.000000 0.000000 -0.000008 -0.850001 4.081025 3.350000 4.081025 30035.dat
9 0 1.000000 0.000000 0.000000 0.000000 0.000000 1.000000 0.000000 -1.000000 0.000000 0.000000 19.999996 9.999993 2.375000 2.375000 9.750000 30035.dat
9 0 1.000000 0.000000 0.000000 0.000000 0.000000 1.000000 0.000000 -1.000000 0.000000 0.000000 -0.000014 -21.506001 2.375000 16.805925 2.375000 30035.dat
9 0 0.707107 -0.707107 0.000000 0.000000 0.000000 1.000000 -0.707107 -0.707107 0.000000 -7.238300 -7.238604 10.000002 2.029575 2.399275 2.029275 30035.dat
9 0 0.707107 -0.707107 0.000000 0.000000 0.000000 1.000000 -0.707107 -0.707107 0.000000 -7.238075 7.238370 9.999996 2.029575 2.399275 2.029275 30035.dat
9 0 1.000000 0.000000 0.000000 0.000000 0.000000 1.000000 0.000000 -1.000000 0.000000 8.025001 -0.000004 12.000000 1.725000 11.750000 3.925000 30035.dat
9 0 0.866427 0.499303 -0.000000 0.000000 0.000000 1.000000 0.499303 -0.866427 0.000000 23.204575 -15.841579 12.000005 3.954300 3.750000 0.265350 30035.dat
9 0 -0.000000 1.000000 -0.000000 0.000000 0.000000 1.000000 1.000000 0.000000 -0.000000 26.672501 -10.188953 12.000003 3.954300 3.750000 0.265350 30035.dat
9 0 -0.857756 -0.514057 0.000000 0.000000 0.000000 1.000000 -0.514057 0.857756 -0.000000 16.791775 -4.242704 12.000001 3.954300 3.750000 0.265350 30035.dat
9 0 -0.869362 0.494176 -0.000000 0.000000 0.000000 1.000000 0.494176 0.869362 -0.000000 23.473076 -4.341504 12.000001 3.954300 3.750000 0.265350 30035.dat
9 0 0.861427 -0.507882 0.000000 0.000000 0.000000 1.000000 -0.507882 -0.861427 0.000000 16.854450 -15.822405 12.000005 3.581250 3.750000 0.265350 30035.dat
9 0 0.707107 -0.707107 0.000000 0.000000 0.000000 1.000000 -0.707107 -0.707107 0.000000 5.674525 5.674521 11.999998 3.925000 11.750000 1.725000 30035.dat
9 0 -0.707107 -0.707107 0.000000 0.000000 0.000000 1.000000 -0.707107 0.707107 -0.000000 5.674525 -5.674529 12.000001 3.925000 11.750000 1.725000 30035.dat
9 0 0.707107 0.707107 -0.000000 0.000000 0.000000 1.000000 0.707107 -0.707107 0.000000 -5.674525 5.674521 11.999998 3.925000 11.750000 1.725000 30035.dat
9 0 -0.707107 0.707107 -0.000000 0.000000 0.000000 1.000000 0.707107 0.707107 -0.000000 -5.674525 -5.674529 12.000001 3.925000 11.750000 1.725000 30035.dat
10 0 -12.492550 0.000000 -18.151150 28.005999 64.000000 30.000002 30035.dat
3 23 1.000000 0.000000 0.000000 0.000000 0.000000 1.000000 0.000000 -1.000000 0.000000 10.000000 -20.000004 8.000006 2 2 29:0:0,29:0:0,29:0:0,29:0:0,1:4:36,29:0:0,29:0:0,29:0:0,29:0:0, 30035.dat
0 7 -0.000000 -1.000000 0.000000 0.000000 0.000000 1.000000 -1.000000 0.000000 -0.000000 0.000000 -0.000009 -4.450001 1 0 1.200000 0 0 30035.dat
0 7 -0.000000 -0.000000 -1.000000 -0.000000 -1.000000 0.000000 -1.000000 0.000000 -0.000000 0.000000 9.999995 9.999996 1 0 0.800000 0 0 30035.dat
2 22 1.000000 0.000000 0.000000 0.000000 1.000000 -0.000000 0.000000 0.000000 1.000000 -10.000000 30.000002 19.999990 2 2 29:0:0,29:0:0,29:0:0,29:0:0,9:4:32,29:0:0,29:0:0,29:0:0,29:0:0, 30035.dat
0 6 1.000000 0.000000 0.000000 0.000000 0.000000 1.000000 0.000000 -1.000000 0.000000 20.000000 -10.000005 10.748753 0 0 0.287950 0 0 30035.dat
2 22 1.000000 0.000000 0.000000 0.000000 0.000000 1.000000 0.000000 -1.000000 0.000000 -10.000000 -10.000000 24.000002 2 2 29:0:0,29:0:0,29:0:0,29:0:0,15:4:32,29:0:0,29:0:0,29:0:0,29:0:0, 30035.dat
2 22 1.000000 0.000000 0.000000 0.000000 0.000000 1.000000 0.000000 -1.000000 0.000000 10.000000 -20.000004 16.000006 2 2 29:0:0,29:0:0,29:0:0,29:0:0,15:4:34,29:0:0,29:0:0,29:0:0,29:0:0, 30035.dat
