9 0 0.707107 -0.681054 -0.190174 -0.707107 -0.681053 -0.190174 0.000000 0.268946 -0.963155 0.259200 24.060349 -17.202702 3.762175 3.765300 0.339825 30038.dat
9 0 1.000000 0.000000 0.000000 0.000000 -0.891980 -0.452075 0.000000 0.452075 -0.891980 0.098024 -0.783499 14.287600 5.435975 3.595800 0.128000 30038.dat
9 0 1.000000 0.000000 0.000000 0.000000 -0.680738 -0.732527 0.000000 0.732527 -0.680738 0.098024 -6.725849 9.811701 5.435975 3.595800 0.128000 30038.dat
9 0 1.000000 0.000000 0.000000 0.000000 -0.200238 -0.979747 0.000000 0.979747 -0.200238 0.098024 -10.020450 3.408276 5.435975 3.595800 0.128000 30038.dat
9 0 0.755675 0.000000 0.654947 0.296085 -0.891980 -0.341621 0.584199 0.452075 -0.674047 -7.675550 -0.783499 11.807125 4.311650 3.595800 0.128000 30038.dat
9 0 0.502102 0.000000 0.864808 0.633496 -0.680737 -0.367803 0.588707 0.732528 -0.341800 -7.665724 -6.725849 5.454751 5.435975 3.595800 0.128000 30038.dat
9 0 0.255340 0.000000 0.966851 0.437089 -0.891980 -0.115433 0.862412 0.452074 -0.227758 -11.176324 -2.180375 4.912650 4.311650 3.595800 0.128000 30038.dat
9 0 0.754853 0.000000 -0.655894 -0.296513 -0.891980 -0.341250 -0.585044 0.452075 -0.673314 7.827825 -1.125274 11.757425 4.311650 3.595800 0.128000 30038.dat
9 0 0.497623 -0.000001 -0.867393 -0.635389 -0.680738 -0.364522 -0.590467 0.732527 -0.338751 7.786751 -6.725849 5.244976 5.435975 3.595800 0.128000 30038.dat
9 0 0.214685 -0.000000 -0.976683 -0.441534 -0.891980 -0.097053 -0.871182 0.452075 -0.191495 11.306826 -2.577574 4.122025 4.311650 3.595800 0.128000 30038.dat
9 0 -0.485680 0.000000 0.874137 0.000000 -1.000000 0.000000 0.874137 0.000000 0.485680 -8.214802 9.764251 11.549299 0.127225 7.839075 5.209875 30038.dat
9 0 0.510846 0.000000 0.859672 0.000000 -1.000000 0.000000 0.859672 -0.000000 -0.510846 8.076176 9.764251 11.489049 0.127225 7.839075 4.724025 30038.dat
9 0 -1.000000 -0.000000 -0.000000 -0.000000 -0.891980 0.452076 -0.000000 0.452076 0.891980 -0.098026 -0.179101 -12.683575 5.435975 3.595800 0.128000 30038.dat
9 0 -1.000000 -0.000000 -0.000000 -0.000000 -0.680737 0.732528 -0.000000 0.732528 0.680737 -0.098026 -6.121450 -8.207674 5.435975 3.595800 0.128000 30038.dat
9 0 -1.000000 -0.000000 -0.000000 -0.000000 -0.200236 0.979748 -0.000000 0.979748 0.200236 -0.098026 -9.416050 -1.804224 5.435975 3.595800 0.128000 30038.dat
9 0 -0.755675 -0.000000 -0.654947 -0.296085 -0.891980 0.341622 -0.584199 0.452075 0.674047 7.675550 -0.179101 -10.203100 4.311650 3.595800 0.128000 30038.dat
9 0 -0.502102 -0.000000 -0.864809 -0.633496 -0.680738 0.367803 -0.588708 0.732527 0.341799 7.665725 -6.121450 -3.850724 5.435975 3.595800 0.128000 30038.dat
9 0 -0.255340 0.000000 -0.966851 -0.437090 -0.891980 0.115433 -0.862412 0.452076 0.227758 11.176324 -1.575975 -3.308625 4.311650 3.595800 0.128000 30038.dat
9 0 -0.754853 0.000001 0.655894 0.296513 -0.891980 0.341251 0.585044 0.452075 0.673314 -7.827825 -0.520876 -10.153375 4.311650 3.595800 0.128000 30038.dat
9 0 -0.497624 0.000001 0.867393 0.635389 -0.680738 0.364523 0.590467 0.732527 0.338751 -7.786751 -6.121450 -3.640950 5.435975 3.595800 0.128000 30038.dat
9 0 -0.214685 0.000000 0.976683 0.441534 -0.891980 0.097054 0.871182 0.452074 0.191495 -11.306826 -1.973175 -2.518000 4.311650 3.595800 0.128000 30038.dat
9 0 0.991445 -0.000000 -0.130526 0.000000 -1.000000 0.000000 -0.130526 -0.000000 -0.991445 -12.821651 10.983500 5.488249 0.127225 9.058325 9.097775 30038.dat
9 0 0.991445 0.000000 0.130526 0.000000 -1.000000 0.000000 0.130526 -0.000000 -0.991445 12.738450 10.983500 5.355999 0.127225 9.058325 9.097775 30038.dat
9 0 1.000000 0.000000 0.000000 0.000000 -0.994061 0.108826 0.000000 -0.108826 -0.994061 0.066125 9.863127 14.980423 11.798600 7.926125 0.127225 30038.dat
9 0 0.625221 -0.047406 0.779006 -0.772773 -0.177240 0.609432 0.109181 -0.983025 -0.147448 -9.615025 20.133749 -11.576052 1.421225 8.319950 2.179275 30038.dat
9 0 1.000000 0.000000 0.000000 0.000000 -0.271150 0.962537 0.000000 -0.962537 -0.271150 0.000000 8.610251 18.071098 8.544475 0.813025 11.950075 30038.dat
9 0 -1.000000 0.000469 -0.000495 -0.000469 0.053975 0.998542 0.000495 0.998542 -0.053975 0.000000 -2.491874 11.150275 13.906525 3.672925 0.892525 30038.dat
9 0 1.000000 0.000000 0.000000 0.000000 0.957392 0.288790 0.000000 -0.288790 0.957392 15.466900 16.003250 1.900274 1.869550 2.622175 8.414750 30038.dat
9 0 -1.000000 0.000000 0.000000 0.000000 0.957501 0.288430 0.000000 0.288430 -0.957501 -15.445477 16.001324 1.897673 1.811775 2.622175 8.414750 30038.dat
9 0 -0.625222 -0.047406 0.779006 0.772773 -0.177240 0.609433 0.109180 0.983025 0.147448 9.558950 20.146624 -11.620276 1.421225 8.392525 2.179275 30038.dat
9 0 1.000000 0.000000 0.000000 0.000000 -0.271150 0.962537 0.000000 -0.962537 -0.271150 0.000000 -2.371274 15.020426 5.557650 2.672200 4.422700 30038.dat
9 0 -1.000000 0.000469 -0.000495 -0.000469 0.053975 0.998542 0.000495 0.998542 -0.053975 0.005525 2.585776 13.862374 17.582150 0.690725 5.802600 30038.dat
9 0 -1.000000 0.000469 -0.000495 -0.000469 0.053975 0.998542 0.000495 0.998542 -0.053975 -15.989274 2.263576 7.893275 1.584400 0.690725 5.802600 30038.dat
9 0 -1.000000 0.000469 -0.000495 -0.000469 0.053975 0.998542 0.000495 0.998542 -0.053975 15.999401 2.263576 7.909100 1.591200 0.690725 5.802600 30038.dat
9 0 -0.000000 0.056430 0.998407 1.000000 0.000000 0.000000 -0.000000 0.998407 -0.056430 18.774300 2.417376 10.672100 1.591200 0.690725 5.802600 30038.dat
9 0 0.030930 -0.053949 -0.998065 -0.999522 -0.001642 -0.030886 0.000027 0.998542 -0.053974 -18.821150 2.411751 10.633525 1.584400 0.690725 5.802600 30038.dat
10 0 -19.967899 -31.586998 -26.366249 19.967899 10.865875 23.864925 30038.dat
2 22 1.000000 0.000000 0.000000 0.000000 -1.000000 0.000000 0.000000 -0.000000 -1.000000 -9.999999 0.000001 10.000000 2 2 29:0:0,29:0:0,29:0:0,29:0:0,15:4:33,29:0:0,29:0:0,29:0:0,29:0:0, 30038.dat
3 23 1.000000 0.000000 0.000000 0.000000 0.258819 -0.965926 0.000000 0.965926 0.258819 -9.999999 14.340748 -20.425726 2 2 29:0:0,29:0:0,29:0:0,29:0:0,1:4:32,29:0:0,29:0:0,29:0:0,29:0:0, 30038.dat
3 23 1.000000 0.000000 0.000000 0.000000 -0.258819 0.965926 0.000000 -0.965926 -0.258819 -9.999999 22.922127 23.091948 2 2 29:0:0,29:0:0,29:0:0,29:0:0,1:4:32,29:0:0,29:0:0,29:0:0,29:0:0, 30038.dat
6 50 -0.000000 0.000000 1.000000 1.000000 0.000000 -0.000000 -0.000000 1.000000 -0.000000 0.000000 7.062325 1.550574 0.000000 0.000000 0.000000 0.000000 0 30038.dat
0 14 0.000000 0.064968 0.997887 0.000000 -0.997887 0.064968 1.000000 0.000000 -0.000000 16.093651 -0.282449 11.042300 1 0 0.133776 0 0 30038.dat
0 14 0.000000 0.064968 0.997887 0.000000 -0.997887 0.064968 1.000000 0.000000 -0.000000 -16.093651 -0.282449 11.042300 1 0 0.133776 0 0 30038.dat
