9 0 -1.000000 -0.000000 -0.000000 0.000000 0.000000 -1.000000 0.000000 -1.000000 0.000000 -0.002550 60.024979 0.000000 19.547400 9.664200 3.782800 30044.dat
9 0 -1.000000 -0.000000 -0.000000 0.000000 0.000000 -1.000000 0.000000 -1.000000 0.000000 18.009001 41.322876 0.000000 1.535875 9.664200 22.484900 30044.dat
9 0 -1.000000 -0.000000 -0.000000 0.000000 0.000000 -1.000000 0.000000 -1.000000 0.000000 -18.014074 41.322876 0.000000 1.535875 9.664200 22.484900 30044.dat
9 0 -0.959172 -0.282825 0.000000 -0.000000 -0.000000 -1.000000 0.282825 -0.959171 -0.000000 -16.779951 14.660248 0.000000 1.535875 9.664200 4.383550 30044.dat
9 0 -0.703133 -0.711059 -0.000000 0.000000 0.000000 -1.000000 0.711058 -0.703133 0.000000 -12.300675 7.395249 0.000000 1.535875 9.664200 4.861700 30044.dat
9 0 -0.251477 -0.967863 -0.000000 0.000000 0.000000 -1.000000 0.967863 -0.251477 0.000000 -4.536901 2.976996 0.000000 1.535875 9.664200 4.861700 30044.dat
9 0 -0.957934 0.286987 -0.000000 0.000000 -0.000000 -1.000000 -0.286987 -0.957934 -0.000000 16.761002 14.661747 0.000000 1.535875 9.664200 4.383550 30044.dat
9 0 -0.700454 0.713697 0.000000 -0.000000 0.000000 -1.000000 -0.713697 -0.700454 0.000000 12.257550 7.427496 0.000000 1.535875 9.664200 4.845825 30044.dat
9 0 -0.249915 0.968268 0.000000 -0.000000 0.000000 -1.000000 -0.968268 -0.249915 0.000000 4.520700 3.009248 0.000000 1.535875 9.664200 4.845825 30044.dat
9 0 -1.000000 -0.000000 -0.000000 0.000000 0.000000 -1.000000 0.000000 -1.000000 0.000000 -0.002550 58.778900 0.000000 19.547400 1.000000 5.028900 30044.dat
10 0 -10.000000 0.000000 -10.000025 30.000002 68.449997 10.000000 30044.dat
6 44 -0.000000 -0.000000 1.000000 -1.000000 -0.000000 0.000000 0.000000 -1.000000 -0.000000 0.000000 22.750000 -3.750000 0.000000 0.000000 0.000000 0.000000 0 30044.dat
6 44 -0.000000 -0.000000 1.000000 -1.000000 -0.000000 0.000000 0.000000 -1.000000 -0.000000 0.000000 22.750000 3.750000 0.000000 0.000000 0.000000 0.000000 0 30044.dat
3 23 1.000000 0.000000 0.000000 0.000000 1.000000 0.000000 0.000000 0.000000 1.000000 -10.000000 0.000000 10.000000 2 2 29:0:0,29:0:0,29:0:0,29:0:0,1:4:32,29:0:0,29:0:0,29:0:0,29:0:0, 30044.dat
2 22 1.000000 0.000000 0.000000 0.000000 1.000000 0.000000 0.000000 0.000000 1.000000 -20.000000 64.000000 10.000000 2 4 22:1:1,22:2:1,22:2:1,22:2:1,22:1:1,22:2:1,15:4:0,15:4:0,15:4:0,22:2:1,22:1:1,22:2:1,22:2:1,22:2:1,22:1:1, 30044.dat
