9 0 -0.707106 0.000001 -0.707107 0.707107 -0.000000 -0.707106 -0.000001 -1.000000 -0.000000 48.960999 41.375000 -48.818298 14.804851 8.804501 1.125000 30056.dat
9 0 -0.398838 -0.000000 -0.917021 0.917021 0.000000 -0.398838 0.000000 -1.000000 0.000000 63.443501 41.375000 -27.483250 14.804851 8.804501 1.125000 30056.dat
9 0 -0.921842 -0.000000 -0.387567 0.387567 -0.000000 -0.921842 0.000000 -1.000000 -0.000000 26.889601 41.375000 -63.697399 14.804851 8.804501 1.125000 30056.dat
9 0 -0.957250 -0.000001 -0.289262 0.289262 0.000000 -0.957250 0.000001 -1.000000 0.000000 17.890875 44.000000 -58.856876 8.125375 1.264900 3.750000 30056.dat
9 0 -0.294634 -0.000001 -0.955610 0.955610 0.000000 -0.294634 0.000001 -1.000000 0.000000 58.815002 44.000000 -18.028248 8.125375 1.264925 3.750000 30056.dat
9 0 -1.000000 -0.000000 -0.000000 0.000000 0.000000 -1.000000 0.000000 -1.000000 0.000000 9.657351 44.000000 -68.744324 9.407350 8.404400 3.750000 30056.dat
9 0 -0.707107 -0.000001 -0.707106 0.707106 0.000000 -0.707107 0.000001 -1.000000 0.000000 54.993004 44.000000 -54.850250 8.125375 1.264900 3.750000 30056.dat
9 0 -0.000000 0.000000 -1.000000 1.000000 -0.000000 0.000000 -0.000000 -1.000000 -0.000000 68.815498 44.000000 -8.742499 8.492475 8.486876 3.750000 30056.dat
9 0 -0.707106 0.000001 -0.707107 0.707107 -0.000000 -0.707106 -0.000001 -1.000000 -0.000000 43.569748 44.000000 -43.426998 8.125375 1.264900 3.750000 30056.dat
9 0 -0.826638 -0.000001 -0.562734 0.562734 0.000000 -0.826638 0.000001 -1.000000 0.000000 43.791500 44.000000 -64.148926 8.125375 1.264900 3.750000 30056.dat
9 0 -1.000000 -0.000000 -0.000000 0.000000 0.000000 -1.000000 0.000000 -1.000000 0.000000 10.000000 19.999998 -70.000000 2.475275 2.475275 15.750000 30056.dat
9 0 -1.000000 -0.000000 -0.000000 0.000000 0.000000 -1.000000 0.000000 -1.000000 0.000000 10.000000 38.000000 -70.000000 3.911800 3.911800 1.750000 30056.dat
9 0 -1.000000 -0.000000 -0.000000 0.000000 0.000000 -1.000000 0.000000 -1.000000 0.000000 31.634775 19.999998 -63.283497 2.475275 2.475275 15.750000 30056.dat
9 0 -1.000000 -0.000000 -0.000000 0.000000 0.000000 -1.000000 0.000000 -1.000000 0.000000 31.634775 38.000000 -63.283497 3.911800 3.911800 1.750000 30056.dat
9 0 -1.000000 -0.000000 -0.000000 0.000000 0.000000 -1.000000 0.000000 -1.000000 0.000000 50.019001 19.999998 -50.036549 2.475275 2.475275 15.750000 30056.dat
9 0 -1.000000 -0.000000 -0.000000 0.000000 0.000000 -1.000000 0.000000 -1.000000 0.000000 50.019001 38.000000 -50.036549 3.911800 3.911800 1.750000 30056.dat
9 0 -1.000000 -0.000000 -0.000000 0.000000 0.000000 -1.000000 0.000000 -1.000000 0.000000 63.272499 19.999998 -31.656748 2.475275 2.475275 15.750000 30056.dat
9 0 -1.000000 -0.000000 -0.000000 0.000000 0.000000 -1.000000 0.000000 -1.000000 0.000000 63.272499 38.000000 -31.656748 3.911800 3.911800 1.750000 30056.dat
9 0 -1.000000 -0.000000 -0.000000 0.000000 0.000000 -1.000000 0.000000 -1.000000 0.000000 70.024002 19.999998 -10.011250 2.475275 2.475275 15.750000 30056.dat
9 0 -1.000000 -0.000000 -0.000000 0.000000 0.000000 -1.000000 0.000000 -1.000000 0.000000 70.024002 38.000000 -10.011250 3.911800 3.911800 1.750000 30056.dat
9 0 -0.977568 0.000000 -0.210619 0.210619 -0.000000 -0.977568 -0.000000 -1.000000 -0.000000 16.457600 44.000000 -75.907349 8.125375 1.264900 3.750000 30056.dat
9 0 -0.564012 -0.000000 -0.825767 0.825767 0.000000 -0.564012 0.000000 -1.000000 0.000000 64.195000 44.000000 -43.723999 8.125375 1.264900 3.750000 30056.dat
9 0 -0.210744 0.000000 -0.977541 0.977542 -0.000000 -0.210744 -0.000000 -1.000000 -0.000000 75.947746 44.000000 -16.270000 8.125375 1.264900 3.750000 30056.dat
9 0 -1.000000 -0.000000 -0.000000 0.000000 0.000000 -1.000000 0.000000 -1.000000 0.000000 9.657351 1.999998 -68.744324 9.407350 8.404375 1.750000 30056.dat
9 0 -0.921842 -0.000000 -0.387567 0.387567 -0.000000 -0.921842 0.000000 -1.000000 -0.000000 26.889601 1.999998 -63.697399 14.804851 8.804501 1.750000 30056.dat
9 0 -0.707106 0.000001 -0.707107 0.707107 -0.000000 -0.707106 -0.000001 -1.000000 -0.000000 48.960999 1.999998 -48.818298 14.804851 8.804501 1.750000 30056.dat
9 0 -0.398838 -0.000000 -0.917021 0.917021 0.000000 -0.398838 0.000000 -1.000000 0.000000 63.443501 1.999998 -27.483250 14.804851 8.804501 1.750000 30056.dat
9 0 -0.000000 0.000000 -1.000000 1.000000 -0.000000 0.000000 -0.000000 -1.000000 -0.000000 68.815498 1.999998 -8.742499 8.492475 8.486876 1.750000 30056.dat
10 0 -10.000000 0.000000 -70.000000 70.000000 52.450001 10.000000 30056.dat
3 23 1.000000 0.000000 0.000000 0.000000 1.000000 0.000000 0.000000 0.000000 1.000000 0.000000 0.000000 0.000000 8 8 29:0:1,29:0:1,29:0:1,29:0:1,29:0:1,29:0:1,18:1:1,23:4:1,18:1:1,29:0:1,29:0:1,29:0:1,29:0:1,29:0:1,29:0:1,23:4:1,1:4:0,23:4:1,29:0:1,29:0:1,29:0:1,29:0:1,29:0:1,29:0:1,29:0:1,23:4:1,29:0:1,29:0:1,29:0:1,29:0:1,29:0:1,29:0:1,29:0:1,29:0:1,29:0:1,29:0:1,29:0:1,29:0:1,29:0:1,29:0:1,29:0:1,29:0:1,29:0:1,29:0:1,29:0:1,29:0:1,29:0:1,29:0:1,29:0:1,29:0:1,29:0:1,29:0:1,29:0:1,29:0:1,18:1:1,23:4:1,29:0:1,29:0:1,29:0:1,29:0:1,29:0:1,29:0:1,29:0:1,23:4:1,1:4:0,23:4:1,29:0:1,29:0:1,29:0:1,29:0:1,29:0:1,29:0:1,18:1:1,23:4:1,29:0:1,29:0:1,29:0:1,29:0:1,29:0:1,29:0:1,29:0:1, 30056.dat
2 22 1.000000 0.000000 0.000000 0.000000 1.000000 0.000000 0.000000 0.000000 1.000000 0.000000 48.000000 0.000000 8 8 29:0:1,29:0:1,29:0:1,29:0:1,29:0:1,29:0:1,22:1:1,22:2:1,22:1:1,29:0:1,29:0:1,29:0:1,29:0:1,29:0:1,29:0:1,22:2:1,15:4:0,22:2:1,29:0:1,29:0:1,29:0:1,29:0:1,29:0:1,29:0:1,22:2:1,22:2:1,22:2:1,29:0:1,29:0:1,29:0:1,29:0:1,29:0:1,29:0:1,29:0:1,29:0:1,29:0:1,29:0:1,29:0:1,29:0:1,29:0:1,22:2:1,22:2:1,29:0:1,22:2:1,29:0:1,29:0:1,29:0:1,29:0:1,29:0:1,22:2:1,15:4:0,22:2:1,29:0:1,29:0:1,22:1:1,22:2:1,22:2:1,29:0:1,29:0:1,22:2:1,29:0:1,29:0:1,29:0:1,22:2:1,15:4:0,22:2:1,29:0:1,22:2:1,29:0:1,29:0:1,29:0:1,29:0:1,22:1:1,22:2:1,22:2:1,29:0:1,29:0:1,29:0:1,29:0:1,29:0:1,29:0:1, 30056.dat
0 7 -0.000000 0.000000 1.000000 0.000000 1.000000 0.000000 -1.000000 0.000000 -0.000000 10.000000 36.000000 -70.000000 1 1 1.280000 0 1 30056.dat
0 7 -0.382683 0.000000 0.923880 0.000000 1.000000 0.000000 -0.923880 0.000000 -0.382683 31.634775 36.000000 -63.283497 1 1 1.280000 0 1 30056.dat
0 7 -0.707107 0.000000 0.707107 0.000000 1.000000 0.000000 -0.707107 0.000000 -0.707107 50.000000 36.000000 -50.000000 1 1 1.280000 0 1 30056.dat
0 7 -0.923879 0.000000 0.382684 0.000000 1.000000 0.000000 -0.382684 0.000000 -0.923879 63.272499 36.000000 -31.656748 1 1 1.280000 0 1 30056.dat
0 7 -1.000000 0.000000 -0.000000 0.000000 1.000000 0.000000 0.000000 0.000000 -1.000000 70.024002 36.000000 -10.011250 1 1 1.280000 0 1 30056.dat
