9 0 -1.000000 0.000000 0.000000 -0.000000 -0.000001 -1.000000 -0.000000 -1.000000 0.000001 -38.125000 -7.764307 0.000029 1.625000 3.750000 3.264325 30083.dat
9 0 -1.000000 0.000000 0.000000 -0.000000 -0.000001 -1.000000 -0.000000 -1.000000 0.000001 -29.062500 -0.392934 0.000016 6.937500 1.750000 3.607050 30083.dat
9 0 -0.811386 0.574555 -0.107420 0.090929 -0.057468 -0.994198 -0.577395 -0.816446 -0.005615 -45.163754 -23.894871 -11.039473 1.218400 14.647950 13.060326 30083.dat
9 0 -1.000000 0.000000 0.000000 -0.000000 -0.000001 -1.000000 -0.000000 -1.000000 0.000001 -9.999999 -0.392938 0.000012 7.875000 1.750000 3.607050 30083.dat
9 0 -1.000000 0.000000 0.000000 -0.000000 -0.000001 -1.000000 -0.000000 -1.000000 0.000001 9.999999 -0.392943 0.000007 7.875000 1.750000 3.607050 30083.dat
9 0 -1.000000 0.000000 0.000000 -0.000000 -0.000001 -1.000000 -0.000000 -1.000000 0.000001 29.062500 -0.392947 0.000003 6.937500 1.750000 3.607050 30083.dat
9 0 -0.970002 0.206495 -0.128279 0.125299 -0.027502 -0.991738 -0.208317 -0.978061 0.000803 -54.163517 -45.040997 -11.126241 1.218425 14.795950 11.698500 30083.dat
9 0 -0.973624 -0.191852 -0.123486 0.121073 0.024300 -0.992346 0.193385 -0.981123 -0.000431 -54.400517 -66.594994 -11.459510 1.218400 14.704225 11.698500 30083.dat
9 0 -0.828542 -0.544194 -0.131795 0.113601 0.067107 -0.991258 0.548281 -0.836271 0.006219 -46.002518 -86.621742 -11.267909 1.218425 14.887400 11.698500 30083.dat
9 0 -0.550650 -0.823559 -0.136145 0.089720 0.103762 -0.990547 0.829901 -0.557660 0.016754 -30.664274 -101.977249 -11.324441 1.218425 14.826749 11.698500 30083.dat
9 0 -0.189940 -0.972424 -0.135331 0.029874 0.132052 -0.990793 0.981341 -0.192234 0.003968 -10.945776 -110.032997 -11.126908 1.218425 14.727674 11.698500 30083.dat
9 0 -0.150233 -0.744518 -0.650479 0.092398 0.644493 -0.759006 0.984323 -0.174131 -0.028033 -8.734030 -95.459793 -41.009605 0.766200 20.640375 10.706625 30083.dat
9 0 -0.413197 -0.637717 -0.650066 0.391531 0.520095 -0.759081 0.822175 -0.568171 0.034784 -21.276030 -89.789787 -41.158112 0.766200 20.640375 11.591875 30083.dat
9 0 -0.625495 -0.438089 -0.645627 0.543599 0.348900 -0.763393 0.559694 -0.828460 0.019909 -32.681278 -78.243546 -41.803123 0.766200 20.640375 11.164050 30083.dat
9 0 -0.722944 -0.153036 -0.673745 0.671981 0.070933 -0.737163 0.160604 -0.985671 0.051557 -37.920280 -64.870041 -41.977646 0.766200 20.640375 10.790649 30083.dat
9 0 -0.732438 0.190430 -0.653659 0.646082 -0.108408 -0.755530 -0.214738 -0.975697 -0.043632 -38.319023 -47.225288 -41.397667 0.766200 20.640375 11.985325 30083.dat
9 0 -0.597616 0.429847 -0.676821 0.556869 -0.384802 -0.736087 -0.576847 -0.816798 -0.009404 -30.823521 -32.170540 -40.357441 0.766200 20.640375 11.985325 30083.dat
9 0 -1.000000 0.000000 0.000000 -0.000000 -0.289060 -0.957311 -0.000000 -0.957311 0.289060 -0.000006 -2.711645 -20.908461 12.758724 16.908075 0.902450 30083.dat
9 0 -1.000000 0.000000 0.000000 -0.000000 -0.748021 -0.663675 0.000000 -0.663675 0.748021 -0.000015 -18.420006 -46.241714 12.758724 14.106575 0.902450 30083.dat
9 0 -0.891007 -0.453990 0.000001 0.131229 -0.257554 -0.957311 0.434610 -0.852971 0.289059 -24.192503 -8.519714 -20.908447 12.758724 16.908075 0.902450 30083.dat
9 0 -0.891007 -0.453990 0.000001 0.339594 -0.666492 -0.663675 0.301303 -0.591339 0.748021 -17.061016 -22.515976 -46.241707 12.758724 14.106575 0.902450 30083.dat
9 0 1.000000 -0.000000 -0.000000 -0.000000 -0.000001 -1.000000 0.000000 1.000000 -0.000001 38.125000 -7.764325 0.000011 1.625000 3.750000 3.264325 30083.dat
9 0 0.811386 0.574555 -0.107420 -0.090929 -0.057467 -0.994198 -0.577394 0.816446 0.005616 45.163742 -23.894892 -11.039494 1.218400 14.647950 13.060326 30083.dat
9 0 0.970002 0.206495 -0.128278 -0.125298 -0.027500 -0.991738 -0.208317 0.978061 -0.000802 54.163486 -45.041019 -11.126265 1.218425 14.795950 11.698500 30083.dat
9 0 0.973624 -0.191853 -0.123488 -0.121074 0.024300 -0.992346 0.193385 0.981123 0.000430 54.400455 -66.595016 -11.459535 1.218400 14.704225 11.698500 30083.dat
9 0 0.828542 -0.544195 -0.131794 -0.113600 0.067107 -0.991258 0.548281 0.836271 -0.006219 46.002502 -86.621765 -11.267930 1.218425 14.887400 11.698500 30083.dat
9 0 0.550650 -0.823559 -0.136146 -0.089721 0.103762 -0.990547 0.829901 0.557660 -0.016754 30.664297 -101.977264 -11.324455 1.218425 14.826749 11.698500 30083.dat
9 0 0.189939 -0.972424 -0.135331 -0.029875 0.132052 -0.990793 0.981341 0.192233 -0.003970 10.945720 -110.033012 -11.126914 1.218425 14.727674 11.698500 30083.dat
9 0 0.150232 -0.744518 -0.650480 -0.092398 0.644494 -0.759006 0.984324 0.174130 0.028032 8.733970 -95.459793 -41.009609 0.766200 20.640375 10.706625 30083.dat
9 0 0.413197 -0.637717 -0.650065 -0.391531 0.520095 -0.759082 0.822175 0.568171 -0.034784 21.275871 -89.789803 -41.158123 0.766200 20.640375 11.591875 30083.dat
9 0 0.625494 -0.438089 -0.645629 -0.543599 0.348902 -0.763392 0.559694 0.828460 -0.019909 32.681248 -78.243561 -41.803135 0.766200 20.640375 11.164050 30083.dat
9 0 0.722943 -0.153036 -0.673746 -0.671982 0.070934 -0.737163 0.160604 0.985672 -0.051556 37.920303 -64.870056 -41.977661 0.766200 20.640375 10.790649 30083.dat
9 0 0.732438 0.190430 -0.653659 -0.646082 -0.108407 -0.755530 -0.214737 0.975697 0.043632 38.318981 -47.225304 -41.397686 0.766200 20.640375 11.985325 30083.dat
9 0 0.597616 0.429847 -0.676821 -0.556869 -0.384802 -0.736087 -0.576847 0.816798 0.009405 30.823582 -32.170555 -40.357452 0.766200 20.640375 11.985325 30083.dat
9 0 0.891006 -0.453991 0.000001 -0.131230 -0.257554 -0.957311 0.434611 0.852970 -0.289060 24.192419 -8.519726 -20.908461 12.758724 16.908075 0.902450 30083.dat
9 0 0.891006 -0.453991 -0.000000 -0.339594 -0.666491 -0.663676 0.301303 0.591340 -0.748020 17.060961 -22.515984 -46.241714 12.758724 14.106575 0.902450 30083.dat
9 0 0.000000 0.240264 0.970708 1.000000 -0.000001 -0.000000 0.000001 0.970707 -0.240264 -0.379279 -67.596825 -59.423141 1.251200 16.026201 13.165524 30083.dat
9 0 -0.240262 0.000001 0.970708 0.000000 1.000000 -0.000001 -0.970708 0.000000 -0.240262 11.596725 -56.379330 -59.423168 1.251200 16.026201 13.165524 30083.dat
9 0 0.000000 -0.240261 0.970708 -1.000000 0.000000 0.000000 -0.000000 -0.970708 -0.240261 0.379226 -44.403324 -59.423180 1.251200 16.026201 13.165524 30083.dat
9 0 0.240262 0.000001 0.970708 -0.000000 -1.000000 0.000001 0.970708 -0.000001 -0.240262 -11.596772 -55.620819 -59.423161 1.251200 16.026201 13.165524 30083.dat
10 0 -20.000000 -64.000000 -116.000000 100.000000 4.000000 4.000000 30083.dat
6 169 -0.000000 -1.000000 0.000001 -1.000000 0.000000 0.000000 -0.000000 -0.000001 -1.000000 0.000000 0.000009 0.000009 0.000000 0.000000 0.000000 0.000000 0 30083.dat
