9 0 0.000000 0.059168 -0.998248 -0.000000 0.998248 0.059168 1.000000 -0.000000 0.000000 0.190200 9.629719 -0.601947 2.375000 12.771900 2.375000 30088.dat
9 0 0.000000 0.891302 -0.453411 -0.000000 0.453411 0.891302 1.000000 -0.000000 0.000000 -0.000623 0.143598 -6.250669 5.538425 4.556225 1.000175 30088.dat
9 0 -0.000000 -0.894031 0.448004 0.000000 -0.448004 -0.894032 1.000000 -0.000000 0.000000 -0.029304 -32.239906 -63.186390 2.853275 14.110049 1.595700 30088.dat
9 0 0.707107 -0.632219 0.316701 -0.000001 -0.447883 -0.894092 0.707107 0.632218 -0.316702 0.000010 -15.682949 -31.297625 2.375000 21.433475 2.375000 30088.dat
9 0 0.707107 -0.632219 0.316701 -0.000001 -0.447883 -0.894092 0.707107 0.632218 -0.316702 -0.000000 0.019136 0.047802 3.350475 13.124999 3.350475 30088.dat
10 0 -15.143175 0.000000 -5.000000 73.609253 68.409256 5.000000 30088.dat
0 7 1.000000 -0.000000 0.000000 -0.000000 0.998248 0.059168 -0.000000 -0.059168 0.998248 0.000000 23.000000 0.000000 0 1 0.630490 0 0 30088.dat
0 7 1.000000 -0.000001 -0.000000 -0.000001 -0.447884 -0.894092 0.000001 0.894092 -0.447884 0.000017 -25.324900 -50.589169 0 1 1.730010 0 0 30088.dat
2 22 0.000000 0.059168 -0.998248 -0.000000 0.998248 0.059168 1.000000 -0.000000 0.000000 9.999996 22.408319 9.982485 2 2 29:0:0,29:0:0,29:0:0,29:0:0,9:4:32,29:0:0,29:0:0,29:0:0,29:0:0, 30088.dat
