9 0 -0.399144 0.000000 0.916888 0.000000 1.000000 0.000000 -0.916888 0.000000 -0.399144 28.038254 -12.699650 -4.741259 20.946249 3.232625 37.893501 30084.dat
9 0 0.000000 0.000000 1.000000 -0.349409 0.936970 0.000000 -0.936970 -0.349409 0.000000 -86.320488 -17.583975 22.914528 7.552800 2.387650 21.995575 30084.dat
9 0 0.000000 0.000000 1.000000 0.000000 1.000000 0.000000 -1.000000 0.000000 0.000000 0.233811 -9.422275 24.551252 46.685001 2.387650 35.254498 30084.dat
9 0 -0.057622 0.000000 0.998338 0.000000 1.000000 0.000000 -0.998338 0.000000 -0.057622 -2.494163 -9.540350 108.863747 8.740525 1.949475 2.120000 30084.dat
9 0 -0.198805 0.000000 0.980039 0.000000 1.000000 0.000000 -0.980039 0.000000 -0.198805 -5.384031 -9.521775 128.816498 8.627850 0.972800 6.319625 30084.dat
9 0 -0.608083 0.201305 0.767927 0.273941 0.961109 -0.035026 -0.745112 0.189068 -0.639579 84.302261 -16.840025 12.833172 9.130200 2.387650 21.995575 30084.dat
9 0 0.000000 0.000000 1.000000 0.000000 1.000000 0.000000 -1.000000 0.000000 0.000000 0.000004 -7.102525 1.298275 23.548275 6.852525 19.810776 30084.dat
9 0 0.000000 0.000000 1.000000 0.000000 1.000000 0.000000 -1.000000 0.000000 0.000000 0.022878 -6.177325 -0.001850 2.410500 5.927325 2.592925 30084.dat
9 0 0.000000 0.163452 0.986551 -0.000000 0.986551 -0.163452 -1.000000 0.000000 0.000000 -0.017693 -16.775801 11.555949 27.083250 4.194250 1.381400 30084.dat
9 0 -0.057622 0.000000 0.998338 0.000000 1.000000 0.000000 -0.998338 0.000000 -0.057622 -1.212920 -11.785100 86.665497 14.934675 4.194250 2.120000 30084.dat
9 0 0.000000 0.000000 1.000000 0.000000 1.000000 0.000000 -1.000000 0.000000 0.000000 -0.017679 -14.950475 56.120247 6.219125 11.615274 1.266025 30084.dat
9 0 0.138401 -0.012138 0.990302 0.137302 0.990504 -0.007048 -0.980812 0.136946 0.138753 62.930511 -12.571401 22.703978 12.223175 2.387650 33.604500 30084.dat
9 0 -0.138400 -0.012138 0.990302 -0.137302 0.990504 -0.007048 -0.980813 -0.136946 -0.138752 -62.997742 -12.577325 23.185522 12.163000 2.387650 33.604500 30084.dat
9 0 0.608083 0.201305 0.767926 -0.273941 0.961109 -0.035025 -0.745111 -0.189068 0.639580 -84.302246 -16.840025 12.833225 9.130200 2.387650 21.995575 30084.dat
9 0 0.399145 0.000000 0.916888 0.000000 1.000000 0.000000 -0.916888 0.000000 0.399145 -28.038248 -12.699650 -4.741241 20.946249 3.232625 37.893501 30084.dat
9 0 0.000000 0.426715 0.904386 -0.000000 0.904386 -0.426715 -1.000000 0.000000 0.000000 -0.000004 -7.821575 -22.220251 2.854450 6.852525 10.734200 30084.dat
10 0 -31.122499 -0.104950 -107.763756 148.528503 29.636250 107.520500 30084.dat
2 22 0.000000 0.000000 1.000000 0.000000 1.000000 0.000000 -1.000000 0.000000 0.000000 -10.000003 0.000000 -19.999998 2 4 22:1:1,22:2:1,22:2:1,22:2:1,22:1:1,22:2:1,15:4:1,9:4:1,15:4:1,22:2:1,22:1:1,22:2:1,22:2:1,22:2:1,22:1:1, 30084.dat
0 7 -0.000000 0.000000 -1.000000 0.000000 1.000000 0.000000 1.000000 0.000000 -0.000000 0.000022 -14.034375 61.037247 0 0 0.420000 0 0 30084.dat
0 7 -0.000001 -1.000000 -0.000000 -0.001907 0.000000 -0.999998 0.999998 -0.000001 -0.001907 -1.587445 -9.402375 84.088501 0 0 0.700000 0 0 30084.dat
0 7 -0.000000 -1.000000 0.000000 0.115216 -0.000000 -0.993340 0.993341 -0.000000 0.115216 -1.554040 -9.402375 101.588501 0 0 0.700000 0 0 30084.dat
0 7 0.000000 -1.000000 -0.000000 0.099260 0.000000 -0.995062 0.995061 0.000000 0.099260 0.149624 -9.402375 66.674995 0 0 0.700000 0 0 30084.dat
