9 0 -1.000000 0.000000 0.000001 0.000000 1.000000 0.000000 -0.000001 0.000000 -1.000000 -15.446674 -14.521925 0.000010 8.767725 2.500000 2.500000 30093.dat
9 0 -1.000000 0.000000 0.000001 0.000000 1.000000 0.000000 -0.000001 0.000000 -1.000000 0.000000 4.000000 0.000000 2.500000 3.750000 2.500000 30093.dat
9 0 -0.836985 -0.547226 0.000001 -0.547226 0.836985 0.000000 -0.000001 0.000000 -1.000000 -26.309002 -16.675051 0.000017 4.135575 2.500000 2.500000 30093.dat
9 0 0.000000 -1.000000 -0.000000 -1.000000 -0.000000 0.000001 -0.000001 0.000000 -1.000000 -29.725998 -23.628426 0.000019 5.758925 2.500000 2.500000 30093.dat
9 0 -1.000000 0.000000 0.000001 0.000000 1.000000 0.000000 -0.000001 0.000000 -1.000000 4.154375 -26.523251 -0.000003 2.500000 18.273174 2.500000 30093.dat
9 0 -1.000000 0.000000 0.000001 0.000000 1.000000 0.000000 -0.000001 0.000000 -1.000000 0.283925 -18.195875 -0.000000 6.370425 9.945874 2.500000 30093.dat
9 0 -0.724014 0.689785 0.000000 0.689785 0.724014 -0.000000 -0.000001 0.000000 -1.000000 -9.809500 -35.375751 0.000006 2.500000 9.945874 2.500000 30093.dat
9 0 -0.944316 -0.329039 0.000001 -0.329039 0.944316 0.000000 -0.000001 0.000000 -1.000000 -13.021475 -51.828499 0.000008 2.500000 9.945874 2.500000 30093.dat
9 0 -1.000000 0.000000 0.000001 0.000000 1.000000 0.000000 -0.000001 0.000000 -1.000000 -10.107050 -67.670502 0.000006 2.500000 9.945874 2.500000 30093.dat
9 0 -0.770985 -0.636853 0.000000 -0.636853 0.770985 0.000000 -0.000001 0.000000 -1.000000 10.447149 -50.780251 -0.000007 2.500000 9.945874 2.500000 30093.dat
9 0 -0.940913 0.338648 0.000001 0.338648 0.940913 -0.000000 -0.000001 0.000000 -1.000000 13.152125 -67.227249 -0.000008 2.500000 9.945874 2.500000 30093.dat
9 0 -1.000000 0.000000 0.000001 0.000000 1.000000 0.000000 -0.000001 0.000000 -1.000000 10.154575 -88.419746 -0.000006 2.500000 12.463125 2.500000 30093.dat
9 0 -0.652775 -0.757552 0.000000 -0.757552 0.652775 0.000000 -0.000001 0.000000 -1.000000 7.456925 -18.518375 -0.000005 2.500000 6.354325 2.500000 30093.dat
9 0 0.000000 -1.000000 -0.000000 -1.000000 -0.000000 0.000001 -0.000001 0.000000 -1.000000 18.104525 -22.201601 -0.000011 2.500000 6.991900 2.500000 30093.dat
9 0 -0.463062 -0.886326 0.000000 -0.886326 0.463062 0.000001 -0.000001 0.000000 -1.000000 28.760000 -24.812500 -0.000018 2.500000 6.085200 2.500000 30093.dat
9 0 -0.964779 -0.263061 0.000001 -0.263061 0.964779 0.000000 -0.000001 0.000000 -1.000000 34.862251 -32.263500 -0.000022 2.500000 6.085200 2.500000 30093.dat
9 0 -0.851674 0.524073 0.000001 0.524073 0.851674 -0.000000 -0.000001 0.000000 -1.000000 33.290501 -41.771252 -0.000021 2.500000 6.085200 2.500000 30093.dat
9 0 -1.000000 0.000000 0.000001 0.000000 1.000000 0.000000 -0.000001 0.000000 -1.000000 30.258501 -53.517254 -0.000019 2.500000 7.519450 2.500000 30093.dat
9 0 -1.000000 0.000000 0.000001 0.000000 1.000000 0.000000 -0.000001 0.000000 -1.000000 0.000000 -4.000000 0.000000 5.450775 3.750000 5.450775 30093.dat
10 0 -39.585251 -8.000000 -8.125000 34.024998 104.024994 8.125000 30093.dat
2 22 -1.000000 0.000000 0.000001 0.000000 1.000000 0.000000 -0.000001 0.000000 -1.000000 9.999994 8.000000 -10.000006 2 2 29:0:0,29:0:0,29:0:0,29:0:0,9:4:32,29:0:0,29:0:0,29:0:0,29:0:0, 30093.dat
0 7 0.000001 -0.000000 1.000000 -0.000000 -1.000000 -0.000000 1.000000 -0.000000 -0.000001 0.000000 0.000000 0.000000 1 0 0.320000 0 0 30093.dat
0 7 0.000001 -0.000000 1.000000 -0.000000 -1.000000 -0.000000 1.000000 -0.000000 -0.000001 -30.000002 -28.000000 0.000019 0 1 0.255590 0 0 30093.dat
0 7 0.000001 -0.000000 1.000000 -0.000000 -1.000000 -0.000000 1.000000 -0.000000 -0.000001 -10.000000 -76.000000 0.000006 0 0 0.665936 0 0 30093.dat
0 7 0.000001 -0.000000 1.000000 -0.000000 -1.000000 -0.000000 1.000000 -0.000000 -0.000001 10.000000 -100.000000 -0.000006 0 0 1.029410 0 0 30093.dat
0 7 0.000001 -0.000000 1.000000 -0.000000 -1.000000 -0.000000 1.000000 -0.000000 -0.000001 30.000002 -60.000004 -0.000019 0 0 0.460554 0 0 30093.dat
0 7 0.000001 0.000000 1.000000 -1.000000 -0.000000 0.000001 0.000000 -1.000000 0.000000 15.970924 -22.869276 -0.000010 0 0 0.320000 0 0 30093.dat
0 7 0.000001 0.000000 1.000000 -1.000000 -0.000000 0.000001 0.000000 -1.000000 0.000000 -21.275225 -14.380126 0.000013 0 0 0.480000 0 0 30093.dat
