9 0 -0.707106 0.707107 -0.000001 0.000001 -0.000000 -1.000000 -0.707107 -0.707106 -0.000000 -39.986752 1.800000 -0.025000 2.722925 37.465000 1.805375 30094.dat
9 0 -0.000000 0.707106 -0.707107 1.000000 -0.000000 -0.000000 -0.000000 -0.707107 -0.707106 0.000000 1.800000 -40.011749 2.722925 37.465000 1.805375 30094.dat
9 0 0.707108 0.707105 0.000000 0.000000 -0.000000 1.000000 0.707105 -0.707108 -0.000000 39.986500 1.799800 -0.148750 2.722950 37.465000 1.805375 30094.dat
9 0 0.000000 0.707106 0.707107 -1.000000 0.000000 0.000000 -0.000000 -0.707107 0.707106 -0.000025 1.800000 39.961750 2.722950 37.465000 1.805375 30094.dat
9 0 -1.000000 -0.000000 -0.000000 0.000000 0.000000 -1.000000 0.000000 -1.000000 0.000000 -13.062501 3.987500 -0.025000 6.687500 19.750000 3.737500 30094.dat
9 0 -0.000000 0.000000 -1.000000 1.000000 -0.000000 0.000000 -0.000000 -1.000000 -0.000000 13.062501 3.987500 -0.025000 19.750000 6.687500 3.737500 30094.dat
9 0 -1.000000 -0.000000 -0.000000 0.000000 0.000000 -1.000000 0.000000 -1.000000 0.000000 0.000000 3.987500 -13.087501 19.750000 6.687500 3.737500 30094.dat
9 0 -0.000000 -0.000000 1.000000 -1.000000 -0.000000 0.000000 0.000000 -1.000000 -0.000000 0.000000 3.987500 13.037499 6.687500 19.750000 3.737500 30094.dat
9 0 -1.000000 -0.000000 -0.000000 0.000000 0.000000 -1.000000 0.000000 -1.000000 0.000000 0.000000 3.987500 25.168749 2.500000 18.818775 3.737500 30094.dat
9 0 -0.000000 0.000000 -1.000000 1.000000 -0.000000 0.000000 -0.000000 -1.000000 -0.000000 25.078253 3.987500 -0.025000 2.500000 18.703325 3.737500 30094.dat
9 0 -0.707106 0.000001 -0.707107 0.707107 -0.000000 -0.707106 -0.000001 -1.000000 -0.000000 -21.867874 3.987500 21.843000 2.500000 24.753826 3.737500 30094.dat
9 0 -0.707106 -0.000001 0.707107 -0.707107 -0.000000 -0.707106 0.000001 -1.000000 -0.000000 21.836752 3.987500 21.811501 2.500000 24.798025 3.737500 30094.dat
9 0 -1.000000 -0.000000 -0.000000 0.000000 0.000000 -1.000000 0.000000 -1.000000 0.000000 0.000000 3.987500 -25.103325 2.500000 18.703325 3.737500 30094.dat
9 0 0.000000 -0.000000 -1.000000 1.000000 0.000000 0.000000 0.000000 -1.000000 0.000000 -25.193775 3.987500 -0.025000 2.500000 18.818775 3.737500 30094.dat
9 0 -0.707106 0.000001 -0.707107 0.707107 -0.000000 -0.707106 -0.000001 -1.000000 -0.000000 22.094500 3.987500 -22.119526 2.500000 24.371376 3.737500 30094.dat
9 0 -0.707106 -0.000001 0.707107 -0.707107 -0.000000 -0.707106 0.000001 -1.000000 -0.000000 -21.845999 3.987500 -21.871000 2.500000 24.722876 3.737500 30094.dat
10 0 -36.224998 0.000000 -56.199997 56.225002 12.450000 36.250000 30094.dat
3 23 1.000000 0.000000 0.000000 0.000000 1.000000 0.000000 0.000000 0.000000 1.000000 -20.000000 0.000000 20.000002 4 4 29:0:1,23:4:1,29:0:1,23:4:1,29:0:1,23:4:1,0:4:0,23:4:1,0:4:0,23:4:1,29:0:1,23:4:1,18:4:1,23:4:1,29:0:1,23:4:1,0:4:0,23:4:1,0:4:0,23:4:1,29:0:1,23:4:1,29:0:1,23:4:1,29:0:1, 30094.dat
2 22 1.000000 0.000000 0.000000 0.000000 1.000000 0.000000 0.000000 0.000000 1.000000 -20.000000 8.000000 20.000002 4 4 22:2:1,22:2:1,22:2:1,22:2:1,22:2:1,22:2:1,15:4:2,23:4:1,15:4:2,22:2:1,22:2:1,23:4:1,7:4:0,23:4:1,22:2:1,22:2:1,15:4:2,23:4:1,15:4:2,22:2:1,22:2:1,22:2:1,22:2:1,22:2:1,22:2:1, 30094.dat
0 4 -0.000000 0.000000 1.000000 0.000000 1.000000 0.000000 -1.000000 0.000000 -0.000000 0.000000 2.750000 0.000000 0 0 0.110000 0 0 30094.dat
0 7 -0.000000 1.000000 -0.000000 0.000000 -0.000000 -1.000000 -1.000000 0.000000 -0.000000 39.974998 1.825000 -31.878502 1 1 1.164140 0 1 30094.dat
0 7 -0.000000 1.000000 -0.000000 0.000000 -0.000000 -1.000000 -1.000000 0.000000 -0.000000 39.974998 1.825000 2.725000 1 1 1.169070 0 1 30094.dat
0 7 0.000000 1.000000 0.000000 1.000000 0.000000 -0.000000 -0.000000 0.000000 -1.000000 31.976751 1.825000 39.950001 1 1 1.169070 0 1 30094.dat
0 7 0.000000 1.000000 0.000000 1.000000 0.000000 -0.000000 -0.000000 0.000000 -1.000000 -2.750000 1.825000 39.950001 1 1 1.185020 0 1 30094.dat
0 7 -0.000000 1.000000 0.000000 0.000000 -0.000000 1.000000 1.000000 0.000000 -0.000000 -39.974998 1.825000 31.053251 1 1 1.133130 0 1 30094.dat
0 7 -0.000000 1.000000 0.000000 0.000000 -0.000000 1.000000 1.000000 0.000000 -0.000000 -39.974998 1.825000 -2.775000 1 1 1.164140 0 1 30094.dat
0 7 -0.000000 1.000000 0.000000 -1.000000 -0.000000 0.000000 0.000000 0.000000 1.000000 -33.500000 1.800000 -40.000000 1 1 1.230000 0 1 30094.dat
0 7 -0.000000 1.000000 0.000000 -1.000000 -0.000000 0.000000 0.000000 0.000000 1.000000 2.750000 1.800000 -40.000000 1 1 1.164140 0 1 30094.dat
