9 0 1.000000 -0.000000 0.000000 -0.000000 0.000000 1.000000 -0.000000 -1.000000 -0.000000 60.000004 91.999992 -0.000007 29.750002 9.750000 3.750000 30099.dat
9 0 1.000000 -0.000000 0.000000 -0.000000 0.000000 1.000000 -0.000000 -1.000000 -0.000000 50.000000 86.729393 -0.000010 19.750000 9.750000 9.020599 30099.dat
9 0 1.000000 -0.000000 0.000000 -0.000000 0.000000 1.000000 -0.000000 -1.000000 -0.000000 19.999998 62.729500 -0.000020 9.750000 9.750000 9.020599 30099.dat
9 0 1.000000 -0.000000 0.000000 -0.000000 0.000000 1.000000 -0.000000 -1.000000 -0.000000 0.000000 23.999994 -0.000026 9.750000 9.750000 23.750000 30099.dat
9 0 0.882175 0.470921 -0.000000 0.000000 0.000000 1.000000 0.470921 -0.882175 -0.000000 50.135506 78.269623 -0.000010 16.661325 9.750000 8.089225 30099.dat
9 0 0.681972 0.731378 0.000001 -0.000001 -0.000000 1.000000 0.731378 -0.681972 0.000000 25.502754 56.098248 -0.000018 16.661301 9.750000 5.172100 30099.dat
9 0 0.381311 0.924447 0.000000 -0.000000 -0.000000 1.000000 0.924447 -0.381311 0.000000 11.137003 32.776749 -0.000022 16.661301 9.750000 5.172100 30099.dat
10 0 -10.000000 0.000000 -10.000000 90.000000 100.450005 10.000000 30099.dat
3 23 -1.000000 0.000000 -0.000000 0.000000 1.000000 0.000000 0.000000 0.000000 -1.000000 90.000000 88.000000 -9.999997 2 2 18:1:1,23:4:1,29:0:1,23:4:1,0:4:1,23:4:1,18:1:1,23:4:1,29:0:1, 30099.dat
3 23 -1.000000 0.000000 -0.000000 0.000000 1.000000 0.000000 0.000000 0.000000 -1.000000 10.000009 0.000000 -10.000023 2 2 29:0:1,23:4:1,18:1:1,23:4:1,0:4:1,23:4:1,29:0:1,23:4:1,18:1:1, 30099.dat
2 22 -1.000000 0.000000 -0.000000 0.000000 1.000000 0.000000 0.000000 0.000000 -1.000000 90.000000 96.000000 -9.999997 2 6 22:1:1,22:2:1,22:2:1,22:2:1,22:2:1,22:2:1,22:1:1,22:2:1,15:4:1,9:4:1,15:4:1,10:4:1,15:4:1,22:2:1,22:1:1,22:2:1,22:2:1,22:2:1,22:2:1,22:2:1,22:1:1, 30099.dat
2 22 -1.000000 0.000000 -0.000000 0.000000 1.000000 0.000000 0.000000 0.000000 -1.000000 30.000004 72.000000 -10.000016 2 2 22:1:1,22:2:1,22:1:1,22:2:1,15:4:1,22:2:1,22:1:1,22:2:1,22:1:1, 30099.dat
2 22 -1.000000 0.000000 -0.000000 0.000000 1.000000 0.000000 0.000000 0.000000 -1.000000 10.000009 48.000000 -10.000023 2 2 22:1:1,22:2:1,22:1:1,22:2:1,15:4:1,22:2:1,22:1:1,22:2:1,22:1:1, 30099.dat
