9 0 1.000000 0.000000 0.000000 0.000000 1.000000 0.000000 0.000000 0.000000 1.000000 8.062500 25.875000 0.000000 1.687500 25.625000 5.250000 30092.dat
9 0 1.000000 0.000000 0.000000 0.000000 1.000000 0.000000 0.000000 0.000000 1.000000 0.000000 16.250000 -6.125000 7.250000 16.000000 1.625000 30092.dat
9 0 1.000000 0.000000 0.000000 0.000000 1.000000 0.000000 0.000000 0.000000 1.000000 6.812500 25.875000 0.000000 0.437500 25.625000 7.750000 30092.dat
9 0 1.000000 0.000000 0.000000 0.000000 1.000000 0.000000 0.000000 0.000000 1.000000 -6.812500 25.875000 0.000000 0.437500 25.625000 7.750000 30092.dat
9 0 1.000000 0.000000 0.000000 0.000000 1.000000 0.000000 0.000000 0.000000 1.000000 -8.062500 25.875000 0.000000 1.687500 25.625000 5.250000 30092.dat
9 0 0.993568 0.000000 -0.113234 0.000000 1.000000 0.000000 0.113234 0.000000 0.993568 -20.000900 18.000000 -8.007925 2.586400 9.750000 2.578425 30092.dat
9 0 0.780755 0.000000 0.624837 0.000000 1.000000 0.000000 -0.624837 0.000000 0.780755 -13.747725 9.875000 -3.003325 7.752875 1.625000 3.755475 30092.dat
9 0 0.780755 0.000000 0.624837 0.000000 1.000000 0.000000 -0.624837 0.000000 0.780755 -13.747725 26.124998 -3.003325 7.752875 1.625000 3.755475 30092.dat
9 0 1.000000 0.000000 0.000000 0.000000 0.866243 0.499624 0.000000 -0.499624 0.866243 0.000000 42.529999 11.967501 1.000000 11.750000 2.091125 30092.dat
9 0 0.000000 0.000000 1.000000 -0.499623 0.866243 0.000000 -0.866243 -0.499623 0.000000 -11.924275 42.555000 0.425000 1.000000 11.750000 2.141025 30092.dat
9 0 -1.000000 -0.000000 -0.000000 0.000000 0.866243 -0.499623 0.000000 -0.499623 -0.866243 0.000000 43.205750 -12.072225 1.425000 11.750000 1.970250 30092.dat
9 0 0.000000 -0.000000 -1.000000 0.499623 0.866243 0.000000 0.866243 -0.499623 0.000000 11.901725 42.568001 0.425000 1.000000 11.750000 2.167050 30092.dat
9 0 1.000000 0.000000 0.000000 0.000000 1.000000 0.000000 0.000000 0.000000 1.000000 -18.062500 57.875000 0.000000 1.687500 5.875000 8.034275 30092.dat
9 0 0.707107 0.000000 0.707107 0.000000 1.000000 0.000000 -0.707107 0.000000 0.707107 -12.772125 57.875000 -12.772125 1.687500 5.875000 8.034275 30092.dat
9 0 -0.000000 0.000000 1.000000 0.000000 1.000000 0.000000 -1.000000 0.000000 -0.000000 0.000000 57.875000 -18.062500 1.687500 5.875000 8.034275 30092.dat
9 0 -0.707107 0.000000 0.707107 0.000000 1.000000 0.000000 -0.707107 0.000000 -0.707107 12.772125 57.875000 -12.772125 1.687500 5.875000 8.034275 30092.dat
9 0 -1.000000 0.000000 -0.000000 0.000000 1.000000 0.000000 0.000000 0.000000 -1.000000 18.062500 57.875000 0.000000 1.687500 5.875000 8.034275 30092.dat
9 0 -0.707107 0.000000 -0.707107 0.000000 1.000000 0.000000 0.707107 0.000000 -0.707107 12.772125 57.875000 12.772125 1.687500 5.875000 8.034275 30092.dat
9 0 -0.000000 0.000000 -1.000000 0.000000 1.000000 0.000000 1.000000 0.000000 -0.000000 0.000000 57.875000 18.062500 1.687500 5.875000 8.034275 30092.dat
9 0 0.707107 0.000000 -0.707107 0.000000 1.000000 0.000000 0.707107 0.000000 0.707107 -12.772125 57.875000 12.772125 1.687500 5.875000 8.034275 30092.dat
9 0 1.000000 0.000000 0.000000 0.000000 1.000000 0.000000 0.000000 0.000000 1.000000 0.000000 55.374996 12.773625 1.000000 3.375000 6.976375 30092.dat
9 0 0.707107 0.000000 0.707107 0.000000 1.000000 0.000000 -0.707107 0.000000 0.707107 -9.032300 55.374996 9.032325 1.000000 3.375000 6.976375 30092.dat
9 0 -0.000000 0.000000 1.000000 0.000000 1.000000 0.000000 -1.000000 0.000000 -0.000000 -12.773625 55.374996 0.000000 1.000000 3.375000 6.976375 30092.dat
9 0 -0.707107 0.000000 0.707107 0.000000 1.000000 0.000000 -0.707107 0.000000 -0.707107 -9.032325 55.374996 -9.032300 1.000000 3.375000 6.976375 30092.dat
9 0 -1.000000 0.000000 -0.000000 0.000000 1.000000 0.000000 0.000000 0.000000 -1.000000 0.000000 55.374996 -12.773625 1.000000 3.375000 6.976375 30092.dat
9 0 -0.707107 0.000000 -0.707107 0.000000 1.000000 0.000000 0.707107 0.000000 -0.707107 9.032300 55.374996 -9.032325 1.000000 3.375000 6.976375 30092.dat
9 0 -0.000000 0.000000 -1.000000 0.000000 1.000000 0.000000 1.000000 0.000000 -0.000000 12.773625 55.374996 0.000000 1.000000 3.375000 6.976375 30092.dat
9 0 0.707107 0.000000 -0.707107 0.000000 1.000000 0.000000 0.707107 0.000000 0.707107 9.032325 55.374996 9.032300 1.000000 3.375000 6.976375 30092.dat
9 0 -0.993568 0.000000 -0.113234 0.000000 1.000000 0.000000 0.113234 0.000000 -0.993568 20.000900 18.000000 -8.007925 2.586400 9.750000 2.578425 30092.dat
9 0 -0.780755 0.000000 0.624837 0.000000 1.000000 0.000000 -0.624837 0.000000 -0.780755 13.747725 9.875000 -3.003325 7.752875 1.625000 3.755475 30092.dat
9 0 -0.780755 0.000000 0.624837 0.000000 1.000000 0.000000 -0.624837 0.000000 -0.780755 13.747725 26.124998 -3.003325 7.752875 1.625000 3.755475 30092.dat
9 0 -0.707108 -0.707106 -0.000000 -0.707106 0.707108 -0.000000 0.000000 0.000000 -1.000000 -4.886000 15.740199 -1.397125 0.685725 2.188600 3.897125 30092.dat
9 0 0.707107 -0.707107 0.000000 0.707107 0.707107 0.000000 0.000000 0.000000 1.000000 4.886000 15.740199 -1.397125 0.685725 2.188600 3.897125 30092.dat
9 0 -0.707107 0.707107 0.000000 -0.707107 -0.707107 0.000000 0.000000 0.000000 1.000000 -4.886000 19.859900 -1.397125 0.685725 2.188600 3.897125 30092.dat
9 0 0.707108 0.707106 0.000000 0.707106 -0.707108 -0.000000 -0.000000 0.000000 -1.000000 4.886000 19.859900 -1.397125 0.685725 2.188600 3.897125 30092.dat
10 0 -23.954401 -64.000000 -20.000000 23.954401 4.450000 20.000000 30092.dat
3 23 1.000000 0.000000 0.000000 0.000000 1.000000 0.000000 0.000000 0.000000 1.000000 -10.000000 0.000000 10.000000 2 2 29:0:0,29:0:0,29:0:0,29:0:0,1:4:32,29:0:0,29:0:0,29:0:0,29:0:0, 30092.dat
0 6 -0.000000 0.000000 -1.000000 0.000000 1.000000 0.000000 1.000000 0.000000 -0.000000 0.000000 64.000000 0.000000 0 0 1.260000 0 0 30092.dat
2 22 1.000000 0.000000 0.000000 0.000000 -0.000000 1.000000 0.000000 -1.000000 -0.000000 -10.000000 7.800000 8.284275 2 2 29:0:0,29:0:0,29:0:0,29:0:0,15:4:32,29:0:0,29:0:0,29:0:0,29:0:0, 30092.dat
0 6 -0.000000 1.000000 0.000000 0.000000 -0.000000 1.000000 1.000000 0.000000 -0.000000 0.000000 17.800001 2.750000 0 0 0.280000 0 0 30092.dat
0 7 0.000000 -0.000000 -1.000000 0.000000 -1.000000 0.000000 -1.000000 -0.000000 0.000000 -20.000000 8.000000 -8.000000 0 0 0.800000 0 0 30092.dat
0 7 0.000000 -0.000000 -1.000000 0.000000 -1.000000 0.000000 -1.000000 -0.000000 0.000000 20.000000 8.000000 -8.000000 0 0 0.800000 0 0 30092.dat
3 23 1.000000 0.000000 0.000000 0.000000 -1.000000 -0.000000 0.000000 0.000000 -1.000000 -10.000000 58.999996 -10.000000 2 2 29:0:0,29:0:0,29:0:0,29:0:0,1:4:32,29:0:0,29:0:0,29:0:0,29:0:0, 30092.dat
