9 0 1.000000 0.000000 0.000000 0.000000 1.000000 0.000000 0.000000 0.000000 1.000000 0.283300 -26.699001 0.232375 6.579375 13.698976 9.012700 30103.dat
9 0 0.707107 -0.707107 0.000000 0.707107 0.707107 0.000000 0.000000 0.000000 1.000000 17.694475 -20.726774 0.320925 14.747450 6.133375 1.787925 30103.dat
9 0 0.707108 0.707106 0.000000 0.707106 -0.707108 -0.000000 -0.000000 0.000000 -1.000000 -18.074375 -20.853149 -0.028550 14.043975 6.134075 1.787925 30103.dat
9 0 -0.000000 0.000000 1.000000 0.000000 1.000000 0.000000 -1.000000 0.000000 -0.000000 -0.012700 -6.375000 6.712950 0.205225 6.125000 3.525725 30103.dat
9 0 0.866025 0.000000 0.500000 0.000000 1.000000 0.000000 -0.500000 0.000000 0.866025 5.692300 -6.375000 3.433825 0.205225 6.125000 3.525725 30103.dat
9 0 0.866025 0.000000 -0.500000 0.000000 1.000000 0.000000 0.500000 0.000000 0.866025 5.705000 -6.375000 -3.146400 0.205225 6.125000 3.525725 30103.dat
9 0 -0.000000 0.000000 -1.000000 0.000000 1.000000 0.000000 1.000000 0.000000 -0.000000 0.012700 -6.375000 -6.447500 0.205225 6.125000 3.525725 30103.dat
9 0 -0.866025 0.000000 -0.500000 0.000000 1.000000 0.000000 0.500000 0.000000 -0.866025 -5.692300 -6.375000 -3.168400 0.205225 6.125000 3.525725 30103.dat
9 0 -0.866025 0.000000 0.500000 0.000000 1.000000 0.000000 -0.500000 0.000000 -0.866025 -5.705000 -6.375000 3.411825 0.205225 6.125000 3.525725 30103.dat
10 0 -32.342499 0.000000 -9.971775 32.459499 40.627499 9.441675 30103.dat
2 22 1.000000 0.000000 0.000000 0.000000 1.000000 0.000000 0.000000 0.000000 1.000000 -10.000000 0.000000 10.000000 2 2 29:0:0,29:0:0,29:0:0,29:0:0,15:4:32,29:0:0,29:0:0,29:0:0,29:0:0, 30103.dat
0 6 -0.000000 0.000000 1.000000 0.000000 1.000000 0.000000 -1.000000 0.000000 -0.000000 0.000000 -5.250000 0.000000 0 1 0.300000 0 0 30103.dat
