9 0 0.000000 -1.000000 -0.000000 -1.000000 -0.000000 0.000001 -0.000001 0.000000 -1.000000 0.000094 1.525775 149.806000 1.250000 5.158675 142.350494 30104.dat
9 0 -1.000000 0.000000 0.000001 0.000000 1.000000 0.000000 -0.000001 0.000000 -1.000000 0.000094 1.525775 149.899994 1.250000 5.325000 135.355240 30104.dat
9 0 -1.000000 0.000000 0.000001 0.000000 1.000000 0.000000 -0.000001 0.000000 -1.000000 6.637500 4.000000 -0.000004 0.137500 3.750000 3.986675 30104.dat
9 0 -0.500001 0.000000 -0.866025 0.000000 1.000000 0.000000 0.866025 0.000000 -0.500001 3.318754 4.000000 5.748248 0.137500 3.750000 3.986675 30104.dat
9 0 0.500000 0.000000 -0.866026 0.000000 1.000000 0.000000 0.866026 0.000000 0.500000 -3.318746 4.000000 5.748252 0.137500 3.750000 3.986675 30104.dat
9 0 -0.499999 0.000000 0.866026 0.000000 1.000000 0.000000 -0.866026 0.000000 -0.499999 3.318746 4.000000 -5.748252 0.137500 3.750000 3.986675 30104.dat
9 0 0.500001 0.000000 0.866025 0.000000 1.000000 0.000000 -0.866025 0.000000 0.500001 -3.318754 4.000000 -5.748248 0.137500 3.750000 3.986675 30104.dat
9 0 1.000000 0.000000 -0.000001 0.000000 1.000000 0.000000 0.000001 0.000000 1.000000 -6.637500 4.000000 0.000004 0.137500 3.750000 3.986675 30104.dat
9 0 -1.000000 0.000000 0.000001 0.000000 1.000000 0.000000 -0.000001 0.000000 -1.000000 6.637689 4.000000 300.000000 0.137500 3.750000 3.986675 30104.dat
9 0 -0.500001 0.000000 -0.866025 0.000000 1.000000 0.000000 0.866025 0.000000 -0.500001 3.318942 4.000000 305.748260 0.137500 3.750000 3.986675 30104.dat
9 0 0.500000 0.000000 -0.866026 0.000000 1.000000 0.000000 0.866026 0.000000 0.500000 -3.318558 4.000000 305.748260 0.137500 3.750000 3.986675 30104.dat
9 0 -0.499999 0.000000 0.866026 0.000000 1.000000 0.000000 -0.866026 0.000000 -0.499999 3.318935 4.000000 294.251740 0.137500 3.750000 3.986675 30104.dat
9 0 0.500001 0.000000 0.866025 0.000000 1.000000 0.000000 -0.866025 0.000000 0.500001 -3.318565 4.000000 294.251740 0.137500 3.750000 3.986675 30104.dat
9 0 1.000000 0.000000 -0.000001 0.000000 1.000000 0.000000 0.000001 0.000000 1.000000 -6.637312 4.000000 300.000000 0.137500 3.750000 3.986675 30104.dat
10 0 -8.250000 0.000000 -8.250000 8.250000 12.450000 308.250000 30104.dat
3 23 -1.000000 0.000000 0.000001 0.000000 1.000000 0.000000 -0.000001 0.000000 -1.000000 9.999994 0.000000 -10.000006 2 2 29:0:0,29:0:0,29:0:0,29:0:0,1:4:36,29:0:0,29:0:0,29:0:0,29:0:0, 30104.dat
3 23 -1.000000 0.000000 0.000001 0.000000 1.000000 0.000000 -0.000001 0.000000 -1.000000 10.000182 0.000000 290.000000 2 2 29:0:0,29:0:0,29:0:0,29:0:0,1:4:36,29:0:0,29:0:0,29:0:0,29:0:0, 30104.dat
2 22 -1.000000 0.000000 0.000001 0.000000 1.000000 0.000000 -0.000001 0.000000 -1.000000 9.999994 8.000000 -10.000006 2 2 29:0:0,29:0:0,29:0:0,29:0:0,5:4:32,29:0:0,29:0:0,29:0:0,29:0:0, 30104.dat
2 22 -1.000000 0.000000 0.000001 0.000000 1.000000 0.000000 -0.000001 0.000000 -1.000000 10.000182 8.000000 290.000000 2 2 29:0:0,29:0:0,29:0:0,29:0:0,5:4:32,29:0:0,29:0:0,29:0:0,29:0:0, 30104.dat
0 6 -0.000001 0.000000 -1.000000 0.000000 1.000000 0.000000 1.000000 0.000000 -0.000001 0.000000 2.750000 0.000000 0 0 0.288000 0 0 30104.dat
0 6 -0.000001 0.000000 -1.000000 0.000000 1.000000 0.000000 1.000000 0.000000 -0.000001 0.000188 2.750000 300.000000 0 0 0.288000 0 0 30104.dat
