9 0 0.707107 0.000000 0.707107 0.000000 1.000000 0.000000 -0.707107 0.000000 0.707107 0.000000 -33.036499 0.000000 9.016274 0.962225 9.016274 30106.dat
9 0 0.965926 0.000000 -0.258819 0.000000 1.000000 0.000000 0.258819 0.000000 0.965926 -17.231325 4.000000 4.478250 1.300575 3.750000 4.792250 30106.dat
9 0 0.965926 0.000000 0.258819 0.000000 1.000000 0.000000 -0.258819 0.000000 0.965926 -17.231325 4.000000 -4.459975 1.300575 3.750000 4.792250 30106.dat
9 0 0.258819 0.000000 0.965926 0.000000 1.000000 0.000000 -0.965926 0.000000 0.258819 -4.478250 4.000000 -17.231325 1.300575 3.750000 4.792250 30106.dat
9 0 -0.258819 0.000000 0.965926 0.000000 1.000000 0.000000 -0.965926 0.000000 -0.258819 4.459975 4.000000 -17.231325 1.300575 3.750000 4.792250 30106.dat
9 0 -0.965926 0.000000 0.258819 0.000000 1.000000 0.000000 -0.258819 0.000000 -0.965926 17.231251 4.000000 -4.478250 1.300575 3.750000 4.792250 30106.dat
9 0 -0.965926 0.000000 -0.258819 0.000000 1.000000 0.000000 0.258819 0.000000 -0.965926 17.231251 4.000000 4.459975 1.300575 3.750000 4.792250 30106.dat
9 0 -0.258819 0.000000 -0.965926 0.000000 1.000000 0.000000 0.965926 0.000000 -0.258819 4.478250 4.000000 17.231251 1.300575 3.750000 4.792250 30106.dat
9 0 0.258819 0.000000 -0.965926 0.000000 1.000000 0.000000 0.965926 0.000000 0.258819 -4.459975 4.000000 17.231251 1.300575 3.750000 4.792250 30106.dat
9 0 1.000000 0.000000 0.000000 0.000000 1.000000 0.000000 0.000000 0.000000 1.000000 0.000000 -17.597752 -15.614975 7.863475 10.566800 2.422400 30106.dat
9 0 0.500000 0.000000 0.866025 0.000000 1.000000 0.000000 -0.866025 0.000000 0.500000 13.522974 -17.597752 -7.807475 7.863475 10.566800 2.422400 30106.dat
9 0 -0.500000 0.000000 0.866025 0.000000 1.000000 0.000000 -0.866025 0.000000 -0.500000 13.522974 -17.597752 7.807500 7.863475 10.566800 2.422400 30106.dat
9 0 -1.000000 0.000000 -0.000000 0.000000 1.000000 0.000000 0.000000 0.000000 -1.000000 0.000000 -17.597752 15.615002 7.863475 10.566800 2.422400 30106.dat
9 0 -0.500000 0.000000 -0.866025 0.000000 1.000000 0.000000 0.866025 0.000000 -0.500000 -13.522975 -17.597752 7.807500 7.863475 10.566800 2.422400 30106.dat
9 0 0.500000 0.000000 -0.866025 0.000000 1.000000 0.000000 0.866025 0.000000 0.500000 -13.522975 -17.597752 -7.807475 7.863475 10.566800 2.422400 30106.dat
10 0 -10.000000 -0.072100 -30.000002 30.000002 45.000000 10.000000 30106.dat
2 22 1.000000 0.000000 0.000000 0.000000 1.000000 0.000000 0.000000 0.000000 1.000000 -20.000000 8.000000 20.000002 4 4 29:0:1,22:2:1,22:2:1,22:2:1,29:0:1,22:2:1,15:4:0,29:0:1,15:4:0,22:2:1,22:2:1,29:0:1,29:0:1,29:0:1,22:2:1,22:2:1,15:4:0,29:0:1,15:4:0,22:2:1,29:0:1,22:2:1,22:2:1,22:2:1,29:0:1, 30106.dat
