9 0 1.000000 0.000000 0.000000 0.000000 1.000000 0.000000 0.000000 0.000000 1.000000 0.074900 10.950000 -14.889875 7.197975 11.500000 1.360125 30105.dat
9 0 0.707107 0.000000 0.707107 0.000000 1.000000 0.000000 -0.707107 0.000000 0.707107 10.202425 8.649175 -10.089399 7.197975 9.199175 0.774925 30105.dat
9 0 -0.707107 0.000000 0.707107 0.000000 1.000000 0.000000 -0.707107 0.000000 -0.707107 10.167750 10.700000 10.180000 7.197975 11.250000 0.774925 30105.dat
9 0 -1.000000 0.000000 -0.000000 0.000000 1.000000 0.000000 0.000000 0.000000 -1.000000 0.025850 10.950000 14.917825 7.197975 11.500000 1.332175 30105.dat
9 0 -0.707107 0.000000 -0.707107 0.000000 1.000000 0.000000 0.707107 0.000000 -0.707107 -10.101650 10.700000 10.145300 7.197975 11.250000 0.774925 30105.dat
9 0 0.707107 0.000000 -0.707107 0.000000 1.000000 0.000000 0.707107 0.000000 0.707107 -10.066975 8.649175 -10.124075 7.197975 9.199175 0.774925 30105.dat
9 0 1.000000 0.000000 0.000000 0.000000 1.000000 0.000000 0.000000 0.000000 1.000000 0.000000 -5.250000 0.000000 13.024224 2.500000 14.334200 30105.dat
9 0 1.000000 0.000000 0.000000 0.000000 1.000000 0.000000 0.000000 0.000000 1.000000 25.629000 4.459600 0.000000 10.370650 12.256675 1.975000 30105.dat
9 0 1.000000 0.000000 0.000000 0.000000 1.000000 0.000000 0.000000 0.000000 1.000000 -25.629000 4.459600 0.000000 10.370650 12.256675 1.975000 30105.dat
10 0 -36.249500 -22.700001 -16.500000 36.249500 12.450000 16.500000 30105.dat
3 23 1.000000 0.000000 0.000000 0.000000 1.000000 0.000000 0.000000 0.000000 1.000000 -10.000000 -8.000000 10.000000 2 2 29:0:0,29:0:0,29:0:0,29:0:0,1:4:32,29:0:0,29:0:0,29:0:0,29:0:0, 30105.dat
2 22 1.000000 0.000000 0.000000 0.000000 1.000000 0.000000 0.000000 0.000000 1.000000 -10.000000 0.000000 10.000000 2 2 29:0:0,29:0:0,29:0:0,29:0:0,15:4:34,29:0:0,29:0:0,29:0:0,29:0:0, 30105.dat
