9 0 0.000000 0.000000 1.000000 0.000000 1.000000 0.000000 -1.000000 0.000000 0.000000 0.000021 -14.624999 52.361012 9.888900 1.125000 22.250000 30118.dat
9 0 0.000000 0.000000 1.000000 0.000000 1.000000 0.000000 -1.000000 0.000000 0.000000 0.000024 -21.019001 61.250008 1.000000 7.519025 22.250000 30118.dat
9 0 0.000000 0.000000 1.000000 0.000000 1.000000 0.000000 -1.000000 0.000000 0.000000 0.000018 -10.625000 50.375008 9.375000 2.375000 19.750000 30118.dat
9 0 0.000000 -0.587854 0.808967 0.000000 0.808967 0.587854 -1.000000 0.000000 0.000000 0.000033 -48.470253 90.450264 35.496502 1.395925 16.000000 30118.dat
9 0 0.000000 -0.578686 0.815551 0.000000 0.815551 0.578686 -1.000000 0.000000 0.000000 -1.203737 -5.478950 29.446510 13.320250 0.820275 30.953751 30118.dat
9 0 -0.158158 -0.573691 0.803657 -0.000440 0.813942 0.580946 -0.987414 0.091528 -0.128983 28.118551 -30.953997 68.345245 63.630001 2.774675 1.504525 30118.dat
9 0 0.000000 0.000000 1.000000 0.000000 1.000000 0.000000 -1.000000 0.000000 0.000000 0.000045 -68.000000 130.000000 9.750000 3.750000 19.750000 30118.dat
9 0 0.000000 0.000000 1.000000 0.000000 1.000000 0.000000 -1.000000 0.000000 0.000000 0.000003 4.000000 -0.499991 19.250000 3.750000 39.750000 30118.dat
9 0 0.158159 -0.574974 0.802739 0.000000 0.812972 0.582303 -0.987414 -0.092096 0.128579 -28.136223 -31.033749 68.285767 63.630001 2.774675 1.485200 30118.dat
10 0 -10.000000 0.000000 -70.000000 150.000000 84.449997 10.000000 30118.dat
3 23 0.000000 0.000000 1.000000 0.000000 1.000000 0.000000 -1.000000 0.000000 0.000000 -40.000004 0.000000 -19.999977 8 4 18:1:1,23:4:1,18:2:1,23:4:1,18:1:1,23:4:1,0:4:1,23:4:1,0:4:1,23:4:1,18:2:1,23:4:1,18:4:1,23:4:1,18:2:1,23:4:1,0:4:1,23:4:1,0:4:1,23:4:1,18:2:1,23:4:1,18:4:1,23:4:1,18:2:1,23:4:1,0:4:1,23:4:1,0:4:1,23:4:1,18:2:1,23:4:1,18:4:1,23:4:1,18:2:1,23:4:1,0:4:1,23:4:1,0:4:1,23:4:1,18:1:1,23:4:1,18:2:1,23:4:1,18:1:1, 30118.dat
3 23 0.000000 0.000000 1.000000 0.000000 1.000000 0.000000 -1.000000 0.000000 0.000000 -19.999958 -72.000000 120.000008 4 2 18:1:1,23:4:1,18:1:1,23:4:1,0:4:1,23:4:1,18:2:1,23:4:1,18:2:1,23:4:1,0:4:1,23:4:1,18:1:1,23:4:1,18:1:1, 30118.dat
2 22 0.000000 0.000000 1.000000 0.000000 1.000000 0.000000 -1.000000 0.000000 0.000000 -40.000004 8.000000 -19.999977 8 4 22:1:1,22:2:1,22:2:1,22:2:1,22:1:1,22:2:1,15:4:1,23:4:1,15:4:1,22:2:1,22:2:1,23:4:1,7:4:1,23:4:1,22:2:1,22:2:1,15:4:1,23:4:1,15:4:1,22:2:1,22:2:1,23:4:1,7:4:1,23:4:1,22:2:1,22:2:1,15:4:1,23:4:1,15:4:1,22:2:1,22:2:1,23:4:1,7:4:1,23:4:1,22:2:1,22:2:1,15:4:1,23:4:1,15:4:1,22:2:1,22:1:1,22:2:1,22:2:1,22:2:1,22:1:1, 30118.dat
2 22 0.000000 0.000000 1.000000 0.000000 1.000000 0.000000 -1.000000 0.000000 0.000000 -19.999985 -8.000000 40.000019 4 2 22:1:1,22:2:1,22:1:1,22:2:1,15:4:1,22:2:1,22:2:1,9:4:1,22:2:1,22:2:1,15:4:1,22:2:1,22:1:1,22:2:1,22:1:1, 30118.dat
2 22 0.000000 0.000000 1.000000 0.000000 1.000000 0.000000 -1.000000 0.000000 0.000000 -19.999958 -64.000008 120.000008 4 2 22:1:1,22:2:1,22:1:1,22:2:1,15:4:1,22:2:1,22:2:1,9:4:1,22:2:1,22:2:1,15:4:1,22:2:1,22:1:1,22:2:1,22:1:1, 30118.dat
3 23 0.000000 0.000000 1.000000 0.000000 1.000000 0.000000 -1.000000 0.000000 0.000000 -19.999985 -16.000000 40.000019 4 2 18:1:1,23:4:1,18:1:1,23:4:1,1:4:0,23:4:1,18:2:1,23:4:1,18:2:1,23:4:1,1:4:0,23:4:1,18:1:1,23:4:1,18:1:1, 30118.dat
