9 0 0.573576 0.000000 -0.819152 0.000000 1.000000 0.000000 0.819152 0.000000 0.573576 -0.817274 -4.118500 -20.526749 11.929250 2.930700 3.272275 30115.dat
9 0 -0.707107 0.000000 -0.707107 0.000000 1.000000 0.000000 0.707107 0.000000 -0.707107 1.164675 -4.043475 1.098001 13.397625 1.399125 1.483550 30115.dat
9 0 0.766044 0.000000 -0.642788 0.000000 1.000000 0.000000 0.642788 0.000000 0.766044 0.975425 -4.516375 20.856499 13.534000 1.132500 1.374225 30115.dat
9 0 -0.707107 0.000000 -0.707107 0.000000 1.000000 0.000000 0.707107 0.000000 -0.707107 0.019100 -4.024800 39.834873 14.339725 1.028600 1.251275 30115.dat
9 0 0.603626 0.000000 -0.797268 0.000000 1.000000 0.000000 0.797268 0.000000 0.603626 3.022000 -4.331475 60.203373 9.887375 1.189325 1.432725 30115.dat
10 0 -20.665300 -4.000000 -12.839575 82.954254 4.255200 13.047125 30115.dat
0 7 0.000001 1.000000 -0.000000 -0.882947 0.000000 -0.469472 -0.469472 0.000000 0.882948 -3.314950 -4.100000 38.597801 0 0 0.400000 0 0 30115.dat
0 7 0.000000 1.000000 -0.000000 -0.891007 0.000000 0.453990 0.453990 0.000000 0.891007 -3.325400 -4.100000 22.602251 0 0 0.400000 0 0 30115.dat
0 7 0.000001 1.000000 -0.000000 -0.882947 0.000000 -0.469472 -0.469472 0.000000 0.882948 -4.234274 -4.100000 -2.134502 0 0 0.400000 0 0 30115.dat
