9 0 1.000000 0.000000 0.000000 0.000000 1.000000 0.000000 0.000000 0.000000 1.000000 -12.405251 31.913000 -12.673349 2.798525 8.016300 1.466775 30114.dat
9 0 0.982048 -0.113878 0.150375 0.162869 0.109751 -0.980525 0.095157 0.987414 0.126328 -14.075950 19.548500 -3.955175 1.886950 6.599575 2.026250 30114.dat
9 0 -0.000000 0.000000 -1.000000 0.000000 1.000000 0.000000 1.000000 0.000000 -0.000000 -14.428350 11.166124 0.416775 6.516325 9.039101 1.507550 30114.dat
9 0 -0.582422 0.022290 -0.812581 -0.024944 0.998663 0.045273 0.812504 0.046637 -0.581087 -3.596900 7.105050 17.109449 4.578200 2.515025 0.709000 30114.dat
9 0 0.582422 0.022289 -0.812581 0.024944 0.998663 0.045272 0.812504 -0.046637 0.581088 3.591075 7.105400 17.105274 4.578200 2.515025 0.716175 30114.dat
9 0 -1.000000 0.000000 -0.000000 0.000000 1.000000 0.000000 0.000000 0.000000 -1.000000 0.000000 7.875050 12.619999 6.516325 6.708875 0.565475 30114.dat
9 0 -0.707107 0.000000 -0.707107 0.000000 1.000000 0.000000 0.707107 0.000000 -0.707107 -9.200575 10.002950 10.204201 6.516325 9.039101 0.855525 30114.dat
9 0 -0.000000 0.000000 -1.000000 0.000000 1.000000 0.000000 1.000000 0.000000 -0.000000 -6.532950 -3.451775 -1.000000 6.516325 3.201775 4.410125 30114.dat
9 0 -0.000000 0.000000 1.000000 0.000000 1.000000 0.000000 -1.000000 0.000000 -0.000000 6.532950 -3.451775 -1.000000 6.516325 3.201775 4.410125 30114.dat
9 0 1.000000 0.000000 0.000000 0.000000 1.000000 0.000000 0.000000 0.000000 1.000000 0.000000 -3.451775 -7.532950 6.516325 3.201775 4.410125 30114.dat
9 0 -1.000000 0.000000 -0.000000 0.000000 1.000000 0.000000 0.000000 0.000000 -1.000000 0.000000 -3.451775 5.532950 6.516325 3.201775 4.410125 30114.dat
9 0 0.707107 0.000000 -0.707107 0.000000 1.000000 0.000000 0.707107 0.000000 0.707107 -10.713900 4.341100 -9.710250 6.516325 2.214075 0.814150 30114.dat
9 0 1.000000 0.000000 0.000000 0.000000 1.000000 0.000000 0.000000 0.000000 1.000000 -1.416775 4.341100 -14.734951 6.516325 2.214075 0.814150 30114.dat
9 0 -0.707107 0.000000 -0.707107 0.000000 1.000000 0.000000 0.707107 0.000000 -0.707107 10.713900 4.341100 -9.710250 6.516325 2.214075 0.814150 30114.dat
9 0 0.707107 0.000000 -0.707107 0.000000 1.000000 0.000000 0.707107 0.000000 0.707107 9.200575 10.002950 10.204201 6.516325 9.039101 0.855525 30114.dat
9 0 -0.000000 0.000000 -1.000000 0.000000 1.000000 0.000000 1.000000 0.000000 -0.000000 14.428350 11.166124 0.416775 6.516325 9.039101 1.507550 30114.dat
9 0 -1.000000 0.000000 -0.000000 0.000000 1.000000 0.000000 0.000000 0.000000 -1.000000 12.405251 31.913000 -12.673349 2.798525 8.016300 1.466775 30114.dat
9 0 -0.982048 -0.113881 0.150375 -0.162868 0.109751 -0.980525 0.095159 -0.987414 -0.126329 14.075950 19.548500 -3.955175 1.886950 6.599575 2.026250 30114.dat
9 0 0.982048 -0.113878 0.150375 0.162869 0.109751 -0.980525 0.095157 0.987414 0.126328 -14.075950 19.548500 -3.955175 1.886950 6.599575 2.026250 30114.dat
10 0 -17.658575 -41.305500 -22.776525 17.658575 8.605625 14.892225 30114.dat
2 22 1.000000 0.000000 0.000000 0.000000 1.000000 0.000000 0.000000 0.000000 1.000000 -10.000000 -0.001350 9.000000 2 2 29:0:0,29:0:0,29:0:0,29:0:0,15:4:32,29:0:0,29:0:0,29:0:0,29:0:0, 30114.dat
0 14 0.000000 -0.000000 -1.000000 0.000000 -1.000000 0.000000 -1.000000 -0.000000 0.000000 0.000000 -7.943750 -1.000000 0 0 0.116549 0 0 30114.dat
0 14 0.000000 -0.000000 -1.000000 0.000000 -1.000000 0.000000 -1.000000 -0.000000 0.000000 0.000000 3.700450 17.000000 0 0 0.281399 0 0 30114.dat
