9 0 1.000000 0.000000 0.000000 0.000000 1.000000 0.000000 0.000000 0.000000 1.000000 0.000000 7.077950 14.294399 7.082875 12.398450 1.110225 30113.dat
9 0 0.707107 0.000000 0.707107 0.000000 1.000000 0.000000 -0.707107 0.000000 0.707107 -10.107676 7.077950 10.107676 7.082875 12.398450 1.110225 30113.dat
9 0 -0.707107 0.000000 0.707107 0.000000 1.000000 0.000000 -0.707107 0.000000 -0.707107 -10.107676 0.752075 -10.107676 7.082875 3.560150 1.110225 30113.dat
9 0 -1.000000 0.000000 -0.000000 0.000000 1.000000 0.000000 0.000000 0.000000 -1.000000 0.000000 0.752075 -14.294399 7.082875 3.560150 1.110225 30113.dat
9 0 -0.707107 0.000000 -0.707107 0.000000 1.000000 0.000000 0.707107 0.000000 -0.707107 10.107676 0.752075 -10.107676 7.082875 3.560150 1.110225 30113.dat
9 0 -0.000000 0.000000 -1.000000 0.000000 1.000000 0.000000 1.000000 0.000000 -0.000000 18.849976 7.475325 2.491950 4.190875 10.283375 5.665775 30113.dat
9 0 0.707107 0.000000 -0.707107 0.000000 1.000000 0.000000 0.707107 0.000000 0.707107 10.107676 7.077950 10.107676 7.082875 12.398450 1.110225 30113.dat
9 0 1.000000 0.000000 0.000000 0.000000 1.000000 0.000000 0.000000 0.000000 1.000000 0.000000 -6.219050 -0.044975 11.605175 2.620675 11.199975 30113.dat
9 0 -0.000000 0.000000 -1.000000 0.000000 1.000000 0.000000 1.000000 0.000000 -0.000000 -19.084526 7.475325 2.491950 4.190875 10.283375 5.665775 30113.dat
9 0 -0.000000 0.000000 -1.000000 0.970296 0.241922 -0.000000 0.241923 -0.970296 -0.000000 27.136251 5.811325 0.641825 2.439800 2.813950 19.685825 30113.dat
9 0 0.000000 -0.000000 -1.000000 0.965926 -0.258819 0.000000 -0.258819 -0.965926 0.000000 -26.796249 5.029575 0.641825 2.439800 2.813950 19.685825 30113.dat
10 0 -34.609501 -27.373749 -21.186676 34.628998 15.066600 15.901050 30113.dat
2 22 1.000000 0.000000 0.000000 0.000000 1.000000 0.000000 0.000000 0.000000 1.000000 -10.000000 0.000000 10.000000 2 2 29:0:0,29:0:0,29:0:0,29:0:0,15:4:33,29:0:0,29:0:0,29:0:0,29:0:0, 30113.dat
