9 0 1.000000 0.000000 0.000000 0.000000 0.997972 -0.063647 0.000000 0.063647 0.997972 14.113026 4.458375 -0.115075 0.863025 1.000000 5.961350 30135.dat
9 0 1.000000 0.000000 0.000000 0.000000 1.000000 0.000000 0.000000 0.000000 1.000000 0.000000 -5.500000 0.000000 10.896800 5.250000 10.259726 30135.dat
9 0 1.000000 0.000000 0.000000 0.000000 0.997972 -0.063647 0.000000 0.063647 0.997972 0.000000 3.351450 -17.471375 11.921326 1.000000 4.250000 30135.dat
9 0 0.707107 0.045005 0.705673 0.000000 0.997972 -0.063647 -0.707107 0.045006 0.705673 10.056100 5.095575 9.875800 0.863025 1.000000 5.961350 30135.dat
9 0 0.000000 0.063648 0.997972 -0.000000 0.997972 -0.063648 -1.000000 0.000000 0.000000 0.108450 5.363550 14.077550 0.863025 1.000000 5.961350 30135.dat
9 0 -0.707106 0.045005 0.705673 -0.000001 0.997972 -0.063647 -0.707107 -0.045006 -0.705673 -9.902750 5.105325 10.028851 0.863025 1.000000 5.961350 30135.dat
9 0 0.707107 -0.045005 -0.705673 -0.000000 0.997972 -0.063647 0.707107 0.045006 0.705673 9.902750 3.825225 -10.042575 0.863025 1.000000 5.961350 30135.dat
9 0 -0.707106 -0.045005 -0.705673 0.000001 0.997972 -0.063647 0.707107 -0.045006 -0.705673 -10.056100 3.835000 -9.889525 0.863025 1.000000 5.961350 30135.dat
9 0 -1.000000 0.000000 -0.000000 0.000000 1.000000 0.000000 0.000000 0.000000 -1.000000 -14.113026 4.250000 0.108450 0.863025 1.000000 5.961350 30135.dat
10 0 -16.943026 -6.654175 -15.695076 16.943050 13.487024 22.842424 30135.dat
2 22 1.000000 0.000000 0.000000 0.000000 1.000000 0.000000 0.000000 0.000000 1.000000 -10.000000 0.000000 10.000000 2 2 29:0:0,29:0:0,29:0:0,29:0:0,15:4:33,29:0:0,29:0:0,29:0:0,29:0:0, 30135.dat
