9 0 0.000000 0.000000 -1.000000 0.000000 1.000000 0.000000 1.000000 0.000000 0.000000 -0.001875 0.009175 0.024550 2.375000 6.365825 2.375000 30132.dat
9 0 -0.707107 0.612372 -0.353553 0.000000 0.500000 0.866025 0.707107 0.612373 -0.353554 0.000000 -14.733126 -11.283575 2.375000 13.997351 2.375000 30132.dat
9 0 0.000000 0.866025 -0.500000 -0.000000 0.500000 0.866025 1.000000 0.000000 0.000000 0.000000 -24.321751 -20.091776 2.470100 1.654875 1.437500 30132.dat
9 0 0.000000 0.842240 -0.539103 -0.000000 0.539103 0.842240 1.000000 0.000000 0.000000 0.000000 -7.212150 -8.325150 2.307700 2.535925 0.999975 30132.dat
9 0 0.000000 0.867538 -0.497371 -0.000000 0.497371 0.867538 1.000000 0.000000 0.000000 -0.000000 -12.864301 0.472150 4.082600 1.794250 0.999975 30132.dat
9 0 0.696452 0.621463 -0.358801 -0.000001 0.500000 0.866026 0.717604 -0.603145 0.348226 0.000000 -12.204400 -6.903725 3.642850 4.125000 3.642850 30132.dat
10 0 -4.059300 0.000000 -5.151200 25.658501 33.913498 5.151200 30132.dat
0 7 1.000000 0.000000 0.000000 0.000000 1.000000 0.000000 -0.000000 0.000000 1.000000 0.000000 6.625000 0.000000 0 0 0.480000 0 0 30132.dat
0 7 1.000000 -0.000001 -0.000000 -0.000001 -0.500000 -0.866025 0.000001 0.866025 -0.500001 0.000000 -21.873501 -23.693523 1 1 0.600000 0 1 30132.dat
2 22 0.000000 0.000000 -1.000000 0.000000 1.000000 0.000000 1.000000 0.000000 0.000000 10.000000 6.625000 10.000000 2 2 29:0:0,29:0:0,29:0:0,29:0:0,9:4:32,29:0:0,29:0:0,29:0:0,29:0:0, 30132.dat
