9 0 1.000000 0.000000 0.000000 0.000000 1.000000 0.000000 0.000000 0.000000 1.000000 0.000000 12.000000 0.000000 19.750000 11.750000 6.611400 30136.dat
9 0 0.952450 0.000000 -0.304694 0.000000 1.000000 0.000000 0.304694 0.000000 0.952450 -7.571075 12.000000 0.489750 4.961150 11.750000 8.067801 30136.dat
9 0 0.954177 0.000000 0.299242 0.000000 1.000000 0.000000 -0.299242 0.000000 0.954177 -12.524025 12.000000 0.437425 4.961150 11.750000 8.116725 30136.dat
9 0 0.952450 0.000000 0.304694 0.000000 1.000000 0.000000 -0.304694 0.000000 0.952450 -7.571075 12.000000 -0.489750 4.961150 11.750000 8.067801 30136.dat
9 0 0.954177 0.000000 -0.299242 0.000000 1.000000 0.000000 0.299242 0.000000 0.954177 -12.524025 12.000000 -0.437425 4.961150 11.750000 8.116725 30136.dat
9 0 0.952450 0.000000 -0.304694 0.000000 1.000000 0.000000 0.304694 0.000000 0.952450 12.428926 12.000000 0.489750 4.961150 11.750000 8.067801 30136.dat
9 0 0.954177 0.000000 0.299242 0.000000 1.000000 0.000000 -0.299242 0.000000 0.954177 7.476000 12.000000 0.437425 4.961150 11.750000 8.116725 30136.dat
9 0 0.952450 0.000000 0.304694 0.000000 1.000000 0.000000 -0.304694 0.000000 0.952450 12.428926 12.000000 -0.489750 4.961150 11.750000 8.067801 30136.dat
9 0 0.954177 0.000000 -0.299242 0.000000 1.000000 0.000000 0.299242 0.000000 0.954177 7.476000 12.000000 -0.437425 4.961150 11.750000 8.116725 30136.dat
10 0 -10.000000 0.000000 -10.000000 30.000002 28.450001 10.000000 30136.dat
3 23 1.000000 0.000000 0.000000 0.000000 1.000000 0.000000 0.000000 0.000000 1.000000 -20.000000 0.000000 10.000000 2 4 18:1:1,23:4:1,18:2:1,23:4:1,18:1:1,23:4:1,0:4:2,23:4:1,0:4:2,23:4:1,18:1:1,23:4:1,18:2:1,23:4:1,18:1:1, 30136.dat
2 22 1.000000 0.000000 0.000000 0.000000 1.000000 0.000000 0.000000 0.000000 1.000000 -20.000000 24.000000 10.000000 2 4 22:1:1,22:2:1,22:2:1,22:2:1,22:1:1,22:2:1,15:4:2,22:2:1,15:4:2,22:2:1,22:1:1,22:2:1,22:2:1,22:2:1,22:1:1, 30136.dat
