9 0 1.000000 0.000000 0.000000 0.000000 0.687376 0.726301 0.000000 -0.726301 0.687376 0.000000 -15.979050 -0.108975 14.471451 2.642850 11.549275 30138.dat
9 0 0.000000 1.000000 -0.000000 -0.707106 0.000000 0.707107 0.707107 -0.000000 0.707106 10.017900 0.781050 -10.094200 2.883375 1.594875 6.056825 30138.dat
9 0 -0.000000 1.000000 0.000000 0.000000 -0.000000 1.000000 1.000000 0.000000 -0.000000 -0.076300 -4.373150 -13.912826 5.817650 1.232350 6.056825 30138.dat
9 0 -0.000000 1.000000 0.000001 0.707106 -0.000000 0.707107 0.707107 0.000001 -0.707106 -10.170500 0.781050 -10.094200 2.883375 1.594875 6.056825 30138.dat
9 0 0.000000 1.000000 0.000000 1.000000 0.000000 -0.000000 -0.000000 0.000000 -1.000000 -16.106825 5.413000 0.000000 7.515325 3.350050 6.056825 30138.dat
9 0 -0.000000 1.000000 -0.000001 0.707106 -0.000000 -0.707107 -0.707107 -0.000001 -0.707106 -9.339075 6.609275 9.262774 8.711575 0.419100 6.056825 30138.dat
9 0 -0.000000 1.000000 -0.000000 0.000000 -0.000000 -1.000000 -1.000000 0.000000 -0.000000 -0.076300 12.259399 15.938875 14.361700 3.258400 10.260475 30138.dat
9 0 0.000000 1.000000 0.000000 -0.707106 0.000000 -0.707107 -0.707107 0.000000 0.707106 9.186501 6.609275 9.262774 8.711575 0.419100 6.056825 30138.dat
9 0 -0.000000 1.000000 0.000000 -1.000000 -0.000000 0.000000 0.000000 0.000000 1.000000 15.954225 5.413000 0.000000 7.515325 3.350050 6.056825 30138.dat
9 0 1.000000 0.000000 0.000000 0.000000 1.000000 0.000000 0.000000 0.000000 1.000000 0.000000 -6.504850 -0.743100 14.471451 2.642850 9.327500 30138.dat
9 0 0.032836 0.915827 0.400228 0.968305 -0.128354 0.214266 0.247601 0.380508 -0.891015 -17.472300 14.821126 17.567726 33.129749 1.118100 9.560275 30138.dat
9 0 -0.032835 0.915827 0.400228 -0.968306 -0.128353 0.214265 0.247600 -0.380508 0.891015 17.472300 14.821126 17.567726 33.129749 1.118100 9.560275 30138.dat
10 0 -27.246750 -49.106251 -39.584999 27.246750 29.072750 15.504774 30138.dat
2 22 1.000000 0.000000 0.000000 0.000000 1.000000 0.000000 0.000000 0.000000 1.000000 -10.000000 0.000000 10.000000 2 2 29:0:0,29:0:0,29:0:0,29:0:0,15:4:33,29:0:0,29:0:0,29:0:0,29:0:0, 30138.dat
