9 0 0.000000 0.000000 -1.000000 0.000000 1.000000 0.000000 1.000000 0.000000 0.000000 0.000000 0.567700 0.000000 2.424725 5.942700 2.424725 30141.dat
9 0 -0.000000 -1.000000 0.000000 0.000000 -0.000000 -1.000000 1.000000 0.000000 0.000000 0.000000 -9.955474 -33.798252 2.465275 36.459999 2.465275 30141.dat
9 0 0.000000 0.000000 -1.000000 0.000000 1.000000 0.000000 1.000000 0.000000 0.000000 0.000000 -0.458524 -6.771550 4.014900 0.772750 1.764750 30141.dat
9 0 0.000000 -0.965366 -0.260898 0.000000 0.260898 -0.965366 1.000000 0.000000 0.000000 0.000000 -3.390124 -12.559999 2.236125 0.772750 1.764750 30141.dat
9 0 -0.000000 -1.000000 0.000000 0.000000 -0.000000 -1.000000 1.000000 0.000000 0.000000 0.000000 -9.791325 -6.938025 3.916325 10.820125 4.125000 30141.dat
9 0 0.000000 -0.309017 -0.951056 0.000000 0.951056 -0.309017 1.000000 0.000000 0.000000 -0.000000 -4.272550 18.167675 16.436001 2.375000 2.375000 30141.dat
9 0 0.000000 -0.087156 -0.996195 0.000000 0.996195 -0.087156 1.000000 0.000000 0.000000 -0.000000 -5.836200 26.746750 9.042450 2.375000 2.375000 30141.dat
9 0 -0.000000 -1.000000 0.000000 0.000000 -0.000000 -1.000000 1.000000 0.000000 0.000000 0.000001 -11.935024 -68.619751 4.444825 1.630275 1.437500 30141.dat
10 0 -36.997501 -0.010375 -4.375000 70.500000 25.396002 4.375000 30141.dat
0 7 1.000000 0.000000 0.000000 0.000000 1.000000 0.000000 -0.000000 0.000000 1.000000 0.000000 6.760375 0.000000 0 1 0.495415 0 0 30141.dat
2 22 0.000000 0.000000 -1.000000 0.000000 1.000000 0.000000 1.000000 0.000000 0.000000 10.000000 6.750000 10.000000 2 2 29:0:0,29:0:0,29:0:0,29:0:0,9:4:32,29:0:0,29:0:0,29:0:0,29:0:0, 30141.dat
0 7 1.000000 -0.000000 0.000000 -0.000000 0.309017 0.951056 -0.000000 -0.951056 0.309017 -0.000000 1.009300 33.989502 0 1 1.262690 0 0 30141.dat
0 7 1.000000 -0.000000 0.000000 -0.000000 -0.000000 1.000000 -0.000000 -1.000000 -0.000000 0.000000 -9.955474 -18.000000 1 0 2.100000 0 0 30141.dat
0 7 1.000000 0.000000 -0.000000 0.000000 0.087155 0.996195 0.000000 -0.996195 0.087155 -0.000000 -4.423975 34.815250 0 1 0.661772 0 0 30141.dat
