9 0 1.000000 0.000000 0.000000 0.000000 1.000000 0.000000 0.000000 0.000000 1.000000 0.000000 -11.958900 -0.187500 7.250000 4.958875 5.062500 30155.dat
9 0 0.707107 -0.707107 0.000000 0.707107 0.707107 0.000000 0.000000 0.000000 1.000000 -8.102651 -8.602651 -0.187500 7.250000 4.958875 5.062500 30155.dat
9 0 -0.000000 -1.000000 0.000000 1.000000 -0.000000 0.000000 0.000000 0.000000 1.000000 -11.458876 -0.500000 -0.187500 7.250000 4.958875 5.062500 30155.dat
9 0 -0.707107 -0.707107 0.000000 0.707107 -0.707107 0.000000 0.000000 0.000000 1.000000 -8.102651 7.602650 -0.187500 7.250000 4.958875 5.062500 30155.dat
9 0 -1.000000 0.000000 0.000000 -0.000000 -1.000000 0.000000 0.000000 0.000000 1.000000 0.000000 10.958875 -0.187500 7.250000 4.958875 5.062500 30155.dat
9 0 -0.707107 0.707107 0.000000 -0.707107 -0.707107 0.000000 0.000000 0.000000 1.000000 8.599250 8.099250 -0.187500 7.250000 4.256600 5.062500 30155.dat
9 0 -0.000000 1.000000 0.000000 -1.000000 -0.000000 0.000000 0.000000 0.000000 1.000000 11.458876 -0.500000 -0.187500 7.250000 4.958900 5.062500 30155.dat
9 0 0.707107 0.707107 0.000000 -0.707107 0.707107 0.000000 0.000000 0.000000 1.000000 8.102651 -8.602651 -0.187500 7.250000 4.958875 5.062500 30155.dat
9 0 1.000000 0.000000 0.000000 0.000000 1.000000 0.000000 0.000000 0.000000 1.000000 0.000000 -17.643824 6.462675 7.811550 2.148050 0.912325 30155.dat
9 0 0.707107 -0.707107 0.000000 0.707107 0.707107 0.000000 0.000000 0.000000 1.000000 -12.122525 -12.622525 6.462675 7.811550 2.148050 0.912325 30155.dat
9 0 -0.000000 -1.000000 0.000000 1.000000 -0.000000 0.000000 0.000000 0.000000 1.000000 -17.143826 -0.500000 6.462675 7.811550 2.148050 0.912325 30155.dat
9 0 -0.707107 -0.707107 0.000000 0.707107 -0.707107 0.000000 0.000000 0.000000 1.000000 -12.122525 11.622525 6.462675 7.811550 2.148050 0.912325 30155.dat
9 0 -1.000000 0.000000 0.000000 -0.000000 -1.000000 0.000000 0.000000 0.000000 1.000000 0.000000 16.643826 6.462675 7.811550 2.148050 0.912325 30155.dat
9 0 -0.707107 0.707107 0.000000 -0.707107 -0.707107 0.000000 0.000000 0.000000 1.000000 12.122525 11.622525 6.462675 7.811550 2.148050 0.912325 30155.dat
9 0 -0.000000 1.000000 0.000000 -1.000000 -0.000000 0.000000 0.000000 0.000000 1.000000 17.143826 -0.500000 6.462675 7.811550 2.148050 0.912325 30155.dat
9 0 0.707107 0.707107 0.000000 -0.707107 0.707107 0.000000 0.000000 0.000000 1.000000 12.122525 -12.622525 6.462675 7.811550 2.148050 0.912325 30155.dat
9 0 0.707107 -0.707107 0.000000 0.707107 0.707107 0.000000 0.000000 0.000000 1.000000 -12.122525 -12.622525 -6.837675 7.811550 2.148050 0.912325 30155.dat
9 0 -0.000000 -1.000000 0.000000 1.000000 -0.000000 0.000000 0.000000 0.000000 1.000000 -17.143826 -0.500000 -6.837675 7.811550 2.148050 0.912325 30155.dat
9 0 -0.707107 -0.707107 0.000000 0.707107 -0.707107 0.000000 0.000000 0.000000 1.000000 -12.122525 11.622525 -6.837675 7.811550 2.148050 0.912325 30155.dat
9 0 -1.000000 0.000000 0.000000 -0.000000 -1.000000 0.000000 0.000000 0.000000 1.000000 0.000000 16.643826 -6.837675 7.811550 2.148050 0.912325 30155.dat
9 0 -0.707107 0.707107 0.000000 -0.707107 -0.707107 0.000000 0.000000 0.000000 1.000000 12.122525 11.622525 -6.837675 7.811550 2.148050 0.912325 30155.dat
9 0 -0.000000 1.000000 0.000000 -1.000000 -0.000000 0.000000 0.000000 0.000000 1.000000 17.143826 -0.500000 -6.837675 7.811550 2.148050 0.912325 30155.dat
9 0 0.707107 0.707107 0.000000 -0.707107 0.707107 0.000000 0.000000 0.000000 1.000000 12.122525 -12.622525 -6.837675 7.811550 2.148050 0.912325 30155.dat
9 0 1.000000 0.000000 0.000000 0.000000 1.000000 0.000000 0.000000 0.000000 1.000000 0.000000 -17.643824 -6.837675 7.811550 2.148050 0.912325 30155.dat
10 0 -21.250000 -21.250000 -17.812500 21.250000 21.250000 2.187500 30155.dat
4 41 1.000000 0.000000 0.000000 0.000000 -0.000000 1.000000 0.000000 -1.000000 -0.000000 0.000000 -0.500000 -0.200000 1 30155.dat
0 2 -0.000000 1.000000 -0.000000 0.000000 -0.000000 -1.000000 -1.000000 0.000000 -0.000000 0.000000 -0.500000 -10.187500 0 0 0.800000 0 0 30155.dat
4 41 1.000000 0.000000 0.000000 0.000000 0.000000 -1.000000 0.000000 1.000000 0.000000 0.000000 -0.500000 -0.200000 1 30155.dat
