9 0 1.000000 0.000000 0.000000 0.000000 0.000000 1.000000 0.000000 -1.000000 0.000000 0.000000 22.000000 0.000000 19.750000 19.750000 1.750000 30165.dat
9 0 1.000000 0.000000 0.000000 0.000000 -0.000000 1.000000 0.000000 -1.000000 -0.000000 0.000000 12.000000 0.025000 19.750000 5.950000 11.750000 30165.dat
9 0 1.000000 0.000000 0.000000 0.000000 -0.801539 0.597942 0.000000 -0.597942 -0.801539 0.000000 12.452274 5.416850 19.750000 9.428800 5.878425 30165.dat
9 0 1.000000 0.000000 0.000000 0.000000 -0.329825 0.944042 0.000000 -0.944042 -0.329825 0.000000 16.105700 12.511799 19.750000 5.567225 5.878425 30165.dat
9 0 1.000000 0.000000 0.000000 0.000000 -0.000000 1.000000 0.000000 -1.000000 -0.000000 0.000000 15.528175 -0.041025 19.750000 14.704500 8.221849 30165.dat
9 0 1.000000 0.000000 0.000000 0.000000 0.802069 0.597231 0.000000 -0.597231 0.802069 0.000000 12.439750 -5.435625 19.750000 9.391275 5.878425 30165.dat
9 0 1.000000 0.000000 0.000000 0.000000 0.316894 0.948461 0.000000 -0.948461 0.316894 0.000000 15.993500 -12.252625 19.750000 5.791950 5.878425 30165.dat
10 0 -10.000000 0.000000 -30.000002 30.000002 28.450001 10.000000 30165.dat
3 23 1.000000 0.000000 0.000000 0.000000 1.000000 0.000000 0.000000 0.000000 1.000000 -20.000000 0.000000 10.000000 2 4 18:1:1,23:4:1,29:0:1,23:4:1,18:1:1,23:4:1,1:4:0,23:4:1,1:4:0,23:4:1,18:1:1,23:4:1,29:0:1,23:4:1,18:1:1, 30165.dat
2 22 1.000000 0.000000 0.000000 0.000000 1.000000 0.000000 0.000000 0.000000 1.000000 -20.000000 24.000000 20.000002 4 4 22:1:1,22:2:1,22:2:1,22:2:1,22:1:1,22:2:1,15:4:1,23:4:1,15:4:1,22:2:1,22:2:1,23:4:1,7:4:1,23:4:1,22:2:1,22:2:1,15:4:1,23:4:1,15:4:1,22:2:1,22:1:1,22:2:1,22:2:1,22:2:1,22:1:1, 30165.dat
