9 0 1.000000 0.000000 0.000000 0.000000 1.000000 0.000000 0.000000 0.000000 1.000000 -0.051900 -5.084875 32.237499 2.486750 12.031775 2.327725 30169.dat
9 0 1.000000 0.000000 0.000000 0.000000 0.700544 0.713609 0.000000 -0.713609 0.700544 0.134200 -17.025000 24.935024 4.709975 2.336000 5.452050 30169.dat
9 0 1.000000 0.000000 0.000000 0.000000 1.000000 0.000000 0.000000 0.000000 1.000000 0.062375 9.875000 -6.721625 3.803675 5.875000 0.143325 30169.dat
9 0 1.000000 0.000000 0.000000 0.000000 1.000000 0.000000 0.000000 0.000000 1.000000 0.042050 3.150925 11.699225 8.018025 0.349075 18.592424 30169.dat
9 0 -0.500000 0.000000 0.866025 0.000000 1.000000 0.000000 -0.866025 0.000000 -0.500000 5.737625 9.875000 3.445025 3.803675 5.875000 0.143325 30169.dat
9 0 0.500000 0.000000 0.866025 0.000000 1.000000 0.000000 -0.866025 0.000000 0.500000 5.834850 9.875000 -3.276600 3.803675 5.875000 0.143325 30169.dat
9 0 -1.000000 0.000000 -0.000000 0.000000 1.000000 0.000000 0.000000 0.000000 -1.000000 -0.132100 9.875000 6.721625 3.803675 5.875000 0.143325 30169.dat
9 0 -0.500000 0.000000 -0.866025 0.000000 1.000000 0.000000 0.866025 0.000000 -0.500000 -5.904575 9.875000 3.276600 3.803675 5.875000 0.143325 30169.dat
9 0 0.500000 0.000000 -0.866025 0.000000 1.000000 0.000000 0.866025 0.000000 0.500000 -5.807350 9.875000 -3.445025 3.803675 5.875000 0.143325 30169.dat
9 0 0.978148 0.000000 0.207912 0.000000 1.000000 0.000000 -0.207912 0.000000 0.978148 9.691375 7.125000 5.264150 1.597650 3.375000 24.253099 30169.dat
9 0 0.896211 0.000000 0.443629 0.000000 1.000000 0.000000 -0.443629 0.000000 0.896211 11.607850 6.750000 -16.250875 6.182325 3.750000 4.467500 30169.dat
9 0 0.978148 0.000000 -0.207912 0.000000 1.000000 0.000000 0.207912 0.000000 0.978148 -9.584500 7.125000 5.264150 1.597650 3.375000 24.253099 30169.dat
9 0 -0.896211 0.000000 0.443629 0.000000 1.000000 0.000000 -0.443629 0.000000 -0.896211 -11.607850 6.750000 -16.143326 6.182325 3.750000 4.467500 30169.dat
10 0 -19.717424 0.000000 -36.237499 19.717424 38.552002 23.376999 30169.dat
2 22 1.000000 0.000000 0.000000 0.000000 1.000000 0.000000 0.000000 0.000000 1.000000 -10.000000 16.000000 10.000000 2 2 29:0:0,29:0:0,29:0:0,29:0:0,5:4:34,29:0:0,29:0:0,29:0:0,29:0:0, 30169.dat
3 23 1.000000 0.000000 0.000000 0.000000 1.000000 0.000000 0.000000 0.000000 1.000000 -10.000000 0.000000 10.000000 2 2 29:0:0,29:0:0,29:0:0,29:0:0,1:4:32,29:0:0,29:0:0,29:0:0,29:0:0, 30169.dat
0 6 -0.000000 0.000000 1.000000 0.000000 1.000000 0.000000 -1.000000 0.000000 -0.000000 0.000000 10.750000 0.000000 0 1 0.280000 0 0 30169.dat
0 7 -0.000000 0.000000 1.000000 0.000000 1.000000 0.000000 -1.000000 0.000000 -0.000000 0.000000 1.783274 32.214748 1 0 0.462334 0 0 30169.dat
