9 0 0.765867 -0.000000 -0.642999 0.642999 0.000000 0.765867 -0.000000 -1.000000 0.000000 -4.753450 9.837501 -5.661768 4.750000 1.017625 9.087500 30176.dat
9 0 0.765867 -0.000000 -0.642999 0.642999 0.000000 0.765867 -0.000000 -1.000000 0.000000 4.266201 21.837500 5.081413 3.875000 0.259850 2.412500 30176.dat
9 0 0.939787 -0.000001 0.341760 -0.341760 0.000001 0.939787 -0.000001 -1.000000 0.000000 2.526517 9.837501 -6.947483 4.750000 1.017625 9.087500 30176.dat
9 0 0.939787 -0.000001 0.341760 -0.341760 0.000001 0.939787 -0.000001 -1.000000 0.000000 -2.267533 21.837500 6.235346 3.875000 0.259850 2.412500 30176.dat
9 0 0.173920 0.000000 0.984760 -0.984760 -0.000000 0.173920 0.000000 -1.000000 0.000000 7.279951 9.837501 -1.285733 4.750000 1.017625 9.087500 30176.dat
9 0 0.173921 -0.000000 0.984760 -0.984760 0.000000 0.173921 -0.000001 -1.000000 -0.000000 -6.533734 21.837500 1.153933 3.875000 0.259850 2.412500 30176.dat
9 0 -0.765867 0.000000 0.642999 -0.642999 -0.000000 -0.765867 0.000000 -1.000000 0.000000 4.753450 9.837501 5.661768 4.750000 1.017625 9.087500 30176.dat
9 0 -0.765867 0.000000 0.642999 -0.642999 -0.000000 -0.765867 0.000000 -1.000000 0.000000 -4.266201 21.837500 -5.081413 3.875000 0.259850 2.412500 30176.dat
9 0 -0.939787 0.000000 -0.341761 0.341761 -0.000000 -0.939787 0.000000 -1.000000 0.000000 -2.526517 9.837501 6.947483 4.750000 1.017625 9.087500 30176.dat
9 0 -0.939787 0.000000 -0.341761 0.341761 0.000000 -0.939787 -0.000000 -1.000000 -0.000000 2.267533 21.837500 -6.235346 3.875000 0.259850 2.412500 30176.dat
9 0 -0.173921 -0.000000 -0.984760 0.984760 -0.000000 -0.173921 -0.000000 -1.000000 0.000000 -7.279967 9.837501 1.285714 4.750000 1.017625 9.087500 30176.dat
9 0 -0.173919 0.000001 -0.984760 0.984760 0.000001 -0.173919 0.000000 -1.000000 -0.000001 6.533734 21.837500 -1.153933 3.875000 0.259850 2.412500 30176.dat
9 0 -0.765867 0.000000 0.642999 -0.038637 0.998193 -0.046020 -0.641837 -0.060089 -0.764483 17.072163 3.751426 20.343437 5.347475 0.653425 9.074100 30176.dat
9 0 -0.022670 0.000000 0.999743 -0.058768 0.998271 -0.001333 -0.998014 -0.058783 -0.022630 25.995466 11.468850 0.063059 5.404850 1.017625 8.592100 30176.dat
9 0 0.755696 0.006800 0.654887 -0.033002 0.999071 0.027708 -0.654090 -0.042551 0.755219 16.653143 7.591675 -19.699343 5.039275 1.017625 8.346925 30176.dat
9 0 -0.022670 0.000000 0.999743 0.000000 1.000000 0.000000 -0.999743 0.000000 -0.022670 13.467968 12.246400 0.055867 1.655250 1.625000 3.522175 30176.dat
9 0 0.755809 0.000000 0.654793 0.000000 1.000000 0.000000 -0.654793 0.000000 0.755809 8.699632 8.535901 -10.385032 1.552975 1.588975 3.463400 30176.dat
9 0 -0.765867 0.000000 0.642999 0.000000 1.000000 0.000000 -0.642999 0.000000 -0.765867 8.778446 4.762501 10.455886 1.625000 1.591125 3.402350 30176.dat
9 0 0.755696 0.006800 0.654887 -0.196099 0.956418 0.216354 -0.624874 -0.291921 0.724095 26.141724 9.989426 -31.452486 2.986975 1.017625 6.911600 30176.dat
9 0 -0.022669 -0.000000 0.999743 -0.317918 0.948091 -0.007209 -0.947847 -0.318000 -0.021493 41.216164 14.177775 -0.022779 3.759475 1.017625 6.834225 30176.dat
9 0 -0.765867 0.000000 0.642999 -0.213280 0.943386 -0.254035 -0.606597 -0.331696 -0.722509 27.033243 6.475650 32.032196 3.966475 0.653425 6.423150 30176.dat
10 0 -48.137001 0.000000 -11.638775 10.000000 28.424999 48.879501 30176.dat
3 23 -0.765867 0.000000 0.642999 0.000000 1.000000 0.000000 -0.642999 0.000000 -0.765867 1.228682 0.500001 -14.088660 2 2 29:0:0,29:0:0,29:0:0,29:0:0,1:4:36,29:0:0,29:0:0,29:0:0,29:0:0, 30176.dat
2 22 -0.765867 0.000000 0.642999 0.000000 1.000000 0.000000 -0.642999 0.000000 -0.765867 1.228682 24.500000 -14.088660 2 2 29:0:0,29:0:0,29:0:0,29:0:0,5:4:32,29:0:0,29:0:0,29:0:0,29:0:0, 30176.dat
0 6 -0.765867 0.000000 0.642999 0.000000 1.000000 0.000000 -0.642999 0.000000 -0.765867 0.000000 0.500001 0.000000 0 0 0.177000 0 0 30176.dat
