9 0 1.000000 0.000000 0.000000 0.000000 0.990235 -0.139411 0.000000 0.139411 0.990235 0.000000 -9.200026 2.641500 8.894975 4.171775 9.595500 30172.dat
9 0 1.000000 0.000000 0.000000 0.000000 1.000000 0.000000 0.000000 0.000000 1.000000 0.000000 -3.953450 -0.587950 11.959525 2.953450 11.549425 30172.dat
9 0 0.343120 0.176564 0.922547 -0.706885 0.695310 0.129836 -0.618532 -0.696685 0.363385 13.892625 6.061900 -7.056325 7.910325 0.691375 3.205775 30172.dat
9 0 -0.399708 0.210213 0.892213 -0.616020 0.659177 -0.431283 -0.678788 -0.722008 -0.133983 13.495350 9.778376 8.100100 7.910325 0.691375 3.205800 30172.dat
9 0 1.000000 0.000000 0.000000 0.000000 0.688999 -0.724762 0.000000 0.724762 0.688999 0.198850 11.215876 16.017574 10.347525 0.313625 4.074950 30172.dat
9 0 1.000000 0.000000 0.000000 0.000000 0.109046 -0.994037 0.000000 0.994037 0.109046 -0.571250 -1.155525 14.649725 7.621750 0.313625 8.779224 30172.dat
9 0 0.489544 -0.149647 -0.859042 -0.835971 0.199635 -0.511173 0.247990 0.968376 -0.027370 10.812875 0.205725 7.898225 7.625425 0.313625 5.106700 30172.dat
9 0 1.000000 0.000000 0.000000 0.000000 0.843671 0.536861 0.000000 -0.536861 0.843671 0.198850 4.187650 -15.537127 8.628650 0.691375 3.467600 30172.dat
9 0 -0.343120 0.176564 0.922547 0.706885 0.695310 0.129837 -0.618532 0.696685 -0.363385 -13.892625 6.061900 -7.056325 7.910325 0.691375 3.205775 30172.dat
9 0 0.399709 0.210214 0.892213 0.616020 0.659177 -0.431284 -0.678788 0.722008 0.133983 -13.495350 9.778376 8.100100 7.910325 0.691375 3.205800 30172.dat
9 0 -0.489543 -0.149647 -0.859042 0.835971 0.199635 -0.511173 0.247990 -0.968376 0.027370 -10.812875 0.205725 7.898225 7.625425 0.313625 5.106700 30172.dat
9 0 -1.000000 0.000000 -0.000000 -0.000000 0.843670 0.536862 0.000000 0.536862 -0.843670 -0.198850 4.187650 -15.537127 8.628650 0.691375 3.467600 30172.dat
10 0 -19.259150 -17.228350 -19.999651 19.259150 18.404099 21.209225 30172.dat
3 23 1.000000 0.000000 0.000000 0.000000 0.987688 -0.156434 0.000000 0.156434 0.987688 -10.000000 -12.280149 13.578074 2 2 29:0:0,29:0:0,29:0:0,29:0:0,1:4:32,29:0:0,29:0:0,29:0:0,29:0:0, 30172.dat
2 22 1.000000 0.000000 0.000000 0.000000 1.000000 0.000000 0.000000 0.000000 1.000000 -10.000000 -0.750000 10.750000 2 2 29:0:0,29:0:0,29:0:0,29:0:0,15:4:33,29:0:0,29:0:0,29:0:0,29:0:0, 30172.dat
