9 0 0.236955 0.668098 -0.705335 0.945473 0.008409 0.325593 0.223459 -0.744026 -0.629676 17.756426 -19.342674 3.254319 2.448350 11.544950 2.294100 30189.dat
9 0 -0.000000 -0.000000 -1.000000 1.000000 0.000000 -0.000000 0.000000 -1.000000 0.000000 0.350896 -11.622025 -12.224999 2.750000 9.399099 12.053000 30189.dat
9 0 -0.000000 -0.000000 -1.000000 1.000000 0.000000 -0.000000 0.000000 -1.000000 0.000000 -0.000006 -2.193625 -19.850000 10.375000 12.250000 1.481375 30189.dat
9 0 0.000000 0.409923 0.912120 -0.000000 0.912120 -0.409923 -1.000000 0.000000 0.000000 18.124996 14.664351 -15.518432 4.752125 12.250000 1.625000 30189.dat
9 0 -0.000000 -0.409922 -0.912120 1.000000 0.000000 -0.000000 0.000000 -0.912120 0.409922 -0.180428 1.347825 -9.472525 4.752125 17.621025 1.625000 30189.dat
9 0 0.000000 0.409923 0.912120 -0.000000 0.912120 -0.409923 -1.000000 0.000000 0.000000 -18.145704 14.664351 -15.518419 4.752125 12.250000 1.625000 30189.dat
9 0 0.000000 0.450842 0.892604 -0.000000 0.892604 -0.450842 -1.000000 0.000000 0.000000 -18.770708 26.909000 -25.417746 1.065300 3.661900 2.250000 30189.dat
9 0 0.257499 0.669723 0.696538 -0.931982 -0.018208 0.362046 0.255153 -0.742388 0.619481 -17.349798 -19.458651 3.146081 2.305125 11.937651 2.159075 30189.dat
9 0 0.000000 0.450842 0.892604 -0.000000 0.892604 -0.450842 -1.000000 0.000000 0.000000 -18.770706 30.148748 -17.850094 1.065300 3.661900 2.250000 30189.dat
9 0 -0.000000 1.000000 0.000000 1.000000 0.000000 -0.000001 -0.000001 0.000000 -1.000000 -0.000002 -10.050000 -6.446450 1.625000 9.750000 6.696225 30189.dat
9 0 -0.000001 1.000000 0.000000 0.707107 0.000000 0.707107 0.707107 0.000001 -0.707107 0.000000 -1.425000 0.000000 6.500000 2.275550 2.275550 30189.dat
9 0 0.000000 0.450842 0.892604 -0.000000 0.892604 -0.450842 -1.000000 0.000000 0.000000 18.749992 26.909000 -25.417757 1.065300 3.661900 2.250000 30189.dat
9 0 -0.000000 -0.000000 -1.000000 1.000000 0.000000 -0.000000 0.000000 -1.000000 0.000000 -0.091275 -15.639700 -0.676650 3.048350 8.086675 3.464725 30189.dat
9 0 0.000000 0.450842 0.892604 -0.000000 0.892604 -0.450842 -1.000000 0.000000 0.000000 18.749994 30.148748 -17.850105 1.065300 3.661900 2.250000 30189.dat
10 0 -30.475000 -38.624500 -30.163250 10.411176 19.625000 30.142502 30189.dat
3 23 -0.000000 -1.000000 -0.000000 0.000000 -0.000000 1.000000 -1.000000 0.000000 0.000000 -10.000005 -3.925475 -15.225146 2 2 29:0:0,29:0:0,29:0:0,29:0:0,1:4:33,29:0:0,29:0:0,29:0:0,29:0:0, 30189.dat
6 62 0.000000 -0.922740 0.385422 1.000000 0.000000 -0.000000 0.000000 0.385422 0.922740 -0.000007 28.412998 -21.742950 0.000000 0.000000 0.000000 0.000000 0 30189.dat
0 7 0.000000 1.000000 -0.000000 0.940207 -0.000000 -0.340605 -0.340605 -0.000000 -0.940206 -9.682800 -19.426600 0.299378 1 0 0.700000 0 0 30189.dat
0 7 0.000000 1.000000 0.000000 -0.939693 0.000000 -0.342020 -0.342020 -0.000000 0.939693 10.105575 -19.426600 0.331972 1 0 0.700000 0 0 30189.dat
0 7 -0.000000 0.000000 -1.000000 0.000000 1.000000 0.000000 1.000000 0.000000 -0.000000 0.000000 -0.425000 0.000000 1 1 0.310000 0 1 30189.dat
