9 0 0.707106 0.000000 0.707107 0.000000 1.000000 0.000000 -0.707107 0.000000 0.707106 0.000000 8.648424 0.000000 2.578425 12.350125 2.578425 30194.dat
9 0 0.707107 -0.640856 -0.298836 -0.000000 -0.422618 0.906308 -0.707107 -0.640857 -0.298837 0.000005 22.269749 -7.980700 2.578425 10.744375 2.578425 30194.dat
9 0 -0.000001 0.000000 1.000000 0.000000 1.000000 0.000000 -1.000000 0.000000 -0.000001 0.000012 11.186025 -19.125000 1.625000 18.950800 3.750000 30194.dat
9 0 -0.000001 0.000000 1.000000 0.000000 1.000000 0.000000 -1.000000 0.000000 -0.000001 -1.249990 -9.314251 -14.875002 5.875000 20.968624 5.000000 30194.dat
9 0 -0.000001 0.000000 1.000000 0.000000 1.000000 0.000000 -1.000000 0.000000 -0.000001 0.000003 -2.076700 -4.375000 4.125000 1.625000 3.750000 30194.dat
9 0 -0.000001 0.000000 1.000000 0.000000 1.000000 0.000000 -1.000000 0.000000 -0.000001 1.250010 -22.758749 -14.949224 11.882100 11.568375 1.000000 30194.dat
9 0 -0.000001 0.000000 1.000000 0.000000 1.000000 0.000000 -1.000000 0.000000 -0.000001 1.250010 -24.178499 -14.870374 7.908075 13.729400 1.000000 30194.dat
10 0 -29.875002 -14.592101 -6.500000 4.000000 55.408001 4.000000 30194.dat
0 7 -1.000000 0.000000 -0.000001 0.000000 1.000000 0.000000 0.000001 0.000000 -1.000000 0.000000 16.000000 0.000000 0 1 0.648068 0 0 30194.dat
0 7 1.000000 0.000000 0.000000 -0.000000 -0.424199 0.905569 0.000000 -0.905569 -0.424199 0.000001 19.614149 -2.307000 0 1 0.584797 0 0 30194.dat
