9 0 -1.000000 -0.000001 0.000000 0.000001 -1.000000 0.000000 0.000000 0.000000 1.000000 -0.005448 -2.442525 -0.014350 1.553025 0.151100 2.164500 30192.dat
9 0 -0.707108 0.516475 -0.482961 -0.000000 0.683011 0.730408 0.707106 0.516477 -0.482962 -0.166968 28.712749 -11.818400 2.293700 9.524975 2.057550 30192.dat
9 0 -0.064704 0.516477 0.853853 0.632552 0.683011 -0.365204 -0.771810 0.516476 -0.370892 -10.150943 28.106245 5.942800 2.293500 9.524375 2.057225 30192.dat
9 0 0.771810 0.516477 -0.370891 -0.632553 0.683010 -0.365205 0.064702 0.516477 0.853853 10.318132 28.734255 5.764400 2.293700 9.524375 2.057550 30192.dat
9 0 -0.000001 1.000000 0.000000 -1.000000 -0.000001 0.000000 0.000000 0.000000 1.000000 -2.437150 0.368073 -0.014350 1.920375 0.151100 2.164500 30192.dat
9 0 0.000001 -1.000000 0.000000 1.000000 0.000001 0.000000 0.000000 0.000000 1.000000 2.437775 0.362327 -0.014350 1.926125 0.151100 2.164500 30192.dat
9 0 -1.000000 -0.000001 0.000000 0.000001 -1.000000 0.000000 0.000000 0.000000 1.000000 -0.000013 20.073977 0.000000 2.375000 18.254299 2.375000 30192.dat
10 0 -18.246250 -4.004575 -12.142475 17.911776 38.328251 20.877001 30192.dat
0 7 0.000000 0.000000 1.000000 0.000001 -1.000000 0.000000 1.000000 0.000001 -0.000000 -0.000001 1.999875 0.000000 0 1 1.072030 0 0 30192.dat
