9 0 1.000000 0.000000 0.000000 0.000000 1.000000 0.000000 0.000000 0.000000 1.000000 0.000000 -5.759400 0.000000 8.584425 0.419100 8.584425 30202.dat
9 0 -0.000000 1.000000 0.000000 -1.000000 -0.000000 0.000000 0.000000 0.000000 1.000000 13.023275 9.982850 0.000000 13.563475 0.419100 6.056825 30202.dat
9 0 0.000000 1.000000 0.000000 -0.707106 0.000000 -0.707107 -0.707107 0.000000 0.707106 9.186501 9.982850 9.262774 13.563475 0.419100 6.056825 30202.dat
9 0 -0.000000 1.000000 -0.000000 0.000000 -0.000000 -1.000000 -1.000000 0.000000 -0.000000 -0.076300 16.820400 13.099549 20.400999 0.419100 10.260475 30202.dat
9 0 -0.000000 1.000000 -0.000001 0.707106 -0.000000 -0.707107 -0.707107 -0.000001 -0.707106 -9.339075 9.982850 9.262774 13.563475 0.419100 6.056825 30202.dat
9 0 0.000000 1.000000 0.000000 1.000000 0.000000 -0.000000 -0.000000 0.000000 -1.000000 -13.175850 9.982850 0.000000 13.563475 0.419100 6.056825 30202.dat
9 0 -0.000000 1.000000 0.000001 0.707106 -0.000000 0.707107 0.707107 0.000001 -0.707106 -9.339075 9.982850 -9.262774 13.563475 0.419100 6.056825 30202.dat
9 0 -0.000000 1.000000 0.000000 0.000000 -0.000000 1.000000 1.000000 0.000000 -0.000000 -0.076300 14.431350 -13.099549 18.011974 0.419100 6.056825 30202.dat
9 0 0.000000 1.000000 -0.000000 -0.707106 0.000000 0.707107 0.707107 -0.000000 0.707106 9.186501 9.982850 -9.262774 13.563475 0.419100 6.056825 30202.dat
9 0 -0.000000 1.000000 -0.000000 0.000000 -0.000000 -1.000000 -1.000000 0.000000 -0.000000 -0.076300 41.153751 13.099549 3.432325 0.419100 1.633675 30202.dat
9 0 0.621220 0.780175 -0.073566 0.123772 -0.004986 0.992298 0.773800 -0.625541 -0.099661 -3.988400 24.453625 -13.130225 6.391575 0.419100 6.056825 30202.dat
9 0 -0.621220 0.780175 -0.073566 -0.123772 -0.004987 0.992298 0.773800 0.625541 0.099662 3.988400 24.453625 -13.130225 6.391575 0.419100 6.056825 30202.dat
10 0 -17.414600 -45.369999 -17.571375 17.262026 9.680000 19.989925 30202.dat
2 22 1.000000 0.000000 0.000000 0.000000 1.000000 0.000000 0.000000 0.000000 1.000000 -10.000000 0.000000 10.000000 2 2 29:0:0,29:0:0,29:0:0,29:0:0,15:4:33,29:0:0,29:0:0,29:0:0,29:0:0, 30202.dat
