9 0 0.000000 0.000000 1.000000 0.000000 1.000000 0.000000 -1.000000 0.000000 0.000000 -177.878754 1.375002 10.000053 9.750000 1.125000 17.628675 30201.dat
9 0 0.000000 0.000000 1.000000 0.000000 1.000000 0.000000 -1.000000 0.000000 0.000000 -161.375000 16.987749 10.000048 9.750000 13.987676 1.125000 30201.dat
9 0 0.000000 0.000000 1.000000 0.000000 1.000000 0.000000 -1.000000 0.000000 0.000000 -97.420975 37.477852 78.125031 1.625000 8.977850 20.921101 30201.dat
9 0 1.000000 0.000000 -0.000000 0.000000 1.000000 0.000000 0.000000 0.000000 1.000000 -78.124969 38.005604 97.646027 1.625000 9.505600 21.146124 30201.dat
9 0 1.000000 0.000000 -0.000000 0.000000 1.000000 0.000000 0.000000 0.000000 1.000000 -121.874977 31.329950 90.976540 1.625000 2.829950 14.476549 30201.dat
9 0 0.732852 0.008659 0.680333 -0.500975 0.683460 0.530949 -0.460383 -0.729936 0.505213 -123.409966 13.900751 131.194046 25.485750 0.791000 22.904224 30201.dat
9 0 0.000000 0.000000 1.000000 0.000000 1.000000 0.000000 -1.000000 0.000000 0.000000 -99.999977 25.375000 88.060036 7.810125 1.125000 19.750000 30201.dat
9 0 0.000000 0.000000 1.000000 0.000000 1.000000 0.000000 -1.000000 0.000000 0.000000 -99.999969 25.375000 111.923775 7.826175 1.125000 19.750000 30201.dat
9 0 0.000000 0.000000 1.000000 0.000000 1.000000 0.000000 -1.000000 0.000000 0.000000 -88.068222 25.375000 99.984024 3.613700 1.125000 7.818150 30201.dat
9 0 0.000000 0.000000 1.000000 0.000000 1.000000 0.000000 -1.000000 0.000000 0.000000 -111.931732 25.375000 99.984032 3.613700 1.125000 7.818150 30201.dat
9 0 0.000000 0.000000 1.000000 0.000000 1.000000 0.000000 -1.000000 0.000000 0.000000 -150.000000 32.250000 22.250044 2.000000 3.750000 13.700000 30201.dat
9 0 -1.000000 0.000000 0.000000 0.000000 1.000000 0.000000 -0.000000 0.000000 -1.000000 -13.468735 52.000000 59.180748 13.218750 3.750000 58.930748 30201.dat
9 0 -1.000000 0.000000 0.000000 0.000000 1.000000 0.000000 -0.000000 0.000000 -1.000000 -9.999948 1.375002 177.878754 9.750000 1.125000 17.628675 30201.dat
9 0 -1.000000 0.000000 0.000000 0.000000 1.000000 0.000000 -0.000000 0.000000 -1.000000 -9.999952 16.987749 161.375000 9.750000 13.987676 1.125000 30201.dat
9 0 -0.000000 0.000000 -1.000000 0.000000 1.000000 0.000000 1.000000 0.000000 -0.000000 -90.976463 31.329950 121.875023 1.625000 2.829950 14.476549 30201.dat
9 0 -1.000000 0.000000 0.000000 0.000000 1.000000 0.000000 -0.000000 0.000000 -1.000000 -22.249956 32.250000 150.000000 2.000000 3.750000 13.700000 30201.dat
9 0 0.000000 0.689450 0.724333 -0.000000 0.724333 -0.689450 -1.000000 0.000000 0.000000 -12.538571 17.431000 179.941742 0.842825 21.530750 12.288625 30201.dat
9 0 -0.724333 0.689450 0.000000 0.689450 0.724333 -0.000000 -0.000000 -0.000000 -1.000000 -179.941742 17.431000 12.538679 0.842825 21.530750 12.288625 30201.dat
9 0 -1.000000 0.000000 0.000000 0.000000 1.000000 0.000000 -0.000000 0.000000 -1.000000 -34.124989 52.000000 44.125008 33.875000 3.750000 43.875000 30201.dat
9 0 -1.000000 0.000000 0.000000 0.000000 1.000000 0.000000 -0.000000 0.000000 -1.000000 -44.124992 52.000000 34.125008 43.875000 3.750000 33.875000 30201.dat
9 0 -0.707107 0.000000 0.707107 0.000000 1.000000 0.000000 -0.707107 0.000000 -0.707107 -66.882988 49.375000 65.843773 18.341450 1.125000 61.656998 30201.dat
9 0 -0.968520 0.000000 -0.248934 0.000000 1.000000 0.000000 0.248934 0.000000 -0.968520 -29.083693 52.000000 113.155022 13.218750 3.750000 1.278525 30201.dat
9 0 -0.173586 0.368930 -0.913104 -0.299335 0.863547 0.405813 0.938225 0.343768 -0.039466 -92.596214 34.873302 127.847778 6.785000 0.949475 14.893476 30201.dat
9 0 -0.817834 0.000000 -0.575455 0.000000 1.000000 0.000000 0.575455 0.000000 -0.817834 -67.231972 52.000000 95.550018 13.218750 3.750000 1.278525 30201.dat
9 0 -0.921026 0.000000 -0.389500 -0.156328 0.915922 0.369659 0.356752 0.401356 -0.843589 -42.327206 40.848274 138.514023 19.802151 0.139725 23.168875 30201.dat
9 0 -1.000000 0.000000 0.000000 0.000000 1.000000 0.000000 -0.000000 0.000000 -1.000000 -9.999962 28.000000 133.000000 9.750000 3.750000 12.750000 30201.dat
9 0 -1.000000 0.000000 0.000000 0.000000 1.000000 0.000000 -0.000000 0.000000 -1.000000 -9.999962 37.375000 130.000000 9.750000 13.124999 9.750000 30201.dat
9 0 -1.000000 0.000000 0.000000 0.000000 1.000000 0.000000 -0.000000 0.000000 -1.000000 -2.999959 28.000000 140.000000 2.750000 3.750000 19.750000 30201.dat
9 0 0.913104 0.368931 0.173586 -0.405813 0.863547 0.299336 -0.039465 -0.343768 0.938225 -127.847733 34.873302 92.596283 6.785000 0.949475 14.893476 30201.dat
9 0 0.575455 0.000000 0.817833 0.000000 1.000000 0.000000 -0.817833 0.000000 0.575455 -95.549980 52.000000 67.232033 13.218750 3.750000 1.278525 30201.dat
9 0 0.389501 -0.000000 0.921026 -0.369660 0.915922 0.156329 -0.843588 -0.401356 0.356752 -138.513489 40.847374 42.327290 19.802151 0.140700 23.168875 30201.dat
9 0 0.000000 0.000000 1.000000 0.000000 1.000000 0.000000 -1.000000 0.000000 0.000000 -133.000000 28.000000 10.000039 9.750000 3.750000 12.750000 30201.dat
9 0 0.000000 0.000000 1.000000 0.000000 1.000000 0.000000 -1.000000 0.000000 0.000000 -130.000000 37.375000 10.000038 9.750000 13.124999 9.750000 30201.dat
9 0 0.000000 0.000000 1.000000 0.000000 1.000000 0.000000 -1.000000 0.000000 0.000000 -140.000000 28.000000 3.000041 2.750000 3.750000 19.750000 30201.dat
9 0 0.494731 0.714481 -0.494731 0.505214 -0.699655 -0.505214 -0.707107 0.000000 -0.707107 -127.946960 13.848001 127.947029 22.635426 1.126150 24.965376 30201.dat
9 0 -0.998013 -0.010026 -0.062199 -0.051367 0.701116 0.711195 0.036479 0.712977 -0.700238 -25.264946 15.123001 180.817993 6.030575 1.438725 24.870525 30201.dat
9 0 -0.954319 -0.012810 -0.298515 -0.218535 0.711248 0.668108 0.203760 0.702824 -0.681557 -49.212200 15.098249 173.757263 25.485750 1.300550 25.462250 30201.dat
9 0 -0.843545 -0.004917 -0.537035 -0.379291 0.713398 0.589239 0.380223 0.700742 -0.603648 -90.150955 15.112999 155.683273 24.630449 0.952100 24.913851 30201.dat
9 0 0.062199 -0.010026 0.998013 -0.711195 0.701115 0.051367 -0.700237 -0.712977 0.036479 -180.817993 15.123001 25.265030 6.030575 1.438725 24.870525 30201.dat
9 0 0.298516 -0.012810 0.954319 -0.668108 0.711249 0.218535 -0.681557 -0.702824 0.203761 -173.757248 15.098249 49.212299 25.485750 1.300550 25.462250 30201.dat
9 0 0.165193 -0.149708 0.974833 -0.328703 0.923545 0.197532 -0.929874 -0.353061 0.103353 -125.165977 42.007549 68.697533 8.543275 0.815925 22.155600 30201.dat
9 0 -0.974833 -0.149707 -0.165192 -0.197531 0.923545 0.328702 0.103353 0.353061 -0.929874 -68.697464 42.007549 125.166023 8.543275 0.815925 22.155600 30201.dat
9 0 0.537036 -0.004916 0.843545 -0.589238 0.713398 0.379291 -0.603648 -0.700742 0.380223 -155.683228 15.112999 90.151047 24.630449 0.952100 24.913851 30201.dat
9 0 0.000000 0.000000 1.000000 0.000000 1.000000 0.000000 -1.000000 0.000000 0.000000 -60.143749 52.000000 14.125016 13.875000 3.750000 59.893753 30201.dat
10 0 -10.000000 0.000000 -190.000000 190.000000 64.000000 10.000000 30201.dat
0 6 1.000000 -0.000000 -0.000000 -0.000000 -1.000000 0.000000 -0.000000 -0.000000 -1.000000 -9.999956 19.550001 150.000000 0 0 0.288000 0 0 30201.dat
0 6 1.000000 -0.000000 -0.000000 -0.000000 -1.000000 0.000000 -0.000000 -0.000000 -1.000000 -150.000000 19.550001 10.000044 0 0 0.288000 0 0 30201.dat
0 6 1.000000 -0.000000 -0.000000 -0.000000 -1.000000 0.000000 -0.000000 -0.000000 -1.000000 -99.999969 24.000000 100.000023 0 0 0.110000 0 0 30201.dat
3 23 0.000000 0.000000 1.000000 0.000000 1.000000 0.000000 -1.000000 0.000000 0.000000 -120.000008 48.000000 0.000034 12 12 18:1:1,23:4:1,18:2:1,23:4:1,29:0:1,29:0:1,29:0:1,29:0:1,29:0:1,29:0:1,29:0:1,29:0:1,29:0:1,23:4:1,0:4:1,23:4:1,0:4:1,23:4:1,29:0:1,29:0:1,29:0:1,29:0:1,29:0:1,29:0:1,29:0:1,29:0:1,18:2:1,23:4:1,18:4:1,23:4:1,18:3:1,23:4:1,29:0:1,29:0:1,29:0:1,29:0:1,29:0:1,29:0:1,29:0:1,23:4:1,0:4:1,23:4:1,0:4:1,23:4:1,0:4:1,23:4:1,29:0:1,29:0:1,29:0:1,29:0:1,29:0:1,29:0:1,18:2:1,23:4:1,18:4:1,23:4:1,18:4:1,23:4:1,18:2:1,29:0:1,29:0:1,29:0:1,29:0:1,29:0:1,29:0:1,23:4:1,0:4:1,23:4:1,0:4:1,23:4:1,0:4:1,23:4:1,29:0:1,29:0:1,29:0:1,29:0:1,29:0:1,29:0:1,18:2:1,23:4:1,18:4:1,23:4:1,18:4:1,23:4:1,18:3:1,23:4:1,18:2:1,23:4:1,29:0:1,29:0:1,29:0:1,23:4:1,0:4:1,23:4:1,0:4:1,23:4:1,0:4:1,23:4:1,0:4:1,23:4:1,0:4:1,23:4:1,29:0:1,29:0:1,18:2:1,23:4:1,18:4:1,23:4:1,18:4:1,23:4:1,18:4:1,23:4:1,18:4:1,23:4:1,18:3:1,23:4:1,29:0:1,23:4:1,0:4:1,23:4:1,0:4:1,23:4:1,0:4:1,23:4:1,0:4:1,23:4:1,0:4:1,23:4:1,0:4:1,23:4:1,18:2:1,23:4:1,18:4:1,23:4:1,18:4:1,23:4:1,18:4:1,23:4:1,18:4:1,23:4:1,18:4:1,23:4:1,18:2:1,23:4:1,0:4:1,23:4:1,0:4:1,23:4:1,0:4:1,23:4:1,0:4:1,23:4:1,0:4:1,23:4:1,0:4:1,23:4:1,18:1:1,23:4:1,18:2:1,23:4:1,18:2:1,23:4:1,18:2:1,23:4:1,18:2:1,23:4:1,18:2:1,23:4:1,18:1:1, 30201.dat
2 22 0.000000 0.000000 1.000000 0.000000 1.000000 0.000000 -1.000000 0.000000 0.000000 -120.000008 56.000000 0.000034 12 12 29:0:1,22:2:1,22:2:1,22:2:1,29:0:1,29:0:1,29:0:1,29:0:1,29:0:1,29:0:1,29:0:1,29:0:1,29:0:1,22:2:1,15:4:1,23:4:1,15:4:1,22:2:1,29:0:1,29:0:1,29:0:1,29:0:1,29:0:1,29:0:1,29:0:1,29:0:1,22:2:1,23:4:1,7:4:2,23:4:1,29:0:1,29:0:1,22:2:1,29:0:1,29:0:1,29:0:1,29:0:1,29:0:1,29:0:1,22:2:1,15:4:1,23:4:1,15:4:1,23:4:1,15:4:1,23:4:1,15:4:1,22:2:1,29:0:1,29:0:1,29:0:1,29:0:1,22:2:1,23:4:1,7:4:2,23:4:1,7:4:2,23:4:1,7:4:2,23:4:1,22:2:1,22:2:1,29:0:1,29:0:1,29:0:1,22:2:1,15:4:1,23:4:1,15:4:1,23:4:1,15:4:1,23:4:1,15:4:1,23:4:1,15:4:1,29:0:1,29:0:1,29:0:1,22:2:1,23:4:1,7:4:2,23:4:1,7:4:2,23:4:1,7:4:2,23:4:1,7:4:2,23:4:1,22:2:1,29:0:1,29:0:1,22:2:1,15:4:1,23:4:1,15:4:1,23:4:1,15:4:1,23:4:1,15:4:1,23:4:1,15:4:1,29:0:1,29:0:1,29:0:1,22:2:1,23:4:1,7:4:2,23:4:1,7:4:2,23:4:1,7:4:2,23:4:1,7:4:2,23:4:1,29:0:1,22:2:1,29:0:1,22:2:1,15:4:1,23:4:1,15:4:1,23:4:1,15:4:1,23:4:1,15:4:1,23:4:1,15:4:1,23:4:1,15:4:1,22:2:1,22:2:1,23:4:1,7:4:2,23:4:1,7:4:2,23:4:1,7:4:2,23:4:1,7:4:2,23:4:1,7:4:2,23:4:1,22:2:1,22:2:1,15:4:1,23:4:1,15:4:1,23:4:1,15:4:1,23:4:1,15:4:1,23:4:1,15:4:1,23:4:1,15:4:1,22:2:1,22:1:1,22:2:1,22:2:1,22:2:1,22:2:1,22:2:1,22:2:1,22:2:1,22:2:1,22:2:1,22:2:1,22:2:1,29:0:1, 30201.dat
2 22 0.000000 0.000000 1.000000 0.000000 1.000000 0.000000 -1.000000 0.000000 0.000000 -119.999985 32.000000 80.000038 4 4 22:1:1,22:2:1,22:2:1,22:2:1,29:0:1,22:2:1,15:4:1,23:4:1,15:4:1,22:2:1,22:2:1,23:4:1,7:4:0,23:4:1,22:2:1,22:2:1,15:4:1,23:4:1,15:4:1,22:2:1,22:1:1,22:2:1,22:2:1,22:2:1,22:1:1, 30201.dat
3 23 0.000000 0.000000 1.000000 0.000000 1.000000 0.000000 -1.000000 0.000000 0.000000 -19.999966 24.000000 120.000008 2 4 18:1:1,23:4:1,18:2:1,23:4:1,29:0:1,23:4:1,1:4:1,23:4:1,1:4:5,23:4:1,18:1:1,23:4:1,18:2:1,23:4:1,29:0:1, 30201.dat
3 23 0.000000 0.000000 1.000000 0.000000 1.000000 0.000000 -1.000000 0.000000 0.000000 -19.999954 0.000000 160.000000 2 4 18:1:1,23:4:1,18:2:1,23:4:1,29:0:1,23:4:1,1:4:1,23:4:1,1:4:1,23:4:1,18:1:1,23:4:1,18:2:1,23:4:1,18:1:1, 30201.dat
3 23 0.000000 0.000000 1.000000 0.000000 1.000000 0.000000 -1.000000 0.000000 0.000000 -160.000000 24.000000 0.000047 4 2 29:0:1,23:4:1,29:0:1,23:4:1,1:4:5,23:4:1,18:2:1,23:4:1,18:2:1,23:4:1,1:4:1,23:4:1,18:1:1,23:4:1,18:1:1, 30201.dat
3 23 0.000000 0.000000 1.000000 0.000000 1.000000 0.000000 -1.000000 0.000000 0.000000 -200.000000 0.000000 0.000060 4 2 18:1:1,23:4:1,29:0:1,23:4:1,1:4:1,23:4:1,18:2:1,23:4:1,18:2:1,23:4:1,1:4:1,23:4:1,18:1:1,23:4:1,18:1:1, 30201.dat
3 23 0.000000 0.000000 1.000000 0.000000 1.000000 0.000000 -1.000000 0.000000 0.000000 -119.999985 24.000000 80.000038 4 4 18:1:1,23:4:1,18:2:1,23:4:1,29:0:1,23:4:1,0:4:2,23:4:1,0:4:2,23:4:1,18:2:1,23:4:1,18:4:1,23:4:1,18:2:1,23:4:1,0:4:2,23:4:1,0:4:2,23:4:1,18:1:1,23:4:1,18:2:1,23:4:1,18:1:1, 30201.dat
2 22 0.000000 0.000000 1.000000 0.000000 1.000000 0.000000 -1.000000 0.000000 0.000000 -19.999960 32.000000 140.000000 2 2 29:0:0,29:0:0,29:0:0,29:0:0,5:4:32,29:0:0,29:0:0,29:0:0,29:0:0, 30201.dat
2 22 0.000000 0.000000 1.000000 0.000000 1.000000 0.000000 -1.000000 0.000000 0.000000 -160.000000 32.000000 0.000047 2 2 29:0:0,29:0:0,29:0:0,29:0:0,5:4:32,29:0:0,29:0:0,29:0:0,29:0:0, 30201.dat
