9 0 0.707107 0.000000 0.707107 0.000000 1.000000 0.000000 -0.707107 0.000000 0.707107 0.000004 -36.660000 0.784269 7.959525 1.322250 7.959525 30208.dat
9 0 0.701858 0.121617 0.701858 -0.085996 0.992577 -0.085996 -0.707107 0.000000 0.707107 -25.826967 -10.994175 -25.042660 0.146750 5.418950 7.558500 30208.dat
9 0 0.564984 0.601320 0.564984 -0.425198 0.799008 -0.425198 -0.707107 0.000000 0.707107 -21.705950 -23.638374 -20.921642 0.168125 8.100050 5.871225 30208.dat
9 0 0.303617 0.903124 0.303617 -0.638605 0.429379 -0.638605 -0.707107 0.000000 0.707107 -12.524981 -34.148998 -11.740674 0.178075 8.100050 7.075825 30208.dat
9 0 0.379843 0.121618 0.917022 -0.046541 0.992577 -0.112360 -0.923880 -0.000000 0.382684 -14.102237 -8.332975 -33.261486 0.149050 8.100050 7.558500 30208.dat
9 0 0.305768 0.601320 0.738187 -0.230115 0.799008 -0.555548 -0.923879 0.000000 0.382684 -11.747183 -23.638374 -27.575890 0.204775 8.100050 5.871225 30208.dat
9 0 0.000000 0.121617 0.992577 -0.000000 0.992577 -0.121617 -1.000000 -0.000000 -0.000000 -0.000019 -8.332975 -36.066616 0.170150 8.100050 7.558500 30208.dat
9 0 -0.000000 0.601320 0.799008 -0.000000 0.799008 -0.601320 -1.000000 -0.000000 0.000000 -0.000018 -23.638374 -29.912561 0.182900 8.100050 5.871225 30208.dat
9 0 0.000000 0.903125 0.429379 -0.000000 0.429379 -0.903124 -1.000000 0.000000 0.000001 -0.000016 -34.148998 -16.928701 0.172225 8.100050 7.075825 30208.dat
9 0 -0.379843 0.121617 0.917022 0.046541 0.992577 -0.112359 -0.923880 0.000000 -0.382683 14.102200 -8.332975 -33.261524 0.174875 8.100050 7.558500 30208.dat
9 0 -0.305767 0.601320 0.738187 0.230115 0.799008 -0.555547 -0.923879 0.000000 -0.382683 11.747148 -23.638350 -27.575928 0.188775 8.100050 5.871225 30208.dat
9 0 -0.701858 0.121617 0.701858 0.085996 0.992577 -0.085996 -0.707107 0.000000 -0.707107 25.840122 -10.841775 -25.055891 0.151075 5.572500 7.558500 30208.dat
9 0 -0.564984 0.601320 0.564984 0.425198 0.799008 -0.425198 -0.707107 0.000000 -0.707107 21.705935 -23.638374 -20.921701 0.199175 8.100050 5.871225 30208.dat
9 0 -0.303617 0.903124 0.303617 0.638605 0.429380 -0.638605 -0.707107 -0.000000 -0.707107 12.524949 -34.148998 -11.740714 0.174000 8.100050 7.075825 30208.dat
9 0 -0.917022 0.121617 0.379843 0.112359 0.992577 -0.046541 -0.382683 -0.000000 -0.923879 34.045799 -8.332975 -13.317937 0.166775 8.100050 7.558500 30208.dat
9 0 -0.738187 0.601320 0.305767 0.555548 0.799008 -0.230115 -0.382683 0.000000 -0.923879 28.360250 -23.638374 -10.962865 0.160400 8.100050 5.871225 30208.dat
9 0 -0.992577 0.121617 0.000000 0.121617 0.992577 -0.000001 -0.000000 -0.000001 -1.000000 36.850895 -8.332975 0.784248 0.160525 8.100050 7.558500 30208.dat
9 0 -0.799008 0.601321 -0.000000 0.601321 0.799008 -0.000001 -0.000000 -0.000000 -1.000000 30.696886 -23.638350 0.784302 0.159950 8.100050 5.871225 30208.dat
9 0 -0.429379 0.903125 0.000000 0.903124 0.429379 -0.000001 -0.000001 -0.000000 -1.000000 17.713013 -34.148998 0.784287 0.188400 8.100050 7.075825 30208.dat
9 0 -0.917022 0.121617 -0.379843 0.112359 0.992577 0.046541 0.382684 0.000000 -0.923880 34.045784 -8.332975 14.886448 0.165875 8.100050 7.558500 30208.dat
9 0 -0.738187 0.601321 -0.305767 0.555548 0.799008 0.230116 0.382683 0.000001 -0.923880 28.360254 -23.638350 12.531466 0.179600 8.100050 5.871225 30208.dat
9 0 -0.701858 0.121618 -0.701858 0.085997 0.992577 0.085997 0.707107 -0.000000 -0.707107 25.826925 -10.994175 26.611147 0.168425 5.418950 7.558500 30208.dat
9 0 -0.564984 0.601320 -0.564984 0.425198 0.799008 0.425198 0.707107 -0.000000 -0.707107 21.705906 -23.638374 22.490126 0.168675 8.100050 5.871225 30208.dat
9 0 -0.303616 0.903125 -0.303616 0.638606 0.429378 0.638606 0.707107 -0.000000 -0.707107 12.525005 -34.148998 13.309232 0.207375 8.100050 7.075825 30208.dat
9 0 -0.379843 0.121617 -0.917022 0.046541 0.992577 0.112359 0.923880 -0.000000 -0.382684 14.102192 -8.332975 34.830044 0.162275 8.100050 7.558500 30208.dat
9 0 -0.305767 0.601321 -0.738187 0.230116 0.799008 0.555548 0.923879 -0.000001 -0.382684 11.747174 -23.638350 29.144552 0.176475 8.100050 5.871225 30208.dat
9 0 -0.000000 0.121617 -0.992577 -0.000001 0.992577 0.121617 1.000000 0.000001 -0.000000 0.000009 -8.332975 37.635143 0.200000 8.100050 7.558500 30208.dat
9 0 -0.000000 0.601321 -0.799008 -0.000000 0.799008 0.601321 1.000000 0.000000 -0.000000 0.000009 -23.638350 31.481192 0.167775 8.100050 5.871225 30208.dat
9 0 -0.000000 0.903125 -0.429379 -0.000001 0.429379 0.903124 1.000000 0.000000 0.000001 0.000007 -34.148998 18.497297 0.170325 8.100050 7.075825 30208.dat
9 0 0.379842 0.121617 -0.917022 -0.046541 0.992577 0.112359 0.923880 0.000000 0.382683 -14.102173 -8.332975 34.830048 0.168750 8.100050 7.558500 30208.dat
9 0 0.305767 0.601320 -0.738187 -0.230115 0.799008 0.555548 0.923880 -0.000000 0.382683 -11.747158 -23.638374 29.144552 0.171975 8.100050 5.871225 30208.dat
9 0 0.701858 0.121617 -0.701858 -0.085996 0.992577 0.085996 0.707107 -0.000000 0.707107 -25.807779 -11.006926 26.592102 0.144550 5.403000 7.558500 30208.dat
9 0 0.564984 0.601320 -0.564984 -0.425198 0.799008 0.425198 0.707107 -0.000000 0.707107 -21.705851 -23.638374 22.490171 0.177625 8.100050 5.871225 30208.dat
9 0 0.303617 0.903124 -0.303617 -0.638605 0.429380 0.638605 0.707107 0.000000 0.707107 -12.524957 -34.148998 13.309273 0.191625 8.100050 7.075825 30208.dat
9 0 0.917022 0.121617 -0.379843 -0.112359 0.992577 0.046541 0.382683 -0.000000 0.923880 -34.045731 -8.332975 14.886493 0.182400 8.100050 7.558500 30208.dat
9 0 0.738187 0.601320 -0.305768 -0.555547 0.799008 0.230116 0.382684 -0.000000 0.923879 -28.360209 -23.638350 12.531510 0.165350 8.100050 5.871225 30208.dat
9 0 0.992577 0.121617 -0.000000 -0.121617 0.992577 -0.000000 0.000000 0.000000 1.000000 -36.850868 -8.332975 0.784275 0.170125 8.100050 7.558500 30208.dat
9 0 0.799008 0.601320 -0.000000 -0.601320 0.799008 0.000000 0.000000 0.000000 1.000000 -30.696863 -23.638350 0.784329 0.155800 8.100050 5.871225 30208.dat
9 0 0.429379 0.903125 0.000000 -0.903124 0.429379 -0.000000 -0.000000 -0.000000 1.000000 -17.712984 -34.148998 0.784308 0.172700 8.100050 7.075825 30208.dat
9 0 0.917022 0.121618 0.379843 -0.112360 0.992577 -0.046541 -0.382683 0.000000 0.923880 -34.045792 -8.332975 -13.317926 0.151025 8.100050 7.558500 30208.dat
9 0 0.738187 0.601321 0.305767 -0.555548 0.799008 -0.230115 -0.382683 -0.000000 0.923880 -28.360228 -23.638350 -10.962838 0.174500 8.100050 5.871225 30208.dat
10 0 -22.426399 0.000000 -62.426502 59.508751 39.581001 19.508699 30208.dat
2 22 0.000000 0.000000 1.000000 0.000000 1.000000 0.000000 -1.000000 0.000000 0.000000 -39.999969 0.000000 -39.215691 8 8 29:0:1,29:0:1,22:2:1,22:2:1,22:2:1,22:2:1,22:2:1,29:0:1,29:0:1,29:0:1,29:0:1,29:0:1,15:4:0,23:4:1,15:4:0,29:0:1,29:0:1,29:0:1,29:0:1,29:0:1,29:0:1,29:0:1,29:0:1,29:0:1,29:0:1,29:0:1,29:0:1,22:2:1,15:4:0,29:0:1,29:0:1,29:0:1,29:0:1,29:0:1,15:4:0,22:2:1,22:2:1,23:4:1,29:0:1,29:0:1,29:0:1,29:0:1,29:0:1,23:4:1,22:2:1,22:2:1,15:4:0,29:0:1,29:0:1,29:0:1,29:0:1,29:0:1,15:4:0,22:2:1,29:0:1,29:0:1,29:0:1,29:0:1,29:0:1,29:0:1,29:0:1,29:0:1,29:0:1,29:0:1,29:0:1,29:0:1,15:4:0,23:4:1,15:4:0,29:0:1,29:0:1,29:0:1,29:0:1,29:0:1,29:0:1,22:2:1,22:2:1,22:2:1,29:0:1,29:0:1,29:0:1, 30208.dat
4 98 -0.000000 0.000000 -1.000000 0.000000 1.000000 0.000000 1.000000 0.000000 -0.000000 -0.613758 0.000000 39.074810 2 30208.dat
4 98 0.000000 0.000000 1.000000 0.000000 1.000000 0.000000 -1.000000 0.000000 0.000000 -0.613752 0.000000 -35.925198 2 30208.dat
4 98 -1.000000 0.000000 0.000000 0.000000 1.000000 0.000000 -0.000000 0.000000 -1.000000 36.886250 0.000000 1.574790 2 30208.dat
4 98 1.000000 0.000000 -0.000000 0.000000 1.000000 0.000000 0.000000 0.000000 1.000000 -38.113758 0.000000 1.574823 2 30208.dat
