9 0 0.500000 -0.000000 0.866025 -0.224144 0.965926 0.129410 -0.836516 -0.258819 0.482963 -6.759525 8.385825 3.902625 3.928300 4.556875 16.273026 30213.dat
9 0 0.500000 0.000000 -0.866025 0.224144 0.965926 0.129410 0.836516 -0.258819 0.482963 6.759525 8.385825 3.902625 3.928300 4.556875 16.273026 30213.dat
9 0 -1.000000 -0.000000 -0.000000 0.000000 0.965926 -0.258819 0.000000 -0.258819 -0.965926 0.000000 8.385825 -7.805225 3.928300 4.556875 16.273026 30213.dat
9 0 1.000000 0.000000 0.000000 0.000000 1.000000 0.000000 0.000000 0.000000 1.000000 0.000000 9.690799 0.000000 12.884424 8.809200 12.884424 30213.dat
9 0 0.707107 0.000000 0.707107 0.000000 1.000000 0.000000 -0.707107 0.000000 0.707107 0.000000 12.312499 0.000000 5.054400 11.437500 5.054400 30213.dat
10 0 -23.357725 0.000000 -16.237999 23.357725 24.227551 24.750000 30213.dat
2 22 1.000000 0.000000 0.000000 0.000000 1.000000 0.000000 0.000000 0.000000 1.000000 -10.000000 24.000000 10.000000 2 2 29:0:0,29:0:0,29:0:0,29:0:0,5:4:34,29:0:0,29:0:0,29:0:0,29:0:0, 30213.dat
