9 0 1.000000 0.000000 0.000000 0.000000 1.000000 0.000000 0.000000 0.000000 1.000000 0.000000 21.271002 0.000000 7.749950 20.997099 5.870225 30228.dat
9 0 -0.020949 -0.749425 -0.661758 0.882620 -0.324775 0.339858 -0.469620 -0.576961 0.668261 13.051525 7.585502 1.649975 2.501550 12.899600 2.202225 30228.dat
9 0 0.020948 -0.749424 -0.661758 -0.882620 -0.324774 0.339859 -0.469621 0.576962 -0.668260 -13.051525 7.585502 1.649975 2.280900 13.065000 2.005600 30228.dat
9 0 0.707107 0.000000 -0.707107 0.000000 1.000000 0.000000 0.707107 0.000000 0.707107 0.000000 47.103455 -0.557325 2.184325 12.541201 2.184325 30228.dat
10 0 -25.572500 -0.019550 -10.638700 25.523499 61.130249 6.125000 30228.dat
0 7 -0.000000 0.000000 1.000000 0.000000 1.000000 0.000000 -1.000000 0.000000 -0.000000 0.000000 60.000004 0.000000 0 1 0.699278 0 0 30228.dat
0 7 0.321394 0.116977 0.939693 0.883023 0.321394 -0.342020 -0.342020 0.939693 0.000000 -9.825000 8.754503 0.350000 1 0 0.600000 0 0 30228.dat
0 7 -0.321394 0.116978 0.939693 -0.883022 0.321394 -0.342020 -0.342020 -0.939693 -0.000000 9.814975 8.750004 0.354650 1 0 0.600000 0 0 30228.dat
