9 0 1.000000 0.000000 0.000000 0.000000 1.000000 0.000000 0.000000 0.000000 1.000000 23.062498 1.875007 10.000000 16.687500 1.625000 19.750000 30246.dat
9 0 0.705818 0.000000 0.708393 0.000000 1.000000 0.000000 -0.708393 0.000000 0.705818 -8.009426 1.875007 -2.191200 27.861250 1.625000 10.883900 30246.dat
9 0 -0.707523 0.000000 0.706691 0.000000 1.000000 0.000000 -0.706691 0.000000 -0.707523 8.025747 1.875007 -2.209700 27.861250 1.625000 10.950175 30246.dat
9 0 -0.000000 0.000000 1.000000 0.000000 1.000000 0.000000 -1.000000 0.000000 -0.000000 0.000000 1.875007 -3.062500 26.687500 1.625000 19.750000 30246.dat
9 0 1.000000 0.000000 0.000000 0.000000 1.000000 0.000000 0.000000 0.000000 1.000000 -23.062500 1.875007 10.000000 16.687500 1.625000 19.750000 30246.dat
9 0 1.000000 0.000000 0.000000 0.000000 1.000000 0.000000 0.000000 0.000000 1.000000 23.062498 140.000015 10.000000 16.687500 3.750000 19.750000 30246.dat
9 0 0.705818 0.000000 0.708393 0.000000 1.000000 0.000000 -0.708393 0.000000 0.705818 -2.917501 140.000015 -7.264524 27.861250 3.750000 3.696050 30246.dat
9 0 -0.707523 0.000000 0.706691 0.000000 1.000000 0.000000 -0.706691 0.000000 -0.707523 2.899247 140.000015 -7.342150 27.861250 3.750000 3.696050 30246.dat
9 0 1.000000 0.000000 0.000000 0.000000 1.000000 0.000000 0.000000 0.000000 1.000000 -38.125004 72.000000 10.000000 1.625000 71.750000 19.750000 30246.dat
9 0 1.000000 0.000000 0.000000 0.000000 1.000000 0.000000 0.000000 0.000000 1.000000 38.124996 72.000000 10.000000 1.625000 71.750000 19.750000 30246.dat
9 0 0.707282 0.000000 -0.706931 0.000000 1.000000 0.000000 0.706931 0.000000 0.707282 28.671247 69.375008 -18.672026 1.625000 69.125000 13.892124 30246.dat
9 0 0.707241 0.000000 0.706972 0.000000 1.000000 0.000000 -0.706972 0.000000 0.707241 -28.672028 69.375008 -18.672523 1.625000 69.125000 13.892124 30246.dat
9 0 -0.000000 0.000000 -1.000000 0.000000 1.000000 0.000000 1.000000 0.000000 -0.000000 0.000000 72.000000 -28.125000 1.625000 71.750000 19.750000 30246.dat
9 0 -0.000000 0.000000 1.000000 0.000000 1.000000 0.000000 -1.000000 0.000000 -0.000000 0.000000 140.000015 -3.062500 26.687500 3.750000 19.750000 30246.dat
9 0 1.000000 0.000000 0.000000 0.000000 1.000000 0.000000 0.000000 0.000000 1.000000 -23.062500 140.000015 10.000000 16.687500 3.750000 19.750000 30246.dat
9 0 -0.707523 0.000000 0.706691 0.000000 1.000000 0.000000 -0.706691 0.000000 -0.707523 19.645500 140.000015 4.753175 24.560501 3.750000 3.696050 30246.dat
9 0 0.705818 0.000000 0.708393 0.000000 1.000000 0.000000 -0.708393 0.000000 0.705818 -19.903275 140.000015 4.569600 24.255625 3.750000 3.696050 30246.dat
10 0 -10.000000 0.000000 -30.000002 70.000000 148.424988 30.000002 30246.dat
3 23 1.000000 0.000000 0.000000 0.000000 1.000000 0.000000 0.000000 0.000000 1.000000 -40.000000 0.000000 30.000002 6 8 18:1:1,23:4:1,18:2:1,23:4:1,29:0:1,23:4:1,18:2:1,23:4:1,18:1:1,23:4:1,1:4:1,23:4:1,1:4:0,23:4:1,1:4:0,23:4:1,1:4:1,23:4:1,18:2:1,23:4:1,18:4:1,23:4:1,18:4:1,23:4:1,18:4:1,23:4:1,18:2:1,23:4:1,1:4:1,23:4:1,1:4:1,23:4:1,1:4:1,23:4:1,1:4:1,23:4:1,18:2:1,23:4:1,18:3:1,23:4:1,18:4:1,23:4:1,18:3:1,23:4:1,18:2:1,29:0:1,29:0:1,23:4:1,1:4:1,23:4:1,1:4:1,23:4:1,29:0:1,29:0:1,29:0:1,29:0:1,18:2:1,23:4:1,18:2:1,23:4:1,18:2:1,29:0:1,29:0:1, 30246.dat
2 22 1.000000 0.000000 0.000000 0.000000 1.000000 0.000000 0.000000 0.000000 1.000000 -40.000000 144.000000 30.000002 6 8 22:1:1,22:2:1,22:2:1,22:2:1,29:0:1,22:2:1,22:2:1,22:2:1,22:1:1,22:2:1,15:4:1,23:4:1,15:4:0,23:4:1,15:4:0,23:4:1,15:4:1,22:2:1,22:2:1,23:4:1,7:4:2,23:4:1,7:4:2,23:4:1,7:4:2,23:4:1,22:2:1,22:2:1,15:4:1,23:4:1,15:4:1,23:4:1,15:4:1,23:4:1,15:4:1,22:2:1,22:2:1,23:4:1,7:4:2,23:4:1,7:4:2,23:4:1,7:4:2,23:4:1,22:2:1,29:0:1,29:0:1,23:4:1,15:4:1,23:4:1,15:4:1,23:4:1,29:0:1,29:0:1,29:0:1,29:0:1,22:2:1,22:2:1,22:2:1,22:2:1,22:2:1,29:0:1,29:0:1, 30246.dat
