9 0 0.000000 0.000000 1.000000 0.000000 1.000000 0.000000 -1.000000 0.000000 0.000000 50.000031 25.375000 9.999996 99.750000 1.125000 9.750000 30248.dat
9 0 -0.213371 0.402815 0.890064 -0.000000 0.911044 -0.412310 -0.976971 -0.087975 -0.194390 43.922268 24.155548 -98.494774 10.640875 3.394175 1.312500 30248.dat
9 0 0.212473 0.403672 -0.889890 0.000000 -0.910684 -0.413104 -0.977167 0.087773 -0.193496 56.018139 24.154100 118.474747 10.640875 3.394175 1.312500 30248.dat
9 0 0.000000 0.000000 1.000000 0.000000 1.000000 0.000000 -1.000000 0.000000 0.000000 0.000024 3.999999 0.000018 9.750000 3.750000 39.349998 30248.dat
9 0 0.000000 0.000000 1.000000 0.000000 1.000000 0.000000 -1.000000 0.000000 0.000000 0.000045 3.999999 60.000008 9.750000 3.750000 39.349998 30248.dat
9 0 0.000000 0.000000 1.000000 0.000000 1.000000 0.000000 -1.000000 0.000000 0.000000 41.562527 28.000000 9.999996 99.750000 3.750000 1.312500 30248.dat
9 0 0.210147 0.403103 0.890700 -0.000000 0.911044 -0.412310 -0.977670 0.086645 0.191453 56.113945 24.154476 -98.497131 10.640875 3.394175 1.312500 30248.dat
9 0 0.000000 0.000000 1.000000 0.000000 1.000000 0.000000 -1.000000 0.000000 0.000000 58.437527 28.000000 9.999996 99.750000 3.750000 1.312500 30248.dat
9 0 -0.220204 0.402964 -0.888330 -0.000001 -0.910684 -0.413104 -0.975454 -0.090966 0.200536 43.999138 24.150551 118.482498 10.640875 3.394175 1.312500 30248.dat
9 0 0.000502 0.432953 0.901417 -0.000298 0.901417 -0.432953 -1.000000 -0.000051 0.000582 50.004219 21.199326 -98.935799 9.022425 1.097150 5.749825 30248.dat
9 0 0.000000 0.000000 1.000000 0.000000 1.000000 0.000000 -1.000000 0.000000 0.000000 50.000023 21.599998 -7.200003 1.625000 2.150000 9.750000 30248.dat
9 0 0.000000 0.000000 1.000000 0.000000 1.000000 0.000000 -1.000000 0.000000 0.000000 50.000031 21.599998 7.199997 1.625000 2.150000 9.750000 30248.dat
9 0 0.603623 -0.797270 0.000000 0.797269 0.603623 -0.000000 0.000000 0.000000 1.000000 41.952122 23.486298 -15.896249 1.303425 2.647950 10.321375 30248.dat
9 0 0.000000 0.000000 1.000000 0.000000 1.000000 0.000000 -1.000000 0.000000 0.000000 41.050026 13.180974 0.000000 5.075000 10.569025 0.800000 30248.dat
9 0 0.000000 0.000000 1.000000 0.000000 1.000000 0.000000 -1.000000 0.000000 0.000000 41.050045 13.180974 59.999996 5.075000 10.569025 0.800000 30248.dat
9 0 0.000000 0.000000 1.000000 0.000000 1.000000 0.000000 -1.000000 0.000000 0.000000 50.000046 21.599998 67.199997 1.625000 2.150000 9.750000 30248.dat
9 0 0.000000 0.000000 1.000000 0.000000 1.000000 0.000000 -1.000000 0.000000 0.000000 50.000042 21.599998 52.799995 1.625000 2.150000 9.750000 30248.dat
9 0 0.000000 0.000000 1.000000 -0.684547 0.728969 0.000000 -0.728969 -0.684547 0.000000 46.366829 13.276750 7.199997 1.625000 4.764700 13.771351 30248.dat
9 0 0.000000 0.000000 1.000000 -0.684547 0.728969 0.000000 -0.728969 -0.684547 0.000000 46.356495 13.267024 52.799995 1.625000 4.764700 13.757125 30248.dat
9 0 0.000000 0.000000 1.000000 -0.684547 0.728969 0.000000 -0.728969 -0.684547 0.000000 46.356495 13.267024 67.199997 1.625000 4.764700 13.757125 30248.dat
9 0 0.000000 0.000000 1.000000 -0.684547 0.728969 0.000000 -0.728969 -0.684547 0.000000 46.366821 13.276750 -7.200003 1.625000 4.764700 13.771351 30248.dat
9 0 0.000000 0.000000 1.000000 -0.626450 0.779462 0.000000 -0.779462 -0.626450 0.000000 35.905422 14.225775 -7.199997 1.625000 4.735900 15.891875 30248.dat
9 0 0.000000 0.000000 1.000000 -0.626450 0.779462 0.000000 -0.779462 -0.626450 0.000000 35.905426 14.225775 7.200003 1.625000 4.735900 15.891875 30248.dat
9 0 0.000000 0.000000 1.000000 -0.626450 0.779462 0.000000 -0.779462 -0.626450 0.000000 35.894341 14.216849 52.799995 1.625000 4.735900 15.877650 30248.dat
9 0 0.000000 0.000000 1.000000 -0.626450 0.779462 0.000000 -0.779462 -0.626450 0.000000 35.894348 14.216849 67.199997 1.625000 4.735900 15.877650 30248.dat
9 0 0.000068 0.432952 -0.901417 0.000298 0.901417 0.432952 1.000000 -0.000298 -0.000068 49.978786 21.199326 118.937996 9.022425 1.097150 5.749825 30248.dat
9 0 0.000000 0.000000 1.000000 0.000000 1.000000 0.000000 -1.000000 0.000000 0.000000 -49.999969 25.375000 10.000027 99.750000 1.125000 9.750000 30248.dat
9 0 0.213371 0.402815 0.890063 -0.000000 0.911044 -0.412310 -0.976971 0.087975 0.194391 -43.922256 24.155548 -98.494743 10.640875 3.394175 1.312500 30248.dat
9 0 -0.212474 0.403672 -0.889890 -0.000001 -0.910684 -0.413104 -0.977167 -0.087773 0.193497 -56.017937 24.154100 118.474792 10.640875 3.394175 1.312500 30248.dat
9 0 0.000000 0.000000 1.000000 0.000000 1.000000 0.000000 -1.000000 0.000000 0.000000 -41.562469 28.000000 10.000027 99.750000 3.750000 1.312500 30248.dat
9 0 -0.210146 0.403103 0.890700 -0.000000 0.911044 -0.412310 -0.977670 -0.086645 -0.191453 -56.113995 24.154476 -98.497093 10.640875 3.394175 1.312500 30248.dat
9 0 0.000000 0.000000 1.000000 0.000000 1.000000 0.000000 -1.000000 0.000000 0.000000 -58.437477 28.000000 10.000032 99.750000 3.750000 1.312500 30248.dat
9 0 0.220203 0.402964 -0.888330 0.000001 -0.910684 -0.413104 -0.975454 0.090966 -0.200536 -43.998940 24.150551 118.482521 10.640875 3.394175 1.312500 30248.dat
9 0 -0.000502 0.432953 0.901417 0.000298 0.901417 -0.432953 -1.000000 0.000051 -0.000581 -50.004257 21.199326 -98.935768 9.022425 1.097150 5.749825 30248.dat
9 0 0.000000 0.000000 1.000000 0.000000 1.000000 0.000000 -1.000000 0.000000 0.000000 -49.999977 21.599998 -7.199973 1.625000 2.150000 9.750000 30248.dat
9 0 0.000000 0.000000 1.000000 0.000000 1.000000 0.000000 -1.000000 0.000000 0.000000 -49.999969 21.599998 7.200027 1.625000 2.150000 9.750000 30248.dat
9 0 -0.603623 -0.797270 0.000000 -0.797269 0.603623 0.000000 -0.000001 -0.000000 -1.000000 -41.951984 23.486298 -15.896219 1.303425 2.647950 10.321375 30248.dat
9 0 0.000000 0.000000 1.000000 0.000000 1.000000 0.000000 -1.000000 0.000000 0.000000 -41.049976 13.180974 0.000030 5.075000 10.569025 0.800000 30248.dat
9 0 0.000000 0.000000 1.000000 0.000000 1.000000 0.000000 -1.000000 0.000000 0.000000 -41.049957 13.180974 60.000019 5.075000 10.569025 0.800000 30248.dat
9 0 0.000000 0.000000 1.000000 0.000000 1.000000 0.000000 -1.000000 0.000000 0.000000 -49.999954 21.599998 67.200035 1.625000 2.150000 9.750000 30248.dat
9 0 0.000000 0.000000 1.000000 0.000000 1.000000 0.000000 -1.000000 0.000000 0.000000 -49.999958 21.599998 52.800030 1.625000 2.150000 9.750000 30248.dat
9 0 0.000000 0.000000 1.000000 0.684547 0.728969 -0.000000 -0.728969 0.684547 0.000000 -46.366722 13.276750 7.200027 1.625000 4.764700 13.771351 30248.dat
9 0 0.000000 0.000000 1.000000 0.684547 0.728969 -0.000000 -0.728969 0.684547 0.000000 -46.356457 13.267024 52.800030 1.625000 4.764700 13.757125 30248.dat
9 0 0.000000 0.000000 1.000000 0.684547 0.728969 -0.000000 -0.728969 0.684547 0.000000 -46.356453 13.267024 67.200035 1.625000 4.764700 13.757125 30248.dat
9 0 0.000000 0.000000 1.000000 0.684547 0.728969 -0.000000 -0.728969 0.684547 0.000000 -46.366726 13.276750 -7.199973 1.625000 4.764700 13.771351 30248.dat
9 0 0.000000 0.000000 1.000000 0.626450 0.779462 -0.000000 -0.779462 0.626450 0.000000 -35.905476 14.225775 -7.199973 1.625000 4.735900 15.891875 30248.dat
9 0 0.000000 0.000000 1.000000 0.626450 0.779462 -0.000000 -0.779462 0.626450 0.000000 -35.905468 14.225775 7.200027 1.625000 4.735900 15.891875 30248.dat
9 0 0.000000 0.000000 1.000000 0.626450 0.779462 -0.000000 -0.779462 0.626450 0.000000 -35.894211 14.216849 52.800018 1.625000 4.735900 15.877650 30248.dat
9 0 0.000000 0.000000 1.000000 0.626450 0.779462 -0.000000 -0.779462 0.626450 0.000000 -35.894203 14.216849 67.200020 1.625000 4.735900 15.877650 30248.dat
9 0 -0.000068 0.432952 -0.901417 -0.000298 0.901417 0.432952 1.000000 0.000298 0.000068 -49.978691 21.199326 118.938042 9.022425 1.097150 5.749825 30248.dat
10 0 -30.000002 0.000000 -110.000000 209.999985 36.449997 10.000000 30248.dat
3 23 0.000000 0.000000 1.000000 0.000000 1.000000 0.000000 -1.000000 0.000000 0.000000 -39.999973 0.000000 -9.999972 8 8 18:1:1,23:4:1,18:1:1,29:0:1,29:0:1,29:0:1,18:1:1,23:4:1,18:1:1,23:4:1,0:4:1,23:4:1,29:0:1,29:0:1,29:0:1,23:4:1,0:4:1,23:4:1,18:2:1,23:4:1,18:2:1,29:0:1,29:0:1,29:0:1,18:2:1,23:4:1,18:2:1,23:4:1,0:4:1,23:4:1,29:0:1,29:0:1,29:0:1,23:4:1,0:4:1,23:4:1,18:2:1,23:4:1,18:2:1,29:0:1,29:0:1,29:0:1,18:2:1,23:4:1,18:2:1,23:4:1,0:4:1,23:4:1,29:0:1,29:0:1,29:0:1,23:4:1,0:4:1,23:4:1,18:2:1,23:4:1,18:2:1,29:0:1,29:0:1,29:0:1,18:2:1,23:4:1,18:2:1,23:4:1,0:4:1,23:4:1,29:0:1,29:0:1,29:0:1,23:4:1,0:4:1,23:4:1,18:1:1,23:4:1,18:1:1,29:0:1,29:0:1,29:0:1,18:1:1,23:4:1,18:1:1, 30248.dat
3 23 0.000000 0.000000 1.000000 0.000000 1.000000 0.000000 -1.000000 0.000000 0.000000 -60.000004 24.000000 -89.999969 12 20 29:0:1,23:4:1,18:2:1,23:4:1,18:2:1,23:4:1,29:0:1,29:0:1,29:0:1,29:0:1,29:0:1,23:4:1,18:2:1,23:4:1,29:0:1,29:0:1,29:0:1,23:4:1,18:2:1,23:4:1,29:0:1,23:4:1,0:4:1,23:4:1,0:4:1,23:4:1,0:4:1,23:4:1,29:0:1,29:0:1,29:0:1,23:4:1,0:4:1,23:4:1,0:4:1,23:4:1,29:0:1,23:4:1,0:4:1,23:4:1,0:4:1,23:4:1,29:0:1,23:4:1,18:2:1,23:4:1,18:2:1,23:4:1,29:0:1,29:0:1,29:0:1,29:0:1,29:0:1,23:4:1,18:2:1,23:4:1,29:0:1,29:0:1,29:0:1,23:4:1,18:2:1,23:4:1,29:0:1,29:0:1,29:0:1,29:0:1,29:0:1,29:0:1,29:0:1,29:0:1,29:0:1,29:0:1,29:0:1,29:0:1,29:0:1,29:0:1,29:0:1,29:0:1,29:0:1,29:0:1,29:0:1,29:0:1,29:0:1,29:0:1,29:0:1,29:0:1,29:0:1,29:0:1,29:0:1,29:0:1,29:0:1,29:0:1,29:0:1,29:0:1,29:0:1,29:0:1,29:0:1,29:0:1,29:0:1,29:0:1,29:0:1,29:0:1,29:0:1,29:0:1,29:0:1,29:0:1,29:0:1,29:0:1,29:0:1,29:0:1,29:0:1,29:0:1,29:0:1,29:0:1,29:0:1,29:0:1,29:0:1,29:0:1,29:0:1,29:0:1,29:0:1,29:0:1,29:0:1,29:0:1,29:0:1,29:0:1,29:0:1,29:0:1,29:0:1,29:0:1,29:0:1,29:0:1,29:0:1,29:0:1,29:0:1,29:0:1,29:0:1,29:0:1,29:0:1,29:0:1,29:0:1,29:0:1,29:0:1,29:0:1,29:0:1,29:0:1,29:0:1,29:0:1,29:0:1,29:0:1,29:0:1,29:0:1,29:0:1,29:0:1,29:0:1,29:0:1,29:0:1,29:0:1,29:0:1,29:0:1,29:0:1,29:0:1,29:0:1,29:0:1,29:0:1,29:0:1,29:0:1,29:0:1,29:0:1,29:0:1,29:0:1,29:0:1,29:0:1,29:0:1,29:0:1,29:0:1,29:0:1,29:0:1,29:0:1,29:0:1,29:0:1,29:0:1,29:0:1,29:0:1,29:0:1,29:0:1,29:0:1,29:0:1,29:0:1,29:0:1,29:0:1,29:0:1,29:0:1,29:0:1,29:0:1,29:0:1,29:0:1,29:0:1,29:0:1,29:0:1,29:0:1,29:0:1,29:0:1,29:0:1,29:0:1,29:0:1,29:0:1,29:0:1,29:0:1,29:0:1,29:0:1,23:4:1,18:2:1,23:4:1,18:2:1,23:4:1,29:0:1,29:0:1,29:0:1,29:0:1,29:0:1,23:4:1,18:2:1,23:4:1,29:0:1,29:0:1,29:0:1,23:4:1,18:2:1,23:4:1,29:0:1,23:4:1,0:4:1,23:4:1,0:4:1,23:4:1,0:4:1,23:4:1,29:0:1,29:0:1,29:0:1,23:4:1,0:4:1,23:4:1,0:4:1,23:4:1,29:0:1,23:4:1,0:4:1,23:4:1,0:4:1,23:4:1,29:0:1,23:4:1,18:2:1,23:4:1,18:2:1,23:4:1,29:0:1,29:0:1,29:0:1,29:0:1,29:0:1,23:4:1,18:2:1,23:4:1,29:0:1,29:0:1,29:0:1,23:4:1,18:2:1,23:4:1,29:0:1, 30248.dat
2 22 0.000000 0.000000 1.000000 0.000000 1.000000 0.000000 -1.000000 0.000000 0.000000 -19.999975 8.000000 -9.999979 4 8 29:0:1,22:2:1,29:0:1,29:0:1,29:0:1,29:0:1,29:0:1,22:2:1,29:0:1,22:2:1,15:4:1,22:2:1,29:0:1,29:0:1,29:0:1,22:2:1,15:4:1,22:2:1,22:2:1,9:4:1,22:2:1,29:0:1,29:0:1,29:0:1,22:2:1,9:4:1,22:2:1,22:2:1,15:4:1,22:2:1,29:0:1,29:0:1,29:0:1,22:2:1,15:4:1,22:2:1,29:0:1,22:2:1,29:0:1,29:0:1,29:0:1,29:0:1,29:0:1,22:2:1,29:0:1, 30248.dat
