9 0 -0.000000 -0.000000 1.000000 -1.000000 0.000000 -0.000000 0.000000 -1.000000 -0.000000 -38.125004 36.000000 40.115326 9.634675 1.625000 35.750000 30251.dat
9 0 0.000000 0.000000 1.000000 -1.000000 0.000000 0.000000 -0.000000 -1.000000 0.000000 -38.125004 62.442200 14.726752 35.023251 1.625000 9.307800 30251.dat
9 0 -0.000000 -0.745859 0.666104 -1.000000 0.000000 -0.000000 0.000000 -0.666104 -0.745859 -38.125004 35.914253 15.712026 36.054249 1.625000 13.015850 30251.dat
9 0 -0.000000 -0.000000 1.000000 -1.000000 0.000000 -0.000000 0.000000 -1.000000 -0.000000 38.124996 36.000000 40.115326 9.634675 1.625000 35.750000 30251.dat
9 0 0.000000 0.000000 1.000000 -1.000000 0.000000 0.000000 -0.000000 -1.000000 0.000000 38.124996 62.442200 14.726752 35.023251 1.625000 9.307800 30251.dat
9 0 -0.000000 -0.745859 0.666104 -1.000000 0.000000 -0.000000 0.000000 -0.666104 -0.745859 38.124996 35.749504 15.702952 35.937248 1.625000 12.899250 30251.dat
9 0 -0.000000 -0.000000 1.000000 -1.000000 0.000000 -0.000000 0.000000 -1.000000 -0.000000 0.000000 1.875001 30.000002 19.750000 19.750000 1.625000 30251.dat
9 0 -0.000001 -0.745843 0.666121 -1.000000 0.000000 -0.000001 0.000000 -0.666121 -0.745843 0.000000 34.789001 -18.556496 44.719498 19.750000 1.625000 30251.dat
9 0 0.003374 -0.746696 0.665157 -0.798150 0.398717 0.451643 -0.602450 -0.532419 -0.594629 -29.432175 35.711754 -9.529251 38.725002 11.798901 1.625000 30251.dat
9 0 -0.003374 -0.746696 0.665157 0.798150 0.398717 0.451643 -0.602450 0.532419 0.594629 29.432249 35.711754 -9.529251 38.725002 11.798901 1.625000 30251.dat
9 0 -0.000000 -0.000000 1.000000 -1.000000 0.000000 -0.000000 0.000000 -1.000000 -0.000000 -30.155050 70.125000 -20.000002 9.750000 9.905050 1.625000 30251.dat
9 0 -0.000000 -0.000000 1.000000 -1.000000 0.000000 -0.000000 0.000000 -1.000000 -0.000000 29.844999 70.125000 -20.000002 9.750000 9.905050 1.625000 30251.dat
9 0 -0.000000 -0.000000 1.000000 -1.000000 0.000000 -0.000000 0.000000 -1.000000 -0.000000 0.000000 70.125000 -40.000000 9.750000 19.750000 1.625000 30251.dat
9 0 -0.000000 -0.000000 1.000000 -1.000000 0.000000 -0.000000 0.000000 -1.000000 -0.000000 0.000000 1.875001 40.115326 9.634675 39.750000 1.625000 30251.dat
10 0 -10.000000 0.000000 -70.000000 90.000000 76.450005 10.060101 30251.dat
3 23 0.000000 0.000000 -1.000000 0.000000 1.000000 0.000000 1.000000 0.000000 0.000000 39.999996 0.000000 50.000000 8 4 18:1:1,23:4:1,29:0:1,29:0:1,29:0:1,23:4:1,1:4:1,23:4:1,29:0:1,29:0:1,18:2:1,23:4:1,18:4:1,23:4:1,29:0:1,23:4:1,1:4:1,23:4:1,1:4:1,23:4:1,18:2:1,23:4:1,18:4:1,23:4:1,29:0:1,23:4:1,1:4:1,23:4:1,1:4:1,23:4:1,18:2:1,23:4:1,18:4:1,23:4:1,29:0:1,23:4:1,1:4:1,23:4:1,29:0:1,29:0:1,18:1:1,23:4:1,29:0:1,29:0:1,29:0:1, 30251.dat
2 22 0.000000 0.000000 -1.000000 0.000000 1.000000 0.000000 1.000000 0.000000 0.000000 39.999996 72.000000 -9.999999 8 4 29:0:1,29:0:1,29:0:1,29:0:1,29:0:1,29:0:1,15:4:0,29:0:1,29:0:1,29:0:1,29:0:1,29:0:1,29:0:1,29:0:1,29:0:1,29:0:1,29:0:1,29:0:1,15:4:0,29:0:1,29:0:1,29:0:1,29:0:1,29:0:1,29:0:1,29:0:1,29:0:1,29:0:1,15:4:0,29:0:1,29:0:1,29:0:1,29:0:1,29:0:1,29:0:1,29:0:1,15:4:0,29:0:1,29:0:1,29:0:1,29:0:1,29:0:1,29:0:1,29:0:1,29:0:1, 30251.dat
