9 0 0.000000 0.000000 -1.000000 0.000000 1.000000 0.000000 1.000000 0.000000 0.000000 -30.000002 -11.999501 -0.012500 19.762499 35.750500 9.750000 30250.dat
9 0 -0.706686 0.000000 0.707527 0.000000 1.000000 0.000000 -0.707527 0.000000 -0.706686 36.578251 19.999449 -101.564003 1.061650 3.750550 3.276300 30250.dat
9 0 0.000000 0.000000 -1.000000 0.000000 1.000000 0.000000 1.000000 0.000000 0.000000 0.000000 12.000549 -0.012500 19.762499 11.750550 19.750000 30250.dat
9 0 0.000000 0.000000 -1.000000 0.000000 1.000000 0.000000 1.000000 0.000000 0.000000 -30.000002 20.000549 -50.000000 29.750002 3.750550 9.750000 30250.dat
9 0 0.000000 0.000000 -1.000000 0.000000 1.000000 0.000000 1.000000 0.000000 0.000000 30.000002 19.999998 -50.000000 29.750002 3.751100 9.750000 30250.dat
9 0 0.000000 0.000000 -1.000000 0.000000 1.000000 0.000000 1.000000 0.000000 0.000000 0.000000 17.375000 -90.000000 9.750000 1.125000 39.750000 30250.dat
9 0 0.000000 0.000000 -1.000000 0.000000 1.000000 0.000000 1.000000 0.000000 0.000000 0.000000 17.375000 -109.062492 10.687500 1.125000 19.750000 30250.dat
9 0 0.708047 0.000000 -0.706165 0.000000 1.000000 0.000000 0.706165 0.000000 0.708047 -24.136450 17.375000 -104.140244 13.878350 1.125000 8.058375 30250.dat
9 0 0.708047 0.000000 -0.706165 0.000000 1.000000 0.000000 0.706165 0.000000 0.708047 24.579000 17.375000 -104.628502 7.362600 1.125000 13.867250 30250.dat
9 0 0.000000 0.000000 -1.000000 0.000000 1.000000 0.000000 1.000000 0.000000 0.000000 30.000002 -11.999501 -0.012499 19.762499 35.750500 9.750000 30250.dat
9 0 0.000000 0.000000 -1.000000 0.000000 1.000000 0.000000 1.000000 0.000000 0.000000 -38.125000 19.999449 -59.999996 39.750000 3.750550 1.625000 30250.dat
9 0 0.000000 0.000000 -1.000000 0.000000 1.000000 0.000000 1.000000 0.000000 0.000000 38.124996 20.000549 -60.008495 39.750252 3.750550 1.625000 30250.dat
9 0 0.000000 0.000000 -1.000000 0.000000 1.000000 0.000000 1.000000 0.000000 0.000000 0.000000 19.999449 -81.875000 1.625000 3.750550 39.750000 30250.dat
9 0 0.000000 0.000000 -1.000000 0.000000 1.000000 0.000000 1.000000 0.000000 0.000000 0.000003 19.999449 -118.125000 1.625000 3.750550 19.750000 30250.dat
9 0 -0.702299 0.000000 -0.711882 0.000000 1.000000 0.000000 0.711882 0.000000 -0.702299 -21.562651 19.999449 -116.566254 1.096900 3.750550 3.273875 30250.dat
9 0 -0.708281 0.000000 -0.705930 0.000000 1.000000 0.000000 0.705930 0.000000 -0.708281 -36.058472 19.999449 -102.046753 1.096900 3.750550 3.982075 30250.dat
9 0 -0.706108 0.000000 0.708104 0.000000 1.000000 0.000000 -0.708104 0.000000 -0.706108 22.057497 19.999449 -116.083252 1.070600 3.750550 3.972600 30250.dat
10 0 -10.000000 0.000000 -70.000000 130.000000 76.450005 10.000000 30250.dat
3 23 0.000000 0.000000 -1.000000 0.000000 1.000000 0.000000 1.000000 0.000000 0.000000 39.999996 16.000000 -20.000002 8 10 29:0:1,23:4:1,18:2:1,23:4:1,18:2:1,23:4:1,18:2:1,23:4:1,18:2:1,29:0:1,29:0:1,23:4:1,0:4:1,23:4:1,0:4:1,23:4:1,0:4:1,23:4:1,0:4:1,23:4:1,29:0:1,29:0:1,29:0:1,23:4:1,18:2:1,23:4:1,18:2:1,23:4:1,18:3:1,23:4:1,18:3:1,23:4:1,18:2:1,29:0:1,29:0:1,29:0:1,29:0:1,29:0:1,29:0:1,23:4:1,0:4:1,23:4:1,0:4:1,23:4:1,29:0:1,29:0:1,29:0:1,29:0:1,29:0:1,29:0:1,18:2:1,23:4:1,18:4:1,23:4:1,18:2:1,29:0:1,29:0:1,29:0:1,29:0:1,29:0:1,29:0:1,23:4:1,0:4:1,23:4:1,0:4:1,23:4:1,29:0:1,23:4:1,18:2:1,23:4:1,18:2:1,23:4:1,18:3:1,23:4:1,18:3:1,23:4:1,18:2:1,23:4:1,0:4:1,23:4:1,0:4:1,23:4:1,0:4:1,23:4:1,0:4:1,23:4:1,29:0:1,29:0:1,29:0:1,23:4:1,18:2:1,23:4:1,18:2:1,23:4:1,18:2:1,23:4:1,18:2:1,29:0:1,29:0:1, 30250.dat
3 23 0.000000 0.000000 -1.000000 0.000000 1.000000 0.000000 1.000000 0.000000 0.000000 19.999998 0.000000 20.000002 4 4 29:0:1,23:4:1,29:0:1,23:4:1,29:0:1,23:4:1,0:4:1,23:4:1,0:4:1,23:4:1,18:2:1,23:4:1,18:4:1,23:4:1,18:2:1,23:4:1,0:4:1,23:4:1,0:4:1,23:4:1,29:0:1,23:4:1,29:0:1,23:4:1,29:0:1, 30250.dat
3 23 0.000000 0.000000 -1.000000 0.000000 1.000000 0.000000 1.000000 0.000000 0.000000 39.999996 -48.000000 20.000002 8 4 18:1:1,23:4:1,18:2:1,23:4:1,18:1:1,23:4:1,0:4:1,23:4:1,0:4:1,23:4:1,18:1:1,23:4:1,18:2:1,23:4:1,18:1:1,29:0:1,29:0:1,29:0:1,29:0:1,29:0:1,29:0:1,29:0:1,29:0:1,29:0:1,29:0:1,29:0:1,29:0:1,29:0:1,29:0:1,29:0:1,18:1:1,23:4:1,18:2:1,23:4:1,18:1:1,23:4:1,0:4:1,23:4:1,0:4:1,23:4:1,18:1:1,23:4:1,18:2:1,23:4:1,18:1:1, 30250.dat
2 22 0.000000 0.000000 -1.000000 0.000000 1.000000 0.000000 1.000000 0.000000 0.000000 39.999996 24.000000 20.000002 8 14 22:1:1,22:2:1,22:2:1,22:2:1,22:2:1,22:2:1,22:2:1,22:2:1,22:2:1,22:2:1,22:2:1,22:2:1,22:2:1,29:0:1,29:0:1,22:2:1,15:4:1,15:4:1,15:4:1,22:2:1,15:4:1,9:4:1,15:4:1,9:4:1,15:4:1,22:2:1,15:4:1,15:4:0,29:0:1,29:0:1,22:2:1,22:2:1,22:2:1,22:2:1,22:2:1,22:2:1,22:2:1,22:2:1,22:2:1,22:2:1,22:2:1,15:4:1,29:0:1,15:4:0,22:2:1,22:2:1,15:4:1,23:4:1,15:4:1,22:2:1,29:0:1,29:0:1,29:0:1,29:0:1,29:0:1,22:2:1,15:4:1,23:4:1,15:4:1,22:2:1,22:2:1,23:4:1,7:4:2,23:4:1,22:2:1,29:0:1,29:0:1,29:0:1,29:0:1,29:0:1,22:2:1,23:4:1,7:4:2,23:4:1,22:2:1,22:2:1,15:4:1,23:4:1,15:4:1,22:2:1,29:0:1,29:0:1,29:0:1,29:0:1,29:0:1,22:2:1,15:4:1,23:4:1,15:4:1,22:2:1,22:2:1,22:2:1,22:2:1,22:2:1,22:2:1,22:2:1,22:2:1,22:2:1,22:2:1,22:2:1,22:2:1,15:4:1,29:0:1,15:4:0,22:2:1,22:2:1,15:4:1,15:4:1,15:4:1,22:2:1,15:4:1,9:4:1,15:4:1,9:4:1,15:4:1,22:2:1,15:4:1,15:4:0,29:0:1,29:0:1,22:1:1,22:2:1,22:2:1,22:2:1,22:2:1,22:2:1,22:2:1,22:2:1,22:2:1,22:2:1,22:2:1,22:2:1,22:2:1,29:0:1,29:0:1, 30250.dat
