9 0 -0.000000 -0.000000 -1.000000 1.000000 0.000000 -0.000000 0.000000 -1.000000 0.000000 -0.000013 3.987500 -43.874996 35.875000 9.750000 3.762500 30275.dat
9 0 -0.000000 -0.000000 -1.000000 1.000000 0.000000 -0.000000 0.000000 -1.000000 0.000000 0.000013 3.987500 43.875004 35.875000 9.750000 3.762500 30275.dat
9 0 0.000000 0.000000 1.000000 1.000000 0.000000 -0.000000 -0.000000 1.000000 0.000000 0.000048 9.083800 154.742508 2.430725 26.278999 8.836650 30275.dat
9 0 -0.000000 -0.000000 -1.000000 1.000000 0.000000 -0.000000 0.000000 -1.000000 0.000000 0.000000 0.737500 0.000003 9.183950 9.705550 0.512500 30275.dat
9 0 -0.000000 0.000000 -1.000000 -0.966394 0.257066 0.000000 0.257066 0.966394 -0.000000 -24.382214 21.762850 119.389259 26.999750 1.437500 18.903599 30275.dat
9 0 -0.000000 -0.000000 -1.000000 0.966395 0.257061 -0.000000 0.257061 -0.966395 -0.000000 24.275488 21.734324 119.389252 26.999750 1.431350 18.903599 30275.dat
9 0 0.000000 1.000000 0.000009 1.000000 0.000000 -0.000000 -0.000000 0.000009 -1.000000 0.000038 44.898750 120.000008 0.438475 19.681349 13.534650 30275.dat
9 0 0.000000 1.000000 -0.000000 1.000000 -0.000000 -0.000000 -0.000000 0.000000 -1.000000 -28.124962 4.000000 120.000015 3.750000 1.625000 39.750000 30275.dat
9 0 0.000000 0.215337 0.976540 1.000000 0.000000 -0.000000 -0.000000 0.976540 -0.215337 0.000048 15.026925 155.171997 0.579900 22.037224 14.399324 30275.dat
9 0 0.000000 0.773186 0.634179 1.000000 -0.000000 -0.000000 -0.000000 0.634179 -0.773186 0.000045 37.057999 142.837250 0.385125 19.681326 12.254000 30275.dat
9 0 0.000000 1.000000 -0.000000 1.000000 -0.000000 -0.000000 -0.000000 0.000000 -1.000000 28.125038 4.000000 120.000008 3.750000 1.625000 39.750000 30275.dat
9 0 -0.000001 0.826238 -0.563321 1.000000 0.000000 -0.000001 -0.000001 -0.563321 -0.826238 0.000031 37.954750 97.913757 0.388600 19.672001 13.405375 30275.dat
9 0 0.000000 0.246625 -0.969111 1.000000 -0.000000 0.000000 0.000000 -0.969111 -0.246625 0.000026 16.670275 84.182510 0.472525 22.841274 16.383751 30275.dat
9 0 0.000000 0.707107 0.707107 -0.000000 0.707107 -0.707107 -1.000000 0.000000 0.000000 -0.000001 15.019176 -5.769172 2.712200 0.158850 9.750000 30275.dat
9 0 -0.000000 1.000000 -0.000000 -0.000000 -0.000000 -1.000000 -1.000000 0.000000 0.000000 -0.000002 9.250000 -8.158847 2.712200 0.158850 9.750000 30275.dat
9 0 0.000000 0.000000 1.000000 0.000000 1.000000 0.000000 -1.000000 0.000000 0.000000 0.000000 17.408852 0.000003 2.712200 0.158850 9.750000 30275.dat
9 0 0.000000 -0.707107 0.707107 0.000000 0.707107 0.707107 -1.000000 0.000000 0.000000 0.000001 15.019176 5.769178 2.712200 0.158850 9.750000 30275.dat
9 0 -0.000000 -1.000000 -0.000000 0.000000 -0.000000 1.000000 -1.000000 0.000000 0.000000 0.000002 9.250000 8.158853 2.712200 0.158850 9.750000 30275.dat
9 0 0.081813 0.307566 -0.948003 -0.966395 0.257061 -0.000000 0.243694 0.916146 0.318261 -25.055473 18.801600 89.631508 4.384600 1.431350 14.165850 30275.dat
9 0 -0.081814 0.307566 -0.948003 0.966395 0.257061 -0.000001 0.243694 -0.916146 -0.318261 25.055578 18.801600 89.631493 4.384600 1.431350 14.165850 30275.dat
9 0 0.081813 0.307566 0.948003 -0.966395 0.257061 0.000000 -0.243694 -0.916146 0.318262 -25.055452 18.801600 149.514755 4.384600 1.431350 14.165850 30275.dat
9 0 -0.081812 0.307566 0.948003 0.966395 0.257061 -0.000000 -0.243694 0.916146 -0.318261 25.055595 18.801600 149.514740 4.384600 1.431350 14.165850 30275.dat
10 0 -80.000000 -38.750000 -40.630749 160.000000 13.725000 20.518074 30275.dat
3 23 0.000000 0.000000 1.000000 0.000000 1.000000 0.000000 -1.000000 0.000000 0.000000 -10.000026 0.000000 -79.999992 2 16 18:1:1,23:4:1,18:2:1,23:4:1,18:2:1,23:4:1,18:2:1,23:4:1,18:2:1,23:4:1,18:2:1,23:4:1,18:2:1,23:4:1,18:2:1,23:4:1,29:0:1,23:4:1,1:4:1,23:4:1,1:4:1,23:4:1,1:4:1,23:4:1,1:4:1,23:4:1,1:4:1,23:4:1,1:4:1,23:4:1,1:4:1,23:4:1,1:4:1,23:4:1,18:1:1,23:4:1,18:2:1,23:4:1,18:2:1,23:4:1,18:2:1,23:4:1,18:2:1,23:4:1,18:2:1,23:4:1,18:2:1,23:4:1,18:2:1,23:4:1,29:0:1, 30275.dat
2 22 0.000000 0.000000 1.000000 0.000000 1.000000 0.000000 -1.000000 0.000000 0.000000 -10.000026 8.000000 -79.999992 2 16 22:1:1,22:2:1,22:2:1,22:2:1,22:2:1,22:2:1,22:2:1,29:0:1,29:0:1,29:0:1,22:2:1,22:2:1,22:2:1,22:2:1,22:2:1,22:2:1,29:0:1,22:2:1,15:4:1,9:4:1,15:4:1,9:4:1,15:4:1,22:2:1,29:0:1,29:0:1,29:0:1,22:2:1,15:4:1,9:4:1,15:4:1,9:4:1,15:4:1,29:0:1,22:1:1,22:2:1,22:2:1,22:2:1,22:2:1,22:2:1,22:2:1,29:0:1,29:0:1,29:0:1,22:2:1,22:2:1,22:2:1,22:2:1,22:2:1,22:2:1,29:0:1, 30275.dat
0 2 0.000000 0.000000 1.000000 1.000000 -0.000000 -0.000000 0.000000 1.000000 -0.000000 10.000000 9.250000 0.000000 0 0 0.800000 0 0 30275.dat
2 22 0.000000 0.000000 1.000000 1.000000 -0.000000 -0.000000 0.000000 1.000000 -0.000000 9.999997 19.250000 -10.000000 2 2 22:1:1,22:2:1,22:1:1,22:2:1,16:4:64,22:2:1,22:1:1,22:2:1,22:1:1, 30275.dat
2 22 0.000000 0.000000 1.000000 -1.000000 -0.000000 0.000000 0.000000 -1.000000 -0.000000 -10.000003 -0.750000 -9.999994 2 2 22:1:1,22:2:1,22:1:1,22:2:1,16:4:64,22:2:1,22:1:1,22:2:1,22:1:1, 30275.dat
