9 0 1.000000 0.000000 0.000000 0.000000 1.000000 0.000000 0.000000 0.000000 1.000000 -0.120550 11.283475 13.823800 7.851500 11.347975 0.457500 30287.dat
9 0 1.000000 0.000000 0.000000 0.000000 1.000000 0.000000 0.000000 0.000000 1.000000 0.603900 20.462599 -14.721801 14.196375 20.695751 1.658550 30287.dat
9 0 1.000000 0.000000 0.000000 0.000000 1.000000 0.000000 0.000000 0.000000 1.000000 -0.219725 -3.093050 0.303575 15.369400 2.483250 13.360400 30287.dat
9 0 0.500000 0.000000 0.866025 0.000000 1.000000 0.000000 -0.866025 0.000000 0.500000 -12.141775 11.283475 6.819925 7.851500 11.347975 0.457500 30287.dat
9 0 -0.552868 0.000000 0.833269 0.000000 1.000000 0.000000 -0.833269 0.000000 -0.552868 -11.628224 11.283475 -6.612025 7.851500 11.347975 0.457500 30287.dat
9 0 0.500000 0.000000 -0.866025 0.000000 1.000000 0.000000 0.866025 0.000000 0.500000 11.955600 11.283475 6.915050 7.851500 11.347975 0.457500 30287.dat
9 0 -0.552861 0.000000 -0.833274 0.000000 1.000000 0.000000 0.833274 0.000000 -0.552861 11.557775 11.283475 -6.646275 7.851500 11.347975 0.457500 30287.dat
10 0 -18.182125 -43.143749 -18.344351 18.182125 7.785775 19.509176 30287.dat
2 22 1.000000 0.000000 0.000000 0.000000 1.000000 0.000000 0.000000 0.000000 1.000000 -10.000000 0.000000 10.000000 2 2 29:0:0,29:0:0,29:0:0,29:0:0,5:4:33,29:0:0,29:0:0,29:0:0,29:0:0, 30287.dat
