9 0 -0.707107 -0.707107 -0.000000 -0.707107 0.707107 -0.000000 0.000000 0.000000 -1.000000 29.922029 10.817024 0.000007 12.971849 1.055025 15.686650 30293.dat
9 0 -0.500000 -0.707107 -0.500000 -0.500000 0.707107 -0.500001 0.707107 -0.000001 -0.707106 21.158072 10.817024 21.158079 12.971849 1.055025 11.731650 30293.dat
9 0 0.000000 -0.707107 -0.707106 0.000000 0.707106 -0.707107 1.000000 -0.000000 0.000000 -0.000007 10.817024 29.922024 12.971849 1.055025 15.686650 30293.dat
9 0 0.500001 -0.707106 -0.500000 0.499999 0.707107 -0.500000 0.707107 0.000000 0.707107 -21.158005 10.817024 21.158066 12.971849 1.055025 11.731650 30293.dat
9 0 0.707108 -0.707106 0.000000 0.707106 0.707108 0.000000 -0.000000 0.000000 1.000000 -29.921997 10.817024 -0.000013 12.971849 1.055025 15.686650 30293.dat
9 0 0.500000 -0.707106 0.500001 0.499999 0.707107 0.500000 -0.707107 -0.000000 0.707106 -21.157991 10.817024 -21.158010 12.971849 1.055025 11.731650 30293.dat
9 0 -0.000000 -0.707107 0.707106 -0.000000 0.707106 0.707107 -1.000000 0.000000 -0.000001 0.000013 10.817024 -29.922003 12.971849 1.055025 15.686650 30293.dat
9 0 -0.500000 -0.707107 0.500000 -0.500000 0.707107 0.500000 -0.707107 0.000001 -0.707107 21.158085 10.817024 -21.157997 12.971849 1.055025 11.731650 30293.dat
9 0 -1.000000 0.000000 -0.000000 0.000000 1.000000 0.000000 0.000000 0.000000 -1.000000 0.066828 3.999999 0.123897 17.919575 3.750000 17.809824 30293.dat
9 0 -0.000000 0.000000 1.000000 0.000000 1.000000 0.000000 -1.000000 0.000000 -0.000000 39.062504 26.788176 0.000010 19.750000 4.961825 0.687500 30293.dat
9 0 -0.707107 -0.000864 0.707106 -0.001222 0.999999 -0.000000 -0.707106 -0.000864 -0.707107 29.343420 26.824001 29.337105 13.892124 4.961825 0.687500 30293.dat
9 0 0.707107 0.000000 0.707107 0.000000 1.000000 0.000000 -0.707107 0.000000 0.707107 29.337114 26.788176 -29.336994 13.892124 4.961825 0.687500 30293.dat
9 0 1.000000 0.000000 0.000000 0.000000 1.000000 0.000000 -0.000000 0.000000 1.000000 0.000016 26.788176 -39.062504 19.750000 4.961825 0.687500 30293.dat
9 0 0.000000 0.000000 -1.000000 0.000000 1.000000 0.000000 1.000000 0.000000 0.000000 -39.062496 26.788176 -0.000016 19.750000 4.961825 0.687500 30293.dat
9 0 0.707107 0.000864 -0.707106 -0.001222 0.999999 0.000000 0.707106 0.000864 0.707107 -29.330740 26.752323 -29.337013 13.892124 4.961825 0.687500 30293.dat
9 0 -0.707107 0.000000 -0.707107 0.000000 1.000000 0.000000 0.707107 0.000000 -0.707107 -29.337008 26.788176 29.337088 13.892124 4.961825 0.687500 30293.dat
9 0 -1.000000 0.000000 -0.000000 0.000000 1.000000 0.000000 0.000000 0.000000 -1.000000 -0.000010 26.788176 39.062496 19.750000 4.961825 0.687500 30293.dat
10 0 -30.000002 0.000000 -50.000000 50.000000 36.449997 30.000002 30293.dat
3 23 -1.000000 0.000000 -0.000000 0.000000 1.000000 0.000000 0.000000 0.000000 -1.000000 20.000011 0.000000 -19.999998 4 4 29:0:1,23:4:1,29:0:1,23:4:1,29:0:1,23:4:1,0:4:2,23:4:1,0:4:2,23:4:1,29:0:1,23:4:1,18:4:1,23:4:1,29:0:1,23:4:1,0:4:2,23:4:1,0:4:2,23:4:1,29:0:1,23:4:1,29:0:1,23:4:1,29:0:1, 30293.dat
2 22 -1.000000 0.000000 -0.000000 0.000000 1.000000 0.000000 0.000000 0.000000 -1.000000 10.000007 8.000000 -10.000000 2 2 29:0:0,29:0:0,29:0:0,29:0:0,5:4:34,29:0:0,29:0:0,29:0:0,29:0:0, 30293.dat
4 76 1.000000 0.000000 0.000000 0.000000 1.000000 0.000000 -0.000000 0.000000 1.000000 -24.999996 32.000000 -0.000011 2 30293.dat
4 76 -1.000000 0.000000 -0.000000 0.000000 1.000000 0.000000 0.000000 0.000000 -1.000000 25.000004 32.000000 0.000005 2 30293.dat
4 76 0.000000 0.000000 -1.000000 0.000000 1.000000 0.000000 1.000000 0.000000 0.000000 -0.000005 32.000000 24.999996 2 30293.dat
4 76 -0.000000 0.000000 1.000000 0.000000 1.000000 0.000000 -1.000000 0.000000 -0.000000 0.000011 32.000000 -25.000004 2 30293.dat
