9 0 0.923880 -0.382683 0.000000 -0.382683 -0.923880 -0.000000 0.000000 0.000000 -1.000000 0.000000 0.000000 -0.008650 5.996875 19.823601 14.756150 30291.dat
9 0 -0.877858 -0.478922 -0.000000 -0.478922 0.877858 -0.000000 0.000000 0.000000 -1.000000 44.879002 -4.961575 -0.008635 16.766026 4.745775 6.180075 30291.dat
9 0 -0.877858 -0.478922 -0.000000 -0.478922 0.877858 -0.000000 0.000000 0.000000 -1.000000 35.163502 8.126500 -0.008639 16.766026 2.386800 6.180075 30291.dat
9 0 -0.995610 -0.093601 -0.000000 -0.093601 0.995610 -0.000000 0.000000 0.000000 -1.000000 26.093500 -6.041800 -0.008641 14.294375 10.255800 12.881949 30291.dat
9 0 -0.979770 0.200129 -0.000000 0.200129 0.979770 0.000000 0.000000 0.000000 -1.000000 21.065199 8.691000 -0.008643 14.472350 6.982225 12.881949 30291.dat
9 0 0.099866 -0.995001 0.000000 -0.995001 -0.099866 -0.000000 0.000000 0.000000 -1.000000 26.839001 -9.634450 0.000009 4.633950 2.355450 18.398424 30291.dat
9 0 0.923880 0.382683 0.000000 0.382683 -0.923880 0.000000 0.000000 0.000000 -1.000000 0.199475 -0.481600 -0.008650 5.996875 20.344873 14.756150 30291.dat
9 0 0.382683 0.923880 0.000000 0.923880 -0.382683 0.000000 0.000000 0.000000 -1.000000 0.000000 0.000000 -0.008650 5.996875 19.823601 14.756150 30291.dat
9 0 -0.382683 0.923880 -0.000000 0.923880 0.382683 0.000000 0.000000 0.000000 -1.000000 0.000000 0.000000 -0.008650 5.996875 19.823601 14.756150 30291.dat
9 0 -0.992203 -0.124631 -0.000000 -0.124631 0.992203 -0.000000 0.000000 0.000000 -1.000000 19.816626 -16.119076 -0.008644 18.253174 2.394075 4.315250 30291.dat
10 0 -62.435501 -20.956049 -19.989149 20.975000 21.572701 19.989149 30291.dat
0 6 0.000000 1.000000 0.000000 -0.000000 -0.000000 1.000000 1.000000 0.000000 0.000000 49.999996 8.000000 8.322541 0 0 0.669603 0 0 30291.dat
6 116 -1.000000 0.000000 -0.000000 -0.000000 -0.000000 1.000000 -0.000000 1.000000 0.000000 0.000000 0.000000 0.000000 0.000000 0.000000 0.000000 0.000000 1 30291.dat
