9 0 -0.000000 0.000000 1.000000 0.000000 1.000000 0.000000 -1.000000 0.000000 -0.000000 -6.634850 4.000000 -0.000002 3.957225 3.750000 0.259850 30340.dat
9 0 -0.866026 0.000000 0.500000 0.000000 1.000000 0.000000 -0.500000 0.000000 -0.866026 -3.317423 4.000000 -5.745951 3.957225 3.750000 0.259850 30340.dat
9 0 -0.866025 0.000000 -0.500000 0.000000 1.000000 0.000000 0.500000 0.000000 -0.866025 3.317427 4.000000 -5.745949 3.957225 3.750000 0.259850 30340.dat
9 0 0.000000 0.000000 -1.000000 0.000000 1.000000 0.000000 1.000000 0.000000 0.000000 6.634850 4.000000 0.000002 3.957225 3.750000 0.259850 30340.dat
9 0 0.866026 0.000000 -0.500000 0.000000 1.000000 0.000000 0.500000 0.000000 0.866026 3.317423 4.000000 5.745951 3.957225 3.750000 0.259850 30340.dat
9 0 0.866025 0.000000 0.500000 0.000000 1.000000 0.000000 -0.500000 0.000000 0.866025 -3.317427 4.000000 5.745949 3.957225 3.750000 0.259850 30340.dat
9 0 -1.000000 0.000000 -0.000000 0.000000 1.000000 0.000000 0.000000 0.000000 -1.000000 0.000012 4.000000 -37.319748 5.307300 1.854400 3.301975 30340.dat
9 0 -0.866025 0.000000 -0.500000 0.000000 1.000000 0.000000 0.500000 0.000000 -0.866025 8.659836 4.000000 -34.999249 5.307300 1.854400 3.301975 30340.dat
9 0 -0.500000 0.000000 -0.866026 0.000000 1.000000 0.000000 0.866026 0.000000 -0.500000 14.999258 4.000000 -28.659742 5.307300 1.854400 3.301975 30340.dat
9 0 -0.000000 0.000000 1.000000 0.000000 1.000000 0.000000 -1.000000 0.000000 -0.000000 -17.319620 4.000000 -20.000006 5.307300 1.854400 3.301975 30340.dat
9 0 -0.500000 0.000000 0.866025 0.000000 1.000000 0.000000 -0.866025 0.000000 -0.500000 -14.999241 4.000000 -28.659756 5.307300 1.854400 3.301975 30340.dat
9 0 -0.866026 0.000000 0.500000 0.000000 1.000000 0.000000 -0.500000 0.000000 -0.866026 -8.659814 4.000000 -34.999256 5.307300 1.854400 3.301975 30340.dat
9 0 0.866025 0.000000 0.500000 0.000000 1.000000 0.000000 -0.500000 0.000000 0.866025 -9.311899 4.000000 -5.377228 4.554350 1.854400 3.301975 30340.dat
9 0 0.500000 0.000000 0.866026 0.000000 1.000000 0.000000 -0.866026 0.000000 0.500000 -14.999247 4.000000 -11.340179 5.307300 1.854400 3.301975 30340.dat
9 0 0.000000 0.000000 -1.000000 0.000000 1.000000 0.000000 1.000000 0.000000 0.000000 17.319632 4.000000 -19.999994 5.307300 1.854400 3.301975 30340.dat
9 0 0.500000 0.000000 -0.866025 0.000000 1.000000 0.000000 0.866025 0.000000 0.500000 14.999252 4.000000 -11.340170 5.307300 1.854400 3.301975 30340.dat
9 0 0.866026 0.000000 -0.500000 0.000000 1.000000 0.000000 0.500000 0.000000 0.866026 9.311902 4.000000 -5.377222 4.554350 1.854400 3.301975 30340.dat
10 0 -8.250000 0.000000 -24.000000 44.000000 12.450000 24.000000 30340.dat
3 23 0.000000 0.000000 -1.000000 0.000000 1.000000 0.000000 1.000000 0.000000 0.000000 9.999997 0.000000 10.000003 2 2 29:0:0,29:0:0,29:0:0,29:0:0,1:4:36,29:0:0,29:0:0,29:0:0,29:0:0, 30340.dat
0 6 1.000000 0.000000 0.000000 0.000000 1.000000 0.000000 -0.000000 0.000000 1.000000 0.000000 2.750000 0.000000 0 0 0.288000 0 0 30340.dat
2 22 0.000000 0.000000 -1.000000 0.000000 1.000000 0.000000 1.000000 0.000000 0.000000 9.999997 8.000000 10.000003 2 2 29:0:0,29:0:0,29:0:0,29:0:0,15:4:32,29:0:0,29:0:0,29:0:0,29:0:0, 30340.dat
0 7 0.000000 1.000000 -0.000000 -0.923879 0.000000 -0.382684 -0.382684 0.000000 0.923880 5.805912 4.000000 -39.242996 0 0 0.160000 0 0 30340.dat
0 7 -0.000000 1.000000 0.000000 -1.000000 -0.000000 -0.000000 -0.000000 0.000000 1.000000 -1.999987 4.000000 -40.000000 0 0 0.160000 0 0 30340.dat
0 7 -0.000001 1.000000 0.000000 -0.707107 -0.000000 -0.707107 -0.707107 -0.000001 0.707107 12.727936 4.000000 -35.556248 0 0 0.160000 0 0 30340.dat
0 7 0.000001 1.000000 -0.000000 -0.382682 0.000000 -0.923880 -0.923880 0.000000 0.382683 17.712234 4.000000 -29.501495 0 0 0.160000 0 0 30340.dat
0 7 -0.000000 1.000000 -0.000000 -0.826590 -0.000000 -0.562805 -0.562805 -0.000000 0.826590 9.602937 4.000000 -37.657497 0 0 0.160000 0 0 30340.dat
0 7 -0.000000 1.000000 0.000000 -0.979046 -0.000000 -0.203642 -0.203642 -0.000000 0.979046 2.114763 4.000000 -39.988251 0 0 0.160000 0 0 30340.dat
0 7 0.000000 1.000000 -0.000000 -0.186523 0.000000 -0.982451 -0.982450 0.000000 0.186523 19.275957 4.000000 -25.695494 0 0 0.160000 0 0 30340.dat
0 7 0.000001 1.000000 -0.000000 -0.548293 0.000000 -0.836287 -0.836287 0.000001 0.548293 15.629135 4.000000 -32.638493 0 0 0.160000 0 0 30340.dat
0 7 -0.000001 1.000000 -0.000000 0.382683 0.000000 -0.923880 -0.923880 -0.000000 -0.382683 19.242954 4.000000 -14.194094 0 0 0.160000 0 0 30340.dat
0 7 -0.000000 1.000000 -0.000000 0.000000 0.000000 -1.000000 -1.000000 -0.000000 -0.000000 20.000008 4.000000 -21.999994 0 0 0.160000 0 0 30340.dat
0 7 0.000001 1.000000 0.000000 0.707107 -0.000000 -0.707106 -0.707106 0.000001 -0.707107 15.556354 4.000000 -7.272070 0 0 0.160000 0 0 30340.dat
0 7 -0.000000 1.000000 -0.000000 0.562805 0.000000 -0.826590 -0.826590 -0.000000 -0.562805 17.657404 4.000000 -10.397070 0 0 0.160000 0 0 30340.dat
0 7 0.000000 1.000000 0.000000 0.203643 0.000000 -0.979045 -0.979045 0.000000 -0.203643 19.988207 4.000000 -17.885244 0 0 0.160000 0 0 30340.dat
0 7 0.000000 1.000000 0.000000 0.836286 -0.000000 -0.548293 -0.548293 0.000000 -0.836286 12.638426 4.000000 -4.370871 0 0 0.160000 0 0 30340.dat
0 7 -0.000000 1.000000 0.000000 -0.382683 -0.000000 0.923880 0.923880 -0.000000 0.382683 -19.242943 4.000000 -25.806007 0 0 0.160000 0 0 30340.dat
0 7 -0.000000 1.000000 0.000000 -0.000000 -0.000000 1.000000 1.000000 0.000000 0.000000 -19.999994 4.000000 -18.000008 0 0 0.160000 0 0 30340.dat
0 7 0.000000 1.000000 -0.000000 -0.707107 0.000000 0.707106 0.707106 0.000000 0.707107 -15.556340 4.000000 -32.728008 0 0 0.160000 0 0 30340.dat
0 7 0.000000 1.000000 -0.000000 -0.923880 0.000000 0.382683 0.382683 0.000000 0.923880 -9.501413 4.000000 -37.712254 0 0 0.160000 0 0 30340.dat
0 7 0.000000 1.000000 0.000000 -0.562805 -0.000000 0.826590 0.826590 -0.000000 0.562805 -17.657393 4.000000 -29.603008 0 0 0.160000 0 0 30340.dat
0 7 -0.000000 1.000000 0.000000 -0.203641 -0.000000 0.979046 0.979046 -0.000000 0.203641 -19.988194 4.000000 -22.114758 0 0 0.160000 0 0 30340.dat
0 7 -0.000000 1.000000 0.000000 -0.982450 -0.000000 0.186525 0.186525 -0.000000 0.982450 -5.695363 4.000000 -39.276005 0 0 0.160000 0 0 30340.dat
0 7 0.000000 1.000000 -0.000000 -0.836286 0.000000 0.548293 0.548293 0.000000 0.836286 -12.638412 4.000000 -35.629253 0 0 0.160000 0 0 30340.dat
0 7 -0.000000 1.000000 -0.000000 0.707107 0.000000 0.707107 0.707107 -0.000000 -0.707107 -12.727923 4.000000 -4.443654 0 0 0.160000 0 0 30340.dat
0 7 0.000000 1.000000 0.000000 0.382682 -0.000000 0.923880 0.923880 0.000000 -0.382682 -17.712221 4.000000 -10.498580 0 0 0.160000 0 0 30340.dat
0 7 -0.000000 1.000000 0.000000 0.826590 -0.000000 0.562805 0.562805 0.000000 -0.826589 -9.602924 4.000000 -2.342603 0 0 0.160000 0 0 30340.dat
0 7 -0.000000 1.000000 -0.000000 0.186525 0.000000 0.982450 0.982450 -0.000000 -0.186525 -19.275946 4.000000 -14.304630 0 0 0.160000 0 0 30340.dat
0 7 -0.000000 1.000000 -0.000000 0.548293 0.000000 0.836286 0.836286 -0.000000 -0.548293 -15.629122 4.000000 -7.361580 0 0 0.160000 0 0 30340.dat
