9 0 -0.917022 -0.121619 0.379842 0.112361 -0.992577 -0.046542 0.382683 -0.000001 0.923880 33.743252 -28.995499 -13.976950 0.174875 10.815375 7.558500 30342.dat
9 0 -0.992577 -0.121617 0.000000 0.121617 -0.992577 0.000000 0.000000 0.000000 1.000000 36.523499 -28.995499 0.000025 0.170150 10.815375 7.558500 30342.dat
9 0 -0.917022 -0.121619 -0.379842 0.112361 -0.992577 0.046542 -0.382683 0.000001 0.923880 33.743252 -28.995499 13.976976 0.149050 10.815375 7.558500 30342.dat
9 0 -0.379843 -0.121617 -0.917022 0.046541 -0.992577 0.112360 -0.923880 0.000000 0.382684 13.976950 -28.995499 33.743252 0.151025 10.815375 7.558500 30342.dat
9 0 0.000000 -0.121617 -0.992577 0.000000 -0.992577 0.121617 -1.000000 -0.000000 0.000000 -0.000025 -28.995499 36.523499 0.170125 10.815375 7.558500 30342.dat
9 0 0.379843 -0.121618 -0.917021 -0.046542 -0.992577 0.112360 -0.923879 0.000000 -0.382684 -13.976974 -28.995499 33.743252 0.182400 10.815375 7.558500 30342.dat
9 0 0.917021 -0.121619 -0.379843 -0.112364 -0.992577 0.046537 -0.382684 0.000005 -0.923879 -33.743374 -28.995499 13.976950 0.168750 10.815375 7.558500 30342.dat
9 0 0.992577 -0.121618 -0.000000 -0.121618 -0.992577 -0.000000 0.000000 0.000000 -1.000000 -36.523499 -28.995499 -0.000025 0.200000 10.815375 7.558500 30342.dat
9 0 0.917021 -0.121619 0.379843 -0.112364 -0.992577 -0.046537 0.382684 -0.000005 -0.923879 -33.743347 -28.995499 -13.976974 0.162275 10.815375 7.558500 30342.dat
9 0 0.379843 -0.121617 0.917022 -0.046542 -0.992577 -0.112359 0.923879 -0.000001 -0.382684 -13.976950 -28.995499 -33.743374 0.165875 10.815375 7.558500 30342.dat
9 0 0.000000 -0.121617 0.992577 0.000000 -0.992577 -0.121617 1.000000 0.000000 0.000000 0.000025 -28.995499 -36.523499 0.160525 10.815375 7.558500 30342.dat
9 0 -0.379843 -0.121617 0.917022 0.046541 -0.992577 -0.112360 0.923880 -0.000000 0.382684 13.976976 -28.995499 -33.743347 0.166775 10.815375 7.558500 30342.dat
9 0 0.701857 -0.121618 0.701859 -0.085997 -0.992577 -0.085997 0.707108 -0.000000 -0.707106 -25.990725 -30.948750 -25.999849 0.168425 12.461175 5.797400 30342.dat
9 0 -0.701858 -0.121617 0.701858 0.085996 -0.992577 -0.085997 0.707107 -0.000000 0.707107 25.999752 -30.948750 -25.990700 0.168425 12.461175 5.797400 30342.dat
9 0 -0.701858 -0.121617 -0.701858 0.085996 -0.992577 0.085997 -0.707107 0.000000 0.707107 25.990751 -30.948750 25.999752 0.168425 12.461175 5.797400 30342.dat
9 0 0.000000 0.000000 -1.000000 -0.000000 -1.000000 -0.000000 -1.000000 0.000000 0.000000 11.455800 -6.709300 0.000000 18.661600 1.208325 7.205800 30342.dat
9 0 -0.799008 -0.601321 0.000000 0.601321 -0.799008 0.000000 0.000000 0.000000 1.000000 28.968752 -11.722800 0.000025 0.182900 8.210375 5.871225 30342.dat
9 0 -0.738187 -0.601320 -0.305767 0.555548 -0.799008 0.230115 -0.382684 0.000000 0.923880 26.763502 -11.722800 11.085849 0.204775 8.210375 5.871225 30342.dat
9 0 -0.564983 -0.601321 -0.564984 0.425198 -0.799008 0.425199 -0.707107 0.000000 0.707106 20.484001 -11.722800 20.484001 0.168125 8.210375 5.871225 30342.dat
9 0 -0.305767 -0.601321 -0.738187 0.230115 -0.799008 0.555548 -0.923880 0.000000 0.382683 11.085800 -11.722800 26.763502 0.174500 8.210375 5.871225 30342.dat
9 0 -0.000000 -0.601321 -0.799008 -0.000000 -0.799008 0.601320 -1.000000 0.000000 0.000000 -0.000025 -11.722800 28.968752 0.155800 8.210375 5.871225 30342.dat
9 0 0.305768 -0.601321 -0.738187 -0.230116 -0.799008 0.555548 -0.923879 0.000000 -0.382684 -11.085850 -11.722800 26.763502 0.165350 8.210375 5.871225 30342.dat
9 0 0.564984 -0.601320 -0.564984 -0.425197 -0.799008 0.425198 -0.707107 -0.000000 -0.707106 -20.483950 -11.722800 20.484001 0.177625 8.210375 5.871225 30342.dat
9 0 0.738187 -0.601320 -0.305768 -0.555548 -0.799008 0.230115 -0.382684 0.000000 -0.923879 -26.763577 -11.722800 11.085800 0.171975 8.210375 5.871225 30342.dat
9 0 0.799008 -0.601320 -0.000000 -0.601320 -0.799008 -0.000000 0.000000 0.000000 -1.000000 -28.968674 -11.722800 -0.000025 0.167775 8.210375 5.871225 30342.dat
9 0 0.738187 -0.601320 0.305768 -0.555548 -0.799008 -0.230115 0.382684 -0.000000 -0.923879 -26.763550 -11.722800 -11.085850 0.176475 8.210375 5.871225 30342.dat
9 0 0.564984 -0.601320 0.564984 -0.425197 -0.799008 -0.425198 0.707107 0.000000 -0.707106 -20.483927 -11.722800 -20.483950 0.168675 8.210375 5.871225 30342.dat
9 0 0.305768 -0.601321 0.738187 -0.230116 -0.799008 -0.555548 0.923879 -0.000000 -0.382684 -11.085825 -11.722800 -26.763577 0.179600 8.210375 5.871225 30342.dat
9 0 -0.000000 -0.601321 0.799008 -0.000000 -0.799008 -0.601320 1.000000 -0.000000 0.000000 0.000025 -11.722800 -28.968674 0.159950 8.210375 5.871225 30342.dat
9 0 -0.305767 -0.601321 0.738187 0.230115 -0.799008 -0.555548 0.923880 -0.000000 0.382683 11.085849 -11.722800 -26.763550 0.160400 8.210375 5.871225 30342.dat
9 0 -0.564984 -0.601321 0.564984 0.425197 -0.799008 -0.425199 0.707107 -0.000000 0.707106 20.484001 -11.722800 -20.483927 0.199175 8.210375 5.871225 30342.dat
9 0 -0.738187 -0.601320 0.305767 0.555548 -0.799008 -0.230115 0.382684 0.000000 0.923880 26.763502 -11.722825 -11.085800 0.188775 8.210375 5.871225 30342.dat
9 0 0.701857 -0.121618 -0.701859 -0.085997 -0.992577 0.085997 -0.707108 0.000000 -0.707106 -25.999874 -30.948750 25.990751 0.168425 12.461175 5.797400 30342.dat
9 0 -1.000000 0.000000 0.000000 -0.000000 -1.000000 0.000000 0.000000 0.000000 1.000000 0.000000 -6.709300 -11.455800 18.661600 1.208325 7.205800 30342.dat
9 0 0.000000 0.000000 1.000000 -0.000000 -1.000000 0.000000 1.000000 -0.000000 0.000000 -11.455800 -6.709300 0.000000 18.661600 1.208325 7.205800 30342.dat
9 0 0.707107 0.000000 0.707107 0.000000 1.000000 0.000000 -0.707107 0.000000 0.707107 -17.685101 -3.872000 -17.684776 0.404550 3.622000 7.260725 30342.dat
9 0 -0.707107 0.000000 0.707107 0.000000 1.000000 0.000000 -0.707107 0.000000 -0.707107 17.684752 -3.872000 -17.685101 0.404550 3.622000 7.260725 30342.dat
9 0 -0.707107 0.000000 -0.707107 0.000000 1.000000 0.000000 0.707107 0.000000 -0.707107 17.684999 -3.872000 17.684752 0.404550 3.622000 7.260725 30342.dat
9 0 0.707107 0.000000 -0.707107 0.000000 1.000000 0.000000 0.707107 0.000000 0.707107 -17.684776 -3.872000 17.684999 0.404550 3.622000 7.260725 30342.dat
9 0 -0.000000 0.000000 -1.000000 0.000000 1.000000 0.000000 1.000000 0.000000 -0.000000 0.000375 -3.872000 21.692749 1.600050 3.622000 12.128525 30342.dat
9 0 -1.000000 0.000000 -0.000000 0.000000 1.000000 0.000000 0.000000 0.000000 -1.000000 21.692749 -3.872000 -0.000376 1.600050 3.622000 12.128525 30342.dat
9 0 -0.000000 0.000000 1.000000 0.000000 1.000000 0.000000 -1.000000 0.000000 -0.000000 -0.000376 -3.872000 -21.692726 1.600050 3.622000 12.128525 30342.dat
9 0 1.000000 0.000000 0.000000 0.000000 1.000000 0.000000 0.000000 0.000000 1.000000 -21.692726 -3.872000 0.000375 1.600050 3.622000 12.128525 30342.dat
9 0 1.000000 0.000000 0.000000 0.000000 -1.000000 -0.000000 0.000000 0.000000 -1.000000 0.000000 -6.709300 11.455800 18.661600 1.208325 7.205800 30342.dat
10 0 -30.048000 0.000000 -50.000000 50.581505 45.250000 30.000002 30342.dat
3 23 1.000000 0.000000 0.000000 0.000000 1.000000 0.000000 0.000000 0.000000 1.000000 -10.000000 -8.000000 9.990425 2 2 29:0:0,29:0:0,29:0:0,29:0:0,1:4:32,29:0:0,29:0:0,29:0:0,29:0:0, 30342.dat
2 22 1.000000 0.000000 0.000000 0.000000 1.000000 0.000000 0.000000 0.000000 1.000000 -20.000000 0.000000 20.000002 4 4 22:2:1,22:2:1,22:2:1,22:2:1,22:2:1,22:2:1,15:4:1,9:4:1,15:4:1,22:2:1,22:2:1,9:4:1,7:4:0,9:4:1,22:2:1,22:2:1,15:4:1,9:4:1,15:4:1,22:2:1,22:2:1,22:2:1,22:2:1,22:2:1,22:2:1, 30342.dat
4 99 -1.000000 0.000000 -0.000000 0.000000 1.000000 0.000000 0.000000 0.000000 -1.000000 37.500000 -40.000000 0.000000 2 30342.dat
4 99 1.000000 0.000000 0.000000 0.000000 1.000000 0.000000 0.000000 0.000000 1.000000 -37.500000 -40.000000 0.000000 2 30342.dat
4 99 -0.000000 0.000000 1.000000 0.000000 1.000000 0.000000 -1.000000 0.000000 -0.000000 0.000000 -40.000000 -37.500000 2 30342.dat
4 99 -0.000000 0.000000 -1.000000 0.000000 1.000000 0.000000 1.000000 0.000000 -0.000000 0.000000 -40.000000 37.500000 2 30342.dat
