9 0 0.000000 0.000000 -1.000000 0.000000 1.000000 0.000000 1.000000 0.000000 0.000000 0.000000 20.124998 0.000000 19.750000 3.625000 9.750000 30359b.dat
9 0 0.000000 0.000000 -1.000000 0.000000 1.000000 0.000000 1.000000 0.000000 0.000000 0.000000 9.597699 -18.068251 21.681850 6.462900 8.008600 30359b.dat
9 0 0.000000 0.000000 -1.000000 0.000000 1.000000 0.000000 1.000000 0.000000 0.000000 -7.630123 9.999999 -130.000000 9.750000 4.750000 0.780125 30359b.dat
9 0 0.000000 0.000000 -1.000000 -0.866025 0.500000 -0.000000 0.500000 0.866025 0.000000 -3.815048 3.392124 -130.000000 9.750000 4.750000 0.780125 30359b.dat
9 0 0.000000 0.000000 -1.000000 -0.866025 -0.500000 -0.000000 -0.500000 0.866025 -0.000000 3.815077 3.392124 -130.000000 9.750000 4.750000 0.780125 30359b.dat
9 0 0.000000 0.000000 -1.000000 -0.000000 -1.000000 -0.000000 -1.000000 0.000000 -0.000000 7.630126 9.999999 -130.000000 9.750000 4.750000 0.780125 30359b.dat
9 0 0.000000 0.000000 -1.000000 0.866025 -0.500000 0.000000 -0.500000 -0.866025 -0.000000 3.815077 16.607874 -130.000000 9.750000 4.750000 0.780125 30359b.dat
9 0 0.000000 0.000000 -1.000000 0.866025 0.500000 0.000000 0.500000 -0.866025 0.000000 -3.815073 16.607874 -130.000000 9.750000 4.750000 0.780125 30359b.dat
9 0 0.000000 0.000000 -1.000000 0.000000 1.000000 0.000000 1.000000 0.000000 0.000000 0.000002 9.875250 -118.260750 1.489275 6.649050 6.649050 30359b.dat
9 0 0.000000 0.000000 -1.000000 0.000000 1.000000 0.000000 1.000000 0.000000 0.000000 7.405625 14.500000 0.000000 19.750000 9.250000 0.905625 30359b.dat
9 0 0.000000 0.000000 -1.000000 0.000000 1.000000 0.000000 1.000000 0.000000 0.000000 -7.405625 14.500000 0.000000 19.750000 9.250000 0.905625 30359b.dat
9 0 0.000000 0.000000 -1.000000 -1.000000 -0.000000 -0.000000 -0.000000 1.000000 -0.000000 0.000000 2.903299 0.000000 19.750000 5.163200 0.596700 30359b.dat
9 0 0.707107 0.000000 -0.707107 0.000000 1.000000 0.000000 0.707107 0.000000 0.707107 -0.062498 20.299999 -129.898254 5.302250 3.450000 5.252400 30359b.dat
9 0 1.000000 0.000000 0.000000 0.000000 1.000000 0.000000 -0.000000 0.000000 1.000000 0.000001 9.999999 -78.260750 2.437500 2.437500 38.010750 30359b.dat
9 0 0.707106 -0.707107 -0.000000 0.707107 0.707106 -0.000000 0.000000 -0.000000 1.000000 0.000001 9.999999 -78.260750 2.437500 2.437500 38.010750 30359b.dat
10 0 -10.000000 0.000000 -10.000000 150.000000 28.450001 10.000000 30359b.dat
2 22 0.000000 0.000000 -1.000000 0.000000 1.000000 0.000000 1.000000 0.000000 0.000000 10.000000 24.000000 20.000000 2 4 22:1:1,22:2:1,22:2:1,22:2:1,22:1:1,22:2:1,15:4:0,9:4:1,15:4:0,22:2:1,22:1:1,22:2:1,22:2:1,22:2:1,22:1:1, 30359b.dat
3 23 0.000000 0.000000 -1.000000 0.000000 1.000000 0.000000 1.000000 0.000000 0.000000 10.000000 0.000000 20.000000 2 4 18:1:1,23:4:1,18:2:1,23:4:1,18:1:1,23:4:1,1:4:0,23:4:1,1:4:0,23:4:1,18:1:1,23:4:1,18:2:1,23:4:1,18:1:1, 30359b.dat
0 4 -0.000000 1.000000 0.000000 -0.000000 -0.000000 1.000000 1.000000 0.000000 0.000000 0.000002 9.999999 -120.750000 1 0 0.560000 0 0 30359b.dat
3 23 0.000000 0.000000 -1.000000 0.000000 1.000000 0.000000 1.000000 0.000000 0.000000 10.000002 0.000000 -119.999992 2 2 29:0:0,29:0:0,29:0:0,29:0:0,1:4:32,29:0:0,29:0:0,29:0:0,29:0:0, 30359b.dat
0 7 -0.000000 1.000000 0.000000 -0.000000 -0.000000 1.000000 1.000000 0.000000 0.000000 0.000001 9.999999 -40.000000 1 1 3.060000 0 1 30359b.dat
2 22 -0.000000 1.000000 0.000000 -0.000000 -0.000000 1.000000 1.000000 0.000000 0.000000 10.000000 -0.005500 20.000000 2 2 29:0:0,29:0:0,29:0:0,29:0:0,15:4:32,29:0:0,29:0:0,29:0:0,29:0:0, 30359b.dat
2 22 -0.000000 -1.000000 0.000000 0.000000 -0.000000 -1.000000 1.000000 0.000000 0.000000 10.000002 19.994501 -140.000000 2 2 29:0:0,29:0:0,29:0:0,29:0:0,15:4:33,29:0:0,29:0:0,29:0:0,29:0:0, 30359b.dat
2 22 0.000000 0.000000 -1.000000 0.000000 1.000000 0.000000 1.000000 0.000000 0.000000 10.000002 24.000000 -119.997498 2 2 29:0:0,29:0:0,29:0:0,29:0:0,5:4:32,29:0:0,29:0:0,29:0:0,29:0:0, 30359b.dat
