9 0 -0.000000 -0.000000 -1.000000 1.000000 0.000000 -0.000000 0.000000 -1.000000 0.000000 0.000006 4.000000 20.000000 29.750002 9.750000 3.750000 30357.dat
9 0 -0.950736 -0.000000 -0.310003 0.310003 -0.000000 -0.950736 0.000000 -1.000000 0.000000 26.157007 4.000000 15.021542 20.861700 11.915575 3.750000 30357.dat
9 0 -0.000000 -0.000000 -1.000000 1.000000 0.000000 -0.000000 0.000000 -1.000000 0.000000 20.000000 4.000000 -0.000006 9.750000 29.750002 3.750000 30357.dat
9 0 -0.709359 -0.000000 -0.704847 0.704847 -0.000000 -0.709359 0.000000 -1.000000 0.000000 22.692833 1.368750 22.923018 20.861700 6.487900 1.131250 30357.dat
9 0 -0.307033 -0.000000 -0.951699 0.951699 -0.000000 -0.307033 0.000000 -1.000000 0.000000 15.069884 4.000000 26.181244 20.861700 11.888101 3.750000 30357.dat
10 0 -10.000000 0.000000 -10.000000 50.000000 12.462500 50.000000 30357.dat
3 23 0.000000 0.000000 1.000000 0.000000 1.000000 0.000000 -1.000000 0.000000 0.000000 -10.000003 0.000000 -9.999997 6 6 18:1:1,23:4:1,18:2:1,23:4:1,18:2:1,23:4:1,18:1:1,23:4:1,0:4:1,23:4:1,0:4:1,23:4:1,0:4:1,23:4:1,18:2:1,23:4:1,18:4:1,23:4:1,18:4:1,23:4:1,18:2:1,23:4:1,0:4:1,23:4:1,0:4:1,23:4:1,0:4:0,23:4:1,18:2:1,23:4:1,18:4:1,23:4:1,18:4:1,23:4:1,29:0:1,23:4:1,0:4:1,23:4:1,0:4:0,23:4:1,29:0:1,29:0:1,18:1:1,23:4:1,18:2:1,23:4:1,29:0:1,29:0:1,29:0:1, 30357.dat
2 22 0.000000 0.000000 1.000000 0.000000 1.000000 0.000000 -1.000000 0.000000 0.000000 -10.000003 8.000000 -9.999997 6 6 22:1:1,22:2:1,22:2:1,22:2:1,22:2:1,22:2:1,22:1:1,22:2:1,15:4:1,23:4:1,15:4:1,23:4:1,15:4:1,22:2:1,22:2:1,23:4:1,7:4:2,23:4:1,7:4:2,23:4:1,22:2:1,22:2:1,15:4:1,23:4:1,15:4:1,23:4:1,15:4:0,22:2:1,22:2:1,23:4:1,7:4:2,23:4:1,7:4:2,22:2:1,29:0:1,22:2:1,15:4:1,23:4:1,15:4:0,22:2:1,29:0:1,29:0:1,22:1:1,22:2:1,22:2:1,22:2:1,29:0:1,29:0:1,29:0:1, 30357.dat
