9 0 0.000000 0.000000 1.000000 0.000000 1.000000 0.000000 -1.000000 0.000000 0.000000 0.000003 -50.135250 0.000028 19.750025 5.614825 9.750000 30358.dat
9 0 0.000000 0.200882 0.979615 -0.000000 0.979615 -0.200882 -1.000000 0.000000 0.000000 0.000066 -49.416752 39.662506 20.052050 0.706025 5.146975 30358.dat
9 0 0.000000 -0.374222 0.927339 0.000000 0.927339 0.374222 -1.000000 0.000000 0.000000 0.000044 -50.109501 -28.409698 11.586675 0.827450 5.146975 30358.dat
9 0 0.142046 0.142045 0.979615 0.692693 0.692693 -0.200883 -0.707107 0.707107 0.000000 -8.072834 -46.073002 39.662506 20.052050 0.706025 5.146975 30358.dat
9 0 -0.264615 -0.264615 0.927339 0.655728 0.655728 0.374222 -0.707107 0.707107 0.000000 -8.562632 -46.562748 -28.409695 11.586675 0.827450 5.146975 30358.dat
9 0 0.000000 0.000000 1.000000 1.000000 -0.000000 -0.000000 0.000000 1.000000 -0.000000 -11.739897 -38.000000 0.000007 19.750000 5.219550 5.146975 30358.dat
9 0 0.200882 0.000000 0.979615 0.979615 0.000000 -0.200882 -0.000000 1.000000 0.000000 -11.416759 -38.000000 39.662506 20.052050 0.706025 5.146975 30358.dat
9 0 -0.374222 -0.000000 0.927339 0.927339 0.000000 0.374222 -0.000000 1.000000 -0.000000 -12.109456 -38.000000 -28.409693 11.586675 0.827450 5.146975 30358.dat
9 0 0.000000 0.000000 1.000000 0.707107 -0.707107 -0.000000 0.707107 0.707107 -0.000000 -8.301397 -29.698748 0.000006 19.750000 5.219550 5.146975 30358.dat
9 0 0.142045 -0.142046 0.979615 0.692693 -0.692693 -0.200883 0.707107 0.707107 0.000000 -8.072886 -29.927248 39.662506 20.052050 0.706025 5.146975 30358.dat
9 0 -0.264616 0.264614 0.927339 0.655728 -0.655728 0.374222 0.707107 0.707107 0.000001 -8.562706 -29.437250 -28.409695 11.586675 0.827450 5.146975 30358.dat
9 0 0.000000 0.000000 1.000000 0.000000 -1.000000 -0.000000 1.000000 0.000000 -0.000000 -0.000047 -26.260000 0.000003 19.750000 5.219550 5.146975 30358.dat
9 0 0.000000 0.000000 1.000000 0.707107 0.707107 -0.000000 -0.707107 0.707107 0.000000 -8.301321 -46.301502 0.000006 19.750000 5.219550 5.146975 30358.dat
9 0 0.000000 -0.200882 0.979615 0.000000 -0.979615 -0.200882 1.000000 0.000000 -0.000000 -0.000034 -26.583248 39.662506 20.052050 0.706025 5.146975 30358.dat
9 0 0.000000 0.374223 0.927339 0.000000 -0.927339 0.374223 1.000000 0.000000 -0.000000 -0.000056 -25.890499 -28.409698 11.586675 0.827450 5.146975 30358.dat
9 0 0.000000 0.000000 1.000000 -0.707107 -0.707107 0.000000 0.707107 -0.707107 -0.000000 8.301328 -29.698503 0.000001 19.750000 5.219550 5.146975 30358.dat
9 0 -0.142045 -0.142046 0.979615 -0.692693 -0.692693 -0.200882 0.707107 -0.707107 -0.000001 8.072865 -29.926998 39.662502 20.052050 0.706025 5.146975 30358.dat
9 0 0.264616 0.264614 0.927339 -0.655728 -0.655728 0.374223 0.707107 -0.707107 -0.000001 8.562619 -29.437250 -28.409702 11.586675 0.827450 5.146975 30358.dat
9 0 0.000000 0.000000 1.000000 -1.000000 -0.000000 0.000000 0.000000 -1.000000 -0.000000 11.739903 -38.000000 -0.000001 19.750000 5.219550 5.146975 30358.dat
9 0 -0.200881 0.000000 0.979616 -0.979616 0.000000 -0.200881 -0.000000 -1.000000 -0.000000 11.416791 -38.000000 39.662502 20.052050 0.706025 5.146975 30358.dat
9 0 0.374223 -0.000000 0.927339 -0.927339 0.000000 0.374223 0.000000 -1.000000 0.000000 12.109445 -38.000000 -28.409702 11.586675 0.827450 5.146975 30358.dat
9 0 0.000000 0.000000 1.000000 -0.707107 0.707107 0.000000 -0.707107 -0.707107 0.000000 8.301403 -46.301250 0.000001 19.750000 5.219550 5.146975 30358.dat
9 0 -0.142045 0.142045 0.979615 -0.692693 0.692693 -0.200882 -0.707107 -0.707107 0.000000 8.072916 -46.072750 39.662502 20.052050 0.706025 5.146975 30358.dat
9 0 0.264616 -0.264615 0.927339 -0.655728 0.655728 0.374223 -0.707107 -0.707107 0.000000 8.562695 -46.562748 -28.409702 11.586675 0.827450 5.146975 30358.dat
9 0 0.000000 0.000000 1.000000 0.000000 1.000000 0.000000 -1.000000 0.000000 0.000000 0.000071 -38.000000 56.740005 3.010175 6.787601 6.674200 30358.dat
9 0 0.000000 0.000000 1.000000 0.000000 1.000000 0.000000 -1.000000 0.000000 0.000000 0.000003 -10.000001 0.000003 19.750000 15.743899 1.625000 30358.dat
9 0 0.000000 0.000000 1.000000 0.000000 1.000000 0.000000 -1.000000 0.000000 0.000000 0.000003 4.000000 0.000003 19.750000 3.750000 19.750000 30358.dat
10 0 -30.000002 0.000000 -30.000002 74.449997 68.449997 10.000000 30358.dat
2 22 0.000000 0.000000 1.000000 0.000000 1.000000 0.000000 -1.000000 0.000000 0.000000 -20.000004 8.000000 -19.999990 4 4 22:1:1,22:2:1,22:2:1,22:2:1,22:1:1,22:2:1,15:4:1,23:4:1,15:4:1,22:2:1,22:2:1,23:4:1,7:4:2,23:4:1,22:2:1,22:2:1,15:4:1,23:4:1,15:4:1,22:2:1,22:1:1,22:2:1,22:2:1,22:2:1,22:1:1, 30358.dat
3 23 -0.000000 1.000000 -0.000000 -0.000000 -0.000000 -1.000000 -1.000000 0.000000 0.000000 -9.999978 -48.000000 60.000004 2 2 29:0:0,29:0:0,29:0:0,29:0:0,1:4:34,29:0:0,29:0:0,29:0:0,29:0:0, 30358.dat
2 22 -0.000000 1.000000 -0.000000 -0.000000 -0.000000 -1.000000 -1.000000 0.000000 0.000000 -10.000010 -48.000000 -39.999996 2 2 29:0:0,29:0:0,29:0:0,29:0:0,15:4:34,29:0:0,29:0:0,29:0:0,29:0:0, 30358.dat
3 23 0.000000 0.000000 1.000000 0.000000 1.000000 0.000000 -1.000000 0.000000 0.000000 -10.000003 -56.000000 -19.999994 2 4 29:0:1,23:4:1,29:0:1,23:4:1,29:0:1,23:4:1,1:4:0,23:4:1,1:4:0,23:4:1,29:0:1,23:4:1,29:0:1,23:4:1,29:0:1, 30358.dat
0 12 -0.000000 -1.000000 0.000000 -0.000000 0.000000 -1.000000 1.000000 -0.000000 -0.000000 -0.000010 -38.000000 -39.999996 0 1 3.650000 0 0 30358.dat
