9 0 0.000000 0.000000 -1.000000 0.000000 1.000000 0.000000 1.000000 0.000000 0.000000 0.000000 4.000000 0.000000 29.750002 3.750000 19.750000 30350.dat
9 0 0.000000 0.000000 -1.000000 0.000000 1.000000 0.000000 1.000000 0.000000 0.000000 0.000000 1.375000 31.750000 1.500000 1.125000 18.174999 30350.dat
9 0 0.000000 0.758067 -0.652176 -0.000000 0.652176 0.758067 1.000000 0.000000 0.000000 -10.000000 -1.677625 34.577675 4.007200 2.126100 3.750000 30350.dat
9 0 0.000000 -0.105119 -0.994460 0.000000 0.994460 -0.105119 1.000000 0.000000 0.000000 -10.000000 -4.128275 40.177147 4.650550 1.616950 3.750000 30350.dat
9 0 -0.000000 0.574587 0.818444 -0.000000 -0.818444 0.574587 1.000000 0.000000 0.000000 -10.000000 5.443974 32.922478 4.007200 2.633400 3.750000 30350.dat
9 0 0.000000 0.121514 -0.992590 -0.000000 0.992590 0.121514 1.000000 0.000000 0.000000 -10.000000 7.754449 39.771004 5.037050 1.616950 3.750000 30350.dat
9 0 0.000000 0.758067 -0.652176 -0.000000 0.652176 0.758067 1.000000 0.000000 0.000000 10.000000 -1.677625 34.577675 4.007200 2.126100 3.750000 30350.dat
9 0 0.000000 -0.105119 -0.994460 0.000000 0.994460 -0.105119 1.000000 0.000000 0.000000 10.000000 -4.128275 40.177147 4.650550 1.616950 3.750000 30350.dat
9 0 -0.000000 0.574587 0.818444 -0.000000 -0.818444 0.574587 1.000000 0.000000 0.000000 10.000000 5.443974 32.922478 4.007200 2.633400 3.750000 30350.dat
9 0 0.000000 0.121514 -0.992590 -0.000000 0.992590 0.121514 1.000000 0.000000 0.000000 10.000000 7.754449 39.771004 5.037050 1.616950 3.750000 30350.dat
10 0 -25.250000 -2.250000 -30.000002 50.000000 14.500000 10.000000 30350.dat
2 22 0.000000 0.000000 -1.000000 0.000000 1.000000 0.000000 1.000000 0.000000 0.000000 20.000002 8.000000 30.000002 4 6 22:1:1,22:2:1,22:2:1,22:2:1,22:2:1,22:2:1,22:1:1,22:2:1,15:4:1,23:4:1,15:4:1,23:4:1,15:4:1,22:2:1,22:2:1,23:4:1,7:4:2,23:4:1,7:4:2,23:4:1,22:2:1,22:2:1,15:4:1,23:4:1,15:4:1,23:4:1,15:4:1,22:2:1,22:1:1,22:2:1,22:2:1,22:2:1,22:2:1,22:2:1,22:1:1, 30350.dat
0 6 0.000000 0.000000 -1.000000 -1.000000 -0.000000 -0.000000 -0.000000 1.000000 -0.000000 -14.000000 1.731825 40.013973 0 0 0.320000 1 0 30350.dat
0 6 0.000000 0.000000 -1.000000 1.000000 -0.000000 0.000000 -0.000000 -1.000000 -0.000000 13.999998 1.731825 40.013973 0 0 0.320000 1 0 30350.dat
1 2 -1.000000 0.000000 0.000000 0.000000 -0.000000 -1.000000 -0.000000 -1.000000 0.000000 0.000000 1.800000 39.985474 30350.dat
