9 0 1.000000 0.000000 0.000000 0.000000 1.000000 0.000000 0.000000 0.000000 1.000000 0.000000 -4.463725 -6.310800 8.675450 3.170150 18.643349 30369.dat
9 0 1.000000 0.000000 0.000000 0.000000 0.044218 -0.999022 0.000000 0.999022 0.044218 0.000000 9.287724 14.140050 8.675450 0.547650 12.274650 30369.dat
9 0 1.000000 0.000000 0.000000 0.000000 1.000000 0.000000 0.000000 0.000000 1.000000 0.000000 1.588975 -14.047100 11.202801 3.170150 0.441725 30369.dat
9 0 -0.103552 -0.994624 -0.000000 -0.994624 0.103552 -0.000000 0.000000 0.000000 -1.000000 13.808399 10.631750 -1.408575 12.354300 0.806250 13.101099 30369.dat
9 0 -0.621112 0.000000 -0.783722 0.000000 1.000000 0.000000 0.783722 0.000000 -0.621112 7.133850 19.977650 -13.083450 10.464550 4.786825 0.441725 30369.dat
9 0 0.103553 -0.994624 0.000000 0.994624 0.103553 0.000000 0.000000 0.000000 1.000000 -13.808399 10.631750 -1.408575 12.354300 0.806250 13.101099 30369.dat
9 0 0.621112 0.000000 -0.783722 0.000000 1.000000 0.000000 0.783722 0.000000 0.621112 -7.133850 19.977650 -13.083450 10.464550 4.786825 0.441725 30369.dat
10 0 -19.769951 -27.530251 -19.463549 19.769951 10.194426 25.251001 30369.dat
2 22 1.000000 0.000000 0.000000 0.000000 1.000000 0.000000 0.000000 0.000000 1.000000 -10.000000 2.761000 10.000000 2 2 29:0:0,29:0:0,29:0:0,29:0:0,15:4:33,29:0:0,29:0:0,29:0:0,29:0:0, 30369.dat
