9 0 -1.000000 -0.000000 -0.000000 0.000000 0.000000 -1.000000 0.000000 -1.000000 0.000000 0.000000 1.375008 10.000000 39.750000 9.750000 1.125000 30366.dat
9 0 -0.000000 1.000000 -0.000000 0.000000 -0.000000 -1.000000 -1.000000 0.000000 -0.000000 38.624996 14.750004 10.000000 11.750000 9.750025 1.125000 30366.dat
9 0 -0.000000 1.000000 -0.000000 0.000000 -0.000000 -1.000000 -1.000000 0.000000 -0.000000 -37.625027 14.750004 10.000000 11.750000 9.750000 1.125000 30366.dat
9 0 1.000000 0.000000 0.000000 0.000000 -0.000000 -1.000000 0.000000 1.000000 -0.000000 48.250000 25.375002 10.000000 11.750000 9.750000 1.125000 30366.dat
9 0 1.000000 0.000000 0.000000 0.000000 -0.000000 -1.000000 0.000000 1.000000 -0.000000 -48.000027 25.375002 10.000000 11.750000 9.750000 1.125000 30366.dat
9 0 -0.000000 1.000000 -0.000000 0.000000 -0.000000 -1.000000 -1.000000 0.000000 -0.000000 -58.125000 61.375004 10.000000 34.375000 9.750000 1.625000 30366.dat
9 0 -0.000000 1.000000 -0.000000 0.000000 -0.000000 -1.000000 -1.000000 0.000000 -0.000000 58.375000 61.375004 9.999975 34.375000 9.750000 1.625000 30366.dat
9 0 -0.000000 1.000000 -0.000000 0.000000 -0.000000 -1.000000 -1.000000 0.000000 -0.000000 38.124996 104.000008 0.000000 15.750000 19.750000 1.625000 30366.dat
9 0 0.000000 1.000000 0.000000 -0.000000 0.000000 -1.000000 -1.000000 0.000000 0.000000 -38.125004 104.000008 0.000000 15.750000 19.750000 1.625000 30366.dat
9 0 -1.000000 -0.000000 -0.000000 0.000000 0.000000 -1.000000 0.000000 -1.000000 0.000000 0.000000 114.925026 0.000000 36.000000 19.750000 4.824975 30366.dat
9 0 1.000000 0.000000 0.000000 0.000000 -0.000000 -1.000000 0.000000 1.000000 -0.000000 -48.000027 92.000008 10.000000 11.750000 9.750000 3.750000 30366.dat
9 0 1.000000 0.000000 0.000000 0.000000 -0.000000 -1.000000 0.000000 1.000000 -0.000000 48.250000 92.000008 10.000000 11.750000 9.750000 3.750000 30366.dat
9 0 0.180236 -0.983623 0.000000 -0.000000 -0.000000 -1.000000 0.983623 0.180236 -0.000000 55.162251 70.114502 -10.000000 18.503475 9.750000 0.868250 30366.dat
9 0 -0.314133 -0.949379 0.000000 -0.000000 -0.000000 -1.000000 0.949379 -0.314133 -0.000000 53.241749 42.390007 -10.000000 18.503475 9.750000 0.868250 30366.dat
9 0 -0.937383 -0.348301 -0.000001 0.000001 0.000000 -1.000000 0.348301 -0.937383 0.000000 19.386997 8.022261 -10.000000 18.503475 9.750000 0.868250 30366.dat
9 0 -0.941961 0.335723 0.000000 -0.000000 0.000000 -1.000000 -0.335723 -0.941961 0.000000 -18.973701 7.765508 -10.000000 18.503475 9.750000 0.868250 30366.dat
9 0 -0.306903 0.951741 -0.000000 0.000000 -0.000000 -1.000000 -0.951741 -0.306903 -0.000000 -53.374279 42.795254 -10.000000 18.503475 9.750000 0.868250 30366.dat
9 0 0.271916 0.962321 -0.000000 -0.000000 0.000000 -1.000000 -0.962321 0.271916 -0.000000 -54.393925 73.747253 -10.000000 16.935726 9.750000 0.868250 30366.dat
9 0 0.928363 0.371675 -0.000000 -0.360397 0.900191 0.244480 0.090867 -0.226967 0.969654 -10.249626 85.207504 -28.733175 15.451824 27.702999 1.520300 30366.dat
9 0 0.918580 -0.395235 -0.000000 0.383241 0.890705 0.244481 -0.096627 -0.224575 0.969654 10.615498 85.055504 -28.733175 15.451824 27.702999 1.520300 30366.dat
9 0 0.263076 -0.964775 -0.000000 0.935498 0.255092 0.244480 -0.235868 -0.064317 0.969654 26.207500 67.307259 -28.733175 15.451824 27.702999 1.520300 30366.dat
9 0 -0.392930 -0.919568 -0.000000 0.891663 -0.381006 0.244480 -0.224817 0.096064 0.969654 25.075251 49.454002 -28.733175 15.451824 27.702999 1.520300 30366.dat
9 0 -0.928045 -0.372469 0.000001 0.361166 -0.899882 0.244481 -0.091061 0.226890 0.969654 12.302500 35.630257 -28.733175 17.575850 27.702999 1.520300 30366.dat
9 0 0.266124 0.963939 0.000000 -0.934687 0.258048 0.244481 0.235665 -0.065063 0.969654 -26.263475 67.103004 -28.733175 15.451824 27.702999 1.520300 30366.dat
9 0 -0.370849 0.928693 -0.000001 -0.900511 -0.359595 0.244481 0.227048 0.090666 0.969654 -25.209803 49.779503 -28.733175 15.451824 27.702999 1.520300 30366.dat
9 0 -0.919233 0.393714 0.000000 -0.381766 -0.891338 0.244481 0.096256 0.224735 0.969654 -11.869152 35.495258 -28.733175 16.818874 27.702999 1.520300 30366.dat
9 0 0.707107 -0.707107 0.000000 0.707107 0.707107 0.000000 0.000000 0.000000 1.000000 -30.000002 105.804001 -30.000002 5.503000 5.503000 9.750000 30366.dat
9 0 0.707107 -0.707107 0.000000 0.707107 0.707107 0.000000 0.000000 0.000000 1.000000 29.999500 105.804001 -30.000002 5.503000 5.503000 9.750000 30366.dat
10 0 -30.000002 0.000000 -30.000002 90.000000 124.450005 34.450001 30366.dat
3 23 1.000000 0.000000 0.000000 0.000000 1.000000 0.000000 0.000000 0.000000 1.000000 -40.000000 0.000000 20.000002 4 8 18:1:1,23:4:1,18:2:1,23:4:1,18:2:1,23:4:1,18:2:1,23:4:1,18:1:1,23:4:1,1:4:1,23:4:1,1:4:1,23:4:1,1:4:1,23:4:1,1:4:1,23:4:1,29:0:1,23:4:1,18:4:1,23:4:1,18:4:1,23:4:1,18:4:1,23:4:1,29:0:1,29:0:1,29:0:1,23:4:1,1:4:1,23:4:1,1:4:1,23:4:1,29:0:1,29:0:1,29:0:1,29:0:1,29:0:1,23:4:1,29:0:1,23:4:1,29:0:1,29:0:1,29:0:1, 30366.dat
3 23 1.000000 0.000000 0.000000 0.000000 1.000000 0.000000 0.000000 0.000000 1.000000 -60.000004 24.000008 20.000002 2 12 18:1:1,23:4:1,29:0:1,29:0:1,29:0:1,29:0:1,29:0:1,29:0:1,29:0:1,29:0:1,29:0:1,23:4:1,18:1:1,23:4:1,1:4:1,23:4:1,29:0:1,29:0:1,29:0:1,29:0:1,29:0:1,29:0:1,29:0:1,23:4:1,1:4:1,23:4:1,18:1:1,23:4:1,29:0:1,29:0:1,29:0:1,29:0:1,29:0:1,29:0:1,29:0:1,29:0:1,29:0:1,23:4:1,18:1:1, 30366.dat
3 23 1.000000 0.000000 0.000000 0.000000 -0.000000 1.000000 0.000000 -1.000000 -0.000000 -39.999477 95.800003 -40.000000 2 2 29:0:0,29:0:0,29:0:0,29:0:0,1:4:34,29:0:0,29:0:0,29:0:0,29:0:0, 30366.dat
3 23 1.000000 0.000000 0.000000 0.000000 -0.000000 1.000000 0.000000 -1.000000 -0.000000 19.999998 95.800003 -40.000000 2 2 29:0:0,29:0:0,29:0:0,29:0:0,1:4:34,29:0:0,29:0:0,29:0:0,29:0:0, 30366.dat
2 22 1.000000 0.000000 0.000000 0.000000 1.000000 0.000000 0.000000 0.000000 1.000000 -40.000000 120.000008 20.000002 4 8 22:1:1,22:2:1,22:2:1,22:2:1,22:2:1,22:2:1,22:2:1,22:2:1,22:1:1,22:2:1,15:4:1,23:4:1,15:4:1,23:4:1,15:4:1,23:4:1,15:4:1,22:2:1,22:2:1,23:4:1,7:4:1,23:4:1,7:4:1,23:4:1,7:4:1,23:4:1,22:2:1,22:2:1,15:4:1,23:4:1,15:4:1,23:4:1,15:4:1,23:4:1,15:4:1,22:2:1,22:1:1,22:2:1,22:2:1,22:2:1,22:2:1,22:2:1,22:2:1,22:2:1,22:1:1, 30366.dat
2 22 1.000000 0.000000 0.000000 0.000000 1.000000 0.000000 0.000000 0.000000 1.000000 -60.000004 96.000000 20.000002 2 12 22:1:1,22:2:1,29:0:1,29:0:1,29:0:1,29:0:1,29:0:1,29:0:1,29:0:1,29:0:1,29:0:1,22:2:1,22:1:1,22:2:1,15:4:1,29:0:1,29:0:1,29:0:1,29:0:1,29:0:1,29:0:1,29:0:1,29:0:1,29:0:1,15:4:1,22:2:1,22:1:1,22:2:1,29:0:1,29:0:1,29:0:1,29:0:1,29:0:1,29:0:1,29:0:1,29:0:1,29:0:1,22:2:1,22:1:1, 30366.dat
