9 0 -0.000000 -0.000000 1.000000 -1.000000 -0.000000 0.000000 0.000000 -1.000000 -0.000000 11.175000 13.691600 0.000000 11.375000 4.800000 5.608400 30367.dat
9 0 -1.000000 -0.000000 -0.000000 0.000000 0.000000 -1.000000 0.000000 -1.000000 0.000000 0.000000 13.691600 11.175000 11.375000 4.800000 5.608400 30367.dat
9 0 1.000000 0.000000 0.000000 0.000000 -0.000000 1.000000 0.000000 -1.000000 -0.000000 0.000000 13.691600 -11.175000 11.375000 4.800000 5.608400 30367.dat
9 0 -0.000000 0.000000 -1.000000 1.000000 -0.000000 0.000000 -0.000000 -1.000000 -0.000000 -11.175000 13.691600 0.000000 11.375000 4.800000 5.608400 30367.dat
9 0 -0.000000 0.000000 -1.000000 1.000000 -0.000000 0.000000 -0.000000 -1.000000 -0.000000 0.000000 2.090299 0.012500 8.271725 9.150300 1.659700 30367.dat
9 0 1.000000 0.000000 0.000000 0.000000 -0.000000 1.000000 0.000000 -1.000000 -0.000000 0.000000 6.633524 -9.720725 8.081950 3.345725 3.391475 30367.dat
9 0 -0.000000 -0.000000 1.000000 -1.000000 -0.000000 0.000000 0.000000 -1.000000 -0.000000 9.720726 6.633524 0.000000 8.081950 3.345725 3.391475 30367.dat
9 0 -1.000000 -0.000000 -0.000000 0.000000 0.000000 -1.000000 0.000000 -1.000000 0.000000 0.000000 6.633524 9.720726 8.081950 3.345725 3.391475 30367.dat
9 0 -0.000000 0.000000 -1.000000 1.000000 -0.000000 0.000000 -0.000000 -1.000000 -0.000000 -9.720725 6.633524 0.000000 8.081950 3.345725 3.391475 30367.dat
9 0 0.966066 0.000000 -0.258297 0.258297 0.000000 0.966066 0.000000 -1.000000 0.000000 -4.861025 19.999998 -18.140476 4.926375 0.285250 3.750000 30367.dat
9 0 0.965786 0.000000 0.259340 -0.259340 -0.000000 0.965786 0.000000 -1.000000 -0.000000 4.860450 19.999998 -18.140625 4.926375 0.285250 3.750000 30367.dat
9 0 0.258298 -0.000000 0.966065 -0.966065 -0.000000 0.258298 0.000000 -1.000000 -0.000000 18.140501 19.999998 -4.861025 4.926375 0.285250 3.750000 30367.dat
9 0 -0.259341 0.000000 0.965786 -0.965786 0.000000 -0.259341 -0.000000 -1.000000 0.000000 18.140501 19.999998 4.860475 4.926375 0.285250 3.750000 30367.dat
9 0 -0.966065 0.000000 0.258298 -0.258298 0.000000 -0.966065 0.000000 -1.000000 0.000000 4.861025 19.999998 18.140501 4.926375 0.285250 3.750000 30367.dat
9 0 -0.965786 -0.000000 -0.259340 0.259340 0.000000 -0.965786 0.000000 -1.000000 0.000000 -4.860475 19.999998 18.140501 4.926375 0.285250 3.750000 30367.dat
9 0 -0.258298 -0.000000 -0.966065 0.966065 0.000000 -0.258298 0.000000 -1.000000 0.000000 -18.140476 19.999998 4.861025 4.926375 0.285250 3.750000 30367.dat
9 0 0.259341 0.000000 -0.965786 0.965786 0.000000 0.259341 0.000000 -1.000000 0.000000 -18.140625 19.999998 -4.860475 4.926375 0.285250 3.750000 30367.dat
10 0 -10.000000 0.000000 -30.000002 30.000002 28.450001 10.000000 30367.dat
3 23 1.000000 0.000000 0.000000 0.000000 1.000000 0.000000 0.000000 0.000000 1.000000 -10.000000 0.000000 10.000000 2 2 29:0:0,29:0:0,29:0:0,29:0:0,3:4:34,29:0:0,29:0:0,29:0:0,29:0:0, 30367.dat
2 22 1.000000 0.000000 0.000000 0.000000 1.000000 0.000000 0.000000 0.000000 1.000000 -20.000000 24.000000 20.000002 4 4 29:0:1,22:2:1,22:2:1,22:2:1,29:0:1,22:2:1,15:4:0,23:4:1,15:4:0,22:2:1,22:2:1,23:4:1,7:4:2,23:4:1,22:2:1,22:2:1,15:4:0,23:4:1,15:4:0,22:2:1,29:0:1,22:2:1,22:2:1,22:2:1,29:0:1, 30367.dat
0 4 0.000000 -0.000000 -1.000000 0.000000 -1.000000 0.000000 -1.000000 -0.000000 0.000000 0.000000 3.999999 0.000000 1 0 0.600000 0 0 30367.dat
6 137 1.000000 0.000000 0.000000 0.000000 1.000000 0.000000 0.000000 0.000000 1.000000 0.000000 24.000000 0.000000 0.000000 0.000000 0.000000 0.000000 1 30367.dat
