9 0 -1.000000 -0.000000 -0.000000 0.000000 0.000000 -1.000000 0.000000 -1.000000 0.000000 0.000000 45.500000 10.000000 19.750000 9.750000 2.250000 30362.dat
9 0 -1.000000 -0.000000 -0.000000 0.000000 0.000000 -1.000000 0.000000 -1.000000 0.000000 0.000000 40.135975 8.742050 15.472250 8.492075 2.559475 30362.dat
9 0 -1.000000 -0.000000 -0.000000 0.000000 0.000000 -1.000000 0.000000 -1.000000 0.000000 0.000000 15.282997 5.750000 8.591374 4.750000 21.793625 30362.dat
9 0 -1.000000 0.000000 0.000000 -0.000000 -1.000000 0.000000 0.000000 0.000000 1.000000 0.005725 6.152248 -9.987400 2.813750 0.402200 9.737374 30362.dat
9 0 -0.000000 -1.000000 0.000000 1.000000 -0.000000 0.000000 0.000000 0.000000 1.000000 -4.646475 1.499999 -9.987400 2.813750 0.402200 9.737374 30362.dat
9 0 0.707107 0.707107 0.000000 -0.707107 0.707107 0.000000 0.000000 0.000000 1.000000 3.006049 -1.506001 -18.750000 3.970625 0.137500 1.000000 30362.dat
9 0 0.707107 -0.707107 0.000000 0.707107 0.707107 0.000000 0.000000 0.000000 1.000000 -3.006050 -1.506001 -18.750000 3.970625 0.137500 1.000000 30362.dat
9 0 -0.707107 -0.707107 0.000000 0.707107 -0.707107 0.000000 0.000000 0.000000 1.000000 -3.006050 4.505998 -18.750000 3.970625 0.137500 1.000000 30362.dat
9 0 -0.707107 0.707107 0.000000 -0.707107 -0.707107 0.000000 0.000000 0.000000 1.000000 3.006049 4.505998 -18.750000 3.970625 0.137500 1.000000 30362.dat
9 0 -0.000000 1.000000 0.000000 -1.000000 -0.000000 0.000000 0.000000 0.000000 1.000000 4.657925 1.499999 -9.987400 2.813750 0.402200 9.737374 30362.dat
9 0 1.000000 0.000000 0.000000 0.000000 1.000000 0.000000 0.000000 0.000000 1.000000 0.005725 -3.152248 -9.987400 2.813750 0.402200 9.737374 30362.dat
10 0 -10.000000 0.000000 -10.000000 30.000002 56.000000 30.000002 30362.dat
2 22 1.000000 0.000000 0.000000 0.000000 1.000000 0.000000 0.000000 0.000000 1.000000 -20.000000 48.000000 20.000000 2 4 22:1:1,22:2:1,22:2:1,22:2:1,22:1:1,22:2:1,15:4:1,9:4:1,15:4:1,22:2:1,22:1:1,22:2:1,22:2:1,22:2:1,22:1:1, 30362.dat
2 22 1.000000 0.000000 0.000000 0.000000 -0.000000 1.000000 0.000000 -1.000000 -0.000000 -10.000000 -8.750001 10.750000 2 2 29:0:0,29:0:0,29:0:0,29:0:0,15:4:33,29:0:0,29:0:0,29:0:0,29:0:0, 30362.dat
0 19 -0.000000 1.000000 -0.000000 0.000000 -0.000000 -1.000000 -1.000000 0.000000 -0.000000 0.000000 1.499999 -20.000002 0 1 0.800000 0 0 30362.dat
0 6 -0.000000 1.000000 -0.000000 0.000000 -0.000000 -1.000000 -1.000000 0.000000 -0.000000 0.000000 1.499999 -20.000002 0 1 0.800000 0 0 30362.dat
