9 0 1.000000 0.000000 0.000000 0.000000 1.000000 0.000000 0.000000 0.000000 1.000000 0.000000 4.000000 -0.875000 18.799999 3.750000 8.875000 30376.dat
9 0 1.000000 0.000000 0.000000 0.000000 1.000000 0.000000 0.000000 0.000000 1.000000 7.039774 -16.583925 0.045900 1.710225 16.333925 3.954100 30376.dat
9 0 1.000000 0.000000 0.000000 0.000000 1.000000 0.000000 0.000000 0.000000 1.000000 -6.960225 -16.583925 0.045900 1.710225 16.333925 3.954100 30376.dat
9 0 1.000000 0.000000 0.000000 0.000000 1.000000 0.000000 0.000000 0.000000 1.000000 0.000000 -31.167751 0.000000 8.750000 1.750000 4.000000 30376.dat
9 0 1.000000 0.000000 0.000000 0.000000 0.859586 -0.510991 0.000000 0.510991 0.859586 0.000000 -35.166504 4.087050 3.750000 2.737050 0.911325 30376.dat
9 0 1.000000 0.000000 0.000000 0.000000 0.983675 0.179955 0.000000 -0.179955 0.983675 0.000000 -39.986504 4.498050 3.750000 2.926300 0.329675 30376.dat
9 0 1.000000 0.000000 0.000000 0.000000 0.859586 0.510991 0.000000 -0.510991 0.859586 0.000000 -35.145748 -4.074775 3.750000 2.761075 0.911325 30376.dat
9 0 1.000000 0.000000 0.000000 0.000000 0.983675 -0.179955 0.000000 0.179955 0.983675 0.000000 -40.115250 -4.474475 3.750000 2.795200 0.329675 30376.dat
10 0 -10.000000 0.000000 -10.000000 30.000002 51.200001 10.000000 30376.dat
0 6 0.000000 1.000000 -0.000000 1.000000 0.000000 0.000000 0.000000 -0.000000 -1.000000 4.000000 -38.379002 0.000000 0 0 0.320000 1 0 30376.dat
2 22 1.000000 0.000000 0.000000 0.000000 1.000000 0.000000 0.000000 0.000000 1.000000 -20.000000 8.000000 10.000000 2 4 22:2:1,29:0:1,22:2:1,29:0:1,22:2:1,22:2:1,15:4:1,22:2:1,15:4:1,22:2:1,22:1:1,22:2:1,22:2:1,22:2:1,22:1:1, 30376.dat
