9 0 0.000000 0.000000 -1.000000 0.000000 1.000000 0.000000 1.000000 0.000000 0.000000 -38.125004 18.000000 -39.799999 29.550001 19.750000 1.625000 30372.dat
9 0 0.000000 0.000000 -1.000000 0.000000 1.000000 0.000000 1.000000 0.000000 0.000000 -38.125000 35.375000 -79.799995 9.950000 2.375000 1.625000 30372.dat
9 0 0.000000 0.000000 -1.000000 0.000000 1.000000 0.000000 1.000000 0.000000 0.000000 38.124996 18.000000 -39.799999 29.550001 19.750000 1.625000 30372.dat
9 0 0.000000 0.000000 -1.000000 0.000000 1.000000 0.000000 1.000000 0.000000 0.000000 38.124996 35.375000 -79.799995 9.950000 2.375000 1.625000 30372.dat
9 0 0.000000 0.000000 -1.000000 0.000000 1.000000 0.000000 1.000000 0.000000 0.000000 0.000000 -0.125000 -39.799999 29.550001 1.625000 39.750000 30372.dat
9 0 0.000000 0.396827 -0.917893 -0.000000 0.917893 0.396827 1.000000 0.000000 0.000000 0.000000 16.090324 -109.490753 43.544250 0.525225 19.750000 30372.dat
9 0 0.000000 0.000000 -1.000000 0.000000 1.000000 0.000000 1.000000 0.000000 0.000000 0.000003 35.375000 -148.125000 1.625000 2.375000 19.750000 30372.dat
9 0 -0.225904 0.392603 -0.891532 -0.000102 0.915181 0.403043 0.974149 0.091140 -0.206703 20.590002 15.492849 -105.972504 38.869251 1.101425 9.545700 30372.dat
9 0 0.221163 0.392613 -0.892716 0.002300 0.915171 0.403058 0.975234 -0.091195 0.201499 -20.331375 15.796524 -106.370247 38.163750 1.119250 9.899375 30372.dat
9 0 -0.317305 0.000000 -0.948324 0.000000 1.000000 0.000000 0.948324 0.000000 -0.317305 22.179747 35.375000 -137.285751 12.498900 2.375000 1.688250 30372.dat
9 0 -0.317305 0.000000 -0.948324 0.000000 1.000000 0.000000 0.948324 0.000000 -0.317305 31.198002 35.375000 -110.397003 3.111825 2.375000 1.625000 30372.dat
9 0 0.000000 0.000000 -1.000000 0.000000 1.000000 0.000000 1.000000 0.000000 0.000000 -23.725002 1.999998 -6.706500 3.043500 3.750000 2.025000 30372.dat
9 0 0.000000 0.000000 -1.000000 0.000000 1.000000 0.000000 1.000000 0.000000 0.000000 -23.725002 -0.320250 -2.034275 5.077800 3.890300 2.025000 30372.dat
9 0 0.000000 0.000000 -1.000000 0.000000 1.000000 0.000000 1.000000 0.000000 0.000000 -36.274998 1.999998 -6.706500 3.043500 3.750000 2.025000 30372.dat
9 0 0.000000 0.000000 -1.000000 0.000000 1.000000 0.000000 1.000000 0.000000 0.000000 -36.274998 -0.320250 -2.034275 5.077800 3.890300 2.025000 30372.dat
9 0 0.000000 0.000000 -1.000000 0.000000 1.000000 0.000000 1.000000 0.000000 0.000000 36.274998 1.999998 -6.706499 3.043500 3.750000 2.025000 30372.dat
9 0 0.000000 0.000000 -1.000000 0.000000 1.000000 0.000000 1.000000 0.000000 0.000000 36.274998 -0.320250 -2.034274 5.077800 3.890300 2.025000 30372.dat
9 0 0.000000 0.000000 -1.000000 0.000000 1.000000 0.000000 1.000000 0.000000 0.000000 23.724997 1.999998 -6.706500 3.043500 3.750000 2.025000 30372.dat
9 0 0.000000 0.000000 -1.000000 0.000000 1.000000 0.000000 1.000000 0.000000 0.000000 23.724997 -0.320250 -2.034275 5.077800 3.890300 2.025000 30372.dat
9 0 0.316452 0.000000 -0.948609 0.000000 1.000000 0.000000 0.948609 0.000000 0.316452 -22.196075 35.375000 -137.292999 12.498775 2.375000 1.681925 30372.dat
9 0 0.311987 0.000000 -0.950086 0.000000 1.000000 0.000000 0.950086 0.000000 0.311987 -31.144249 35.375000 -110.390747 3.111800 2.375000 1.688225 30372.dat
9 0 0.311987 0.000000 -0.950086 0.000000 1.000000 0.000000 0.950086 0.000000 0.311987 -37.113125 35.375000 -92.485497 3.012025 2.375000 1.688225 30372.dat
9 0 -0.317305 0.000000 -0.948324 0.000000 1.000000 0.000000 0.948324 0.000000 -0.317305 37.218498 35.375000 -92.403999 3.111825 2.375000 1.625000 30372.dat
9 0 0.000000 0.863278 -0.504729 -0.000000 0.504729 0.863278 1.000000 0.000000 0.000000 38.124996 17.512749 -72.514000 18.065626 7.083175 1.625000 30372.dat
9 0 0.000000 0.862265 -0.506458 -0.000000 0.506458 0.862265 1.000000 0.000000 0.000000 -38.125000 17.598650 -72.261497 17.997225 7.380875 1.625000 30372.dat
9 0 -0.317305 0.000000 -0.948324 0.178152 0.982196 -0.059609 0.931439 -0.187860 -0.311655 26.892502 28.313023 -120.483757 8.284300 4.075425 1.625000 30372.dat
9 0 0.317305 0.000000 -0.948324 -0.178152 0.982196 -0.059609 0.931439 0.187860 0.311655 -26.685398 28.304148 -121.106506 7.663750 4.087075 1.619925 30372.dat
9 0 0.317305 0.000000 -0.948324 -0.178152 0.982196 -0.059609 0.931439 0.187860 0.311655 -32.758774 25.023949 -100.953255 12.598676 7.388200 1.636800 30372.dat
9 0 -0.317305 0.000000 -0.948324 0.178152 0.982196 -0.059609 0.931439 -0.187860 -0.311655 32.782501 25.067347 -100.923500 12.598676 7.413175 1.625000 30372.dat
9 0 0.222349 0.384156 -0.896094 -0.288065 0.903954 0.316047 0.931440 0.187861 0.311655 -34.051651 13.848275 -90.620247 13.211875 4.029875 1.609375 30372.dat
9 0 -0.222349 0.384156 -0.896094 0.288065 0.903954 0.316047 0.931440 -0.187861 -0.311655 34.004498 13.912199 -90.547249 13.211875 4.057775 1.625000 30372.dat
10 0 -26.245998 0.000000 -70.000000 130.000000 44.500000 10.000000 30372.dat
6 2 0.000000 0.000000 -1.000000 1.000000 -0.000000 0.000000 -0.000000 -1.000000 -0.000000 -30.000002 -0.200000 0.000000 1.570796 -1.570796 1.570796 -1.570796 0 30372.dat
6 2 0.000000 0.000000 -1.000000 1.000000 -0.000000 0.000000 -0.000000 -1.000000 -0.000000 30.000002 -0.200000 0.000000 1.570796 -1.570796 1.570796 -1.570796 0 30372.dat
