9 0 -1.000000 -0.000000 -0.000000 0.000000 0.000000 -1.000000 0.000000 -1.000000 0.000000 -73.737251 16.827375 0.000000 33.487251 9.750000 6.922625 30382.dat
9 0 -1.000000 -0.000000 -0.000000 0.000000 0.000000 -1.000000 0.000000 -1.000000 0.000000 0.001252 21.499998 -20.000000 59.748753 9.750000 2.250000 30382.dat
9 0 -1.000000 -0.000000 -0.000000 0.000000 0.688354 -0.725375 0.000000 -0.725375 -0.688354 0.001252 11.318874 -18.273949 59.748753 13.543124 2.250000 30382.dat
9 0 -1.000000 -0.000000 -0.000000 0.000000 0.000000 -1.000000 0.000000 -1.000000 0.000000 -100.000000 21.499998 0.000000 59.750004 9.750000 2.250000 30382.dat
9 0 -0.980271 -0.000001 0.197658 -0.197658 -0.000000 -0.980271 0.000001 -1.000000 -0.000000 -146.343079 21.499998 -10.844550 11.324150 1.461200 2.250000 30382.dat
9 0 -0.990311 0.091883 0.104127 -0.011260 0.694214 -0.719681 -0.138413 -0.713880 -0.686453 -83.801498 12.585774 -16.927925 22.943300 4.909925 0.776975 30382.dat
9 0 -0.982287 0.187381 0.000001 -0.000001 0.000000 -1.000000 -0.187381 -0.982288 0.000000 -109.523247 11.992650 0.000000 50.645752 9.750000 2.250000 30382.dat
9 0 1.000000 0.000000 0.000000 0.000000 -0.000000 -1.000000 0.000000 1.000000 -0.000000 100.001236 21.499998 0.000000 59.751247 9.750000 2.250000 30382.dat
9 0 0.980271 -0.000001 0.197659 0.197659 0.000000 -0.980271 0.000001 1.000000 0.000000 146.342987 21.499998 -10.844550 11.324175 1.461200 2.250025 30382.dat
9 0 0.990310 0.091884 0.104127 0.011260 0.694213 -0.719681 -0.138414 0.713881 0.686452 88.654755 12.531275 -16.300926 27.809752 4.475500 0.402975 30382.dat
9 0 0.982287 0.187381 -0.000000 0.000000 -0.000000 -1.000000 -0.187381 0.982287 0.000000 109.525749 11.992650 0.000000 50.645752 9.750000 2.250000 30382.dat
9 0 -1.000000 -0.000000 -0.000000 0.000000 0.000000 -1.000000 0.000000 -1.000000 0.000000 0.001252 8.000000 0.000000 59.748753 9.750000 7.750000 30382.dat
9 0 -0.980271 0.000001 0.197657 -0.197657 0.000000 -0.980271 -0.000001 -1.000000 0.000000 -119.251251 21.499998 -16.241924 3.299975 1.461200 2.250000 30382.dat
9 0 -0.980270 -0.000002 0.197663 -0.138425 -0.713831 -0.686501 0.141099 -0.700318 0.699747 -96.414001 16.727076 -19.222651 37.449501 0.480975 2.250200 30382.dat
9 0 -0.980271 -0.000000 0.197658 -0.197658 -0.000000 -0.980271 0.000000 -1.000000 -0.000000 -100.025497 21.499998 -20.053274 3.299975 1.461200 2.250000 30382.dat
9 0 -0.980271 -0.000002 0.197659 -0.197659 -0.000000 -0.980271 0.000002 -1.000000 -0.000000 -80.799500 21.499998 -23.864626 3.299975 1.461200 2.250000 30382.dat
9 0 -0.980271 0.000001 0.197657 -0.197657 0.000000 -0.980271 -0.000001 -1.000000 0.000000 -62.332500 21.499998 -27.522999 2.526000 1.461200 2.250000 30382.dat
9 0 0.980271 -0.000001 0.197659 0.197659 0.000000 -0.980271 0.000001 1.000000 0.000000 119.251251 21.499998 -16.241924 3.299975 1.461200 2.250000 30382.dat
9 0 0.980278 0.000013 0.197625 0.138409 -0.713832 -0.686504 0.141062 0.700317 -0.699755 96.414497 16.725100 -19.224575 37.449749 0.481400 2.251275 30382.dat
9 0 0.980271 -0.000001 0.197659 0.197659 0.000000 -0.980271 0.000001 1.000000 0.000000 100.025513 21.499998 -20.053274 3.299975 1.461200 2.250000 30382.dat
9 0 0.980272 0.000005 0.197652 0.197652 0.000000 -0.980272 -0.000005 1.000000 -0.000001 80.799507 21.499998 -23.864626 3.300000 1.461225 2.250025 30382.dat
9 0 0.980271 -0.000002 0.197658 0.197658 -0.000000 -0.980271 0.000002 1.000000 0.000000 62.332512 21.499998 -27.522999 2.526025 1.461200 2.250000 30382.dat
9 0 -1.000000 -0.000000 -0.000000 0.000000 0.000000 -1.000000 0.000000 -1.000000 0.000000 73.737244 16.827375 0.000000 33.487251 9.750000 6.922625 30382.dat
10 0 -10.000000 0.000000 -10.000000 310.000000 28.450001 30.000002 30382.dat
3 23 1.000000 0.000000 0.000000 0.000000 1.000000 0.000000 0.000000 0.000000 1.000000 -60.000004 0.000000 10.000000 2 12 29:0:1,23:4:1,18:2:1,23:4:1,18:2:1,23:4:1,18:2:1,23:4:1,18:2:1,23:4:1,18:2:1,23:4:1,29:0:1,23:4:1,0:4:1,23:4:1,0:4:1,23:4:1,0:4:1,23:4:1,0:4:1,23:4:1,0:4:1,23:4:1,0:4:1,23:4:1,29:0:1,23:4:1,29:0:1,23:4:1,29:0:1,23:4:1,29:0:1,23:4:1,29:0:1,23:4:1,29:0:1,23:4:1,29:0:1, 30382.dat
2 22 1.000000 0.000000 0.000000 0.000000 1.000000 0.000000 0.000000 0.000000 1.000000 -160.000000 24.000000 10.000000 4 32 22:1:1,22:2:1,22:2:1,22:2:1,22:2:1,22:2:1,22:2:1,22:2:1,22:2:1,22:2:1,22:2:1,22:2:1,22:1:1,29:0:1,29:0:1,29:0:1,29:0:1,29:0:1,29:0:1,29:0:1,22:1:1,22:2:1,22:2:1,22:2:1,22:2:1,22:2:1,22:2:1,22:2:1,22:2:1,22:2:1,22:2:1,22:2:1,22:1:1,22:2:1,15:4:1,9:4:1,15:4:1,9:4:1,15:4:1,9:4:1,15:4:1,9:4:1,15:4:1,9:4:1,15:4:1,22:2:1,29:0:1,29:0:1,29:0:1,29:0:1,29:0:1,29:0:1,29:0:1,22:2:1,15:4:1,9:4:1,15:4:1,9:4:1,15:4:1,9:4:1,15:4:1,9:4:1,15:4:1,9:4:1,15:4:1,22:2:1,22:1:1,22:2:1,22:2:1,22:2:1,22:2:1,22:2:1,22:2:1,22:2:1,22:2:1,22:2:1,22:2:1,22:2:1,22:3:1,22:2:1,22:2:1,22:2:1,22:2:1,22:2:1,22:2:1,22:2:1,22:3:1,22:2:1,22:2:1,22:2:1,22:2:1,22:2:1,22:2:1,22:2:1,22:2:1,22:2:1,22:2:1,22:2:1,22:1:1,29:0:1,29:0:1,29:0:1,29:0:1,29:0:1,29:0:1,29:0:1,29:0:1,29:0:1,29:0:1,9:4:1,15:4:1,22:2:1,15:4:1,9:4:1,15:4:1,9:4:1,15:4:1,9:4:1,15:4:1,22:2:1,15:4:1,9:4:1,29:0:1,29:0:1,29:0:1,29:0:1,29:0:1,29:0:1,29:0:1,29:0:1,29:0:1,29:0:1,29:0:1,29:0:1,29:0:1,29:0:1,29:0:1,29:0:1,29:0:1,29:0:1,29:0:1,29:0:1,22:2:1,22:2:1,22:2:1,22:2:1,22:2:1,22:2:1,22:2:1,22:2:1,22:2:1,22:2:1,22:2:1,22:2:1,22:2:1,29:0:1,29:0:1,29:0:1,29:0:1,29:0:1,29:0:1,29:0:1,29:0:1,29:0:1,29:0:1, 30382.dat
2 22 1.000000 0.000000 0.000000 0.000000 1.000000 0.000000 0.000000 0.000000 1.000000 -39.999996 16.000000 10.000000 2 8 29:0:1,22:2:1,22:2:1,22:2:1,22:2:1,22:2:1,22:2:1,22:2:1,29:0:1,29:0:1,15:4:1,29:0:1,15:4:1,9:4:1,15:4:1,29:0:1,15:4:1,29:0:1,29:0:1,29:0:1,29:0:1,29:0:1,29:0:1,29:0:1,29:0:1,29:0:1,29:0:1, 30382.dat
