9 0 1.000000 0.000000 0.000000 0.000000 1.000000 0.000000 0.000000 0.000000 1.000000 -50.700005 28.072500 -68.647247 3.950000 1.677575 11.102800 30394.dat
9 0 1.000000 0.000000 0.000000 0.000000 1.000000 0.000000 0.000000 0.000000 1.000000 -33.799999 28.072500 -68.647247 3.950000 1.677575 11.102800 30394.dat
9 0 1.000000 0.000000 0.000000 0.000000 1.000000 0.000000 0.000000 0.000000 1.000000 -16.900000 28.072500 -68.647247 3.950000 1.677575 11.102800 30394.dat
9 0 1.000000 0.000000 0.000000 0.000000 1.000000 0.000000 0.000000 0.000000 1.000000 0.000000 28.072500 -68.647247 3.950000 1.677575 11.102800 30394.dat
9 0 1.000000 0.000000 0.000000 0.000000 1.000000 0.000000 0.000000 0.000000 1.000000 16.900000 28.072500 -68.647247 3.950000 1.677575 11.102800 30394.dat
9 0 1.000000 0.000000 0.000000 0.000000 1.000000 0.000000 0.000000 0.000000 1.000000 33.799999 28.072500 -68.647247 3.950000 1.677575 11.102800 30394.dat
9 0 1.000000 0.000000 0.000000 0.000000 1.000000 0.000000 0.000000 0.000000 1.000000 50.700005 28.072500 -68.647247 3.950000 1.677575 11.102800 30394.dat
9 0 1.000000 0.000000 0.000000 0.000000 1.000000 0.000000 0.000000 0.000000 1.000000 0.000000 28.125000 -45.000000 58.499996 1.625000 22.250000 30394.dat
9 0 1.000000 0.000000 0.000000 0.000000 -0.345298 -0.938493 0.000000 0.938493 -0.345298 0.000000 14.732125 -18.880400 58.499996 1.625000 15.328650 30394.dat
9 0 1.000000 0.000000 0.000000 0.000000 0.492424 -0.870356 0.000000 0.870356 0.492424 0.000000 -13.796375 -21.497301 59.750004 2.184325 16.263651 30394.dat
9 0 1.000000 0.000000 0.000000 0.000000 0.562670 0.826682 0.000000 -0.826682 0.562670 -57.450001 0.958175 -45.606251 2.300000 2.586000 32.274750 30394.dat
9 0 1.000000 0.000000 0.000000 0.000000 0.352783 0.935705 0.000000 -0.935705 0.352783 -56.825001 9.134650 -31.536999 1.675000 15.469575 16.115650 30394.dat
9 0 1.000000 0.000000 0.000000 0.000000 0.827417 0.561588 0.000000 -0.561588 0.827417 -56.825001 -6.153275 -25.739500 1.675000 12.564275 8.800475 30394.dat
9 0 1.000000 0.000000 0.000000 0.000000 1.000000 0.000000 0.000000 0.000000 1.000000 56.825001 20.557476 -39.061253 1.675000 9.192525 16.311350 30394.dat
9 0 1.000000 0.000000 0.000000 0.000000 0.352783 0.935705 0.000000 -0.935705 0.352783 56.825001 9.184600 -31.404501 1.675000 15.327975 16.115650 30394.dat
9 0 1.000000 0.000000 0.000000 0.000000 0.827417 0.561588 0.000000 -0.561588 0.827417 56.825001 -6.153275 -25.739500 1.674975 12.564275 8.800475 30394.dat
9 0 1.000000 0.000000 0.000000 0.000000 1.000000 0.000000 0.000000 0.000000 1.000000 -6.379425 0.002650 -8.480475 2.125000 5.697350 6.047075 30394.dat
9 0 1.000000 0.000000 0.000000 0.000000 0.562670 0.826682 0.000000 -0.826682 0.562670 57.450001 0.958175 -45.606251 2.300000 2.586000 32.274750 30394.dat
9 0 1.000000 0.000000 0.000000 0.000000 1.000000 0.000000 0.000000 0.000000 1.000000 -56.825001 20.557476 -39.061253 1.675000 9.192525 16.311350 30394.dat
9 0 1.000000 0.000000 0.000000 0.000000 1.000000 0.000000 0.000000 0.000000 1.000000 -6.379425 -0.203825 -5.170050 2.125000 2.571400 9.357500 30394.dat
9 0 1.000000 0.000000 0.000000 0.000000 1.000000 0.000000 0.000000 0.000000 1.000000 6.365100 -0.203825 -5.170050 2.125000 2.571400 9.357500 30394.dat
9 0 1.000000 0.000000 0.000000 0.000000 1.000000 0.000000 0.000000 0.000000 1.000000 6.365100 0.002650 -8.480475 2.125000 5.697350 6.047075 30394.dat
10 0 -60.000004 -30.000002 -6.173075 60.000004 30.000002 80.000000 30394.dat
6 2 -0.000000 0.000000 -1.000000 1.000000 -0.000000 0.000000 -0.000000 -1.000000 -0.000000 -0.009900 0.000000 0.000000 1.570796 -1.570796 1.570796 -1.570796 0 30394.dat
