9 0 1.000000 -0.000000 0.000000 -0.000000 0.000000 1.000000 -0.000000 -1.000000 -0.000000 0.000007 -28.611002 0.250000 11.216200 17.250000 6.859350 30391.dat
9 0 0.866025 0.500000 0.000000 -0.000000 0.000000 1.000000 0.500000 -0.866025 0.000000 14.305531 -24.777899 0.250004 11.216200 17.250000 6.859350 30391.dat
9 0 0.500001 0.866025 -0.000001 0.000001 0.000001 1.000000 0.866025 -0.500001 -0.000000 24.777906 -14.305525 0.250007 11.216200 17.250000 6.859350 30391.dat
9 0 0.000000 1.000000 0.000000 -0.000000 -0.000000 1.000000 1.000000 0.000000 0.000000 28.611008 0.000000 0.250009 11.216200 17.250000 6.859350 30391.dat
9 0 -0.500000 0.866026 -0.000000 -0.000000 0.000000 1.000000 0.866026 0.500000 0.000000 24.777906 14.305525 0.250007 11.216200 17.250000 6.859350 30391.dat
9 0 -0.866025 0.500000 -0.000000 -0.000000 -0.000000 1.000000 0.500000 0.866025 0.000000 14.305531 24.777899 0.250004 11.216200 17.250000 6.859350 30391.dat
9 0 -1.000000 0.000000 -0.000000 -0.000000 -0.000000 1.000000 -0.000000 1.000000 0.000000 0.000007 28.611002 0.250000 11.216200 17.250000 6.859350 30391.dat
9 0 -0.866025 -0.500000 -0.000000 -0.000000 -0.000000 1.000000 -0.500000 0.866025 -0.000000 -14.305518 24.777899 0.249995 11.216200 17.250000 6.859350 30391.dat
9 0 -0.500000 -0.866025 0.000001 0.000001 0.000001 1.000000 -0.866025 0.500000 0.000000 -24.777893 14.305525 0.249992 11.216200 17.250000 6.859350 30391.dat
9 0 0.000000 -1.000000 -0.000000 -0.000000 -0.000000 1.000000 -1.000000 0.000000 -0.000000 -28.610996 0.000000 0.249991 11.216200 17.250000 6.859350 30391.dat
9 0 0.500001 -0.866025 0.000001 -0.000001 0.000001 1.000000 -0.866025 -0.500001 -0.000001 -24.777893 -14.305525 0.249992 11.216200 17.250000 6.859350 30391.dat
9 0 0.866025 -0.500000 0.000000 -0.000000 0.000000 1.000000 -0.500000 -0.866025 -0.000000 -14.305518 -24.777899 0.249995 11.216200 17.250000 6.859350 30391.dat
10 0 -37.999001 -37.999001 -37.500000 37.999001 37.999001 -2.500000 30391.dat
4 32 -1.000000 0.000000 -0.000000 0.000000 -0.000000 -1.000000 -0.000000 -1.000000 0.000000 0.000007 0.000000 0.256725 1 30391.dat
4 32 -1.000000 0.000000 -0.000000 -0.000000 0.000000 1.000000 0.000000 1.000000 -0.000000 0.000007 0.000000 0.256725 1 30391.dat
