9 0 -0.000000 -0.000000 1.000000 -1.000000 0.000000 -0.000000 0.000000 -1.000000 -0.000000 -0.059249 1.434675 -80.000000 79.750000 9.750000 1.065350 30407.dat
9 0 -0.000000 -0.000000 1.000000 -1.000000 0.000000 -0.000000 0.000000 -1.000000 -0.000000 -6.375025 2.245000 7.864275 4.457200 2.125000 4.815175 30407.dat
9 0 -0.000000 -0.000000 1.000000 -0.776617 0.629973 -0.000000 -0.629973 -0.776617 -0.000000 -13.972500 5.275575 -60.000004 59.750004 6.158575 1.344525 30407.dat
9 0 -0.251537 0.175752 0.951757 -0.739329 0.599725 -0.306141 -0.624597 -0.780667 -0.020914 -13.530599 5.141750 -130.274002 11.658051 3.101925 1.344575 30407.dat
9 0 -0.000000 0.000000 1.000000 0.776617 0.629973 0.000000 -0.629973 0.776617 -0.000000 13.972500 5.275575 -60.000004 59.750004 6.158575 1.344525 30407.dat
9 0 0.251537 0.175752 0.951757 0.739329 0.599725 -0.306141 -0.624597 0.780667 0.020914 13.530602 5.141750 -130.274002 11.658025 3.101925 1.344550 30407.dat
9 0 -0.000000 0.000000 1.000000 1.000000 0.000000 0.000000 0.000000 1.000000 -0.000000 6.375025 2.245000 7.864275 4.457200 2.125000 4.815175 30407.dat
9 0 -0.000000 -0.000000 1.000000 -1.000000 0.000000 -0.000000 0.000000 -1.000000 -0.000000 -0.059249 4.119325 -59.330250 59.080250 9.750000 3.750000 30407.dat
10 0 -26.172998 -2.750000 -20.000000 150.000000 12.449975 20.000000 30407.dat
6 2 0.000000 0.000000 -1.000000 1.000000 -0.000000 0.000000 -0.000000 -1.000000 -0.000000 -0.007100 2.050000 10.000000 1.570796 -1.570796 1.570796 -1.570796 0 30407.dat
2 22 0.000000 0.000000 -1.000000 0.000000 1.000000 0.000000 1.000000 0.000000 0.000000 10.000000 8.000000 0.000000 2 12 22:1:1,22:2:1,22:2:1,22:2:1,22:2:1,22:2:1,22:2:1,22:2:1,22:2:1,22:2:1,22:2:1,22:2:1,22:1:1,22:2:1,15:4:1,9:4:1,15:4:1,9:4:1,15:4:1,9:4:1,15:4:1,9:4:1,15:4:1,9:4:1,15:4:2,22:2:1,22:1:1,22:2:1,22:2:1,22:2:1,22:2:1,22:2:1,22:2:1,22:2:1,22:2:1,22:2:1,22:2:1,22:2:1,22:1:1, 30407.dat
3 23 0.000000 0.000000 -1.000000 0.000000 1.000000 0.000000 1.000000 0.000000 0.000000 10.000000 0.000025 0.000000 2 8 29:0:1,23:4:1,18:2:1,23:4:1,18:2:1,23:4:1,18:2:1,23:4:1,29:0:1,23:4:1,0:4:1,23:4:1,0:4:1,23:4:1,0:4:1,23:4:1,0:4:1,23:4:1,29:0:1,23:4:1,18:2:1,23:4:1,18:2:1,23:4:1,18:2:1,23:4:1,29:0:1, 30407.dat
