9 0 -0.118240 0.000000 0.992985 0.000000 1.000000 0.000000 -0.992985 0.000000 -0.118240 -0.077851 11.107100 2.020725 6.872700 10.857125 11.625401 30456.dat
9 0 -0.118240 0.000000 0.992985 0.000000 1.000000 0.000000 -0.992985 0.000000 -0.118240 1.244530 11.164749 -7.802349 2.731675 10.857125 8.802325 30456.dat
9 0 -0.109872 0.000000 0.993946 0.000000 1.000000 0.000000 -0.993946 0.000000 -0.109872 -2.183390 10.004175 23.549198 15.391825 16.365274 10.309200 30456.dat
9 0 0.227320 0.000000 0.973820 0.000000 1.000000 0.000000 -0.973820 0.000000 0.227320 -0.984407 5.780700 50.577003 15.391825 12.141826 9.105775 30456.dat
9 0 0.227321 0.000000 0.973820 0.000000 1.000000 0.000000 -0.973820 0.000000 0.227321 5.783501 4.115574 77.227257 15.391825 10.476675 6.330525 30456.dat
9 0 -0.087059 0.393172 0.915334 0.027728 0.919423 -0.392291 -0.995817 -0.008772 -0.090946 9.031438 5.341549 96.272507 10.406475 8.130375 6.330525 30456.dat
9 0 -0.234350 0.348847 0.907406 0.008465 0.934096 -0.356922 -0.972116 -0.075963 -0.221858 5.401025 13.906124 116.339752 14.507225 5.563400 4.325950 30456.dat
10 0 -14.999426 -4.425975 -17.331774 132.449249 30.370750 16.466949 30456.dat
6 97 0.000001 0.000000 -1.000000 0.000000 1.000000 0.000000 1.000000 0.000000 0.000001 0.000000 11.250000 0.000000 0.000000 0.000000 0.000000 0.000000 1 30456.dat
