9 0 -0.000000 -0.000000 -1.000000 1.000000 0.000000 -0.000000 0.000000 -1.000000 0.000000 -0.000000 12.000000 -0.001325 9.751325 9.750000 11.750000 3045.dat
9 0 -0.000000 0.000000 -1.000000 0.688988 -0.724773 -0.000000 -0.724773 -0.688988 0.000000 17.735350 11.882275 -0.001331 9.751325 3.032400 13.543124 3045.dat
9 0 -0.000000 -0.000000 -1.000000 1.000000 0.000000 -0.000000 0.000000 -1.000000 0.000000 4.513702 16.326900 7.489949 2.260050 14.263700 7.423100 3045.dat
9 0 -1.000000 -0.000000 0.000000 -0.000000 -0.000000 -1.000000 0.000000 -1.000000 0.000000 -7.489952 16.326900 -4.513698 2.260050 14.263700 7.423100 3045.dat
9 0 -1.000000 0.000000 0.000000 -0.000000 -0.724920 -0.688833 0.000000 -0.688833 0.724920 0.001319 11.880625 -17.740526 9.751325 3.032400 13.543124 3045.dat
9 0 -0.424448 -0.403319 -0.810665 0.688833 -0.724920 0.000000 -0.587667 -0.558412 0.585511 17.760246 11.901875 -11.832480 6.360725 3.032400 11.626150 3045.dat
9 0 0.810665 -0.403319 0.424449 0.000000 -0.724920 -0.688833 0.585510 0.558413 -0.587667 11.832470 11.901899 -17.760254 6.360700 3.032400 11.626150 3045.dat
9 0 -0.000000 -0.000000 -1.000000 1.000000 0.000000 -0.000000 0.000000 -1.000000 0.000000 9.999997 21.499998 -10.000003 19.750000 19.750000 2.250000 3045.dat
9 0 -0.692475 0.721442 0.000000 0.427268 0.410112 0.805760 0.581309 0.557969 -0.592242 17.887945 11.866875 -15.572082 2.737925 3.267550 14.307350 3045.dat
9 0 -0.813655 0.392618 -0.428738 -0.006698 0.731110 0.682227 0.581309 0.557969 -0.592242 15.999370 12.013499 -17.287655 2.737925 3.267550 14.307324 3045.dat
10 0 -30.000002 0.000000 -10.000000 10.000000 28.450001 30.000002 3045.dat
2 22 0.000000 0.000000 1.000000 0.000000 1.000000 0.000000 -1.000000 0.000000 0.000000 -10.000010 24.000000 -29.999998 4 4 22:1:1,22:2:1,22:2:1,22:2:1,22:1:1,22:2:1,15:4:1,23:4:1,15:4:1,22:2:1,22:2:1,23:4:1,7:4:1,23:4:1,22:2:1,22:2:1,15:4:1,23:4:1,15:4:1,22:2:1,22:1:1,22:2:1,22:2:1,22:2:1,22:1:1, 3045.dat
3 23 0.000000 0.000000 1.000000 0.000000 1.000000 0.000000 -1.000000 0.000000 0.000000 -10.000003 0.000000 -9.999997 2 2 18:1:1,23:4:1,18:1:1,23:4:1,0:4:1,23:4:1,29:0:1,23:4:1,18:1:1, 3045.dat
