9 0 0.000000 -0.447469 -0.894300 0.000000 0.894300 -0.447469 1.000000 0.000000 0.000000 2.392551 -20.140829 -4.790456 1.861825 21.393576 35.742249 30460.dat
9 0 0.310479 -0.764938 -0.564334 0.000000 0.593673 -0.804706 0.950580 0.249844 0.184323 13.485652 -29.750336 -5.706120 1.861825 15.144375 15.266601 30460.dat
9 0 0.931804 -0.301349 -0.202311 -0.015068 0.524793 -0.851097 0.362649 0.796104 0.484463 5.814580 -13.045014 -43.156250 1.861825 15.144375 7.231225 30460.dat
9 0 0.612042 -0.269360 -0.743539 -0.710224 0.226314 -0.666606 0.347830 0.936070 -0.052793 21.628428 -8.208873 -21.984322 0.693050 15.262400 8.931601 30460.dat
9 0 0.865453 -0.194242 -0.461803 -0.229481 0.665694 -0.710064 0.445343 0.720502 0.531552 3.057232 -3.469543 -65.672409 1.861825 6.763400 4.219425 30460.dat
9 0 0.000000 -0.865416 -0.501053 0.000000 0.501053 -0.865416 1.000000 0.000000 0.000000 0.235107 -12.240664 -59.784912 3.917875 4.114225 2.948250 30460.dat
9 0 0.897691 -0.348757 -0.269295 -0.270491 0.046277 -0.961610 0.347830 0.936070 -0.052793 10.154604 -5.439780 -41.134384 1.474675 15.262400 6.414275 30460.dat
9 0 -0.310479 -0.764938 -0.564334 -0.000000 0.593673 -0.804706 0.950580 -0.249844 -0.184323 -13.485649 -29.750336 -5.706122 1.861825 15.144375 15.266601 30460.dat
9 0 -0.928707 -0.308065 -0.206397 0.015068 0.524793 -0.851096 0.370509 -0.793529 -0.482737 -5.879920 -13.050095 -43.160511 1.861825 15.144375 7.231225 30460.dat
9 0 -0.612042 -0.269360 -0.743539 0.710225 0.226314 -0.666606 0.347830 -0.936070 0.052793 -21.483347 -8.145026 -21.808069 0.930100 15.262400 8.931601 30460.dat
9 0 -0.865452 -0.194242 -0.461803 0.229481 0.665694 -0.710064 0.445343 -0.720502 -0.531551 -3.057218 -3.469543 -65.672409 1.861825 6.763400 4.219425 30460.dat
9 0 -0.897691 -0.348757 -0.269295 0.270491 0.046277 -0.961609 0.347830 -0.936070 0.052793 -10.154595 -5.439780 -41.134384 1.474675 15.262400 6.414275 30460.dat
9 0 0.000000 -0.277121 -0.960835 0.000000 0.960835 -0.277121 1.000000 0.000000 0.000000 -13.785251 -0.402919 -3.078655 4.417400 3.777200 2.785250 30460.dat
9 0 0.000000 -0.277121 -0.960835 0.000000 0.960835 -0.277121 1.000000 0.000000 0.000000 13.785251 -0.541759 -3.038608 4.417400 3.777200 2.785250 30460.dat
10 0 -4.982700 -24.424999 -39.746250 70.391502 46.066002 39.746250 30460.dat
0 6 -0.000000 0.960835 -0.277121 -1.000000 -0.000000 -0.000000 -0.000000 0.277121 0.960835 -11.371298 -24.951826 -27.118244 0 0 0.909704 0 0 30460.dat
6 95 0.000000 -0.277121 -0.960835 1.000000 -0.000000 0.000000 -0.000000 -0.960835 0.277121 0.000000 0.000000 -1.000000 0.000000 0.000000 0.000000 0.000000 0 30460.dat
