9 0 0.000000 0.000000 -1.000000 0.000000 1.000000 0.000000 1.000000 0.000000 0.000000 -58.125000 56.000008 -9.999999 49.750000 15.750000 1.625000 30485.dat
9 0 0.000000 0.000000 -1.000000 0.000000 1.000000 0.000000 1.000000 0.000000 0.000000 58.124996 56.000008 -9.999999 49.750000 15.750000 1.625000 30485.dat
9 0 0.000000 0.000000 -1.000000 0.000000 1.000000 0.000000 1.000000 0.000000 0.000000 0.000000 1.875001 -9.999999 49.750000 1.625000 19.750000 30485.dat
9 0 0.000000 0.000000 -1.000000 0.000000 1.000000 0.000000 1.000000 0.000000 0.000000 0.000000 57.497704 -118.125008 1.625000 14.252350 33.860748 30485.dat
9 0 0.000000 0.445344 -0.895359 -0.000000 0.895359 0.445344 1.000000 0.000000 0.000000 0.000000 16.469002 -90.220001 30.053749 0.633025 21.053576 30485.dat
9 0 0.000000 0.000000 -1.000000 0.000000 1.000000 0.000000 1.000000 0.000000 0.000000 49.197502 46.001251 22.250002 1.250000 25.748751 5.197500 30485.dat
9 0 0.000000 0.000000 -1.000000 0.000000 1.000000 0.000000 1.000000 0.000000 0.000000 -47.322498 46.001251 38.125004 1.625000 25.748751 7.072500 30485.dat
9 0 -0.316146 0.000000 -0.948711 0.175910 0.982659 -0.058620 0.932259 -0.185420 -0.310664 40.437752 57.048130 -106.753494 12.416325 14.468600 0.798425 30485.dat
9 0 -0.327453 0.323621 -0.887718 0.721219 0.692575 -0.013555 0.610425 -0.644678 -0.460187 36.409748 26.566502 -89.682503 32.884499 8.644674 1.383025 30485.dat
9 0 0.000000 0.000000 -1.000000 -0.848954 0.528467 -0.000000 0.528467 0.848954 0.000000 -37.944622 11.229753 -9.999999 49.750000 16.970900 1.035025 30485.dat
9 0 -0.316146 0.000000 -0.948711 0.000000 1.000000 0.000000 0.948711 0.000000 -0.316146 57.207253 56.000008 -62.441498 2.949275 15.750000 1.627725 30485.dat
9 0 0.000000 0.000000 -1.000000 0.848954 0.528467 0.000000 0.528467 -0.848954 0.000000 35.641247 14.930254 38.125004 1.625000 16.970900 5.393775 30485.dat
9 0 -0.316146 0.000000 -0.948711 0.009978 0.999945 -0.003325 0.948658 -0.010518 -0.316128 51.105999 60.422878 -80.368752 2.985800 11.347500 1.625000 30485.dat
9 0 -0.316146 -0.000000 -0.948711 0.120587 0.991889 -0.040184 0.941016 -0.127106 -0.313582 51.417507 54.916603 -77.100746 18.686899 11.462275 0.959650 30485.dat
9 0 0.000000 0.000000 -1.000000 0.258307 0.966063 0.000000 0.966063 -0.258307 0.000000 55.559753 30.472502 -9.999999 49.750000 10.101125 1.578425 30485.dat
9 0 -0.116351 0.414283 -0.902680 0.962751 0.270389 0.000001 0.244076 -0.869056 -0.430312 24.304749 15.090752 -83.786491 26.972750 7.974900 1.578425 30485.dat
9 0 -0.352092 0.265914 -0.897397 0.321335 0.934859 0.150939 0.879076 -0.235220 -0.414604 44.493504 36.751251 -87.634247 32.576748 7.974900 0.235075 30485.dat
9 0 0.116351 0.414283 -0.902680 -0.962751 0.270389 0.000001 0.244076 0.869056 0.430312 -24.304750 15.090752 -83.786491 26.972750 7.974900 1.578425 30485.dat
9 0 0.327453 0.323621 -0.887718 -0.721219 0.692575 -0.013555 0.610425 0.644678 0.460187 -36.409874 26.566502 -89.682503 32.884499 8.644674 1.383025 30485.dat
9 0 0.352092 0.265914 -0.897397 -0.321335 0.934859 0.150939 0.879076 0.235220 0.414604 -44.493599 36.751251 -87.634247 32.576748 7.974900 0.235075 30485.dat
9 0 0.316146 0.000000 -0.948711 -0.009978 0.999945 -0.003325 0.948658 0.010518 0.316128 -51.106026 60.422878 -80.368752 2.985800 11.347500 1.625000 30485.dat
9 0 0.316146 -0.000000 -0.948711 -0.120587 0.991889 -0.040184 0.941016 0.127106 0.313582 -51.417023 54.912151 -77.100494 18.686899 11.457800 0.959650 30485.dat
9 0 0.316146 0.000000 -0.948711 -0.175910 0.982659 -0.058620 0.932259 0.185420 0.310664 -40.437847 57.048130 -106.753494 12.416325 14.468600 0.798425 30485.dat
9 0 0.316146 0.000000 -0.948711 0.000000 1.000000 0.000000 0.948711 0.000000 0.316146 -57.207150 56.000008 -62.441498 2.949275 15.750000 1.627725 30485.dat
9 0 0.000000 0.000000 -1.000000 -0.258307 0.966063 -0.000000 0.966063 0.258307 0.000000 -55.559875 30.472502 -9.999999 49.750000 10.101125 1.578425 30485.dat
9 0 0.000000 0.000000 -1.000000 0.000000 1.000000 0.000000 1.000000 0.000000 0.000000 0.000000 36.679504 -118.125008 1.625000 7.070525 19.750000 30485.dat
9 0 0.000000 0.000000 -1.000000 0.000000 1.000000 0.000000 1.000000 0.000000 0.000000 -49.197502 46.001251 22.250002 1.250000 25.748751 5.197500 30485.dat
9 0 0.000000 0.000000 -1.000000 0.000000 1.000000 0.000000 1.000000 0.000000 0.000000 47.322498 46.001251 38.125004 1.625000 25.748751 7.072500 30485.dat
9 0 0.000000 0.000000 -1.000000 0.000000 1.000000 0.000000 1.000000 0.000000 0.000000 0.000000 8.000004 38.125004 1.625000 7.750000 19.750000 30485.dat
9 0 0.000000 0.000000 -1.000000 0.848954 0.528467 0.000000 0.528467 -0.848954 0.000000 37.944500 11.229753 -9.999999 49.750000 16.970900 1.035025 30485.dat
9 0 0.000000 0.000000 -1.000000 -0.848954 0.528467 -0.000000 0.528467 0.848954 0.000000 -35.568077 15.047503 38.125004 1.625000 16.970900 5.532050 30485.dat
10 0 -10.000000 0.000000 -110.002258 150.000000 76.450005 10.002300 30485.dat
3 23 0.000000 0.000000 -1.000000 0.000000 1.000000 0.000000 1.000000 0.000000 0.000000 19.999998 0.000000 40.000004 4 8 18:1:1,23:4:1,18:2:1,23:4:1,18:2:1,23:4:1,18:2:1,23:4:1,18:1:1,23:4:1,0:4:1,23:4:1,0:4:1,23:4:1,0:4:1,23:4:1,0:4:1,23:4:1,18:2:1,23:4:1,18:4:1,23:4:1,18:4:1,23:4:1,18:4:1,23:4:1,18:2:1,23:4:1,0:4:1,23:4:1,0:4:1,23:4:1,0:4:1,23:4:1,0:4:1,23:4:1,18:1:1,23:4:1,18:2:1,23:4:1,18:2:1,23:4:1,18:2:1,23:4:1,18:1:1, 30485.dat
2 22 0.000000 0.000000 -1.000000 0.000000 1.000000 0.000000 1.000000 0.000000 0.000000 60.000004 72.000000 40.000004 12 16 22:1:1,22:2:1,22:2:1,29:0:0,29:0:0,29:0:0,29:0:0,29:0:0,29:0:0,29:0:0,29:0:0,29:0:0,29:0:0,29:0:0,29:0:0,29:0:0,29:0:0,22:2:1,15:4:0,22:2:1,29:0:0,29:0:0,29:0:0,29:0:0,29:0:0,29:0:0,29:0:0,29:0:0,29:0:0,29:0:0,29:0:0,29:0:0,29:0:0,29:0:0,22:1:1,22:2:1,22:1:1,29:0:0,29:0:0,29:0:0,29:0:0,29:0:0,29:0:0,29:0:0,29:0:0,29:0:0,29:0:0,29:0:0,29:0:0,29:0:0,29:0:0,29:0:1,29:0:1,29:0:1,29:0:0,29:0:0,29:0:0,29:0:0,29:0:0,29:0:0,29:0:0,29:0:0,29:0:0,29:0:0,29:0:0,29:0:0,29:0:0,29:0:0,29:0:1,29:0:1,29:0:1,29:0:0,29:0:0,29:0:0,29:0:0,29:0:0,29:0:0,29:0:0,29:0:0,29:0:0,29:0:0,29:0:0,29:0:0,29:0:0,29:0:0,29:0:1,29:0:1,29:0:1,29:0:0,29:0:0,29:0:0,29:0:0,29:0:0,29:0:0,29:0:0,29:0:0,29:0:0,29:0:0,29:0:0,29:0:0,29:0:0,29:0:0,29:0:1,29:0:1,29:0:1,29:0:0,29:0:0,29:0:0,29:0:0,29:0:0,29:0:0,29:0:0,29:0:0,29:0:0,29:0:0,29:0:0,29:0:0,29:0:0,29:0:0,29:0:1,29:0:1,29:0:1,29:0:0,29:0:0,29:0:0,29:0:0,29:0:0,29:0:0,29:0:0,29:0:0,29:0:0,29:0:0,29:0:0,29:0:0,29:0:0,29:0:0,29:0:1,29:0:1,29:0:1,29:0:0,29:0:0,29:0:0,29:0:0,29:0:0,29:0:0,29:0:0,29:0:0,29:0:0,29:0:0,29:0:0,29:0:0,29:0:0,29:0:0,29:0:1,29:0:1,29:0:1,29:0:0,29:0:0,29:0:0,29:0:0,29:0:0,29:0:0,29:0:0,29:0:0,29:0:0,29:0:0,29:0:0,29:0:0,29:0:0,29:0:0,22:1:1,22:2:1,22:1:1,29:0:0,29:0:0,29:0:0,29:0:0,29:0:0,29:0:0,29:0:0,29:0:0,29:0:0,29:0:0,29:0:0,29:0:0,29:0:0,29:0:0,22:2:1,15:4:0,22:2:1,29:0:0,29:0:0,29:0:0,29:0:0,29:0:0,29:0:0,29:0:0,29:0:0,29:0:0,29:0:0,29:0:0,29:0:0,29:0:0,29:0:0,22:1:1,22:2:1,22:2:1,29:0:0,29:0:0,29:0:0,29:0:0,29:0:0,29:0:0,29:0:0,29:0:0,29:0:0,29:0:0,29:0:0,29:0:0,29:0:0,29:0:0, 30485.dat
