9 0 0.000000 0.000000 -1.000000 0.000000 1.000000 0.000000 1.000000 0.000000 0.000000 0.000000 4.000000 0.000000 9.750000 3.750000 39.750000 30497.dat
9 0 0.000000 -0.613924 -0.789365 0.000000 0.789365 -0.613924 1.000000 0.000000 0.000000 0.000000 -5.537601 -20.377899 14.261701 1.750050 39.750000 30497.dat
9 0 0.000000 0.000000 -1.000000 0.000000 1.000000 0.000000 1.000000 0.000000 0.000000 0.000000 -13.999950 -50.292500 19.417500 1.750050 39.482502 30497.dat
9 0 0.000000 0.241709 -0.970349 -0.000000 0.970349 0.241709 1.000000 0.000000 0.000000 0.000003 5.877025 -149.511505 82.230499 1.750050 39.482502 30497.dat
9 0 0.000000 0.000000 -1.000000 0.000000 1.000000 0.000000 1.000000 0.000000 0.000000 0.000003 28.000000 -228.500015 1.250000 3.750000 59.750004 30497.dat
9 0 0.000000 0.000000 -1.000000 0.000000 1.000000 0.000000 1.000000 0.000000 0.000000 -58.499996 28.000000 -141.250000 88.500000 3.750000 1.250000 30497.dat
9 0 -0.411858 0.386851 -0.825057 0.074289 0.916655 0.392715 0.908215 0.100450 -0.406270 -48.739826 16.055349 -31.238249 23.988550 1.355850 1.250000 30497.dat
9 0 0.000000 0.000000 -1.000000 -0.440349 0.897827 -0.000000 0.897827 0.440349 0.000000 -45.351349 -1.137351 -54.039753 15.670276 15.568325 1.250000 30497.dat
9 0 0.000000 0.000000 -1.000000 -0.450208 0.892924 -0.000000 0.892924 0.450208 0.000000 -54.155670 15.740374 -105.584000 52.834000 9.756375 1.250000 30497.dat
9 0 0.000000 0.000000 -1.000000 0.000000 1.000000 0.000000 1.000000 0.000000 0.000000 58.261497 28.000000 -141.250000 88.500000 3.750000 1.250000 30497.dat
9 0 0.411858 0.386851 -0.825057 -0.074289 0.916655 0.392715 0.908215 -0.100450 0.406270 48.501247 16.055349 -31.238249 23.988550 1.355850 1.250000 30497.dat
9 0 0.000000 0.000000 -1.000000 0.440349 0.897827 0.000000 0.897827 -0.440349 0.000000 45.112747 -1.137351 -54.039753 15.670276 15.568325 1.250000 30497.dat
9 0 0.000000 0.000000 -1.000000 0.450208 0.892924 0.000000 0.892924 -0.450208 0.000000 53.916996 15.740374 -105.584000 52.834000 9.756375 1.250000 30497.dat
10 0 -10.000000 -24.000000 -90.000000 230.000000 24.000000 30.000002 30497.dat
3 23 0.000000 0.000000 -1.000000 0.000000 1.000000 0.000000 1.000000 0.000000 0.000000 39.999996 0.000000 10.000001 8 2 18:1:1,23:4:1,18:1:1,23:4:1,0:4:1,23:4:1,18:2:1,23:4:1,18:2:1,23:4:1,0:4:1,23:4:1,18:2:1,23:4:1,18:2:1,23:4:1,0:4:1,23:4:1,18:2:1,23:4:1,18:2:1,23:4:1,0:4:1,23:4:1,18:1:1,23:4:1,18:1:1, 30497.dat
2 22 0.000000 0.000000 -1.000000 0.000000 1.000000 0.000000 1.000000 0.000000 0.000000 39.999996 8.000000 10.000001 8 2 22:1:1,22:2:1,22:1:1,22:2:1,15:4:1,22:2:1,22:2:1,9:4:1,22:2:1,22:2:1,15:4:1,22:2:1,22:2:1,9:4:1,22:2:1,22:2:1,15:4:1,22:2:1,22:2:1,9:4:1,22:2:1,22:2:1,15:4:1,22:2:1,22:1:1,22:2:1,22:1:1, 30497.dat
