9 0 -1.000000 -0.000000 -0.000000 0.000000 0.000000 -1.000000 0.000000 -1.000000 0.000000 0.000000 4.000000 30.000002 39.750000 9.750000 3.750000 30503.dat
9 0 -1.000000 -0.000000 -0.000000 0.000000 0.000000 -1.000000 0.000000 -1.000000 0.000000 -30.000002 4.000000 0.000000 9.750000 39.750000 3.750000 30503.dat
9 0 -0.707106 0.000001 -0.707107 0.707107 -0.000000 -0.707106 -0.000001 -1.000000 -0.000000 -1.437500 4.000000 -18.812498 7.704950 1.606175 3.750000 30503.dat
9 0 -0.707106 0.000001 -0.707107 0.707107 -0.000000 -0.707106 -0.000001 -1.000000 -0.000000 18.562498 4.000000 1.187500 7.704950 1.606175 3.750000 30503.dat
9 0 -1.000000 -0.000000 -0.000000 0.000000 0.000000 -1.000000 0.000000 -1.000000 0.000000 -10.000001 4.000000 10.000001 29.750002 9.750000 3.750000 30503.dat
9 0 -1.000000 -0.000000 -0.000000 0.000000 0.000000 -1.000000 0.000000 -1.000000 0.000000 -10.000001 4.000000 10.000001 9.750000 29.750002 3.750000 30503.dat
9 0 -0.707107 -0.000001 -0.707106 0.707106 0.000000 -0.707107 0.000001 -1.000000 0.000000 4.999250 1.375000 -4.999250 42.176498 6.822275 1.125025 30503.dat
9 0 -0.707106 -0.000001 0.707107 -0.707107 -0.000000 -0.707106 0.000001 -1.000000 -0.000000 -1.732752 4.000000 1.139501 9.750000 41.864498 3.750000 30503.dat
10 0 -10.000000 0.000000 -10.000000 70.000000 12.450000 70.000000 30503.dat
3 23 -0.000000 0.000000 -1.000000 0.000000 1.000000 0.000000 1.000000 0.000000 -0.000000 39.999996 0.000000 40.000000 8 8 18:1:1,23:4:1,18:1:1,29:0:1,29:0:1,29:0:1,29:0:1,29:0:1,29:0:1,23:4:1,0:4:1,23:4:1,29:0:1,29:0:1,29:0:1,29:0:1,29:0:1,29:0:1,18:2:1,23:4:1,18:3:1,23:4:1,29:0:1,29:0:1,29:0:1,29:0:1,29:0:1,23:4:1,0:4:1,23:4:1,0:4:1,23:4:1,29:0:1,29:0:1,29:0:1,29:0:1,18:2:1,23:4:1,18:4:1,23:4:1,18:3:1,23:4:1,29:0:1,29:0:1,29:0:1,23:4:1,0:4:1,23:4:1,0:4:1,23:4:1,0:4:1,23:4:1,29:0:1,29:0:1,18:2:1,23:4:1,18:4:1,23:4:1,18:4:1,23:4:1,18:3:1,23:4:1,18:1:1,23:4:1,0:4:1,23:4:1,0:4:1,23:4:1,0:4:1,23:4:1,0:4:1,23:4:1,18:1:1,23:4:1,18:2:1,23:4:1,18:2:1,23:4:1,18:2:1,23:4:1,18:1:1, 30503.dat
2 22 -0.000000 0.000000 -1.000000 0.000000 1.000000 0.000000 1.000000 0.000000 -0.000000 39.999996 8.000000 40.000000 8 8 22:1:1,22:2:1,22:2:1,29:0:1,29:0:1,29:0:1,29:0:1,29:0:1,29:0:1,22:2:1,15:4:1,22:2:1,29:0:1,29:0:1,29:0:1,29:0:1,29:0:1,29:0:1,22:2:1,23:4:1,7:4:1,22:2:1,22:2:1,29:0:1,29:0:1,29:0:1,29:0:1,22:2:1,15:4:1,23:4:1,15:4:1,22:2:1,29:0:1,29:0:1,29:0:1,29:0:1,22:2:1,23:4:1,7:4:1,23:4:1,7:4:1,22:2:1,22:2:1,29:0:1,29:0:1,22:2:1,15:4:1,23:4:1,15:4:1,23:4:1,15:4:1,22:2:1,29:0:1,29:0:1,22:2:1,23:4:1,7:4:1,23:4:1,7:4:1,23:4:1,7:4:1,22:2:1,22:2:1,22:2:1,15:4:1,23:4:1,15:4:1,23:4:1,15:4:1,23:4:1,15:4:1,22:2:1,22:1:1,22:2:1,22:2:1,22:2:1,22:2:1,22:2:1,22:2:1,22:2:1,22:1:1, 30503.dat
