9 0 -1.000000 0.000000 -0.000000 0.000000 1.000000 0.000000 0.000000 0.000000 -1.000000 0.000000 0.875008 -0.000023 39.750000 0.625000 9.750000 30528.dat
9 0 -1.000000 0.000000 -0.000000 0.000000 1.000000 0.000000 0.000000 0.000000 -1.000000 0.000000 8.000004 -0.000023 32.000000 7.750000 9.750000 30528.dat
9 0 -1.000000 0.000000 -0.000000 0.000000 1.000000 0.000000 0.000000 0.000000 -1.000000 0.000000 140.000015 -0.000023 79.750000 3.750000 9.750000 30528.dat
9 0 -1.000000 0.000000 -0.000000 0.000000 1.000000 0.000000 0.000000 0.000000 -1.000000 -49.140007 21.282505 -0.000039 12.624926 3.782500 9.750000 30528.dat
9 0 -1.000000 0.000000 -0.000000 0.000000 1.000000 0.000000 0.000000 0.000000 -1.000000 -70.000000 72.876259 -0.000046 9.750000 24.623751 9.750000 30528.dat
9 0 -1.000000 0.000000 -0.000000 0.000000 1.000000 0.000000 0.000000 0.000000 -1.000000 -73.875008 120.875000 -0.000047 5.875000 22.875000 9.750000 30528.dat
9 0 -1.000000 0.000000 -0.000000 0.000000 1.000000 0.000000 0.000000 0.000000 -1.000000 -59.761505 128.625015 -0.000042 7.738625 15.125000 9.750000 30528.dat
9 0 -1.000000 0.000000 -0.000000 0.000000 1.000000 0.000000 0.000000 0.000000 -1.000000 -46.130245 136.000000 -0.000038 5.392625 7.750000 9.750000 30528.dat
9 0 1.000000 0.000000 0.000000 0.000000 1.000000 0.000000 -0.000000 0.000000 1.000000 49.139923 21.282505 -0.000007 12.624926 3.782500 9.750000 30528.dat
9 0 1.000000 0.000000 0.000000 0.000000 1.000000 0.000000 -0.000000 0.000000 1.000000 70.000000 72.876259 0.000000 9.750000 24.623751 9.750000 30528.dat
9 0 1.000000 0.000000 0.000000 0.000000 1.000000 0.000000 -0.000000 0.000000 1.000000 73.875000 120.875000 0.000001 5.875000 22.875000 9.750000 30528.dat
9 0 1.000000 0.000000 0.000000 0.000000 1.000000 0.000000 -0.000000 0.000000 1.000000 59.761375 128.625015 -0.000003 7.738625 15.125000 9.750000 30528.dat
9 0 1.000000 0.000000 0.000000 0.000000 1.000000 0.000000 -0.000000 0.000000 1.000000 46.130123 136.000000 -0.000008 5.392625 7.750000 9.750000 30528.dat
9 0 0.863459 -0.504418 0.000000 0.504418 0.863459 0.000000 -0.000000 0.000000 1.000000 63.684250 37.202000 -0.000002 7.688675 17.406876 9.750000 30528.dat
9 0 1.000000 0.000000 0.000000 0.000000 1.000000 0.000000 -0.000000 0.000000 1.000000 -51.835495 105.500008 -0.000040 0.164625 3.147050 9.750000 30528.dat
9 0 1.000000 0.000000 0.000000 0.000000 1.000000 0.000000 -0.000000 0.000000 1.000000 -48.164505 9.574509 -0.000039 0.164625 3.250000 9.750000 30528.dat
9 0 1.000000 0.000000 0.000000 0.000000 1.000000 0.000000 -0.000000 0.000000 1.000000 48.164600 9.574509 -0.000007 0.164625 3.250000 9.750000 30528.dat
9 0 1.000000 0.000000 0.000000 0.000000 1.000000 0.000000 -0.000000 0.000000 1.000000 51.835400 105.500008 -0.000006 0.164625 3.147050 9.750000 30528.dat
9 0 -0.863460 -0.504418 -0.000000 -0.504418 0.863460 -0.000000 0.000000 0.000000 -1.000000 -63.684254 37.202000 -0.000044 7.688675 17.406876 9.750000 30528.dat
9 0 0.641299 0.767291 0.000000 -0.767291 0.641299 -0.000000 -0.000000 -0.000000 1.000000 -31.374247 19.834255 -0.000033 0.826975 7.017375 9.750000 30528.dat
9 0 0.516067 0.856548 0.000000 -0.856548 0.516067 -0.000000 -0.000000 -0.000000 1.000000 -44.244247 2.508759 -0.000037 0.149250 3.250000 9.750000 30528.dat
9 0 0.641299 0.767291 0.000000 -0.767291 0.641299 -0.000000 -0.000000 -0.000000 1.000000 -31.374247 19.834255 -0.000033 0.826975 7.017375 9.750000 30528.dat
9 0 -0.516067 0.856548 -0.000000 0.856548 0.516067 0.000000 0.000000 0.000000 -1.000000 44.251247 2.497005 -0.000008 0.135675 3.250000 9.750000 30528.dat
9 0 -0.641300 0.767290 -0.000000 0.767290 0.641300 0.000000 0.000000 0.000000 -1.000000 31.374249 19.834255 -0.000013 0.826975 7.017375 9.750000 30528.dat
9 0 0.534729 0.845024 0.000000 -0.845024 0.534729 -0.000000 -0.000000 -0.000000 1.000000 55.966621 98.312012 -0.000005 0.164625 3.250000 9.750000 30528.dat
9 0 0.804114 0.594476 0.000000 -0.594476 0.804114 -0.000000 -0.000000 -0.000000 1.000000 48.915298 120.838997 -0.000007 1.208625 9.591750 9.750000 30528.dat
9 0 -0.534728 0.845024 -0.000000 0.845024 0.534728 0.000000 0.000000 0.000000 -1.000000 -55.966503 98.312012 -0.000041 0.164625 3.250000 9.750000 30528.dat
9 0 -0.804113 0.594476 -0.000000 0.594476 0.804113 0.000000 0.000000 0.000000 -1.000000 -48.915249 120.838997 -0.000039 1.208625 9.591750 9.750000 30528.dat
9 0 -1.000000 0.000000 -0.000000 0.000000 1.000000 0.000000 0.000000 0.000000 -1.000000 -52.173752 13.877511 -0.000040 2.758750 1.625000 7.365000 30528.dat
9 0 -1.000000 0.000000 -0.000000 0.000000 1.000000 0.000000 0.000000 0.000000 -1.000000 52.173744 13.877511 -0.000006 2.758750 1.625000 7.365000 30528.dat
10 0 -10.000000 0.000000 -10.000000 150.000000 148.000000 10.000000 30528.dat
3 23 -1.000000 0.000000 -0.000000 0.000000 1.000000 0.000000 0.000000 0.000000 -1.000000 40.000000 0.000000 -10.000010 2 8 18:1:1,23:4:1,18:2:1,23:4:1,18:2:1,23:4:1,18:2:1,23:4:1,18:1:1,23:4:1,1:4:1,23:4:1,1:4:1,23:4:1,1:4:1,23:4:1,1:4:1,23:4:1,18:1:1,23:4:1,18:2:1,23:4:1,18:2:1,23:4:1,18:2:1,23:4:1,18:1:1, 30528.dat
3 23 -1.000000 0.000000 -0.000000 0.000000 1.000000 0.000000 0.000000 0.000000 -1.000000 20.000002 136.000000 -10.000016 2 4 29:0:1,23:4:1,18:2:1,23:4:1,29:0:1,29:0:1,1:4:1,23:4:1,1:4:1,29:0:1,29:0:1,23:4:1,18:2:1,23:4:1,29:0:1, 30528.dat
2 22 -1.000000 0.000000 -0.000000 0.000000 1.000000 0.000000 0.000000 0.000000 -1.000000 80.000000 144.000000 -9.999997 2 16 22:1:1,22:2:1,22:2:1,22:2:1,22:2:1,22:2:1,22:2:1,22:2:1,22:2:1,22:2:1,22:2:1,22:2:1,22:2:1,22:2:1,22:2:1,22:2:1,22:1:1,22:2:1,15:4:1,9:4:1,15:4:1,9:4:1,15:4:1,9:4:1,15:4:1,9:4:1,15:4:1,9:4:1,15:4:1,9:4:1,15:4:1,9:4:1,15:4:1,22:2:1,22:1:1,22:2:1,22:2:1,22:2:1,22:2:1,22:2:1,22:2:1,22:2:1,22:2:1,22:2:1,22:2:1,22:2:1,22:2:1,22:2:1,22:2:1,22:2:1,22:1:1, 30528.dat
0 2 0.000000 1.000000 0.000000 -0.000000 -0.000000 1.000000 1.000000 0.000000 0.000000 -40.000004 9.500003 9.999965 0 0 0.800000 0 0 30528.dat
0 2 0.000000 1.000000 0.000000 -0.000000 -0.000000 1.000000 1.000000 0.000000 0.000000 39.999996 9.500003 9.999990 0 0 0.800000 0 0 30528.dat
0 2 0.000000 1.000000 0.000000 -0.000000 -0.000000 1.000000 1.000000 0.000000 0.000000 -59.999996 105.500008 9.999958 0 0 0.800000 0 0 30528.dat
0 2 0.000000 1.000000 0.000000 -0.000000 -0.000000 1.000000 1.000000 0.000000 0.000000 59.999996 105.500008 9.999997 0 0 0.800000 0 0 30528.dat
2 22 -1.000000 0.000000 -0.000000 0.000000 -0.000000 -1.000000 -0.000000 -1.000000 0.000000 50.000000 -0.500000 -10.000007 2 10 22:1:1,22:2:1,22:2:1,29:0:1,29:0:1,29:0:1,29:0:1,29:0:1,22:2:1,22:2:1,22:1:1,22:2:1,16:4:64,22:2:1,29:0:1,29:0:1,29:0:1,29:0:1,29:0:1,22:2:1,16:4:64,22:2:1,22:1:1,22:2:1,22:2:1,29:0:1,29:0:1,29:0:1,29:0:1,29:0:1,22:2:1,22:2:1,22:1:1, 30528.dat
2 22 -1.000000 0.000000 -0.000000 -0.000000 -0.000000 1.000000 -0.000000 1.000000 0.000000 49.999992 19.500006 9.999993 2 10 22:1:1,22:2:1,22:2:1,29:0:1,29:0:1,29:0:1,29:0:1,29:0:1,22:2:1,22:2:1,22:1:1,22:2:1,16:4:64,22:2:1,29:0:1,29:0:1,29:0:1,29:0:1,29:0:1,22:2:1,16:4:64,22:2:1,22:1:1,22:2:1,22:2:1,29:0:1,29:0:1,29:0:1,29:0:1,29:0:1,22:2:1,22:2:1,22:1:1, 30528.dat
2 22 -1.000000 0.000000 -0.000000 -0.000000 -0.000000 1.000000 -0.000000 1.000000 0.000000 69.999992 115.500008 10.000000 2 14 22:1:1,22:2:1,22:2:1,29:0:1,29:0:1,29:0:1,29:0:1,29:0:1,29:0:1,29:0:1,29:0:1,29:0:1,22:2:1,22:2:1,22:1:1,22:2:1,16:4:64,22:2:1,29:0:1,29:0:1,29:0:1,29:0:1,29:0:1,29:0:1,29:0:1,29:0:1,29:0:1,22:2:1,16:4:64,22:2:1,22:1:1,22:2:1,22:2:1,29:0:1,29:0:1,29:0:1,29:0:1,29:0:1,29:0:1,29:0:1,29:0:1,29:0:1,22:2:1,22:2:1,22:1:1, 30528.dat
2 22 -1.000000 0.000000 -0.000000 0.000000 -0.000000 -1.000000 -0.000000 -1.000000 0.000000 70.000008 95.500008 -10.000000 2 14 22:1:1,22:2:1,22:2:1,29:0:1,29:0:1,29:0:1,29:0:1,29:0:1,29:0:1,29:0:1,29:0:1,29:0:1,22:2:1,22:2:1,22:1:1,22:2:1,16:4:64,22:2:1,29:0:1,29:0:1,29:0:1,29:0:1,29:0:1,29:0:1,29:0:1,29:0:1,29:0:1,22:2:1,16:4:64,22:2:1,22:1:1,22:2:1,22:2:1,29:0:1,29:0:1,29:0:1,29:0:1,29:0:1,29:0:1,29:0:1,29:0:1,29:0:1,22:2:1,22:2:1,22:1:1, 30528.dat
