9 0 -0.000000 -0.000000 1.000000 -1.000000 0.000000 -0.000000 0.000000 -1.000000 -0.000000 0.000001 36.363201 -168.125015 1.625025 19.750000 3.386800 30536.dat
9 0 -0.000000 0.885962 0.463757 -1.000000 -0.000000 -0.000000 -0.000000 -0.463757 0.885962 0.000001 23.541775 -148.410751 1.625025 19.750000 23.136776 30536.dat
9 0 -0.000001 0.954702 0.297565 -1.000000 -0.000000 -0.000001 -0.000001 -0.297565 0.954702 0.000001 5.865774 -105.675003 1.625050 33.729752 23.136801 30536.dat
9 0 0.000000 0.995889 0.090586 -1.000000 0.000000 0.000000 0.000000 -0.090586 0.995889 0.000001 -3.616226 -56.712002 1.625025 39.446499 26.947502 30536.dat
9 0 -0.000000 -0.000000 1.000000 -1.000000 0.000000 -0.000000 0.000000 -1.000000 -0.000000 0.000000 0.000000 -20.000000 9.750000 39.750000 7.750000 30536.dat
9 0 0.000000 0.000000 1.000000 -1.000000 0.000000 0.000000 -0.000000 -1.000000 0.000000 0.000000 4.000000 -20.000000 9.750000 19.750000 11.750000 30536.dat
9 0 0.000000 0.000000 1.000000 -1.000000 0.000000 0.000000 -0.000000 -1.000000 0.000000 -16.372276 2.024999 -2.602825 7.147175 2.127725 4.705300 30536.dat
9 0 -0.000000 -0.000000 1.000000 -1.000000 0.000000 -0.000000 0.000000 -1.000000 -0.000000 -3.750000 2.024999 -2.602825 7.147175 2.000000 4.705300 30536.dat
9 0 -0.000000 -0.000000 1.000000 -1.000000 0.000000 -0.000000 0.000000 -1.000000 -0.000000 3.750000 2.024999 -2.602825 7.147175 2.000000 4.705300 30536.dat
9 0 -0.000000 -0.000000 1.000000 -1.000000 0.000000 -0.000000 0.000000 -1.000000 -0.000000 16.372252 2.024999 -2.602825 7.147175 2.127725 4.705300 30536.dat
9 0 -0.056160 0.077123 -0.995439 0.005690 0.997021 0.076924 0.998405 -0.001344 -0.056432 37.052502 -0.844400 -57.185501 27.155500 4.527200 1.509675 30536.dat
9 0 0.144911 -0.321575 0.935730 -0.988220 -0.000000 0.153040 -0.049214 -0.946884 -0.317787 32.084751 7.669825 -106.620499 22.393801 1.512300 4.079525 30536.dat
9 0 0.222111 -0.418899 0.880449 -0.969622 0.000000 0.244607 -0.102466 -0.908033 -0.406174 23.723755 24.306601 -147.819260 22.393749 1.512250 3.828300 30536.dat
9 0 0.055560 0.076492 -0.995521 0.005690 0.997021 0.076925 0.998439 -0.009939 0.054959 -37.009247 -0.846575 -57.194000 27.155500 4.527200 1.509675 30536.dat
9 0 -0.144911 -0.321575 0.935730 0.988220 -0.000000 0.153040 -0.049214 0.946884 0.317787 -32.084698 7.669825 -106.620499 22.393776 1.512300 4.079525 30536.dat
9 0 -0.222111 -0.418899 0.880449 0.969622 -0.000001 0.244607 -0.102465 0.908033 0.406174 -23.720222 24.275049 -147.833496 22.393749 1.512250 3.793550 30536.dat
9 0 -0.000000 -0.000000 1.000000 -1.000000 0.000000 -0.000000 0.000000 -1.000000 -0.000000 0.000001 36.363201 -168.125015 1.625025 19.750000 3.386800 30536.dat
10 0 -26.172998 -24.000000 -50.110752 150.000000 28.450001 30.050999 30536.dat
3 23 0.000000 0.000000 -1.000000 0.000000 1.000000 0.000000 1.000000 0.000000 0.000000 20.000002 -8.000000 -10.000000 4 2 29:0:1,23:4:1,29:0:1,23:4:1,0:4:1,23:4:1,29:0:1,23:4:1,29:0:1,23:4:1,0:4:1,23:4:1,29:0:1,23:4:1,29:0:1, 30536.dat
6 2 0.000000 0.000000 -1.000000 1.000000 -0.000000 0.000000 -0.000000 -1.000000 -0.000000 -10.005476 2.000000 0.000000 1.570796 -1.570796 1.570796 -1.570796 0 30536.dat
6 2 0.000000 0.000000 -1.000000 1.000000 -0.000000 0.000000 -0.000000 -1.000000 -0.000000 9.994526 2.000000 0.000000 1.570796 -1.570796 1.570796 -1.570796 0 30536.dat
2 22 0.000000 0.000000 -1.000000 0.000000 1.000000 0.000000 1.000000 0.000000 0.000000 20.000002 16.000000 -10.000000 4 2 22:1:1,22:2:1,22:1:1,22:2:1,15:4:1,22:2:1,22:2:1,9:4:1,22:2:1,22:2:1,15:4:1,22:2:1,22:1:1,22:2:1,22:1:1, 30536.dat
2 22 0.000000 0.000000 -1.000000 0.000000 1.000000 0.000000 1.000000 0.000000 0.000000 40.000000 8.000000 -9.999999 8 2 22:1:1,22:2:1,22:1:1,22:2:1,15:4:1,22:2:1,29:0:1,22:2:1,29:0:1,29:0:1,29:0:1,29:0:1,29:0:1,29:0:1,29:0:1,29:0:1,29:0:1,29:0:1,29:0:1,22:2:1,29:0:1,22:2:1,15:4:1,22:2:1,22:1:1,22:2:1,22:1:1, 30536.dat
2 22 0.000000 0.000000 -1.000000 0.000000 1.000000 0.000000 1.000000 0.000000 0.000000 20.000004 39.999996 -150.000000 4 2 29:0:1,22:2:1,22:1:1,29:0:1,15:4:1,22:2:1,29:0:1,29:0:1,22:2:1,29:0:1,15:4:1,22:2:1,29:0:1,22:2:1,22:1:1, 30536.dat
