9 0 1.000000 0.000000 0.000000 0.000000 1.000000 0.000000 0.000000 0.000000 1.000000 0.000000 3.564000 0.000000 29.750002 3.313925 19.750000 30535.dat
9 0 -0.000000 -1.000000 0.000000 1.000000 -0.000000 0.000000 0.000000 0.000000 1.000000 -0.000250 18.711746 -15.931251 14.788300 8.499800 3.818750 30535.dat
9 0 -0.000000 1.000000 0.000000 -1.000000 -0.000000 0.000000 0.000000 0.000000 1.000000 0.000247 64.253250 -15.931275 14.753300 8.499800 3.818725 30535.dat
9 0 -0.000000 1.000000 0.000000 -1.000000 -0.000000 0.000000 0.000000 0.000000 1.000000 0.000000 92.625000 0.000000 3.125000 39.750000 19.750000 30535.dat
9 0 -0.000000 1.000000 0.000000 -1.000000 -0.000000 0.000000 0.000000 0.000000 1.000000 0.000000 83.626244 0.000000 4.018750 1.625000 19.750000 30535.dat
9 0 -1.000000 0.000000 -0.000000 0.000000 1.000000 0.000000 0.000000 0.000000 -1.000000 -0.649500 76.329872 0.000000 13.607500 0.450800 19.750000 30535.dat
9 0 -0.707107 0.707107 0.000000 -0.707107 -0.707107 0.000000 0.000000 0.000000 1.000000 -10.173925 52.396248 -13.986251 6.898800 4.747450 5.763750 30535.dat
9 0 -0.707107 -0.707107 0.000000 0.707107 -0.707107 0.000000 0.000000 0.000000 1.000000 -10.922400 31.299746 -13.986251 6.911175 4.747450 5.763750 30535.dat
9 0 -1.000000 0.000000 0.000000 -0.000000 -1.000000 0.000000 0.000000 0.000000 1.000000 -22.770802 41.465248 -13.986251 14.770800 8.499800 5.763750 30535.dat
9 0 -0.000000 1.000000 0.000000 -1.000000 -0.000000 0.000000 0.000000 0.000000 1.000000 -31.250227 7.867497 0.000000 7.617500 8.499800 12.549999 30535.dat
9 0 -0.000000 1.000000 0.000000 -1.000000 -0.000000 0.000000 0.000000 0.000000 1.000000 -37.022503 37.832497 0.000000 13.607500 2.727500 9.750000 30535.dat
9 0 -0.000000 1.000000 0.000000 -1.000000 -0.000000 0.000000 0.000000 0.000000 1.000000 -37.022503 84.036247 -8.947175 11.713750 2.727500 0.947175 30535.dat
9 0 -0.766014 0.642824 0.000000 -0.642824 -0.766014 0.000000 0.000000 0.000000 1.000000 -34.159874 68.653000 -0.072175 5.888325 0.883200 9.822175 30535.dat
9 0 -0.000000 1.000000 0.000000 -1.000000 -0.000000 0.000000 0.000000 0.000000 1.000000 -23.968752 78.132477 -10.950000 9.512500 1.718750 4.450000 30535.dat
9 0 -0.000000 1.000000 0.000000 -1.000000 -0.000000 0.000000 0.000000 0.000000 1.000000 -23.968752 78.132477 10.737500 9.512500 1.718750 4.237500 30535.dat
9 0 -0.000000 1.000000 0.000000 -1.000000 -0.000000 0.000000 0.000000 0.000000 1.000000 -37.022503 84.036247 8.947175 11.713750 2.727500 0.947175 30535.dat
9 0 -0.622738 0.782431 0.000000 -0.782431 -0.622738 0.000000 0.000000 0.000000 1.000000 -27.683777 20.261496 0.000000 13.607500 0.450800 19.750000 30535.dat
9 0 -0.707107 0.707107 0.000000 -0.707107 -0.707107 0.000000 0.000000 0.000000 1.000000 -21.548426 64.278244 -16.074299 5.247825 8.096975 3.675700 30535.dat
9 0 -0.707107 -0.707107 0.000000 0.707107 -0.707107 0.000000 0.000000 0.000000 1.000000 -22.813177 19.916498 -16.074299 5.247825 8.096975 3.675700 30535.dat
9 0 -0.622737 -0.782431 -0.000000 -0.782431 0.622737 -0.000000 0.000000 0.000000 -1.000000 -27.683777 62.668495 0.000000 13.607500 0.450800 19.750000 30535.dat
9 0 0.707108 0.707106 0.000000 0.707106 -0.707108 -0.000000 -0.000000 0.000000 -1.000000 10.174000 52.396248 -13.986251 6.898800 4.747450 5.763750 30535.dat
9 0 0.707108 -0.707106 -0.000000 -0.707106 -0.707108 -0.000000 0.000000 0.000000 -1.000000 10.922498 31.299746 -13.986251 6.911175 4.747450 5.763750 30535.dat
9 0 1.000000 0.000000 0.000000 0.000000 -1.000000 -0.000000 0.000000 0.000000 -1.000000 22.770750 41.465248 -13.986251 14.770800 8.499800 5.763750 30535.dat
9 0 0.000000 1.000000 0.000000 1.000000 0.000000 -0.000000 -0.000000 0.000000 -1.000000 31.250250 7.867497 0.000000 7.617500 8.499800 12.549999 30535.dat
9 0 0.000000 1.000000 0.000000 1.000000 0.000000 -0.000000 -0.000000 0.000000 -1.000000 37.022503 37.832497 0.000000 13.607500 2.727500 9.750000 30535.dat
9 0 0.000000 1.000000 0.000000 1.000000 0.000000 -0.000000 -0.000000 0.000000 -1.000000 37.022503 84.036247 -8.947175 11.713750 2.727500 0.947175 30535.dat
9 0 0.766015 0.642823 0.000000 0.642823 -0.766015 -0.000000 -0.000000 0.000000 -1.000000 34.160000 68.653000 -0.072175 5.888325 0.883200 9.822175 30535.dat
9 0 0.000000 1.000000 0.000000 1.000000 0.000000 -0.000000 -0.000000 0.000000 -1.000000 23.968750 78.132477 -10.950000 9.512500 1.718750 4.450000 30535.dat
9 0 0.000000 1.000000 0.000000 1.000000 0.000000 -0.000000 -0.000000 0.000000 -1.000000 23.968750 78.132477 10.737500 9.512500 1.718750 4.237500 30535.dat
9 0 0.000000 1.000000 0.000000 1.000000 0.000000 -0.000000 -0.000000 0.000000 -1.000000 37.022503 84.036247 8.947175 11.713750 2.727500 0.947175 30535.dat
9 0 0.622737 0.782431 0.000000 0.782431 -0.622737 -0.000000 -0.000000 0.000000 -1.000000 27.683746 20.261496 0.000000 13.607500 0.450800 19.750000 30535.dat
9 0 0.707108 0.707106 0.000000 0.707106 -0.707108 -0.000000 -0.000000 0.000000 -1.000000 21.548498 64.278244 -16.074299 5.247825 8.096975 3.675700 30535.dat
9 0 0.707108 -0.707106 -0.000000 -0.707106 -0.707108 -0.000000 0.000000 0.000000 -1.000000 22.813248 19.916498 -16.074299 5.247825 8.096975 3.675700 30535.dat
9 0 0.622738 -0.782430 0.000000 0.782430 0.622738 0.000000 0.000000 0.000000 1.000000 27.683746 62.668495 0.000000 13.607500 0.450800 19.750000 30535.dat
10 0 -10.000025 0.000000 -30.000002 70.000000 100.450005 10.000000 30535.dat
3 23 1.000000 0.000000 0.000000 0.000000 1.000000 0.000000 0.000000 0.000000 1.000000 -40.000000 0.000000 20.000002 4 8 18:1:1,23:4:1,18:2:1,23:4:1,18:2:1,23:4:1,18:2:1,23:4:1,18:1:1,23:4:1,1:4:0,23:4:1,1:4:1,23:4:1,1:4:1,23:4:1,1:4:0,23:4:1,18:2:1,23:4:1,18:4:1,23:4:1,18:4:1,23:4:1,18:4:1,23:4:1,18:2:1,23:4:1,1:4:0,23:4:1,1:4:1,23:4:1,1:4:1,23:4:1,1:4:0,23:4:1,18:1:1,23:4:1,18:2:1,23:4:1,18:2:1,23:4:1,18:2:1,23:4:1,18:1:1, 30535.dat
2 22 1.000000 0.000000 0.000000 0.000000 1.000000 0.000000 0.000000 0.000000 1.000000 -40.000000 96.000000 20.000002 4 8 22:1:1,22:2:1,22:2:1,22:2:1,22:2:1,22:2:1,22:2:1,22:2:1,22:1:1,22:2:1,15:4:1,23:4:1,15:4:1,23:4:1,15:4:1,23:4:1,15:4:1,22:2:1,22:2:1,23:4:1,7:4:2,23:4:1,7:4:2,23:4:1,7:4:2,23:4:1,22:2:1,22:2:1,15:4:1,23:4:1,15:4:1,23:4:1,15:4:1,23:4:1,15:4:1,22:2:1,22:1:1,22:2:1,22:2:1,22:2:1,22:2:1,22:2:1,22:2:1,22:2:1,22:1:1, 30535.dat
0 2 -0.000000 1.000000 -0.000000 0.000000 -0.000000 -1.000000 -1.000000 0.000000 -0.000000 0.000000 41.499996 -20.000000 0 0 0.800000 0 0 30535.dat
2 22 1.000000 0.000000 0.000000 0.000000 -0.000000 -1.000000 0.000000 1.000000 -0.000000 -10.000001 51.500000 -20.000000 2 2 22:1:1,22:2:1,22:1:1,22:2:1,16:4:64,22:2:1,22:1:1,22:2:1,22:1:1, 30535.dat
2 22 -1.000000 0.000000 -0.000000 -0.000000 0.000000 1.000000 0.000000 1.000000 0.000000 9.999999 51.500000 0.000000 2 2 22:1:1,22:2:1,22:1:1,22:2:1,16:4:64,22:2:1,22:1:1,22:2:1,22:1:1, 30535.dat
0 2 -0.000000 1.000000 0.000000 -1.000000 -0.000000 0.000000 0.000000 0.000000 1.000000 -40.000000 81.500000 0.000000 0 0 0.800000 0 0 30535.dat
0 2 -0.000000 1.000000 0.000000 -1.000000 -0.000000 0.000000 0.000000 0.000000 1.000000 19.999998 81.500000 0.000000 0 0 0.800000 0 0 30535.dat
2 22 -0.000000 -0.000000 -1.000000 -1.000000 -0.000000 0.000000 -0.000000 1.000000 -0.000000 -40.000000 91.500000 10.000000 2 2 22:1:1,22:2:1,22:1:1,22:2:1,16:4:64,22:2:1,22:1:1,22:2:1,22:1:1, 30535.dat
2 22 -0.000000 0.000000 1.000000 1.000000 -0.000000 0.000000 0.000000 1.000000 -0.000000 39.999996 91.500000 -10.000000 2 2 22:1:1,22:2:1,22:1:1,22:2:1,16:4:64,22:2:1,22:1:1,22:2:1,22:1:1, 30535.dat
