9 0 1.000000 0.000000 0.000000 0.000000 1.000000 0.000000 0.000000 0.000000 1.000000 0.000000 -5.534300 0.686400 18.134998 5.284300 8.041425 30530.dat
9 0 1.000000 0.000000 0.000000 0.000000 1.000000 0.000000 0.000000 0.000000 1.000000 -0.142625 -32.170002 -0.068550 9.910000 2.462425 3.636900 30530.dat
9 0 1.000000 0.000000 0.000000 0.000000 1.000000 0.000000 0.000000 0.000000 1.000000 0.000000 -34.375500 0.000000 3.762500 1.365050 4.167550 30530.dat
9 0 0.793790 -0.025899 0.607640 0.245318 0.927848 -0.280924 -0.556521 0.372059 0.742870 8.069275 -25.725750 -2.253700 2.820300 8.210925 2.129475 30530.dat
9 0 0.939692 0.000000 0.342021 -0.273150 0.601815 0.750472 -0.205833 -0.798635 0.565521 7.941075 -15.052626 0.270175 2.608325 9.119875 1.311125 30530.dat
9 0 -0.793790 -0.025899 0.607640 -0.245317 0.927848 -0.280924 -0.556521 -0.372059 -0.742870 -8.068325 -25.725498 -2.254450 2.821500 8.210925 2.129475 30530.dat
9 0 -0.939693 -0.000001 0.342020 0.276699 0.587785 0.760228 -0.201035 0.809017 -0.552337 -7.959750 -15.021200 0.219450 2.599675 9.119875 1.311125 30530.dat
9 0 1.000000 0.000000 0.000000 0.000000 -0.000000 1.000000 0.000000 -1.000000 -0.000000 0.000000 -40.101501 5.057550 3.762500 0.807550 4.167550 30530.dat
9 0 1.000000 0.000000 0.000000 0.000000 -0.000000 1.000000 0.000000 -1.000000 -0.000000 0.000000 -40.101501 -5.068950 3.762500 0.803675 4.167550 30530.dat
10 0 -10.000000 0.000000 -10.000000 30.000002 44.950001 10.000000 30530.dat
2 22 1.000000 0.000000 0.000000 0.000000 1.000000 0.000000 0.000000 0.000000 1.000000 -20.000000 0.000000 10.000000 2 4 22:1:1,22:2:1,22:2:1,22:2:1,22:1:1,22:2:1,15:4:2,22:2:1,15:4:2,22:2:1,22:1:1,22:2:1,22:2:1,22:2:1,22:1:1, 30530.dat
0 6 -0.000000 1.000000 0.000000 -1.000000 -0.000000 0.000000 0.000000 0.000000 1.000000 -4.012500 -40.000000 0.000000 0 0 0.320000 1 0 30530.dat
