9 0 1.000000 0.000000 0.000000 0.000000 1.000000 0.000000 0.000000 0.000000 1.000000 0.000000 8.000000 0.000000 19.750000 7.750000 19.750000 30592.dat
9 0 1.000000 0.000000 0.000000 0.000000 1.000000 0.000000 0.000000 0.000000 1.000000 0.000000 19.999998 0.000000 39.750000 3.750000 19.750000 30592.dat
9 0 1.000000 0.000000 0.000000 0.000000 -0.000000 -1.000000 0.000000 1.000000 -0.000000 0.005749 -9.987502 4.652200 2.813750 0.402200 9.737374 30592.dat
9 0 -0.000000 -0.000000 -1.000000 -1.000000 -0.000000 0.000000 -0.000000 1.000000 -0.000000 4.657999 -9.987502 0.000000 2.813750 0.402200 9.737374 30592.dat
9 0 -1.000000 0.000000 -0.000000 -0.000000 0.000000 1.000000 0.000000 1.000000 0.000000 0.005749 -9.987502 -4.652200 2.813750 0.402200 9.737374 30592.dat
9 0 -0.000000 0.000000 1.000000 1.000000 -0.000000 0.000000 0.000000 1.000000 -0.000000 -4.646501 -9.987502 0.000000 2.813750 0.402200 9.737374 30592.dat
9 0 0.707106 0.000000 -0.707107 -0.707107 0.000000 -0.707106 0.000000 1.000000 0.000000 3.005999 -18.750002 3.006049 3.970625 0.137500 1.000000 30592.dat
9 0 0.707106 -0.000000 0.707107 0.707107 0.000000 -0.707106 -0.000000 1.000000 0.000000 -3.006002 -18.750002 3.006049 3.970625 0.137500 1.000000 30592.dat
9 0 -0.707106 0.000001 0.707107 0.707107 -0.000000 0.707106 0.000001 1.000000 -0.000000 -3.006002 -18.750002 -3.006050 3.970625 0.137500 1.000000 30592.dat
9 0 -0.707106 -0.000001 -0.707107 -0.707107 -0.000000 0.707106 -0.000001 1.000000 -0.000000 3.005999 -18.750002 -3.006050 3.970625 0.137500 1.000000 30592.dat
10 0 -10.000000 0.000000 -30.000002 70.000000 44.000000 10.000000 30592.dat
2 22 1.000000 0.000000 0.000000 0.000000 1.000000 0.000000 0.000000 0.000000 1.000000 -40.000000 24.000000 20.000002 4 8 22:1:1,22:2:1,22:2:1,22:2:1,22:2:1,22:2:1,22:2:1,22:2:1,22:1:1,22:2:1,15:4:1,22:2:1,15:4:1,23:4:1,15:4:1,22:2:1,15:4:1,22:2:1,22:2:1,15:4:1,22:2:1,23:4:1,7:4:2,23:4:1,22:2:1,15:4:1,22:2:1,22:2:1,15:4:1,22:2:1,15:4:1,23:4:1,15:4:1,22:2:1,15:4:1,22:2:1,22:1:1,22:2:1,22:2:1,22:2:1,22:2:1,22:2:1,22:2:1,22:2:1,22:1:1, 30592.dat
3 23 1.000000 0.000000 0.000000 0.000000 1.000000 0.000000 0.000000 0.000000 1.000000 -40.000000 16.000000 20.000002 4 8 18:1:1,23:4:1,29:0:1,29:0:1,29:0:1,29:0:1,29:0:1,23:4:1,18:1:1,23:4:1,0:4:1,23:4:1,29:0:1,29:0:1,29:0:1,23:4:1,0:4:1,23:4:1,18:2:1,23:4:1,29:0:1,29:0:1,29:0:1,29:0:1,29:0:1,23:4:1,18:2:1,23:4:1,0:4:1,23:4:1,29:0:1,29:0:1,29:0:1,23:4:1,0:4:1,23:4:1,18:1:1,23:4:1,29:0:1,29:0:1,29:0:1,29:0:1,29:0:1,23:4:1,18:1:1, 30592.dat
0 19 0.000000 -0.000000 -1.000000 0.000000 -1.000000 0.000000 -1.000000 -0.000000 0.000000 0.000000 -20.000000 0.000000 0 1 0.800000 0 0 30592.dat
0 6 0.000000 -0.000000 -1.000000 0.000000 -1.000000 0.000000 -1.000000 -0.000000 0.000000 0.000000 -20.000000 0.000000 0 1 0.800000 0 0 30592.dat
