9 0 1.000000 0.000000 0.000000 0.000000 1.000000 0.000000 -0.000000 0.000000 1.000000 0.000000 -3.561375 0.000000 11.000000 2.492925 11.000000 30608.dat
9 0 1.000000 0.000000 0.000000 0.000000 1.000000 0.000000 -0.000000 0.000000 1.000000 13.698900 5.754125 0.000004 0.948900 6.322600 5.139350 30608.dat
9 0 0.707107 0.000000 0.707107 0.000000 1.000000 0.000000 -0.707107 0.000000 0.707107 9.686597 5.754125 9.686603 0.948900 6.322600 5.139350 30608.dat
9 0 -0.000000 0.000000 1.000000 0.000000 1.000000 0.000000 -1.000000 0.000000 -0.000000 -0.000004 5.754125 13.698900 0.948900 6.322600 5.139350 30608.dat
9 0 -0.707107 0.000000 0.707107 0.000000 1.000000 0.000000 -0.707107 0.000000 -0.707107 -9.686603 5.754125 9.686597 0.948900 6.322600 5.139350 30608.dat
9 0 -1.000000 0.000000 -0.000000 0.000000 1.000000 0.000000 0.000000 0.000000 -1.000000 -13.698900 5.754125 -0.000004 0.948900 6.322600 5.139350 30608.dat
9 0 -0.707107 0.000000 -0.707107 0.000000 1.000000 0.000000 0.707107 0.000000 -0.707107 -9.686597 2.705150 -9.686603 0.948900 3.273625 5.139350 30608.dat
9 0 0.707107 0.000000 -0.707107 0.000000 1.000000 0.000000 0.707107 0.000000 0.707107 9.686603 2.705150 -9.686597 0.948900 3.273625 5.139350 30608.dat
9 0 0.000000 0.000000 -1.000000 0.000000 1.000000 0.000000 1.000000 0.000000 0.000000 0.000004 2.705150 -13.698900 0.948900 3.273625 5.139350 30608.dat
10 0 -16.510000 -14.132500 -14.935000 16.771250 7.917500 16.844999 30608.dat
2 22 0.000000 0.000000 -1.000000 0.000000 1.000000 0.000000 1.000000 0.000000 0.000000 9.999997 0.000000 10.000003 2 2 29:0:0,29:0:0,29:0:0,29:0:0,5:4:33,29:0:0,29:0:0,29:0:0,29:0:0, 30608.dat
