9 0 1.000000 0.000000 0.000000 0.000000 -0.505221 0.862990 0.000000 -0.862990 -0.505221 0.000000 -11.145175 -19.162849 17.083324 8.318624 1.060450 30602.dat
9 0 1.000000 0.000000 0.000000 0.000000 -0.000000 1.000000 0.000000 -1.000000 -0.000000 0.000000 -8.250000 1.887500 19.750000 17.862501 8.000000 30602.dat
9 0 1.000000 0.000000 0.000000 0.000000 -0.288530 0.957471 0.000000 -0.957471 -0.288530 0.000000 -17.065300 -2.747200 17.083324 7.790500 2.435025 30602.dat
9 0 1.000000 0.000000 0.000000 0.000000 -0.117064 0.993124 0.000000 -0.993124 -0.117064 0.000000 -20.060974 11.660625 17.083324 7.790500 2.435050 30602.dat
10 0 -10.000000 0.000000 -30.000002 30.000002 23.748350 17.500000 30602.dat
2 22 1.000000 0.000000 0.000000 0.000000 1.000000 0.000000 0.000000 0.000000 1.000000 -20.000000 0.000000 20.000002 4 4 22:1:1,22:2:1,22:2:1,22:2:1,22:1:1,22:2:1,15:4:2,23:4:1,15:4:2,22:2:1,22:2:1,23:4:1,7:4:1,23:4:1,22:2:1,22:2:1,15:4:1,23:4:1,15:4:1,22:2:1,22:1:1,22:2:1,22:2:1,22:2:1,22:1:1, 30602.dat
