9 0 1.000000 0.000000 0.000000 0.000000 1.000000 0.000000 0.000000 0.000000 1.000000 -50.000000 116.000008 20.000000 9.750000 3.750000 29.750002 30613.dat
9 0 1.000000 0.000000 0.000000 0.000000 1.000000 0.000000 0.000000 0.000000 1.000000 0.000000 116.000008 0.000000 59.750004 3.750000 9.750000 30613.dat
9 0 1.000000 0.000000 0.000000 0.000000 1.000000 0.000000 0.000000 0.000000 1.000000 50.000000 116.000008 20.000000 9.750000 3.750000 29.750002 30613.dat
9 0 1.000000 0.000000 0.000000 0.000000 1.000000 0.000000 0.000000 0.000000 1.000000 -50.000000 4.000008 20.000000 9.750000 3.750000 29.750002 30613.dat
9 0 1.000000 0.000000 0.000000 0.000000 1.000000 0.000000 0.000000 0.000000 1.000000 0.000000 4.000008 0.000000 59.750004 3.750000 9.750000 30613.dat
9 0 1.000000 0.000000 0.000000 0.000000 1.000000 0.000000 0.000000 0.000000 1.000000 50.000000 4.000008 20.000000 9.750000 3.750000 29.750002 30613.dat
9 0 0.981874 0.189534 0.000000 -0.189534 0.981874 0.000000 0.000000 0.000000 1.000000 8.784747 13.425255 0.000000 20.013075 4.997950 2.000000 30613.dat
9 0 0.707107 0.000000 0.707107 0.000000 1.000000 0.000000 -0.707107 0.000000 0.707107 51.884998 60.000004 -1.884900 4.725025 57.183750 2.475475 30613.dat
9 0 1.000000 0.000000 0.000000 0.000000 1.000000 0.000000 0.000000 0.000000 1.000000 45.907997 60.000004 0.000000 5.658050 51.750000 2.000000 30613.dat
9 0 0.554268 0.832338 0.000000 -0.832338 0.554268 0.000000 0.000000 0.000000 1.000000 38.069748 28.734255 0.000000 20.013050 7.791650 2.000000 30613.dat
9 0 -0.000000 0.000000 -1.000000 0.000000 1.000000 0.000000 1.000000 0.000000 -0.000000 53.750004 60.000004 1.591950 5.658050 51.750000 1.750000 30613.dat
9 0 -0.000000 -0.539473 -0.842003 -0.000000 0.842003 -0.539473 1.000000 -0.000000 -0.000000 53.750004 27.082752 9.539075 4.335250 14.848350 1.750000 30613.dat
9 0 0.000000 -0.834508 -0.550996 0.000000 0.550996 -0.834508 1.000000 0.000000 0.000000 53.750004 13.576757 21.556725 4.335250 14.848350 1.750000 30613.dat
9 0 -0.981874 0.189533 -0.000000 0.189533 0.981874 0.000000 0.000000 -0.000000 -1.000000 -8.784750 13.425255 0.000000 20.013075 4.997950 2.000000 30613.dat
9 0 -0.707107 0.000000 0.707107 0.000000 1.000000 0.000000 -0.707107 0.000000 -0.707107 -51.884903 60.000004 -1.884900 4.725025 57.183750 2.475475 30613.dat
9 0 -1.000000 0.000000 -0.000000 0.000000 1.000000 0.000000 0.000000 0.000000 -1.000000 -45.908051 60.000004 0.000000 5.658050 51.750000 2.000000 30613.dat
9 0 -0.554268 0.832338 -0.000000 0.832338 0.554268 0.000000 0.000000 -0.000000 -1.000000 -38.069725 28.734255 0.000000 20.013050 7.791650 2.000000 30613.dat
9 0 -0.000000 0.000000 -1.000000 0.000000 1.000000 0.000000 1.000000 0.000000 -0.000000 -53.750004 60.000004 1.591950 5.658050 51.750000 1.750000 30613.dat
9 0 -0.000000 -0.539473 -0.842003 -0.000000 0.842003 -0.539473 1.000000 -0.000000 -0.000000 -53.750004 27.082752 9.539075 4.335250 14.848350 1.750000 30613.dat
9 0 0.000000 -0.834508 -0.550996 0.000000 0.550996 -0.834508 1.000000 0.000000 0.000000 -53.750004 13.576757 21.556725 4.335250 14.848350 1.750000 30613.dat
10 0 -10.000000 0.000000 -50.000000 110.000000 124.450005 10.000000 30613.dat
3 23 1.000000 0.000000 0.000000 0.000000 1.000000 0.000000 0.000000 0.000000 1.000000 -60.000004 0.000000 50.000000 6 12 18:1:1,23:4:1,18:1:1,29:0:1,29:0:1,29:0:1,29:0:1,29:0:1,29:0:1,29:0:1,18:1:1,23:4:1,18:1:1,23:4:1,1:4:1,23:4:1,29:0:1,29:0:1,29:0:1,29:0:1,29:0:1,29:0:1,29:0:1,23:4:1,1:4:1,23:4:1,18:2:1,23:4:1,18:2:1,29:0:1,29:0:1,29:0:1,29:0:1,29:0:1,29:0:1,29:0:1,18:2:1,23:4:1,18:2:1,23:4:1,1:4:1,23:4:1,29:0:1,29:0:1,29:0:1,29:0:1,29:0:1,29:0:1,29:0:1,23:4:1,1:4:1,23:4:1,18:2:1,23:4:1,18:1:1,23:4:1,18:2:1,23:4:1,18:2:1,23:4:1,18:2:1,23:4:1,18:1:1,23:4:1,18:2:1,23:4:1,1:4:1,23:4:1,1:4:1,23:4:1,1:4:1,23:4:1,1:4:1,23:4:1,1:4:1,23:4:1,1:4:1,23:4:1,18:1:1,23:4:1,18:2:1,23:4:1,18:2:1,23:4:1,18:2:1,23:4:1,18:2:1,23:4:1,18:2:1,23:4:1,18:1:1, 30613.dat
2 22 1.000000 0.000000 0.000000 0.000000 1.000000 0.000000 0.000000 0.000000 1.000000 -60.000004 120.000008 50.000000 6 12 22:1:1,22:2:1,22:1:1,29:0:1,29:0:1,29:0:1,29:0:1,29:0:1,29:0:1,29:0:1,22:1:1,22:2:1,22:1:1,22:2:1,15:4:1,22:2:1,29:0:1,29:0:1,29:0:1,29:0:1,29:0:1,29:0:1,29:0:1,22:2:1,15:4:1,22:2:1,22:2:1,11:4:1,22:2:1,29:0:1,29:0:1,29:0:1,29:0:1,29:0:1,29:0:1,29:0:1,22:2:1,11:4:1,22:2:1,22:2:1,15:4:1,22:2:1,29:0:1,29:0:1,29:0:1,29:0:1,29:0:1,29:0:1,29:0:1,22:2:1,15:4:1,22:2:1,22:2:1,11:4:1,22:1:1,22:2:1,22:2:1,22:2:1,22:2:1,22:2:1,22:2:1,22:2:1,22:1:1,11:4:1,22:2:1,22:2:1,15:4:1,11:4:1,15:4:1,11:4:1,15:4:1,11:4:1,15:4:1,11:4:1,15:4:1,11:4:1,15:4:1,22:2:1,22:1:1,22:2:1,22:2:1,22:2:1,22:2:1,22:2:1,22:2:1,22:2:1,22:2:1,22:2:1,22:2:1,22:2:1,22:1:1, 30613.dat
