9 0 0.415198 -0.909731 0.000000 0.909731 0.415198 0.000000 0.000000 0.000000 1.000000 69.054001 -74.028999 0.000000 0.913475 18.312675 24.160200 30649.dat
9 0 0.752500 -0.658593 0.000000 0.658593 0.752500 0.000000 0.000000 0.000000 1.000000 132.312500 -27.035252 0.000000 0.913475 24.051174 31.405500 30649.dat
9 0 0.183152 -0.983085 0.000000 0.983085 0.183152 0.000000 0.000000 0.000000 1.000000 21.686275 -88.506004 0.000000 0.913475 31.698502 19.816700 30649.dat
9 0 1.000000 0.000000 0.000000 0.000000 1.000000 0.000000 0.000000 0.000000 1.000000 148.125000 -4.000000 0.000000 1.625000 3.750000 39.750000 30649.dat
9 0 1.000000 0.000000 0.000000 0.000000 1.000000 0.000000 0.000000 0.000000 1.000000 -18.046600 -94.200996 6.500000 5.338875 3.741875 2.125000 30649.dat
9 0 1.000000 0.000000 0.000000 0.000000 1.000000 0.000000 0.000000 0.000000 1.000000 -18.046600 -94.200996 -6.500000 5.338875 3.741875 2.125000 30649.dat
9 0 1.000000 0.000000 0.000000 0.000000 1.000000 0.000000 0.000000 0.000000 1.000000 69.991997 -4.000000 38.750000 79.634247 3.750000 1.000000 30649.dat
9 0 0.387784 -0.921750 0.000000 0.921750 0.387784 0.000000 0.000000 0.000000 1.000000 69.274994 -42.109253 38.006748 13.909676 43.266251 1.490800 30649.dat
9 0 1.000000 0.000000 0.000000 0.000000 1.000000 0.000000 0.000000 0.000000 1.000000 51.970501 -19.378925 38.750000 61.641502 19.128925 1.000000 30649.dat
9 0 1.000000 0.000000 0.000000 0.000000 1.000000 0.000000 0.000000 0.000000 1.000000 19.268974 -34.447498 38.750000 28.940001 34.197502 1.000000 30649.dat
9 0 0.988103 0.153543 -0.008768 -0.098900 0.678047 0.728334 0.117776 -0.718802 0.685166 25.519499 -78.385506 30.438250 34.167999 11.281650 1.000000 30649.dat
9 0 0.893855 0.448025 0.017231 -0.320213 0.611015 0.723964 0.313826 -0.652637 0.689622 87.343750 -55.730747 34.086998 31.622999 5.816050 1.000000 30649.dat
9 0 0.789076 0.614163 0.012747 -0.426414 0.532684 0.731039 0.442187 -0.582281 0.682216 126.343002 -29.380501 36.769001 15.326325 2.438850 1.000000 30649.dat
9 0 1.000000 0.000000 0.000000 0.000000 1.000000 0.000000 0.000000 0.000000 1.000000 -16.249825 -94.199997 6.500000 1.249825 5.950000 2.125000 30649.dat
9 0 1.000000 0.000000 0.000000 0.000000 1.000000 0.000000 0.000000 0.000000 1.000000 -16.249825 -94.199997 -6.500000 1.249825 5.950000 2.125000 30649.dat
9 0 0.576714 -0.816946 0.000000 0.816946 0.576714 0.000000 0.000000 0.000000 1.000000 102.421997 -54.707748 0.000000 0.913475 19.713125 26.579750 30649.dat
9 0 0.866990 0.488231 0.099791 -0.410239 0.585598 0.699127 0.282899 -0.647075 0.707999 79.451752 -64.334999 29.195499 31.622999 5.816075 1.000000 30649.dat
9 0 0.647553 -0.762020 0.000000 0.762020 0.647553 0.000000 0.000000 0.000000 1.000000 123.069504 -19.311699 38.006748 8.461300 18.959949 1.490800 30649.dat
9 0 0.649330 0.739539 0.177349 -0.607947 0.364654 0.705286 0.456915 -0.565782 0.686381 129.491745 -30.177250 34.681999 17.538149 1.534050 1.000000 30649.dat
9 0 1.000000 0.000000 0.000000 0.000000 1.000000 0.000000 0.000000 0.000000 1.000000 69.991997 -4.000000 -38.750000 79.634247 3.750000 1.000000 30649.dat
9 0 0.387784 -0.921750 0.000000 0.921750 0.387784 0.000000 0.000000 0.000000 1.000000 69.274994 -42.109253 -38.006748 13.909676 43.266251 1.490800 30649.dat
9 0 1.000000 0.000000 0.000000 0.000000 1.000000 0.000000 0.000000 0.000000 1.000000 51.970501 -19.378925 -38.750000 61.641502 19.128925 1.000000 30649.dat
9 0 1.000000 0.000000 0.000000 0.000000 1.000000 0.000000 0.000000 0.000000 1.000000 19.268974 -34.447498 -38.750000 28.940001 34.197502 1.000000 30649.dat
9 0 0.988103 0.153543 0.008768 -0.098900 0.678047 -0.728334 -0.117776 0.718802 0.685166 25.519499 -78.385506 -30.438250 34.167999 11.281650 1.000000 30649.dat
9 0 0.893855 0.448025 -0.017231 -0.320213 0.611015 -0.723964 -0.313826 0.652637 0.689622 87.343750 -55.730747 -34.086998 31.622999 5.816050 1.000000 30649.dat
9 0 0.789076 0.614163 -0.012747 -0.426414 0.532684 -0.731039 -0.442187 0.582281 0.682216 126.343002 -29.380501 -36.769001 15.326325 2.438850 1.000000 30649.dat
9 0 0.866990 0.488231 -0.099791 -0.410239 0.585598 -0.699127 -0.282899 0.647075 0.707999 79.451752 -64.334999 -29.195499 31.622999 5.816075 1.000000 30649.dat
9 0 0.647553 -0.762020 0.000000 0.762020 0.647553 0.000000 0.000000 0.000000 1.000000 123.069504 -19.311699 -38.006748 8.461300 18.959949 1.490800 30649.dat
9 0 0.649330 0.739539 -0.177349 -0.607947 0.364654 -0.705286 -0.456915 0.565782 0.686381 129.491745 -30.177250 -34.681999 17.538149 1.534050 1.000000 30649.dat
10 0 -26.194250 0.000000 -40.000000 150.000000 100.399994 40.000000 30649.dat
6 2 1.000000 0.000000 0.000000 0.000000 -0.000000 1.000000 0.000000 -1.000000 -0.000000 -20.000000 -94.199997 0.125000 1.570796 -1.570796 1.570796 -1.570796 0 30649.dat
