9 0 0.000001 0.000001 -1.000000 -1.000000 0.000001 -0.000001 0.000001 1.000000 0.000001 3.463921 13.874999 19.999998 3.019475 0.881425 5.875000 30647.dat
9 0 0.000001 0.000001 -1.000000 -1.000000 0.000001 -0.000001 0.000001 1.000000 0.000001 -3.488929 13.875002 19.999994 3.037350 0.881425 5.875000 30647.dat
9 0 0.000001 0.000001 -1.000000 -1.000000 0.000001 -0.000001 0.000001 1.000000 0.000001 -0.012509 5.750000 20.024992 5.362425 1.250000 1.750000 30647.dat
9 0 1.000000 -0.000001 0.000001 0.000001 0.000001 -1.000000 0.000001 1.000000 0.000001 -0.012510 5.750000 20.368567 5.387425 0.881425 1.750000 30647.dat
9 0 0.707107 -0.000000 -0.707106 -0.707106 0.000001 -0.707107 0.000001 1.000000 0.000001 -0.012513 0.000000 19.999989 5.230075 5.230075 1.750000 30647.dat
9 0 0.000001 0.000001 -1.000000 -1.000000 0.000001 -0.000001 0.000001 1.000000 0.000001 3.463947 13.875023 -20.000000 3.008725 0.881425 5.875000 30647.dat
9 0 0.000001 0.000001 -1.000000 -1.000000 0.000001 -0.000001 0.000001 1.000000 0.000001 -3.488903 13.875026 -20.000006 2.976650 0.881425 5.875000 30647.dat
9 0 0.000001 0.000001 -1.000000 -1.000000 0.000001 -0.000001 0.000001 1.000000 0.000001 -0.012483 5.750024 -20.000010 5.387425 1.250000 1.750000 30647.dat
9 0 1.000000 -0.000001 0.000001 0.000001 0.000001 -1.000000 0.000001 1.000000 0.000001 -0.012483 5.750024 -19.631510 5.387425 0.881425 1.750000 30647.dat
9 0 0.707107 -0.000000 -0.707106 -0.707106 0.000001 -0.707107 0.000001 1.000000 0.000001 -0.012487 0.000024 -20.000011 5.230075 5.230075 1.750000 30647.dat
9 0 0.000001 0.000001 -1.000000 -1.000000 0.000001 -0.000001 0.000001 1.000000 0.000001 0.082899 -1.585338 -0.000013 39.750000 13.966375 1.335350 30647.dat
9 0 0.000001 0.000001 -1.000000 0.000001 1.000000 0.000001 1.000000 -0.000001 0.000001 0.072829 -4.935283 -10.336264 22.861300 1.514625 1.335350 30647.dat
9 0 0.000001 0.355415 -0.934709 0.000000 0.934709 0.355415 1.000000 -0.000001 0.000001 0.175446 -12.907486 -7.414021 19.065624 5.009075 1.016925 30647.dat
9 0 0.000001 0.054833 -0.998496 0.000000 0.998495 0.054833 1.000000 -0.000001 0.000001 -0.012533 -25.940502 25.117271 14.575425 0.914400 4.270675 30647.dat
9 0 -0.167444 0.477557 -0.862497 0.944683 0.327981 -0.001800 0.282023 -0.815087 -0.506059 -15.264861 -8.692961 -29.228527 8.468350 0.398825 1.656675 30647.dat
9 0 0.000001 0.000001 -1.000000 -0.971961 0.235142 -0.000001 0.235142 0.971961 0.000001 14.226953 -9.972511 24.401241 15.181975 1.125000 7.019825 30647.dat
9 0 0.058407 0.141185 -0.988259 -0.870068 0.492567 0.018948 0.489459 0.858746 0.151610 9.675795 -20.611759 24.202282 14.327749 1.125000 6.932450 30647.dat
9 0 0.000001 0.000001 -1.000000 -0.971961 0.235142 -0.000001 0.235142 0.971961 0.000001 15.061602 -6.522740 -10.303007 18.855375 1.125000 3.470350 30647.dat
9 0 0.026612 0.071176 -0.997109 -0.944682 0.327982 -0.001801 0.326906 0.941999 0.075967 13.757020 -12.804495 -4.968736 13.573750 1.125000 4.299550 30647.dat
9 0 0.000001 0.000001 -1.000000 0.971961 0.235140 0.000001 0.235140 -0.971961 -0.000000 -14.251998 -9.972493 24.401224 15.181975 1.125000 7.019825 30647.dat
9 0 -0.058405 0.141185 -0.988259 0.870069 0.492566 0.018949 0.489458 -0.858747 -0.151609 -9.700855 -20.611746 24.202269 14.327749 1.125000 6.932450 30647.dat
9 0 0.000001 0.000001 -1.000000 0.971961 0.235140 0.000001 0.235140 -0.971961 -0.000000 -15.086598 -6.522723 -10.303025 18.855375 1.125000 3.470350 30647.dat
9 0 -0.026611 0.071176 -0.997109 0.944683 0.327981 -0.001799 0.326905 -0.941999 -0.075967 -13.782029 -12.804477 -4.968753 13.573750 1.125000 4.299550 30647.dat
9 0 0.000001 0.000001 -1.000000 -0.953184 0.302390 -0.000000 0.302390 0.953184 0.000001 3.064784 -13.375248 11.387483 1.137500 5.433325 10.306125 30647.dat
9 0 0.000001 0.000001 -1.000000 -0.951951 -0.306250 -0.000001 -0.306250 0.951951 0.000000 -3.137591 -13.366244 11.387478 1.137500 5.433325 10.306125 30647.dat
9 0 0.167446 0.477557 -0.862497 -0.944682 0.327982 -0.001801 0.282024 0.815087 0.506058 15.236414 -8.702980 -29.234760 8.468350 0.398825 1.668950 30647.dat
10 0 -20.000000 -17.526825 -0.250000 60.000004 17.501825 49.974998 30647.dat
0 3 -1.000000 0.000001 -0.000001 -0.000001 -1.000000 -0.000001 -0.000001 -0.000001 1.000000 0.000013 0.000024 -20.000011 1 0 0.800000 0 0 30647.dat
0 3 -1.000000 0.000001 -0.000001 -0.000001 -1.000000 -0.000001 -0.000001 -0.000001 1.000000 -0.000013 0.000000 19.999989 1 0 0.800000 0 0 30647.dat
