9 0 -1.000000 0.000000 0.000000 -0.000000 0.000000 -1.000000 -0.000000 -1.000000 0.000000 0.000000 -25.301250 0.000000 8.236725 17.250000 3.051225 30648.dat
9 0 -0.866025 0.500000 -0.000000 0.000000 0.000000 -1.000000 -0.500000 -0.866025 0.000000 -12.650625 -21.911501 0.000000 8.236725 17.250000 3.051225 30648.dat
9 0 -0.500001 0.866025 0.000001 -0.000001 0.000001 -1.000000 -0.866025 -0.500001 0.000001 -21.911501 -12.650625 0.000000 8.236725 17.250000 3.051225 30648.dat
9 0 -0.000000 1.000000 -0.000000 0.000000 -0.000000 -1.000000 -1.000000 0.000000 -0.000000 -25.301250 0.000000 0.000000 8.236725 17.250000 3.051225 30648.dat
9 0 0.500000 0.866026 0.000000 -0.000000 0.000000 -1.000000 -0.866026 0.500000 0.000000 -21.911501 12.650625 0.000000 8.236725 17.250000 3.051225 30648.dat
9 0 0.866025 0.500000 0.000000 0.000000 -0.000000 -1.000000 -0.500000 0.866025 0.000000 -12.650625 21.911501 0.000000 8.236725 17.250000 3.051225 30648.dat
9 0 1.000000 0.000000 0.000000 0.000000 0.000000 -1.000000 0.000000 1.000000 0.000000 0.000000 25.301250 0.000000 8.236725 17.250000 3.051225 30648.dat
9 0 0.866025 -0.500000 0.000000 0.000000 -0.000000 -1.000000 0.500000 0.866025 0.000000 12.650625 21.911501 0.000000 8.236725 17.250000 3.051225 30648.dat
9 0 0.500000 -0.866026 -0.000000 0.000000 0.000000 -1.000000 0.866026 0.500000 0.000000 21.911501 12.650625 0.000000 8.236725 17.250000 3.051225 30648.dat
9 0 -0.000000 -1.000000 0.000000 -0.000000 -0.000000 -1.000000 1.000000 0.000000 -0.000000 25.301250 0.000000 0.000000 8.236725 17.250000 3.051225 30648.dat
9 0 -0.500001 -0.866025 -0.000001 0.000001 0.000001 -1.000000 0.866025 -0.500001 0.000001 21.911501 -12.650625 0.000000 8.236725 17.250000 3.051225 30648.dat
9 0 -0.866025 -0.500000 0.000000 0.000000 0.000000 -1.000000 0.500000 -0.866025 0.000000 12.650625 -21.911501 0.000000 8.236725 17.250000 3.051225 30648.dat
10 0 -29.999001 -29.999001 -37.500000 29.999001 29.999001 -2.500000 30648.dat
4 32 1.000000 0.000000 0.000000 0.000000 -0.000000 1.000000 0.000000 -1.000000 -0.000000 0.000000 0.000000 0.000000 1 30648.dat
4 32 1.000000 0.000000 0.000000 0.000000 0.000000 -1.000000 0.000000 1.000000 0.000000 0.000000 0.000000 0.000000 1 30648.dat
