9 0 -0.707107 0.000000 0.707107 0.000000 1.000000 0.000000 -0.707107 0.000000 -0.707107 5.190906 8.020174 -5.190883 0.651525 7.729825 5.428000 30658.dat
9 0 -0.707107 0.000000 -0.707107 0.000000 1.000000 0.000000 0.707107 0.000000 -0.707107 5.190952 8.020174 5.190892 0.651525 7.729825 5.428000 30658.dat
9 0 0.707107 0.000000 -0.707107 0.000000 1.000000 0.000000 0.707107 0.000000 0.707107 -5.190745 8.020174 5.190939 0.651525 7.729825 5.428000 30658.dat
9 0 0.707107 0.000000 0.707107 0.000000 1.000000 0.000000 -0.707107 0.000000 0.707107 -5.190742 8.020174 -5.190836 0.651525 7.729825 5.428000 30658.dat
9 0 -1.000000 0.000000 -0.000000 0.000000 1.000000 0.000000 0.000000 0.000000 -1.000000 21.602604 1.520175 -0.002528 15.102599 1.229825 15.054825 30658.dat
9 0 -0.707107 0.000000 -0.707107 0.000000 1.000000 0.000000 0.707107 0.000000 -0.707107 15.277100 1.520175 15.273520 15.102575 1.229825 15.054825 30658.dat
9 0 0.000000 0.000000 -1.000000 0.000000 1.000000 0.000000 1.000000 0.000000 0.000000 0.002497 1.520175 21.602514 15.102599 1.229825 15.054825 30658.dat
9 0 0.707107 0.000000 -0.707107 0.000000 1.000000 0.000000 0.707107 0.000000 0.707107 -15.273502 1.520175 15.277010 15.102575 1.229825 15.054825 30658.dat
9 0 1.000000 0.000000 0.000000 0.000000 1.000000 0.000000 -0.000000 0.000000 1.000000 -21.602493 1.520175 0.002433 15.102599 1.229825 15.054825 30658.dat
9 0 0.707107 0.000000 0.707107 0.000000 1.000000 0.000000 -0.707107 0.000000 0.707107 -15.276989 1.520175 -15.273515 15.102575 1.229825 15.054825 30658.dat
9 0 -0.000000 0.000000 1.000000 0.000000 1.000000 0.000000 -1.000000 0.000000 -0.000000 -0.002488 1.520175 -21.602509 15.102599 1.229825 15.054825 30658.dat
9 0 -0.707107 0.000000 0.707107 0.000000 1.000000 0.000000 -0.707107 0.000000 -0.707107 15.273610 1.520175 -15.277007 15.102575 1.229825 15.054825 30658.dat
9 0 -1.000000 0.000000 -0.000000 0.000000 1.000000 0.000000 0.000000 0.000000 -1.000000 35.007305 8.020174 -0.002524 1.694800 7.729825 15.054825 30658.dat
9 0 -0.707107 0.000000 -0.707107 0.000000 1.000000 0.000000 0.707107 0.000000 -0.707107 24.755997 8.020174 24.752422 1.695275 7.729825 15.054825 30658.dat
9 0 0.000000 0.000000 -1.000000 0.000000 1.000000 0.000000 1.000000 0.000000 0.000000 0.002491 8.020174 35.008739 1.696375 7.729825 15.054825 30658.dat
9 0 0.707107 0.000000 -0.707107 0.000000 1.000000 0.000000 0.707107 0.000000 0.707107 -24.752003 8.020174 24.755405 1.694575 7.729825 15.054825 30658.dat
9 0 1.000000 0.000000 0.000000 0.000000 1.000000 0.000000 -0.000000 0.000000 1.000000 -35.008739 8.020174 0.002430 1.696350 7.729825 15.054825 30658.dat
9 0 0.707107 0.000000 0.707107 0.000000 1.000000 0.000000 -0.707107 0.000000 0.707107 -24.757486 8.020174 -24.754017 1.697450 7.729825 15.054825 30658.dat
9 0 -0.000000 0.000000 1.000000 0.000000 1.000000 0.000000 -1.000000 0.000000 -0.000000 -0.002483 8.020174 -35.008759 1.696325 7.729825 15.054825 30658.dat
9 0 -0.707107 0.000000 0.707107 0.000000 1.000000 0.000000 -0.707107 0.000000 -0.707107 24.752487 8.020174 -24.756002 1.695250 7.729825 15.054825 30658.dat
10 0 -10.000000 -1.750000 -50.000000 70.018997 20.450001 30.000002 30658.dat
3 23 -1.000000 0.000000 -0.000000 0.000000 1.000000 0.000000 0.000000 0.000000 -1.000000 40.000019 0.000000 -39.999996 8 8 29:0:1,29:0:1,18:1:1,23:4:1,18:2:1,23:4:1,18:1:1,29:0:1,29:0:1,29:0:1,29:0:1,23:4:1,0:4:0,23:4:1,0:4:0,23:4:1,29:0:1,29:0:1,18:1:1,23:4:1,18:3:1,23:4:1,18:4:1,23:4:1,18:3:1,23:4:1,18:1:1,23:4:1,0:4:0,23:4:1,0:4:0,23:4:1,0:4:0,23:4:1,0:4:0,23:4:1,18:2:1,23:4:1,18:4:1,23:4:1,18:4:0,23:4:1,18:4:1,23:4:1,18:2:1,23:4:1,0:4:0,23:4:1,0:4:0,23:4:1,0:4:0,23:4:1,0:4:0,23:4:1,18:1:1,23:4:1,18:3:1,23:4:1,18:4:1,23:4:1,18:3:1,23:4:1,18:1:1,29:0:1,29:0:1,23:4:1,0:4:0,23:4:1,0:4:0,23:4:1,29:0:1,29:0:1,29:0:1,29:0:1,18:1:1,23:4:1,18:2:1,23:4:1,18:1:1,29:0:1,29:0:1, 30658.dat
6 69 -1.000000 0.000000 -0.000000 0.000000 1.000000 0.000000 0.000000 0.000000 -1.000000 0.000003 9.500000 -0.000010 0.000000 0.000000 0.000000 0.000000 1 30658.dat
