9 0 -0.000000 -0.000000 1.000000 -1.000000 0.000000 -0.000000 0.000000 -1.000000 -0.000000 4.674300 -1.500225 0.000001 2.875000 0.488350 4.749775 30663.dat
9 0 -0.000000 -0.000000 1.000000 -1.000000 0.000000 -0.000000 0.000000 -1.000000 -0.000000 -0.000001 -1.500225 4.674300 0.488350 2.875000 4.749775 30663.dat
9 0 -0.000000 -0.000000 1.000000 -1.000000 0.000000 -0.000000 0.000000 -1.000000 -0.000000 -4.674300 -1.500225 -0.000001 2.875000 0.488350 4.749775 30663.dat
9 0 0.000000 0.000000 -1.000000 1.000000 -0.000000 0.000000 -0.000000 -1.000000 -0.000000 -10.789400 -5.129500 -0.000003 8.885625 6.603475 1.312500 30663.dat
9 0 -0.866025 -0.000000 -0.500000 0.500000 0.000000 -0.866025 0.000000 -1.000000 -0.000000 -5.394703 -5.129500 9.343874 8.885625 6.603475 1.312500 30663.dat
9 0 -0.866025 -0.000001 0.500000 -0.500000 0.000001 -0.866025 0.000001 -1.000000 -0.000001 5.394697 -5.129500 9.343877 8.885625 6.603475 1.312500 30663.dat
9 0 -0.000000 -0.000000 1.000000 -1.000000 0.000000 -0.000000 0.000000 -1.000000 -0.000000 10.789400 -5.129500 0.000003 8.885625 6.603475 1.312500 30663.dat
9 0 -0.000000 -0.000000 1.000000 -1.000000 0.000000 -0.000000 0.000000 -1.000000 -0.000000 0.000001 -1.500225 -4.674300 0.488350 2.875000 4.749775 30663.dat
9 0 0.866025 0.000001 0.500001 -0.500001 0.000001 0.866025 0.000001 -1.000000 0.000001 5.394703 -5.129500 -9.343874 8.885625 6.603475 1.312500 30663.dat
9 0 0.866026 0.000000 -0.499999 0.499999 0.000000 0.866026 0.000000 -1.000000 0.000000 -5.394697 -5.129500 -9.343877 8.885625 6.603475 1.312500 30663.dat
9 0 0.000000 0.000000 -1.000000 0.000000 1.000000 0.000000 1.000000 0.000000 0.000000 6.542550 5.375000 0.000002 4.092975 2.875000 0.137500 30663.dat
9 0 -0.866025 0.000000 -0.500000 0.000000 1.000000 0.000000 0.500000 0.000000 -0.866025 3.271277 5.375000 -5.666024 4.092975 2.875000 0.137500 30663.dat
9 0 -0.866026 0.000000 0.500000 0.000000 1.000000 0.000000 -0.500000 0.000000 -0.866026 -3.271273 5.375000 -5.666026 4.092975 2.875000 0.137500 30663.dat
9 0 -0.000000 0.000000 1.000000 0.000000 1.000000 0.000000 -1.000000 0.000000 -0.000000 -6.542550 5.375000 -0.000002 4.092975 2.875000 0.137500 30663.dat
9 0 0.866026 0.000000 -0.500000 0.000000 1.000000 0.000000 0.500000 0.000000 0.866026 3.271273 5.375000 5.666026 4.092975 2.875000 0.137500 30663.dat
9 0 0.866025 0.000000 0.500000 0.000000 1.000000 0.000000 -0.500000 0.000000 0.866025 -3.271277 5.375000 5.666024 4.092975 2.875000 0.137500 30663.dat
10 0 -20.000000 0.000000 -20.000000 20.000000 16.754501 20.000000 30663.dat
2 22 0.000000 0.000000 -1.000000 0.000000 1.000000 0.000000 1.000000 0.000000 0.000000 9.999997 8.500000 10.000003 2 2 29:0:0,29:0:0,29:0:0,29:0:0,5:4:34,29:0:0,29:0:0,29:0:0,29:0:0, 30663.dat
0 6 1.000000 0.000000 0.000000 0.000000 1.000000 0.000000 -0.000000 0.000000 1.000000 0.000000 3.499550 0.000000 0 0 0.399982 0 0 30663.dat
