9 0 1.000000 0.000000 0.000000 0.000000 1.000000 0.000000 0.000000 0.000000 1.000000 0.000000 -10.226675 0.000000 5.011900 2.226675 9.750000 32007.dat
9 0 1.000000 0.000000 0.000000 0.000000 -1.000000 -0.000000 0.000000 0.000000 -1.000000 0.000000 17.833401 11.250000 9.317075 6.333400 1.000000 32007.dat
9 0 1.000000 0.000000 0.000000 0.000000 -1.000000 -0.000000 0.000000 0.000000 -1.000000 0.000000 25.068251 17.500002 10.817725 0.326200 7.250000 32007.dat
9 0 1.000000 0.000000 0.000000 0.000000 -1.000000 -0.000000 0.000000 0.000000 -1.000000 0.000000 25.068251 -17.500002 10.817725 0.326200 7.250000 32007.dat
9 0 1.000000 0.000000 0.000000 0.000000 -1.000000 -0.000000 0.000000 0.000000 -1.000000 0.000000 17.833401 -11.250000 9.317075 6.333400 1.000000 32007.dat
9 0 0.707108 -0.707106 -0.000000 -0.707106 -0.707108 -0.000000 0.000000 0.000000 -1.000000 12.610126 12.610126 11.250000 9.317075 6.333400 1.000000 32007.dat
9 0 0.707108 -0.707106 -0.000000 -0.707106 -0.707108 -0.000000 0.000000 0.000000 -1.000000 17.725950 17.725950 17.500002 10.817725 0.326200 7.250000 32007.dat
9 0 0.707108 -0.707106 -0.000000 -0.707106 -0.707108 -0.000000 0.000000 0.000000 -1.000000 17.725950 17.725950 -17.500002 10.817725 0.326200 7.250000 32007.dat
9 0 0.707108 -0.707106 -0.000000 -0.707106 -0.707108 -0.000000 0.000000 0.000000 -1.000000 12.610126 12.610126 -11.250000 9.317075 6.333400 1.000000 32007.dat
9 0 0.000000 -1.000000 -0.000000 -1.000000 0.000000 -0.000000 0.000000 0.000000 -1.000000 17.833401 0.000000 11.250000 9.317075 6.333400 1.000000 32007.dat
9 0 0.000000 -1.000000 -0.000000 -1.000000 0.000000 -0.000000 0.000000 0.000000 -1.000000 25.068251 0.000000 17.500002 10.817725 0.326200 7.250000 32007.dat
9 0 0.000000 -1.000000 -0.000000 -1.000000 0.000000 -0.000000 0.000000 0.000000 -1.000000 25.068251 0.000000 -17.500002 10.817725 0.326200 7.250000 32007.dat
9 0 0.000000 -1.000000 -0.000000 -1.000000 0.000000 -0.000000 0.000000 0.000000 -1.000000 17.833401 0.000000 -11.250000 9.317075 6.333400 1.000000 32007.dat
9 0 -0.707108 -0.707106 -0.000000 -0.707106 0.707108 -0.000000 0.000000 0.000000 -1.000000 12.610126 -12.610126 11.250000 9.317075 6.333400 1.000000 32007.dat
9 0 -0.707108 -0.707106 -0.000000 -0.707106 0.707108 -0.000000 0.000000 0.000000 -1.000000 17.725950 -17.725950 17.500002 10.817725 0.326200 7.250000 32007.dat
9 0 -0.707108 -0.707106 -0.000000 -0.707106 0.707108 -0.000000 0.000000 0.000000 -1.000000 17.725950 -17.725950 -17.500002 10.817725 0.326200 7.250000 32007.dat
9 0 -0.707108 -0.707106 -0.000000 -0.707106 0.707108 -0.000000 0.000000 0.000000 -1.000000 12.610126 -12.610126 -11.250000 9.317075 6.333400 1.000000 32007.dat
9 0 -1.000000 0.000000 -0.000000 0.000000 1.000000 0.000000 0.000000 0.000000 -1.000000 0.000000 -17.833401 11.250000 9.317075 6.333400 1.000000 32007.dat
9 0 -1.000000 0.000000 -0.000000 0.000000 1.000000 0.000000 0.000000 0.000000 -1.000000 0.000000 -25.068251 17.500002 10.817725 0.326200 7.250000 32007.dat
9 0 -1.000000 0.000000 -0.000000 0.000000 1.000000 0.000000 0.000000 0.000000 -1.000000 0.000000 -25.068251 -17.500002 10.817725 0.326200 7.250000 32007.dat
9 0 -1.000000 0.000000 -0.000000 0.000000 1.000000 0.000000 0.000000 0.000000 -1.000000 0.000000 -17.833401 -11.250000 9.317075 6.333400 1.000000 32007.dat
9 0 -0.707108 0.707106 -0.000000 0.707106 0.707108 0.000000 0.000000 -0.000000 -1.000000 -12.610126 -12.610126 11.250000 9.317075 6.333400 1.000000 32007.dat
9 0 -0.707108 0.707106 -0.000000 0.707106 0.707108 0.000000 0.000000 -0.000000 -1.000000 -17.725950 -17.725950 17.500002 10.817725 0.326200 7.250000 32007.dat
9 0 -0.707108 0.707106 -0.000000 0.707106 0.707108 0.000000 0.000000 -0.000000 -1.000000 -17.725950 -17.725950 -17.500002 10.817725 0.326200 7.250000 32007.dat
9 0 -0.707108 0.707106 -0.000000 0.707106 0.707108 0.000000 0.000000 -0.000000 -1.000000 -12.610126 -12.610126 -11.250000 9.317075 6.333400 1.000000 32007.dat
9 0 0.000000 1.000000 -0.000000 1.000000 0.000000 0.000000 0.000000 -0.000000 -1.000000 -17.833401 0.000000 11.250000 9.317075 6.333400 1.000000 32007.dat
9 0 0.000000 1.000000 -0.000000 1.000000 0.000000 0.000000 0.000000 -0.000000 -1.000000 -25.068251 0.000000 17.500002 10.817725 0.326200 7.250000 32007.dat
9 0 0.000000 1.000000 -0.000000 1.000000 0.000000 0.000000 0.000000 -0.000000 -1.000000 -25.068251 0.000000 -17.500002 10.817725 0.326200 7.250000 32007.dat
9 0 0.000000 1.000000 -0.000000 1.000000 0.000000 0.000000 0.000000 -0.000000 -1.000000 -17.833401 0.000000 -11.250000 9.317075 6.333400 1.000000 32007.dat
9 0 0.707108 0.707106 0.000000 0.707106 -0.707108 -0.000000 -0.000000 0.000000 -1.000000 -12.610126 12.610126 11.250000 9.317075 6.333400 1.000000 32007.dat
9 0 0.707108 0.707106 0.000000 0.707106 -0.707108 -0.000000 -0.000000 0.000000 -1.000000 -17.725950 17.725950 17.500002 10.817725 0.326200 7.250000 32007.dat
9 0 0.707108 0.707106 0.000000 0.707106 -0.707108 -0.000000 -0.000000 0.000000 -1.000000 -17.725950 17.725950 -17.500002 10.817725 0.326200 7.250000 32007.dat
9 0 0.707108 0.707106 0.000000 0.707106 -0.707108 -0.000000 -0.000000 0.000000 -1.000000 -12.610126 12.610126 -11.250000 9.317075 6.333400 1.000000 32007.dat
9 0 0.707107 0.707107 0.000000 -0.707107 0.707107 0.000000 0.000000 0.000000 1.000000 7.231350 -7.231350 0.000000 5.011900 2.226675 9.750000 32007.dat
9 0 -0.000000 1.000000 0.000000 -1.000000 -0.000000 0.000000 0.000000 0.000000 1.000000 10.226675 0.000000 0.000000 5.011900 2.226675 9.750000 32007.dat
9 0 -0.707107 0.707107 0.000000 -0.707107 -0.707107 0.000000 0.000000 0.000000 1.000000 7.231350 7.231350 0.000000 5.011900 2.226675 9.750000 32007.dat
9 0 -1.000000 0.000000 0.000000 -0.000000 -1.000000 0.000000 0.000000 0.000000 1.000000 0.000000 10.226675 0.000000 5.011900 2.226675 9.750000 32007.dat
9 0 -0.707107 -0.707107 0.000000 0.707107 -0.707107 0.000000 0.000000 0.000000 1.000000 -7.231350 7.231350 0.000000 5.011900 2.226675 9.750000 32007.dat
9 0 -0.000000 -1.000000 0.000000 1.000000 -0.000000 0.000000 0.000000 0.000000 1.000000 -10.226675 0.000000 0.000000 5.011900 2.226675 9.750000 32007.dat
9 0 0.707107 -0.707107 0.000000 0.707107 0.707107 0.000000 0.000000 0.000000 1.000000 -7.231350 -7.231350 0.000000 5.011900 2.226675 9.750000 32007.dat
9 0 0.707108 -0.707106 -0.000000 -0.707106 -0.707108 -0.000000 0.000000 0.000000 -1.000000 16.657024 16.657024 15.312001 0.813000 3.556575 5.061900 32007.dat
9 0 1.000000 0.000000 0.000000 0.000000 -1.000000 -0.000000 0.000000 0.000000 -1.000000 0.000000 23.556576 15.312001 0.813000 3.556575 5.061900 32007.dat
9 0 0.000000 -1.000000 -0.000000 -1.000000 0.000000 -0.000000 0.000000 0.000000 -1.000000 23.556576 0.000000 15.312001 0.813000 3.556575 5.061900 32007.dat
9 0 -1.000000 0.000000 -0.000000 0.000000 1.000000 0.000000 0.000000 0.000000 -1.000000 0.000000 -23.556576 15.312001 0.813000 3.556575 5.061900 32007.dat
9 0 -0.707108 -0.707106 -0.000000 -0.707106 0.707108 -0.000000 0.000000 0.000000 -1.000000 16.657024 -16.657024 15.312001 0.813000 3.556575 5.061900 32007.dat
9 0 -0.707108 0.707106 -0.000000 0.707106 0.707108 0.000000 0.000000 -0.000000 -1.000000 -16.657024 -16.657024 15.312001 0.813000 3.556575 5.061900 32007.dat
9 0 0.707108 0.707106 0.000000 0.707106 -0.707108 -0.000000 -0.000000 0.000000 -1.000000 -16.657024 16.657024 15.312001 0.813000 3.556575 5.061900 32007.dat
9 0 0.000000 1.000000 -0.000000 1.000000 0.000000 0.000000 0.000000 -0.000000 -1.000000 -23.556576 0.000000 15.312001 0.813000 3.556575 5.061900 32007.dat
9 0 0.707108 -0.707106 -0.000000 -0.707106 -0.707108 -0.000000 0.000000 0.000000 -1.000000 16.657024 16.657024 -15.311900 0.813000 3.556575 5.061900 32007.dat
9 0 1.000000 0.000000 0.000000 0.000000 -1.000000 -0.000000 0.000000 0.000000 -1.000000 0.000000 23.556576 -15.311900 0.813000 3.556575 5.061900 32007.dat
9 0 0.000000 -1.000000 -0.000000 -1.000000 0.000000 -0.000000 0.000000 0.000000 -1.000000 23.556576 0.000000 -15.311900 0.813000 3.556575 5.061900 32007.dat
9 0 -1.000000 0.000000 -0.000000 0.000000 1.000000 0.000000 0.000000 0.000000 -1.000000 0.000000 -23.556576 -15.311900 0.813000 3.556575 5.061900 32007.dat
9 0 -0.707108 -0.707106 -0.000000 -0.707106 0.707108 -0.000000 0.000000 0.000000 -1.000000 16.657024 -16.657024 -15.311900 0.813000 3.556575 5.061900 32007.dat
9 0 -0.707108 0.707106 -0.000000 0.707106 0.707108 0.000000 0.000000 -0.000000 -1.000000 -16.657024 -16.657024 -15.311900 0.813000 3.556575 5.061900 32007.dat
9 0 0.707108 0.707106 0.000000 0.707106 -0.707108 -0.000000 -0.000000 0.000000 -1.000000 -16.657024 16.657024 -15.311900 0.813000 3.556575 5.061900 32007.dat
9 0 0.000000 1.000000 -0.000000 1.000000 0.000000 0.000000 0.000000 -0.000000 -1.000000 -23.556576 0.000000 -15.311900 0.813000 3.556575 5.061900 32007.dat
10 0 -28.617748 -29.857250 -35.000000 28.617748 29.857250 15.000001 32007.dat
0 2 -0.000000 1.000000 -0.000000 0.000000 -0.000000 -1.000000 -1.000000 0.000000 -0.000000 0.000000 0.000000 -10.000000 0 0 0.800000 0 0 32007.dat
4 103 1.000000 0.000000 0.000000 0.000000 -0.000000 1.000000 0.000000 -1.000000 -0.000000 0.000000 0.000000 0.000000 1 32007.dat
4 103 1.000000 0.000000 0.000000 0.000000 0.000000 -1.000000 0.000000 1.000000 0.000000 0.000000 0.000000 0.000000 1 32007.dat
