9 0 -0.707107 0.707107 -0.000000 0.000000 -0.000000 -1.000000 -0.707107 -0.707107 0.000000 -45.366196 -45.366211 -9.242373 19.614401 23.492075 9.635725 32019.dat
9 0 -0.965926 0.258819 0.000000 0.000000 0.000000 -1.000000 -0.258819 -0.965926 0.000000 -16.605156 -61.971371 -9.242373 19.614401 23.492075 9.635725 32019.dat
9 0 -0.965926 -0.258819 -0.000001 0.000001 -0.000000 -1.000000 0.258819 -0.965926 0.000001 16.605177 -61.971367 -9.242373 19.614401 23.492075 9.635725 32019.dat
9 0 -0.707107 -0.707107 0.000000 -0.000000 -0.000000 -1.000000 0.707107 -0.707107 -0.000000 45.366211 -45.366196 -9.242373 19.614401 23.492075 9.635725 32019.dat
9 0 -0.258819 -0.965926 -0.000000 0.000000 0.000000 -1.000000 0.965926 -0.258819 0.000000 61.971371 -16.605156 -9.242373 19.614401 23.492075 9.635725 32019.dat
9 0 0.258819 -0.965926 0.000000 -0.000000 -0.000000 -1.000000 0.965926 0.258819 0.000000 61.971367 16.605177 -9.242373 19.614401 23.492075 9.635725 32019.dat
9 0 0.707107 -0.707107 0.000000 -0.000000 -0.000000 -1.000000 0.707107 0.707107 -0.000000 45.366196 45.366211 -9.242373 19.614401 23.492075 9.635725 32019.dat
9 0 0.965926 -0.258818 0.000000 -0.000000 -0.000000 -1.000000 0.258818 0.965926 0.000000 16.605156 61.971371 -9.242373 19.614401 23.492075 9.635725 32019.dat
9 0 0.965926 0.258820 0.000000 0.000000 0.000000 -1.000000 -0.258820 0.965926 0.000000 -16.605177 61.971367 -9.242373 19.614401 23.492075 9.635725 32019.dat
9 0 0.707107 0.707107 -0.000000 0.000000 -0.000000 -1.000000 -0.707107 0.707107 -0.000000 -45.366211 45.366196 -9.242373 19.614401 23.492075 9.635725 32019.dat
9 0 0.258818 0.965926 0.000001 -0.000000 0.000001 -1.000000 -0.965926 0.258818 0.000001 -61.971371 16.605156 -9.242373 19.614401 23.492075 9.635725 32019.dat
9 0 -0.258819 0.965926 -0.000000 0.000000 0.000000 -1.000000 -0.965926 -0.258819 0.000000 -61.971367 -16.605177 -9.242373 19.614401 23.492075 9.635725 32019.dat
10 0 -78.000000 -78.000000 -45.000000 78.000000 78.000000 4.984450 32019.dat
4 70 0.707107 -0.707107 0.000000 -0.000000 -0.000000 1.000000 -0.707107 -0.707107 -0.000000 0.000000 0.000000 -9.249999 1 32019.dat
4 70 0.707107 -0.707107 0.000000 0.000000 0.000000 -1.000000 0.707107 0.707107 0.000000 0.000000 0.000000 -9.249999 1 32019.dat
