9 0 0.000000 0.000000 -1.000000 -0.000000 -1.000000 -0.000000 -1.000000 0.000000 -0.000000 -8.475000 -0.000076 0.000000 39.750000 4.749900 0.475000 32017.dat
9 0 -0.000000 -0.000000 -1.000000 -0.000000 -1.000000 0.000000 -1.000000 0.000000 0.000000 8.537498 -0.000076 0.000000 39.750000 4.749900 0.487500 32017.dat
9 0 1.000000 -0.000000 0.000000 -0.000000 -1.000000 0.000000 0.000000 -0.000000 -1.000000 0.037500 -0.000000 -30.000002 8.975000 4.750000 2.000000 32017.dat
9 0 1.000000 -0.000000 0.000000 -0.000000 -1.000000 0.000000 0.000000 -0.000000 -1.000000 0.037499 -0.000101 -9.999999 8.975000 4.749900 2.000000 32017.dat
9 0 1.000000 -0.000000 0.000000 -0.000000 -1.000000 0.000000 0.000000 -0.000000 -1.000000 0.037497 -0.000101 9.999999 8.975000 4.749900 2.000000 32017.dat
9 0 1.000000 -0.000000 0.000000 -0.000000 -1.000000 0.000000 0.000000 -0.000000 -1.000000 0.037496 -0.000101 29.999998 8.975000 4.749900 2.000000 32017.dat
9 0 -0.000000 0.000000 1.000000 1.000000 0.000000 0.000000 0.000000 1.000000 -0.000000 0.000001 -0.000000 -48.137501 0.137500 2.565275 4.750000 32017.dat
9 0 0.573576 0.000000 0.819152 0.819152 0.000000 -0.573576 0.000000 1.000000 -0.000000 -4.667474 -0.000000 -46.665852 0.137500 2.565275 4.750000 32017.dat
9 0 -0.573576 0.000000 0.819152 0.819152 0.000000 0.573577 0.000000 1.000000 -0.000000 4.667475 -0.000000 -46.665852 0.137500 2.565275 4.750000 32017.dat
9 0 0.000000 0.000000 -1.000000 -1.000000 0.000000 -0.000000 0.000000 1.000000 -0.000000 -0.000005 -0.000000 48.137501 0.137500 2.565275 4.750000 32017.dat
9 0 -0.573576 0.000000 -0.819152 -0.819152 0.000000 0.573576 0.000000 1.000000 -0.000000 4.667470 -0.000000 46.665749 0.137500 2.565275 4.750000 32017.dat
9 0 0.573576 0.000000 -0.819152 -0.819152 0.000000 -0.573577 0.000000 1.000000 -0.000000 -4.667480 -0.000000 46.665749 0.137500 2.565275 4.750000 32017.dat
9 0 -0.000000 0.000000 1.000000 1.000000 0.000000 0.000000 0.000000 1.000000 -0.000000 6.999998 -0.000000 0.000000 44.375000 0.500000 2.750000 32017.dat
9 0 -0.000000 0.000000 1.000000 1.000000 0.000000 0.000000 0.000000 1.000000 -0.000000 -7.000001 -0.000000 0.000000 44.375000 0.500000 2.750000 32017.dat
10 0 -9.250000 -9.250000 -10.000000 89.250000 9.250000 0.000000 32017.dat
0 2 -0.000000 0.000000 1.000000 -0.000000 -1.000000 0.000000 1.000000 -0.000000 0.000000 0.000000 -5.000000 -40.000000 0 0 0.400000 0 0 32017.dat
0 2 -0.000000 0.000000 1.000000 -0.000000 -1.000000 0.000000 1.000000 -0.000000 0.000000 -0.000001 -5.000000 -20.000000 0 0 0.400000 0 0 32017.dat
0 2 -0.000000 0.000000 1.000000 -0.000000 -1.000000 0.000000 1.000000 -0.000000 0.000000 -0.000002 -5.000000 0.000000 0 0 0.400000 0 0 32017.dat
0 2 -0.000000 0.000000 1.000000 -0.000000 -1.000000 0.000000 1.000000 -0.000000 0.000000 -0.000004 -5.000000 20.000002 0 0 0.400000 0 0 32017.dat
0 2 -0.000000 0.000000 1.000000 -0.000000 -1.000000 0.000000 1.000000 -0.000000 0.000000 -0.000005 -5.000000 40.000000 0 0 0.400000 0 0 32017.dat
