9 0 -0.000000 1.000000 -0.000000 -0.000000 -0.000000 -1.000000 -1.000000 0.000000 0.000000 0.000012 0.000000 8.161998 3.130200 0.162100 9.749225 32016.dat
9 0 0.000000 0.000000 1.000000 0.000000 1.000000 0.000000 -1.000000 0.000000 0.000000 -4.231171 -4.179875 -18.125525 11.624475 1.203000 1.254275 32016.dat
9 0 0.000000 0.000000 1.000000 0.000000 1.000000 0.000000 -1.000000 0.000000 0.000000 4.222204 4.214950 -18.125528 11.624475 1.238075 1.245325 32016.dat
9 0 0.000000 0.000000 1.000000 0.000000 1.000000 0.000000 -1.000000 0.000000 0.000000 -4.231171 4.214950 -18.125525 11.624475 1.238075 1.254275 32016.dat
9 0 0.000000 0.000000 1.000000 0.000000 1.000000 0.000000 -1.000000 0.000000 0.000000 4.231179 -4.179875 -18.125528 11.624475 1.203000 1.254275 32016.dat
9 0 -0.000000 0.382683 -0.923880 -0.000000 -0.923880 -0.382683 -1.000000 0.000000 0.000000 0.000013 -13.356800 11.994499 13.557126 1.250000 3.743800 32016.dat
9 0 -0.000000 0.382683 -0.923880 -0.000000 -0.923880 -0.382683 -1.000000 0.000000 0.000000 0.000015 1.449850 16.751497 14.828526 1.250000 3.743800 32016.dat
9 0 -0.000001 0.382683 -0.923880 1.000000 0.000000 -0.000001 -0.000000 -0.923880 -0.382683 -7.749985 -7.312850 17.654753 10.640625 1.250000 3.743800 32016.dat
9 0 -0.000001 0.382683 -0.923880 1.000000 0.000000 -0.000001 -0.000000 -0.923880 -0.382683 7.750015 -7.300200 17.624247 10.640625 1.250000 3.743800 32016.dat
9 0 0.000000 -0.382683 0.923880 0.000000 0.923880 0.382683 -1.000000 0.000000 0.000000 4.222215 -3.035525 18.361500 11.624475 1.245325 1.245325 32016.dat
9 0 0.000000 -0.382683 0.923880 0.000000 0.923880 0.382683 -1.000000 0.000000 0.000000 -4.222185 -3.035525 18.361500 11.624475 1.245325 1.245325 32016.dat
9 0 0.000000 -0.382683 0.923880 0.000000 0.923880 0.382683 -1.000000 0.000000 0.000000 -4.231161 -10.798025 15.146250 11.624475 1.203000 1.254275 32016.dat
9 0 0.000000 -0.382683 0.923880 0.000000 0.923880 0.382683 -1.000000 0.000000 0.000000 4.231189 -10.798050 15.146250 11.624475 1.203000 1.254275 32016.dat
9 0 -0.000000 0.000000 -1.000000 1.000000 0.000000 -0.000000 -0.000000 -1.000000 -0.000000 -7.787497 0.000000 -19.109375 10.640625 1.250000 3.743800 32016.dat
9 0 -0.000000 -0.000000 -1.000000 1.000000 0.000000 -0.000000 0.000000 -1.000000 0.000000 7.750004 0.000000 -19.109379 10.640625 1.250000 3.743775 32016.dat
9 0 0.000000 0.000000 1.000000 0.000000 -1.000000 -0.000000 1.000000 0.000000 -0.000000 0.000005 -7.750000 -15.000001 14.749999 1.250000 3.743800 32016.dat
9 0 0.000000 0.000000 1.000000 0.000000 -1.000000 -0.000000 1.000000 0.000000 -0.000000 0.000005 7.750000 -15.000001 14.749999 1.250000 3.743800 32016.dat
9 0 -0.000000 0.707107 -0.707107 -0.000000 -0.707107 -0.707107 -1.000000 0.000000 0.000000 0.000011 5.771475 5.771500 3.130200 0.162100 9.749225 32016.dat
9 0 0.000000 0.707107 0.707107 -0.000000 0.707107 -0.707107 -1.000000 0.000000 0.000000 0.000011 -5.771475 5.771500 3.130200 0.162100 9.749225 32016.dat
9 0 0.000000 0.000000 1.000000 0.000000 1.000000 0.000000 -1.000000 0.000000 0.000000 0.000009 -8.162100 0.000000 3.130200 0.162100 9.749225 32016.dat
9 0 0.000000 -0.707107 0.707107 0.000000 0.707107 0.707107 -1.000000 0.000000 0.000000 0.000008 -5.771475 -5.771476 3.130200 0.162100 9.749225 32016.dat
9 0 -0.000000 -1.000000 -0.000000 0.000000 -0.000000 1.000000 -1.000000 0.000000 0.000000 0.000007 0.000000 -8.162101 3.130200 0.162100 9.749225 32016.dat
9 0 -0.000000 -0.707107 -0.707107 0.000000 -0.707107 0.707107 -1.000000 0.000000 0.000000 0.000008 5.771475 -5.771476 3.130200 0.162100 9.749225 32016.dat
9 0 -0.000000 0.000000 -1.000000 -0.000000 -1.000000 -0.000000 -1.000000 0.000000 0.000000 0.000009 8.162100 0.000000 3.130200 0.162100 9.749225 32016.dat
9 0 0.000000 0.000000 1.000000 0.000000 1.000000 0.000000 -1.000000 0.000000 0.000000 0.000009 7.000000 0.008750 4.430650 0.500000 7.750000 32016.dat
9 0 0.000000 0.000000 1.000000 0.000000 1.000000 0.000000 -1.000000 0.000000 0.000000 0.000009 -7.000000 0.008750 4.430650 0.500000 7.750000 32016.dat
10 0 0.000000 -10.000000 -10.000000 61.256248 20.026402 10.000000 32016.dat
0 2 0.000000 0.000000 1.000000 1.000000 -0.000000 -0.000000 0.000000 1.000000 -0.000000 10.000010 0.000000 -0.000003 0 0 0.800000 0 0 32016.dat
0 4 -0.000000 1.000000 -0.000000 -0.000000 -0.000000 -1.000000 -1.000000 0.000000 0.000000 0.000000 0.000000 -30.000002 0 1 0.800000 0 0 32016.dat
0 4 0.000000 0.923879 0.382684 0.000000 -0.382684 0.923879 1.000000 -0.000000 -0.000000 0.000018 -11.480500 27.716499 0 1 0.800000 0 0 32016.dat
2 22 0.000000 0.000000 1.000000 1.000000 -0.000000 -0.000000 0.000000 1.000000 -0.000000 10.000006 10.000000 -10.000004 2 2 22:1:1,22:2:1,22:1:1,22:2:1,16:4:64,22:2:1,22:1:1,22:2:1,22:1:1, 32016.dat
2 22 -0.000000 0.000000 -1.000000 -1.000000 0.000000 0.000000 0.000000 1.000000 0.000000 -9.999988 10.000000 10.000002 2 2 22:1:1,22:2:1,22:1:1,22:2:1,16:4:64,22:2:1,22:1:1,22:2:1,22:1:1, 32016.dat
2 22 1.000000 -0.000000 -0.000000 -0.000000 -0.000000 -1.000000 0.000000 1.000000 -0.000000 -10.000000 10.000000 -29.999998 2 2 29:0:0,29:0:0,29:0:0,29:0:0,13:4:33,29:0:0,29:0:0,29:0:0,29:0:0, 32016.dat
2 22 -1.000000 -0.000000 0.000000 0.000000 -0.382683 0.923880 0.000000 0.923880 0.382683 10.000019 -2.241700 31.543243 2 2 29:0:0,29:0:0,29:0:0,29:0:0,13:4:33,29:0:0,29:0:0,29:0:0,29:0:0, 32016.dat
