9 0 0.000000 -0.707106 -0.707108 0.000000 -0.707108 0.707106 -1.000000 0.000000 0.000000 -17.104500 -10.690866 10.690841 14.073950 7.982250 1.140350 32012.dat
9 0 0.000000 -0.707106 -0.707108 0.000000 -0.707108 0.707106 -1.000000 0.000000 0.000000 0.073576 -4.979027 4.979015 5.126600 0.596825 19.750000 32012.dat
9 0 0.000000 0.707106 0.707108 0.000000 0.707108 -0.707106 -1.000000 0.000000 0.000000 0.073576 -0.003525 5.918501 1.687500 1.687500 19.750000 32012.dat
9 0 0.000000 -0.707106 -0.707108 0.000000 -0.707108 0.707106 -1.000000 0.000000 0.000000 17.228676 -10.690866 10.690841 14.073950 7.982250 1.140350 32012.dat
9 0 0.000000 -0.707108 0.707106 0.000000 0.707106 0.707108 -1.000000 0.000000 0.000000 -17.104500 10.690841 10.690866 14.073950 7.982250 1.140350 32012.dat
9 0 0.000000 -0.707108 0.707106 0.000000 0.707106 0.707108 -1.000000 0.000000 0.000000 0.073576 4.979015 4.979027 5.126600 0.596825 19.750000 32012.dat
9 0 0.000000 0.707108 -0.707106 0.000000 -0.707106 -0.707108 -1.000000 0.000000 0.000000 0.073576 5.918501 0.003525 1.687500 1.687500 19.750000 32012.dat
9 0 0.000000 -0.707108 0.707106 0.000000 0.707106 0.707108 -1.000000 0.000000 0.000000 17.228676 10.690841 10.690866 14.073950 7.982250 1.140350 32012.dat
9 0 0.000000 0.707106 0.707108 0.000000 0.707108 -0.707106 -1.000000 0.000000 0.000000 -17.104500 10.690866 -10.690841 14.073950 7.982250 1.140350 32012.dat
9 0 0.000000 0.707106 0.707108 0.000000 0.707108 -0.707106 -1.000000 0.000000 0.000000 0.073576 4.979027 -4.979015 5.126600 0.596825 19.750000 32012.dat
9 0 0.000000 -0.707106 -0.707108 0.000000 -0.707108 0.707106 -1.000000 0.000000 0.000000 0.073576 0.003525 -5.918501 1.687500 1.687500 19.750000 32012.dat
9 0 0.000000 0.707106 0.707108 0.000000 0.707108 -0.707106 -1.000000 0.000000 0.000000 17.228676 10.690866 -10.690841 14.073950 7.982250 1.140350 32012.dat
9 0 0.000000 0.707108 -0.707106 0.000000 -0.707106 -0.707108 -1.000000 0.000000 0.000000 -17.104500 -10.690841 -10.690866 14.073950 7.982250 1.140350 32012.dat
9 0 0.000000 0.707108 -0.707106 0.000000 -0.707106 -0.707108 -1.000000 0.000000 0.000000 0.073576 -4.979015 -4.979027 5.126600 0.596825 19.750000 32012.dat
9 0 0.000000 -0.707108 0.707106 0.000000 0.707106 0.707108 -1.000000 0.000000 0.000000 0.073576 -5.918501 -0.003525 1.687500 1.687500 19.750000 32012.dat
9 0 0.000000 0.707108 -0.707106 0.000000 -0.707106 -0.707108 -1.000000 0.000000 0.000000 17.228676 -10.690841 -10.690866 14.073950 7.982250 1.140350 32012.dat
10 0 -25.000000 -25.000000 -40.000000 25.000000 25.000000 0.000000 32012.dat
0 4 0.000000 0.707106 0.707108 1.000000 -0.000000 0.000000 0.000000 0.707108 -0.707106 20.000000 0.000000 0.000000 0 0 1.600000 0 0 32012.dat
