9 0 -0.866025 -0.500000 -0.000000 -0.500000 0.866025 -0.000000 0.000000 0.000000 -1.000000 11.644327 -20.168676 0.250003 1.999925 16.461250 9.750000 32020.dat
9 0 0.000000 -1.000000 0.000000 -1.000000 -0.000000 -0.000000 0.000000 0.000000 -1.000000 23.288754 0.000000 0.250007 1.999925 16.461250 9.750000 32020.dat
9 0 0.866025 -0.500000 0.000000 -0.500000 -0.866025 -0.000000 0.000000 0.000000 -1.000000 11.644428 20.168625 0.250003 1.999925 16.461250 9.750000 32020.dat
9 0 0.866025 0.500000 0.000000 0.500000 -0.866025 0.000000 0.000000 0.000000 -1.000000 -11.644321 20.168676 0.249996 1.999925 16.461250 9.750000 32020.dat
9 0 -0.866025 0.500000 -0.000000 0.500000 0.866025 0.000000 0.000000 0.000000 -1.000000 -11.644423 -20.168625 0.249996 1.999925 16.461250 9.750000 32020.dat
9 0 0.707107 -0.707107 0.000000 -0.707107 -0.707107 -0.000000 0.000000 0.000000 -1.000000 7.083776 7.083775 8.250003 1.867075 1.855350 1.750000 32020.dat
9 0 0.258819 -0.965926 0.000000 -0.965926 -0.258819 -0.000000 0.000000 0.000000 -1.000000 9.676625 2.592850 8.250003 1.867075 1.855350 1.750000 32020.dat
9 0 -0.258819 -0.965926 -0.000000 -0.965926 0.258819 -0.000000 0.000000 0.000000 -1.000000 9.676625 -2.592850 8.250003 1.867075 1.855350 1.750000 32020.dat
9 0 -0.707107 0.707107 -0.000000 0.707107 0.707107 0.000000 0.000000 0.000000 -1.000000 -7.083775 -7.083775 8.249998 1.867075 1.855350 1.750000 32020.dat
9 0 -0.258819 0.965926 -0.000000 0.965926 0.258819 0.000000 0.000000 0.000000 -1.000000 -9.676624 -2.592850 8.249996 1.867075 1.855350 1.750000 32020.dat
9 0 0.258819 0.965926 0.000000 0.965926 -0.258819 0.000000 0.000000 0.000000 -1.000000 -9.676624 2.592850 8.249996 1.867075 1.855350 1.750000 32020.dat
9 0 0.965926 -0.258819 0.000000 -0.258819 -0.965926 -0.000000 0.000000 0.000000 -1.000000 2.592850 9.676625 8.250001 1.867075 1.855350 1.750000 32020.dat
9 0 0.965926 0.258819 0.000000 0.258819 -0.965926 0.000000 0.000000 0.000000 -1.000000 -2.592849 9.676625 8.249999 1.867075 1.855350 1.750000 32020.dat
9 0 0.707107 0.707107 0.000000 0.707107 -0.707107 0.000000 0.000000 0.000000 -1.000000 -7.083775 7.083775 8.249998 1.867075 1.855350 1.750000 32020.dat
9 0 -0.965926 0.258819 -0.000000 0.258819 0.965926 0.000000 0.000000 0.000000 -1.000000 -2.592849 -9.676625 8.249999 1.867075 1.855350 1.750000 32020.dat
9 0 -0.965926 -0.258819 -0.000000 -0.258819 0.965926 -0.000000 0.000000 0.000000 -1.000000 2.592850 -9.676625 8.250001 1.867075 1.855350 1.750000 32020.dat
9 0 -0.707107 -0.707107 -0.000000 -0.707107 0.707107 -0.000000 0.000000 0.000000 -1.000000 7.083776 -7.083775 8.250003 1.867075 1.855350 1.750000 32020.dat
9 0 0.000000 1.000000 0.000000 1.000000 -0.000000 0.000000 0.000000 0.000000 -1.000000 -23.288748 0.000000 0.249992 1.999925 16.461250 9.750000 32020.dat
9 0 -1.000000 0.000000 -0.000000 0.000000 1.000000 0.000000 0.000000 0.000000 -1.000000 3.951355 3.859900 -4.749999 1.451350 1.359900 14.749999 32020.dat
9 0 -1.000000 0.000000 -0.000000 0.000000 1.000000 0.000000 0.000000 0.000000 -1.000000 -3.951345 -3.859900 -4.750002 1.451350 1.359900 14.749999 32020.dat
9 0 -0.707107 -0.707107 -0.000000 -0.707107 0.707107 -0.000000 0.000000 0.000000 -1.000000 5.039705 -5.039700 -4.749999 1.867075 0.523825 14.749999 32020.dat
9 0 -0.258819 -0.965926 -0.000000 -0.965926 0.258819 -0.000000 0.000000 0.000000 -1.000000 6.884355 -1.844650 -4.749998 1.867075 0.523825 14.749999 32020.dat
9 0 0.258819 -0.965926 0.000000 -0.965926 -0.258819 -0.000000 0.000000 0.000000 -1.000000 6.884355 1.844650 -4.749998 1.867075 0.523825 14.749999 32020.dat
9 0 0.707107 -0.707107 0.000000 -0.707107 -0.707107 -0.000000 0.000000 0.000000 -1.000000 5.039705 5.039700 -4.749999 1.867075 0.523825 14.749999 32020.dat
9 0 0.965926 -0.258819 0.000000 -0.258819 -0.965926 -0.000000 0.000000 0.000000 -1.000000 1.844655 6.884350 -4.750000 1.867075 0.523825 14.749999 32020.dat
9 0 0.965926 0.258819 0.000000 0.258819 -0.965926 0.000000 0.000000 0.000000 -1.000000 -1.844645 6.884350 -4.750000 1.867075 0.523825 14.749999 32020.dat
9 0 0.707107 0.707107 0.000000 0.707107 -0.707107 0.000000 0.000000 0.000000 -1.000000 -5.039695 5.039700 -4.750002 1.867075 0.523825 14.749999 32020.dat
9 0 0.258819 0.965926 0.000000 0.965926 -0.258819 0.000000 0.000000 0.000000 -1.000000 -6.884345 1.844650 -4.750004 1.867075 0.523825 14.749999 32020.dat
9 0 -0.258819 0.965926 -0.000000 0.965926 0.258819 0.000000 0.000000 0.000000 -1.000000 -6.884345 -1.844650 -4.750004 1.867075 0.523825 14.749999 32020.dat
9 0 -0.707107 0.707107 -0.000000 0.707107 0.707107 0.000000 0.000000 0.000000 -1.000000 -5.039695 -5.039700 -4.750002 1.867075 0.523825 14.749999 32020.dat
9 0 -0.965926 0.258819 -0.000000 0.258819 0.965926 0.000000 0.000000 0.000000 -1.000000 -1.844645 -6.884350 -4.750000 1.867075 0.523825 14.749999 32020.dat
9 0 -0.965926 -0.258819 -0.000000 -0.258819 0.965926 -0.000000 0.000000 0.000000 -1.000000 1.844655 -6.884350 -4.750000 1.867075 0.523825 14.749999 32020.dat
9 0 1.000000 0.000000 0.000000 0.000000 -1.000000 0.000000 0.000000 0.000000 -1.000000 0.000003 33.875000 0.250000 11.386475 5.875000 9.750000 32020.dat
9 0 0.500000 -0.866025 0.000000 -0.866025 -0.500000 -0.000000 0.000000 0.000000 -1.000000 29.376003 16.960224 0.250009 11.386475 5.829525 9.750000 32020.dat
9 0 -1.000000 0.000000 -0.000000 0.000000 1.000000 0.000000 0.000000 0.000000 -1.000000 0.000003 -33.875000 0.250000 11.386475 5.875000 9.750000 32020.dat
9 0 0.866025 -0.500000 0.000000 -0.500000 -0.866025 -0.000000 0.000000 0.000000 -1.000000 16.922604 29.310751 0.250005 11.386475 5.904825 9.750000 32020.dat
9 0 0.000000 -1.000000 0.000000 -1.000000 -0.000000 -0.000000 0.000000 0.000000 -1.000000 33.845253 0.000000 0.250011 11.386475 5.904825 9.750000 32020.dat
9 0 0.866025 0.500000 0.000000 0.500000 -0.866025 0.000000 0.000000 0.000000 -1.000000 -16.922598 29.310751 0.249995 11.386475 5.904825 9.750000 32020.dat
9 0 -0.500000 -0.866025 -0.000000 -0.866025 0.500000 -0.000000 0.000000 0.000000 -1.000000 29.388252 -16.967276 0.250009 11.386475 5.815475 9.750000 32020.dat
9 0 0.500000 0.866025 0.000000 0.866025 -0.500000 0.000000 0.000000 0.000000 -1.000000 -29.376497 16.960548 0.249990 11.386475 5.828925 9.750000 32020.dat
9 0 -0.500000 0.866025 -0.000000 0.866025 0.500000 0.000000 0.000000 0.000000 -1.000000 -29.377996 -16.961374 0.249990 11.386475 5.827250 9.750000 32020.dat
9 0 -0.866025 -0.500000 -0.000000 -0.500000 0.866025 -0.000000 0.000000 0.000000 -1.000000 16.922604 -29.310751 0.250005 11.386475 5.904825 9.750000 32020.dat
9 0 -0.866025 0.500000 -0.000000 0.500000 0.866025 0.000000 0.000000 0.000000 -1.000000 -16.922598 -29.310751 0.249995 11.386475 5.904825 9.750000 32020.dat
9 0 0.000000 1.000000 0.000000 1.000000 -0.000000 0.000000 0.000000 0.000000 -1.000000 -33.845245 0.000000 0.249989 11.386475 5.904825 9.750000 32020.dat
9 0 0.500000 -0.866025 0.000000 -0.866025 -0.500000 -0.000000 0.000000 0.000000 -1.000000 36.143257 20.867374 -9.749989 11.386475 1.484725 22.250000 32020.dat
9 0 0.500000 -0.866025 0.000000 -0.866025 -0.500000 -0.000000 0.000000 0.000000 -1.000000 39.908009 23.040825 -9.749987 13.713776 5.831675 14.749999 32020.dat
9 0 0.866025 -0.500000 0.000000 -0.500000 -0.866025 -0.000000 0.000000 0.000000 -1.000000 20.867380 36.143250 -9.749993 11.386475 1.484725 22.250000 32020.dat
9 0 0.866025 -0.500000 0.000000 -0.500000 -0.866025 -0.000000 0.000000 0.000000 -1.000000 23.040831 39.908001 -9.749993 13.713776 5.831675 14.749999 32020.dat
9 0 1.000000 0.000000 0.000000 0.000000 -1.000000 0.000000 0.000000 0.000000 -1.000000 0.000007 41.734749 -9.750000 11.386475 1.484725 22.250000 32020.dat
9 0 1.000000 0.000000 0.000000 0.000000 -1.000000 0.000000 0.000000 0.000000 -1.000000 0.000007 46.081749 -9.750000 13.713776 5.831675 14.749999 32020.dat
9 0 -0.866025 -0.500000 -0.000000 -0.500000 0.866025 -0.000000 0.000000 0.000000 -1.000000 20.867380 -36.143250 -9.749993 11.386475 1.484725 22.250000 32020.dat
9 0 -0.866025 -0.500000 -0.000000 -0.500000 0.866025 -0.000000 0.000000 0.000000 -1.000000 23.040831 -39.908001 -9.749993 13.713776 5.831675 14.749999 32020.dat
9 0 -0.500000 -0.866025 -0.000000 -0.866025 0.500000 -0.000000 0.000000 0.000000 -1.000000 36.143257 -20.867374 -9.749989 11.386475 1.484725 22.250000 32020.dat
9 0 -0.500000 -0.866025 -0.000000 -0.866025 0.500000 -0.000000 0.000000 0.000000 -1.000000 39.908009 -23.040825 -9.749987 13.713776 5.831675 14.749999 32020.dat
9 0 0.000000 -1.000000 0.000000 -1.000000 -0.000000 -0.000000 0.000000 0.000000 -1.000000 41.734756 0.000000 -9.749987 11.386475 1.484725 22.250000 32020.dat
9 0 0.000000 -1.000000 0.000000 -1.000000 -0.000000 -0.000000 0.000000 0.000000 -1.000000 46.081753 0.000000 -9.749986 13.713776 5.831675 14.749999 32020.dat
9 0 -0.500000 0.866025 -0.000000 0.866025 0.500000 0.000000 0.000000 0.000000 -1.000000 -36.143242 -20.867374 -9.750012 11.386475 1.484725 22.250000 32020.dat
9 0 -0.500000 0.866025 -0.000000 0.866025 0.500000 0.000000 0.000000 0.000000 -1.000000 -39.907993 -23.040825 -9.750013 13.713776 5.831675 14.749999 32020.dat
9 0 -0.866025 0.500000 -0.000000 0.500000 0.866025 0.000000 0.000000 0.000000 -1.000000 -20.867369 -36.143250 -9.750008 11.386475 1.484725 22.250000 32020.dat
9 0 -0.866025 0.500000 -0.000000 0.500000 0.866025 0.000000 0.000000 0.000000 -1.000000 -23.040819 -39.908001 -9.750008 13.713776 5.831675 14.749999 32020.dat
9 0 -1.000000 0.000000 -0.000000 0.000000 1.000000 0.000000 0.000000 0.000000 -1.000000 0.000007 -41.734749 -9.750000 11.386475 1.484725 22.250000 32020.dat
9 0 -1.000000 0.000000 -0.000000 0.000000 1.000000 0.000000 0.000000 0.000000 -1.000000 0.000007 -46.081749 -9.750000 13.713776 5.831675 14.749999 32020.dat
9 0 0.866025 0.500000 0.000000 0.500000 -0.866025 0.000000 0.000000 0.000000 -1.000000 -20.867369 36.143250 -9.750008 11.386475 1.484725 22.250000 32020.dat
9 0 0.866025 0.500000 0.000000 0.500000 -0.866025 0.000000 0.000000 0.000000 -1.000000 -23.040819 39.908001 -9.750008 13.713776 5.831675 14.749999 32020.dat
9 0 0.500000 0.866025 0.000000 0.866025 -0.500000 0.000000 0.000000 0.000000 -1.000000 -36.143242 20.867374 -9.750012 11.386475 1.484725 22.250000 32020.dat
9 0 0.500000 0.866025 0.000000 0.866025 -0.500000 0.000000 0.000000 0.000000 -1.000000 -39.907993 23.040825 -9.750013 13.713776 5.831675 14.749999 32020.dat
9 0 0.000000 1.000000 0.000000 1.000000 -0.000000 0.000000 0.000000 0.000000 -1.000000 -41.734741 0.000000 -9.750013 11.386475 1.484725 22.250000 32020.dat
9 0 0.000000 1.000000 0.000000 1.000000 -0.000000 0.000000 0.000000 0.000000 -1.000000 -46.081741 0.000000 -9.750015 13.713776 5.831675 14.749999 32020.dat
10 0 -54.000004 -54.000004 -42.500000 54.000004 54.000004 2.500000 32020.dat
0 4 0.000000 1.000000 0.000000 -0.000000 -0.000000 1.000000 1.000000 0.000000 0.000000 0.000000 0.000000 10.250000 0 0 1.200000 0 0 32020.dat
0 2 0.000000 1.000000 0.000000 -0.000000 -0.000000 1.000000 1.000000 0.000000 0.000000 0.000000 -20.000000 10.250000 0 0 0.800000 0 0 32020.dat
0 2 0.000000 1.000000 0.000000 -0.000000 -0.000000 1.000000 1.000000 0.000000 0.000000 0.000000 20.000000 10.250000 0 0 0.800000 0 0 32020.dat
0 2 0.000000 1.000000 0.000000 -0.000000 -0.000000 1.000000 1.000000 0.000000 0.000000 -17.325001 10.000000 10.249994 0 0 0.800000 0 0 32020.dat
0 2 0.000000 1.000000 0.000000 -0.000000 -0.000000 1.000000 1.000000 0.000000 0.000000 -17.325001 -9.999875 10.249994 0 0 0.800000 0 0 32020.dat
0 2 0.000000 1.000000 0.000000 -0.000000 -0.000000 1.000000 1.000000 0.000000 0.000000 17.325001 -9.999875 10.250006 0 0 0.800000 0 0 32020.dat
0 2 0.000000 1.000000 0.000000 -0.000000 -0.000000 1.000000 1.000000 0.000000 0.000000 17.325001 10.000000 10.250006 0 0 0.800000 0 0 32020.dat
4 71 -1.000000 0.000000 -0.000000 0.000000 -0.000000 -1.000000 -0.000000 -1.000000 0.000000 0.000007 0.000000 -9.750000 1 32020.dat
4 71 -1.000000 0.000000 -0.000000 -0.000000 0.000000 1.000000 0.000000 1.000000 -0.000000 0.000007 0.000000 -9.750000 1 32020.dat
