9 0 0.000000 0.000000 -1.000000 -1.000000 0.000000 -0.000000 0.000000 1.000000 0.000000 47.153755 -0.000001 0.000009 4.041500 0.282925 4.750000 32056.dat
9 0 -0.707107 0.000000 -0.707107 -0.707107 0.000000 0.707107 0.000000 1.000000 0.000000 45.058506 0.000000 -5.058491 4.041500 0.282925 4.750000 32056.dat
9 0 0.707107 -0.000000 -0.707107 -0.707107 0.000000 -0.707107 0.000000 1.000000 0.000000 45.058502 -0.000001 5.058509 4.041500 0.282925 4.750000 32056.dat
9 0 1.000000 -0.000000 0.000000 0.000000 0.000000 -1.000000 0.000000 1.000000 0.000000 -0.000000 -0.000000 47.153824 4.041500 0.282925 4.750000 32056.dat
9 0 0.707107 -0.000000 -0.707107 -0.707107 0.000000 -0.707107 0.000000 1.000000 0.000000 5.058525 -0.000001 45.058529 4.041500 0.282925 4.750000 32056.dat
9 0 0.707107 -0.000000 0.707107 0.707107 -0.000000 -0.707107 0.000000 1.000000 0.000000 -5.058525 0.000000 45.058525 4.041500 0.282925 4.750000 32056.dat
9 0 -0.707107 0.000000 0.707107 0.707107 -0.000000 0.707107 0.000000 1.000000 0.000000 -4.815819 0.000003 -4.815745 4.184750 0.638600 4.750000 32056.dat
9 0 0.000000 0.000000 -1.000000 -1.000000 0.000000 -0.000000 0.000000 1.000000 0.000000 -5.749995 0.000003 4.187503 1.687500 3.250000 4.750000 32056.dat
9 0 -1.000000 0.000000 -0.000000 -0.000000 -0.000000 1.000000 0.000000 1.000000 0.000000 9.187506 0.000002 0.000003 2.812500 9.000000 4.750000 32056.dat
9 0 -1.000000 0.000000 -0.000000 -0.000000 -0.000000 1.000000 0.000000 1.000000 0.000000 23.187504 0.000000 8.500007 16.562500 0.500000 4.750000 32056.dat
9 0 -1.000000 0.000000 -0.000000 -0.000000 -0.000000 1.000000 0.000000 1.000000 0.000000 20.000006 0.000001 -8.499995 19.750000 0.500000 4.750000 32056.dat
9 0 -1.000000 0.000000 -0.000000 -0.000000 -0.000000 1.000000 0.000000 1.000000 0.000000 32.750000 0.000000 5.750010 4.750000 3.250000 4.750000 32056.dat
9 0 -1.000000 0.000000 -0.000000 -0.000000 -0.000000 1.000000 0.000000 1.000000 0.000000 32.750004 0.000001 -5.749991 4.750000 3.250000 4.750000 32056.dat
9 0 -1.000000 0.000000 -0.000000 -0.000000 -0.000000 1.000000 0.000000 1.000000 0.000000 29.531506 0.000000 0.000006 1.531500 9.000000 4.750000 32056.dat
9 0 0.000000 0.000000 -1.000000 -1.000000 0.000000 -0.000000 0.000000 1.000000 0.000000 0.000004 0.000002 9.187505 2.812500 9.000000 4.750000 32056.dat
9 0 0.000000 0.000000 -1.000000 -1.000000 0.000000 -0.000000 0.000000 1.000000 0.000000 -8.499997 0.000002 20.000000 19.750000 0.500000 4.750000 32056.dat
9 0 0.000000 0.000000 -1.000000 -1.000000 0.000000 -0.000000 0.000000 1.000000 0.000000 8.500003 0.000000 23.187504 16.562500 0.500000 4.750000 32056.dat
9 0 0.000000 0.000000 -1.000000 -1.000000 0.000000 -0.000000 0.000000 1.000000 0.000000 -5.749999 0.000001 32.750000 4.750000 3.250000 4.750000 32056.dat
9 0 0.000000 0.000000 -1.000000 -1.000000 0.000000 -0.000000 0.000000 1.000000 0.000000 5.750001 0.000000 32.750004 4.750000 3.250000 4.750000 32056.dat
9 0 0.000000 0.000000 -1.000000 -1.000000 0.000000 -0.000000 0.000000 1.000000 0.000000 0.000002 0.000001 29.531479 1.531500 9.000000 4.750000 32056.dat
9 0 0.000000 0.000000 -1.000000 -1.000000 0.000000 -0.000000 0.000000 1.000000 0.000000 4.985081 0.000002 -5.749998 3.250000 2.485075 4.750000 32056.dat
9 0 0.000000 0.000000 -1.000000 -1.000000 0.000000 -0.000000 0.000000 1.000000 0.000000 -6.999997 -0.012499 19.770351 7.270350 0.500000 2.737500 32056.dat
9 0 0.000000 0.000000 -1.000000 -1.000000 0.000000 -0.000000 0.000000 1.000000 0.000000 7.000003 -0.012499 19.770353 7.270350 0.500000 2.737500 32056.dat
9 0 -1.000000 0.000000 -0.000000 -0.000000 -0.000000 1.000000 0.000000 1.000000 0.000000 19.770353 -0.012499 7.000005 7.270350 0.500000 2.737500 32056.dat
9 0 -1.000000 0.000000 -0.000000 -0.000000 -0.000000 1.000000 0.000000 1.000000 0.000000 19.770355 -0.012499 -6.999993 7.270350 0.500000 2.737500 32056.dat
10 0 -9.250000 -9.250000 -10.000000 49.250000 49.250000 0.000000 32056.dat
0 4 0.000000 0.000000 -1.000000 -0.000000 -1.000000 -0.000000 -1.000000 0.000000 -0.000000 0.000000 -5.000000 40.000000 0 0 0.400000 0 0 32056.dat
0 4 0.000000 0.000000 -1.000000 -0.000000 -1.000000 -0.000000 -1.000000 0.000000 -0.000000 0.000005 -4.999998 0.000003 0 0 0.400000 0 0 32056.dat
0 4 0.000000 0.000000 -1.000000 -0.000000 -1.000000 -0.000000 -1.000000 0.000000 -0.000000 40.000008 -5.000000 0.000009 0 0 0.400000 0 0 32056.dat
0 2 0.000000 0.000000 -1.000000 -0.000000 -1.000000 -0.000000 -1.000000 0.000000 -0.000000 0.000002 -4.999999 20.000002 0 0 0.400000 0 0 32056.dat
0 2 0.000000 0.000000 -1.000000 -0.000000 -1.000000 -0.000000 -1.000000 0.000000 -0.000000 20.000004 -4.999999 0.000006 0 0 0.400000 0 0 32056.dat
