9 0 -0.000000 1.000000 -0.000000 0.000000 -0.000000 -1.000000 -1.000000 0.000000 -0.000000 -16.652199 0.000000 -0.375000 6.208500 9.375000 6.554750 32052.dat
9 0 -0.258819 -0.965926 -0.000000 0.000000 0.000000 -1.000000 0.965926 -0.258819 0.000000 19.621376 -5.226700 -0.375000 1.350000 4.375000 10.883475 32052.dat
9 0 -0.500001 -0.866025 -0.000001 0.000001 0.000001 -1.000000 0.866025 -0.500001 0.000001 17.600050 -10.126824 -0.375000 1.350000 4.375000 10.883475 32052.dat
9 0 -0.707106 -0.707107 0.000001 -0.000001 -0.000000 -1.000000 0.707107 -0.707106 -0.000000 14.379350 -14.336824 -0.375000 1.350000 4.375000 10.883475 32052.dat
9 0 -0.866025 -0.500000 0.000000 0.000000 0.000000 -1.000000 0.500000 -0.866025 0.000000 10.178776 -17.569799 -0.375000 1.350000 4.375000 10.883475 32052.dat
9 0 -0.965926 -0.258820 0.000000 -0.000000 0.000000 -1.000000 0.258820 -0.965926 0.000000 5.284550 -19.605400 -0.375000 1.350000 4.375000 10.883475 32052.dat
9 0 -1.000000 0.000000 0.000000 -0.000000 0.000000 -1.000000 -0.000000 -1.000000 0.000000 0.009775 -20.304976 -0.375000 1.350000 4.375000 10.883475 32052.dat
9 0 0.965926 -0.258818 -0.000000 -0.000000 0.000000 -1.000000 0.258818 0.965926 0.000000 5.226700 19.621376 -0.375000 1.350000 4.375000 10.883475 32052.dat
9 0 0.866025 -0.500000 0.000000 0.000000 -0.000000 -1.000000 0.500000 0.866025 0.000000 10.126824 17.600050 -0.375000 1.350000 4.375000 10.883475 32052.dat
9 0 0.707106 -0.707107 -0.000000 0.000000 0.000000 -1.000000 0.707107 0.707106 0.000000 14.336824 14.379350 -0.375000 1.350000 4.375000 10.883475 32052.dat
9 0 0.500000 -0.866026 -0.000000 0.000000 0.000000 -1.000000 0.866026 0.500000 0.000000 17.569799 10.178776 -0.375000 1.350000 4.375000 10.883475 32052.dat
9 0 0.258818 -0.965926 -0.000000 0.000000 0.000000 -1.000000 0.965926 0.258818 0.000000 19.605400 5.284550 -0.375000 1.350000 4.375000 10.883475 32052.dat
9 0 -0.001008 -1.000000 0.000000 -0.000000 -0.000000 -1.000000 0.999999 -0.001008 -0.000000 20.304976 0.009775 -0.375000 1.350000 4.375000 10.883475 32052.dat
9 0 0.258818 0.965926 0.000000 -0.000000 0.000000 -1.000000 -0.965926 0.258818 0.000000 -19.621376 5.226700 -0.375000 1.350000 4.375000 10.883475 32052.dat
9 0 0.500000 0.866026 0.000000 -0.000000 0.000000 -1.000000 -0.866026 0.500000 0.000000 -17.600050 10.126824 -0.375000 1.350000 4.375000 10.883475 32052.dat
9 0 0.707106 0.707107 0.000000 -0.000000 0.000000 -1.000000 -0.707107 0.707106 0.000000 -14.379350 14.336824 -0.375000 1.350000 4.375000 10.883475 32052.dat
9 0 0.866025 0.500000 0.000000 0.000000 -0.000000 -1.000000 -0.500000 0.866025 0.000000 -10.178776 17.569799 -0.375000 1.350000 4.375000 10.883475 32052.dat
9 0 0.965926 0.258818 0.000000 0.000000 0.000000 -1.000000 -0.258818 0.965926 0.000000 -5.284550 19.605400 -0.375000 1.350000 4.375000 10.883475 32052.dat
9 0 1.000000 -0.001008 -0.000000 0.000000 0.000000 -1.000000 0.001008 0.999999 0.000000 -0.009775 20.304976 -0.375000 1.350000 4.375000 10.883475 32052.dat
9 0 -0.965926 0.258820 -0.000000 0.000000 0.000000 -1.000000 -0.258820 -0.965926 0.000000 -5.226700 -19.621376 -0.375000 1.350000 4.375000 10.883475 32052.dat
9 0 -0.866025 0.500000 -0.000000 0.000000 0.000000 -1.000000 -0.500000 -0.866025 0.000000 -10.126824 -17.600050 -0.375000 1.350000 4.375000 10.883475 32052.dat
9 0 -0.707106 0.707107 -0.000001 0.000001 -0.000000 -1.000000 -0.707107 -0.707106 -0.000000 -14.336824 -14.379350 -0.375000 1.350000 4.375000 10.883475 32052.dat
9 0 -0.500001 0.866025 0.000001 -0.000001 0.000001 -1.000000 -0.866025 -0.500001 0.000001 -17.569799 -10.178776 -0.375000 1.350000 4.375000 10.883475 32052.dat
9 0 -0.258819 0.965926 0.000000 -0.000000 0.000000 -1.000000 -0.965926 -0.258819 0.000000 -19.605400 -5.284550 -0.375000 1.350000 4.375000 10.883475 32052.dat
9 0 0.001008 0.999999 0.000000 -0.000000 0.000000 -1.000000 -0.999999 0.001008 0.000000 -20.304976 -0.009775 -0.375000 1.350000 4.375000 10.883475 32052.dat
9 0 -0.500001 0.866025 0.000001 -0.000001 0.000001 -1.000000 -0.866025 -0.500001 0.000001 -14.421250 -8.326099 -0.375000 6.208500 9.375000 6.554750 32052.dat
9 0 -0.866025 0.500000 -0.000000 0.000000 0.000000 -1.000000 -0.500000 -0.866025 0.000000 -8.326099 -14.421250 -0.375000 6.208500 9.375000 6.554750 32052.dat
9 0 -1.000000 0.000000 0.000000 -0.000000 0.000000 -1.000000 -0.000000 -1.000000 0.000000 0.000000 -16.652199 -0.375000 6.208500 9.375000 6.554750 32052.dat
9 0 -0.866025 -0.500000 0.000000 0.000000 0.000000 -1.000000 0.500000 -0.866025 0.000000 8.326099 -14.421250 -0.375000 6.208500 9.375000 6.554750 32052.dat
9 0 -0.500001 -0.866025 -0.000001 0.000001 0.000001 -1.000000 0.866025 -0.500001 0.000001 14.421250 -8.326099 -0.375000 6.208500 9.375000 6.554750 32052.dat
9 0 -0.000000 -1.000000 0.000000 -0.000000 -0.000000 -1.000000 1.000000 0.000000 -0.000000 16.652199 0.000000 -0.375000 6.208500 9.375000 6.554750 32052.dat
9 0 0.500000 -0.866026 -0.000000 0.000000 0.000000 -1.000000 0.866026 0.500000 0.000000 14.421250 8.326099 -0.375000 6.208500 9.375000 6.554750 32052.dat
9 0 0.866025 -0.500000 0.000000 0.000000 -0.000000 -1.000000 0.500000 0.866025 0.000000 8.326099 14.421250 -0.375000 6.208500 9.375000 6.554750 32052.dat
9 0 1.000000 0.000000 0.000000 0.000000 -0.000000 -1.000000 0.000000 1.000000 -0.000000 0.000000 16.652199 -0.375000 6.208500 9.375000 6.554750 32052.dat
9 0 0.866025 0.500000 0.000000 0.000000 -0.000000 -1.000000 -0.500000 0.866025 0.000000 -8.326099 14.421250 -0.375000 6.208500 9.375000 6.554750 32052.dat
9 0 0.500000 0.866026 0.000000 -0.000000 0.000000 -1.000000 -0.866026 0.500000 0.000000 -14.421250 8.326099 -0.375000 6.208500 9.375000 6.554750 32052.dat
10 0 -31.801752 -31.801752 -19.250000 31.801752 31.801752 0.000000 32052.dat
5 3 1.000000 0.000000 0.000000 0.000000 1.000000 0.000000 0.000000 0.000000 1.000000 0.000000 0.000000 4.196275 1.2 24 32052.dat
6 224 -0.000000 1.000000 -0.000000 0.000000 -0.000000 -1.000000 -1.000000 0.000000 -0.000000 0.000000 0.000000 0.000000 0.000000 0.000000 0.000000 0.000000 1 32052.dat
