9 0 -0.000000 -0.000000 1.000000 -0.000000 -1.000000 -0.000000 1.000000 -0.000000 0.000000 8.475008 0.000003 0.000006 59.750004 4.750000 0.475000 32065.dat
9 0 -0.000000 -0.000000 1.000000 -0.000000 -1.000000 -0.000000 1.000000 -0.000000 0.000000 -8.537492 0.000004 0.000006 59.750004 4.750000 0.487500 32065.dat
9 0 -0.000000 -0.000000 1.000000 -0.000000 -1.000000 -0.000000 1.000000 -0.000000 0.000000 -0.031248 0.000001 50.000008 2.000025 4.750000 8.981250 32065.dat
9 0 -0.000000 -0.000000 1.000000 -0.000000 -1.000000 -0.000000 1.000000 -0.000000 0.000000 -0.031246 0.000002 30.000004 2.000025 4.750000 8.981250 32065.dat
9 0 -0.000000 -0.000000 1.000000 -0.000000 -1.000000 -0.000000 1.000000 -0.000000 0.000000 -0.031243 0.000003 10.000006 2.000025 4.750000 8.981250 32065.dat
9 0 -0.000000 -0.000000 1.000000 -0.000000 -1.000000 -0.000000 1.000000 -0.000000 0.000000 -0.031241 0.000004 -9.999990 2.000025 4.750000 8.981250 32065.dat
9 0 -0.000000 -0.000000 1.000000 -0.000000 -1.000000 -0.000000 1.000000 -0.000000 0.000000 -0.031239 0.000005 -29.999989 2.000025 4.750000 8.981250 32065.dat
9 0 -0.000000 -0.000000 1.000000 -0.000000 -1.000000 -0.000000 1.000000 -0.000000 0.000000 -0.031236 0.000007 -49.999989 2.000025 4.750000 8.981250 32065.dat
9 0 -0.000000 -0.000000 1.000000 1.000000 -0.000000 0.000000 0.000000 1.000000 0.000000 0.000016 0.000008 -68.137489 0.137500 2.448725 4.750000 32065.dat
9 0 0.642788 -0.000000 0.766044 0.766044 -0.000000 -0.642787 0.000000 1.000000 0.000000 -5.230659 0.000008 -66.233734 0.137500 2.448725 4.750000 32065.dat
9 0 -0.642788 -0.000000 0.766044 0.766044 -0.000000 0.642788 0.000000 1.000000 0.000000 5.230690 0.000007 -66.233734 0.137500 2.448725 4.750000 32065.dat
9 0 0.000000 0.000000 -1.000000 -1.000000 0.000000 -0.000000 0.000000 1.000000 0.000000 -0.000000 -0.000000 68.137505 0.137500 2.448725 4.750000 32065.dat
9 0 -0.642787 0.000000 -0.766044 -0.766044 0.000000 0.642787 0.000000 1.000000 0.000000 5.230675 -0.000001 66.233673 0.137500 2.448725 4.750000 32065.dat
9 0 0.642788 0.000000 -0.766044 -0.766044 0.000000 -0.642788 0.000000 1.000000 0.000000 -5.230675 0.000000 66.233673 0.137500 2.448725 4.750000 32065.dat
9 0 0.000000 0.000000 -1.000000 -1.000000 0.000000 -0.000000 0.000000 1.000000 0.000000 -6.999992 0.000004 -0.085491 64.460495 0.500000 2.750000 32065.dat
9 0 0.000000 0.000000 -1.000000 -1.000000 0.000000 -0.000000 0.000000 1.000000 0.000000 7.000008 0.000003 -0.085491 64.460495 0.500000 2.750000 32065.dat
10 0 -9.250000 -9.250000 -10.000000 129.250000 9.250000 0.000000 32065.dat
0 2 -1.000000 0.000000 -0.000000 -0.000000 -1.000000 -0.000000 -0.000000 -0.000000 1.000000 0.000000 -5.000000 60.000004 0 0 0.400000 0 0 32065.dat
0 2 -1.000000 0.000000 -0.000000 -0.000000 -1.000000 -0.000000 -0.000000 -0.000000 1.000000 0.000002 -4.999999 40.000004 0 0 0.400000 0 0 32065.dat
0 2 -1.000000 0.000000 -0.000000 -0.000000 -1.000000 -0.000000 -0.000000 -0.000000 1.000000 0.000005 -4.999998 20.000004 0 0 0.400000 0 0 32065.dat
0 2 -1.000000 0.000000 -0.000000 -0.000000 -1.000000 -0.000000 -0.000000 -0.000000 1.000000 0.000007 -4.999996 0.000006 0 0 0.400000 0 0 32065.dat
0 2 -1.000000 0.000000 -0.000000 -0.000000 -1.000000 -0.000000 -0.000000 -0.000000 1.000000 0.000010 -4.999995 -19.999992 0 0 0.400000 0 0 32065.dat
0 2 -1.000000 0.000000 -0.000000 -0.000000 -1.000000 -0.000000 -0.000000 -0.000000 1.000000 0.000012 -4.999994 -39.999992 0 0 0.400000 0 0 32065.dat
0 2 -1.000000 0.000000 -0.000000 -0.000000 -1.000000 -0.000000 -0.000000 -0.000000 1.000000 0.000014 -4.999993 -59.999992 0 0 0.400000 0 0 32065.dat
