9 0 0.000000 0.000000 -1.000000 0.000000 1.000000 0.000000 1.000000 0.000000 0.000000 0.000003 -1.875000 0.090900 19.340900 1.625000 17.250000 32069.dat
9 0 0.000000 0.327065 -0.945002 -0.000000 0.945002 0.327065 1.000000 0.000000 0.000000 -13.750002 -18.624500 12.862571 1.134600 16.599224 3.500000 32069.dat
9 0 -0.000000 -1.000000 0.000000 0.000000 -0.000000 -1.000000 1.000000 0.000000 0.000000 -13.749997 -37.455250 0.163021 0.955125 7.109925 3.500000 32069.dat
9 0 0.000000 -0.325599 -0.945508 0.000000 0.945508 -0.325599 1.000000 0.000000 0.000000 -13.749992 -18.618002 -12.837180 1.134600 16.599224 3.500000 32069.dat
9 0 -0.000000 -1.000000 0.000000 0.000000 -0.000000 -1.000000 1.000000 0.000000 0.000000 -11.249997 -14.375000 -0.183053 9.125000 12.373276 1.000000 32069.dat
9 0 -0.000000 -1.000000 0.000000 0.000000 -0.000000 -1.000000 1.000000 0.000000 0.000000 -13.749997 -22.365499 0.163021 1.134600 7.109925 3.500000 32069.dat
9 0 0.000000 0.327065 -0.945002 -0.000000 0.945002 0.327065 1.000000 0.000000 0.000000 13.749999 -18.624500 12.862579 1.134600 16.599224 3.500000 32069.dat
9 0 -0.000000 -1.000000 0.000000 0.000000 -0.000000 -1.000000 1.000000 0.000000 0.000000 13.750003 -37.455250 0.163030 0.955125 7.109925 3.500000 32069.dat
9 0 0.000000 -0.325599 -0.945508 0.000000 0.945508 -0.325599 1.000000 0.000000 0.000000 13.750008 -18.618002 -12.837172 1.134600 16.599224 3.500000 32069.dat
9 0 -0.000000 -1.000000 0.000000 0.000000 -0.000000 -1.000000 1.000000 0.000000 0.000000 16.250002 -14.375000 -0.183044 9.125000 12.373276 1.000000 32069.dat
9 0 -0.000000 -1.000000 0.000000 0.000000 -0.000000 -1.000000 1.000000 0.000000 0.000000 13.750003 -22.365499 0.163030 1.134600 7.109925 3.500000 32069.dat
9 0 0.000000 0.000000 -1.000000 1.000000 -0.000000 0.000000 -0.000000 -1.000000 -0.000000 -4.652194 9.987400 -10.005727 2.813750 0.402200 9.737374 32069.dat
9 0 1.000000 -0.000000 0.000000 -0.000000 -0.000000 1.000000 -0.000000 -1.000000 -0.000000 0.000008 9.987400 -14.657924 2.813750 0.402200 9.737374 32069.dat
9 0 -0.000000 0.000000 1.000000 -1.000000 0.000000 -0.000000 -0.000000 -1.000000 0.000000 4.652206 9.987400 -10.005724 2.813750 0.402200 9.737374 32069.dat
9 0 -1.000000 0.000000 -0.000000 0.000000 -0.000000 -1.000000 -0.000000 -1.000000 0.000000 0.000005 9.987400 -5.353525 2.813750 0.402200 9.737374 32069.dat
9 0 0.707107 0.000000 -0.707106 0.707106 0.000000 0.707107 0.000000 -1.000000 0.000000 -3.006043 19.000000 -13.006052 3.725000 0.137500 0.750000 32069.dat
9 0 -0.707107 -0.000000 -0.707107 0.707107 0.000000 -0.707107 0.000000 -1.000000 -0.000000 -3.006045 19.000000 -6.993952 3.725000 0.137500 0.750000 32069.dat
9 0 -0.707107 0.000001 0.707106 -0.707106 -0.000000 -0.707107 -0.000000 -1.000000 0.000001 3.006055 19.000000 -6.993948 3.725000 0.137500 0.750000 32069.dat
9 0 0.707107 -0.000001 0.707107 -0.707106 -0.000000 0.707107 -0.000000 -1.000000 -0.000001 3.006057 19.000000 -13.006049 3.725000 0.137500 0.750000 32069.dat
9 0 0.000000 0.000000 -1.000000 1.000000 -0.000000 0.000000 -0.000000 -1.000000 -0.000000 -4.652200 9.987400 9.994273 2.813750 0.402200 9.737374 32069.dat
9 0 1.000000 -0.000000 0.000000 -0.000000 -0.000000 1.000000 -0.000000 -1.000000 -0.000000 0.000001 9.987400 5.342075 2.813750 0.402200 9.737374 32069.dat
9 0 -0.000000 0.000000 1.000000 -1.000000 0.000000 -0.000000 -0.000000 -1.000000 0.000000 4.652200 9.987400 9.994277 2.813750 0.402200 9.737374 32069.dat
9 0 -1.000000 0.000000 -0.000000 0.000000 -0.000000 -1.000000 -0.000000 -1.000000 0.000000 -0.000001 9.987400 14.646475 2.813750 0.402200 9.737374 32069.dat
9 0 0.707107 0.000000 -0.707106 0.707106 0.000000 0.707107 0.000000 -1.000000 0.000000 -3.006049 19.000000 6.993949 3.725000 0.137500 0.750000 32069.dat
9 0 -0.707107 -0.000000 -0.707107 0.707107 0.000000 -0.707107 0.000000 -1.000000 -0.000000 -3.006051 19.000000 13.006049 3.725000 0.137500 0.750000 32069.dat
9 0 -0.707107 0.000001 0.707106 -0.707106 -0.000000 -0.707107 -0.000000 -1.000000 0.000001 3.006049 19.000000 13.006051 3.725000 0.137500 0.750000 32069.dat
9 0 0.707107 -0.000001 0.707107 -0.707106 -0.000000 0.707107 -0.000000 -1.000000 -0.000001 3.006051 19.000000 6.993951 3.725000 0.137500 0.750000 32069.dat
10 0 -9.500000 0.002500 -17.500000 29.499998 60.000004 17.500000 32069.dat
0 12 -0.000000 1.000000 0.000000 -1.000000 -0.000000 -0.000000 -0.000000 0.000000 1.000000 10.000003 -30.000002 0.000003 0 0 0.300000 0 0 32069.dat
0 12 -0.000000 1.000000 0.000000 -1.000000 -0.000000 -0.000000 -0.000000 0.000000 1.000000 -17.499996 -30.000002 -0.000005 0 0 0.300000 0 0 32069.dat
0 19 1.000000 0.000000 0.000000 0.000000 1.000000 0.000000 -0.000000 0.000000 1.000000 0.000000 19.997499 10.000000 0 1 0.800000 0 0 32069.dat
0 6 1.000000 0.000000 0.000000 0.000000 1.000000 0.000000 -0.000000 0.000000 1.000000 0.000000 19.997499 10.000000 0 1 0.800000 0 0 32069.dat
0 19 1.000000 0.000000 0.000000 0.000000 1.000000 0.000000 -0.000000 0.000000 1.000000 0.000006 19.997499 -10.000000 0 1 0.800000 0 0 32069.dat
0 6 1.000000 0.000000 0.000000 0.000000 1.000000 0.000000 -0.000000 0.000000 1.000000 0.000006 19.997499 -10.000000 0 1 0.800000 0 0 32069.dat
6 166 -0.000000 1.000000 0.000000 -1.000000 -0.000000 -0.000000 -0.000000 0.000000 1.000000 0.000003 -30.000002 0.000000 0.000000 0.000000 0.000000 0.000000 0 32069.dat
