9 0 -0.000000 -0.000000 1.000000 -1.000000 0.000000 -0.000000 0.000000 -1.000000 -0.000000 -58.125000 64.843201 29.463249 50.286751 1.625000 6.906800 32086.dat
9 0 -0.000000 -0.436853 0.899533 -1.000000 0.000000 -0.000000 0.000000 -0.899533 -0.436853 -58.125000 45.145504 33.511250 35.068748 1.625000 12.113450 32086.dat
9 0 -0.000000 -0.000000 1.000000 -1.000000 0.000000 -0.000000 0.000000 -1.000000 -0.000000 -58.125000 45.600002 70.000000 9.750000 1.625000 26.150000 32086.dat
9 0 -0.000000 -0.000000 1.000000 -1.000000 0.000000 -0.000000 0.000000 -1.000000 -0.000000 57.637001 64.843201 29.463249 50.286751 1.625000 6.906800 32086.dat
9 0 -0.000000 -0.436853 0.899533 -1.000000 0.000000 -0.000000 0.000000 -0.899533 -0.436853 57.637001 45.145504 33.511250 35.068748 1.625000 12.113450 32086.dat
9 0 -0.000000 -0.000000 1.000000 -1.000000 0.000000 -0.000000 0.000000 -1.000000 -0.000000 57.637001 45.600002 70.000000 9.750000 1.625000 26.150000 32086.dat
9 0 -0.000000 -0.000000 1.000000 -1.000000 0.000000 -0.000000 0.000000 -1.000000 -0.000000 0.000000 1.875001 70.000000 9.750000 39.750000 1.625000 32086.dat
9 0 0.000000 -0.431771 0.901983 -1.000000 0.000000 0.000000 0.000000 -0.901983 -0.431771 0.000000 35.343254 -9.117752 77.353249 39.750000 1.785925 32086.dat
9 0 0.000000 -0.433130 0.901331 -0.749148 0.597044 0.286907 -0.662403 -0.675230 -0.324478 -48.500549 36.697754 7.260996 56.744247 12.897150 1.785950 32086.dat
9 0 -0.000000 -0.433130 0.901331 0.749148 0.597044 0.286907 -0.662403 0.675230 0.324478 48.500504 36.678253 7.301497 56.699001 12.897150 1.785925 32086.dat
9 0 -0.000000 -0.000000 1.000000 -0.723914 0.689890 -0.000000 -0.689890 -0.723914 -0.000000 -48.416500 10.703003 70.000000 9.750000 13.226750 1.691650 32086.dat
9 0 -0.000000 0.000000 1.000000 0.723914 0.689890 0.000000 -0.689890 0.723914 -0.000000 48.416500 10.703003 70.000000 9.750000 13.226750 1.691625 32086.dat
9 0 -0.000000 -0.000000 1.000000 -1.000000 0.000000 -0.000000 0.000000 -1.000000 -0.000000 0.000000 69.500008 -70.374992 9.375000 39.750000 2.250000 32086.dat
9 0 -1.000000 -0.000000 -0.000000 0.000000 0.000000 -1.000000 0.000000 -1.000000 -0.000000 -50.375027 69.500008 -30.374998 9.375000 9.375000 2.250000 32086.dat
9 0 -1.000000 0.000001 -0.000001 0.000001 -0.000001 -1.000000 -0.000001 -1.000000 0.000001 50.374996 69.500008 -30.374998 9.375000 9.375000 2.250000 32086.dat
9 0 -1.000000 0.000000 0.000000 0.000000 -0.000000 -1.000000 -0.000000 -1.000000 0.000000 -42.250000 69.344208 -50.104755 1.250000 21.604750 2.405825 32086.dat
9 0 -0.890507 0.000000 0.454969 -0.454969 -0.000000 -0.890507 -0.000000 -1.000000 0.000000 56.728004 69.500008 -42.352001 1.593800 3.333075 2.250000 32086.dat
9 0 -0.890507 0.000000 0.454969 -0.454969 -0.000000 -0.890507 -0.000000 -1.000000 0.000000 47.908749 69.500008 -59.989254 1.593800 3.386100 2.250000 32086.dat
9 0 -0.890507 0.000000 0.454969 -0.454969 -0.000000 -0.890507 -0.000000 -1.000000 0.000000 40.346748 69.500008 -75.095757 1.593800 4.275025 2.250000 32086.dat
9 0 0.895229 -0.000001 0.445607 -0.445607 0.000001 0.895229 -0.000001 -1.000000 0.000000 -56.713223 69.500008 -42.366497 1.625000 3.333200 2.250000 32086.dat
9 0 0.895229 -0.000001 0.445607 -0.445607 0.000001 0.895229 -0.000001 -1.000000 0.000000 -47.927624 69.500008 -60.016994 1.625000 3.389600 2.250000 32086.dat
9 0 0.895229 -0.000001 0.445607 -0.445607 0.000001 0.895229 -0.000001 -1.000000 0.000000 -40.398251 69.500008 -75.143501 1.625000 4.275175 2.250000 32086.dat
9 0 -1.000000 0.000000 0.000000 0.000000 -0.000000 -1.000000 -0.000000 -1.000000 0.000000 42.250000 69.344208 -50.104755 1.250000 21.604750 2.405825 32086.dat
10 0 -10.000000 0.000000 -110.000000 150.000000 76.450005 10.000000 32086.dat
3 23 0.000000 0.000000 -1.000000 0.000000 1.000000 0.000000 1.000000 0.000000 0.000000 39.999996 0.000000 80.000000 8 2 18:1:1,23:4:1,29:0:1,23:4:1,0:4:1,23:4:1,18:2:1,23:4:1,29:0:1,23:4:1,0:4:1,23:4:1,18:2:1,23:4:1,29:0:1,23:4:1,0:4:1,23:4:1,18:2:1,23:4:1,29:0:1,23:4:1,0:4:1,23:4:1,18:1:1,23:4:1,29:0:1, 32086.dat
2 22 0.000000 0.000000 -1.000000 0.000000 1.000000 0.000000 1.000000 0.000000 0.000000 60.000004 72.000000 -19.999998 12 6 22:1:1,22:2:1,22:2:1,29:0:1,29:0:1,29:0:1,29:0:1,22:2:1,15:4:1,15:4:1,29:0:1,22:2:1,29:0:1,29:0:1,22:1:1,22:2:1,22:2:1,22:2:1,22:3:1,22:2:1,22:1:1,29:0:1,29:0:1,29:0:1,29:0:1,22:2:1,15:4:1,22:2:1,29:0:1,29:0:1,29:0:1,29:0:1,22:2:1,15:4:1,22:2:1,29:0:1,29:0:1,29:0:1,29:0:1,22:2:1,15:4:1,22:2:1,29:0:1,29:0:1,29:0:1,29:0:1,22:2:1,15:4:1,22:2:1,29:0:1,29:0:1,29:0:1,29:0:1,22:2:1,15:4:1,22:2:1,29:0:1,29:0:1,29:0:1,29:0:1,22:2:1,15:4:1,22:2:1,29:0:1,29:0:1,29:0:1,29:0:1,22:2:1,15:4:1,22:2:1,22:1:1,22:2:1,22:2:1,22:2:1,22:3:1,22:2:1,22:1:1,22:2:1,15:4:1,15:4:1,29:0:1,22:2:1,29:0:1,29:0:1,22:1:1,22:2:1,22:2:1,29:0:1,29:0:1,29:0:1,29:0:1, 32086.dat
