9 0 1.000000 0.000000 0.000000 0.000000 1.000000 0.000000 0.000000 0.000000 1.000000 -50.000000 12.000000 39.999996 9.750000 11.750000 39.750000 32084.dat
9 0 1.000000 0.000000 0.000000 0.000000 0.903337 0.428931 0.000000 -0.428931 0.903337 0.000000 11.537574 -59.049000 39.750000 1.995425 21.876600 32084.dat
9 0 1.000000 0.000000 0.000000 0.000000 1.000000 0.000000 0.000000 0.000000 1.000000 0.000000 17.674225 -9.696627 59.750004 6.075775 9.446625 32084.dat
9 0 1.000000 0.000000 0.000000 0.000000 1.000000 0.000000 0.000000 0.000000 1.000000 0.000000 12.000000 -20.000002 39.750000 11.750000 19.750000 32084.dat
9 0 1.000000 0.000000 0.000000 0.000000 1.000000 0.000000 0.000000 0.000000 1.000000 0.000000 21.452774 -57.838501 39.750000 2.229650 21.903975 32084.dat
9 0 1.000000 0.000000 0.000000 0.000000 0.902585 0.430511 0.000000 -0.430511 0.902585 0.000000 12.186349 -18.357201 59.750004 2.846250 18.481176 32084.dat
9 0 0.894934 0.000000 0.446198 0.000000 1.000000 0.000000 -0.446198 0.000000 0.894934 -40.407352 21.499998 -75.045502 1.596075 2.250000 4.365625 32084.dat
9 0 -0.894934 0.000000 -0.446198 0.000000 1.000000 0.000000 0.446198 0.000000 -0.894934 -42.008274 3.669299 -16.130476 8.603275 3.419300 22.007750 32084.dat
9 0 0.758612 -0.587977 -0.280697 0.651542 0.685254 0.325453 0.000990 -0.429779 0.902934 -55.875702 10.273199 -26.484478 4.216125 0.855750 15.708301 32084.dat
9 0 0.894934 0.000000 0.446198 0.000000 1.000000 0.000000 -0.446198 0.000000 0.894934 -47.865452 21.499998 -60.087002 1.596075 2.250000 3.478825 32084.dat
9 0 0.758612 -0.587977 -0.280697 0.651542 0.685254 0.325453 0.000990 -0.429779 0.902934 -49.511875 9.455675 -38.942951 4.087700 0.376175 14.384701 32084.dat
9 0 0.758612 -0.587977 -0.280697 0.651542 0.685254 0.325453 0.000990 -0.429779 0.902934 -42.616600 10.071323 -52.569675 4.128425 0.855750 15.430575 32084.dat
9 0 0.894771 0.000000 0.446526 0.000000 1.000000 0.000000 -0.446526 0.000000 0.894771 -56.743275 21.499998 -42.379349 1.596075 2.250000 3.333200 32084.dat
9 0 -0.894934 0.000000 0.446198 0.000000 1.000000 0.000000 -0.446198 0.000000 -0.894934 40.407253 21.499998 -75.045502 1.596075 2.250000 4.365625 32084.dat
9 0 0.894934 0.000000 -0.446198 0.000000 1.000000 0.000000 0.446198 0.000000 0.894934 42.008251 3.669299 -16.130476 8.603275 3.419300 22.007750 32084.dat
9 0 -0.758612 -0.587977 -0.280698 -0.651542 0.685254 0.325454 0.000990 0.429779 -0.902933 55.875755 10.273199 -26.484478 4.216125 0.855750 15.708301 32084.dat
9 0 -0.894934 0.000000 0.446198 0.000000 1.000000 0.000000 -0.446198 0.000000 -0.894934 47.865498 21.499998 -60.087002 1.596075 2.250000 3.478825 32084.dat
9 0 -0.758612 -0.587977 -0.280698 -0.651542 0.685254 0.325454 0.000990 0.429779 -0.902933 49.511749 9.455675 -38.942951 4.087700 0.376175 14.384701 32084.dat
9 0 -0.758612 -0.587977 -0.280698 -0.651542 0.685254 0.325454 0.000990 0.429779 -0.902933 42.616497 10.071323 -52.569675 4.128425 0.855750 15.430575 32084.dat
9 0 -0.894771 0.000000 0.446526 0.000000 1.000000 0.000000 -0.446526 0.000000 -0.894771 56.743252 21.499998 -42.379349 1.596075 2.250000 3.333200 32084.dat
9 0 1.000000 0.000000 0.000000 0.000000 1.000000 0.000000 0.000000 0.000000 1.000000 0.000000 21.499998 -20.000002 59.750004 2.250000 19.750000 32084.dat
9 0 1.000000 0.000000 0.000000 0.000000 1.000000 0.000000 0.000000 0.000000 1.000000 50.000000 12.000000 39.999996 9.750000 11.750000 39.750000 32084.dat
10 0 -10.000000 0.000000 -110.000000 110.000000 28.450001 50.000000 32084.dat
3 23 1.000000 0.000000 0.000000 0.000000 1.000000 0.000000 0.000000 0.000000 1.000000 -60.000004 0.000000 80.000000 12 12 18:1:1,23:4:1,18:1:1,29:0:1,29:0:1,29:0:1,29:0:1,29:0:1,29:0:1,29:0:1,18:1:1,23:4:1,18:1:1,23:4:1,0:4:1,23:4:1,29:0:1,29:0:1,29:0:1,29:0:1,29:0:1,29:0:1,29:0:1,23:4:1,0:4:1,23:4:1,18:2:1,23:4:1,18:2:1,29:0:1,29:0:1,29:0:1,29:0:1,29:0:1,29:0:1,29:0:1,18:2:1,23:4:1,18:2:1,23:4:1,0:4:1,23:4:1,29:0:1,29:0:1,29:0:1,29:0:1,29:0:1,29:0:1,29:0:1,23:4:1,0:4:1,23:4:1,18:2:1,23:4:1,18:2:1,29:0:1,29:0:1,29:0:1,29:0:1,29:0:1,29:0:1,29:0:1,18:2:1,23:4:1,18:2:1,23:4:1,0:4:1,23:4:1,29:0:1,29:0:1,29:0:1,29:0:1,29:0:1,29:0:1,29:0:1,23:4:1,0:4:1,23:4:1,18:2:1,23:4:1,18:2:1,29:0:1,29:0:1,29:0:1,29:0:1,29:0:1,29:0:1,29:0:1,18:2:1,23:4:1,18:2:1,23:4:1,0:4:1,23:4:1,29:0:1,29:0:1,29:0:1,29:0:1,29:0:1,29:0:1,29:0:1,23:4:1,0:4:1,23:4:1,29:0:1,23:4:1,18:2:1,23:4:1,18:2:1,23:4:1,18:2:1,23:4:1,18:2:1,23:4:1,18:2:1,23:4:1,29:0:1,29:0:1,29:0:1,23:4:1,0:4:1,23:4:1,0:4:1,23:4:1,0:4:1,23:4:1,0:4:1,23:4:1,29:0:1,29:0:1,29:0:1,29:0:1,29:0:1,23:4:1,18:4:1,23:4:1,18:4:1,23:4:1,18:4:1,23:4:1,29:0:1,29:0:1,29:0:1,29:0:1,29:0:1,23:4:1,0:4:1,23:4:1,0:4:1,23:4:1,0:4:1,23:4:1,0:4:1,23:4:1,29:0:1,29:0:1,29:0:1,29:0:1,29:0:1,23:4:1,29:0:1,23:4:1,29:0:1,23:4:1,29:0:1,23:4:1,29:0:1,29:0:1,29:0:1, 32084.dat
2 22 1.000000 0.000000 0.000000 0.000000 1.000000 0.000000 0.000000 0.000000 1.000000 -60.000004 24.000000 80.000000 16 12 22:1:1,22:2:1,22:1:1,29:0:1,29:0:1,29:0:1,29:0:1,29:0:1,29:0:1,29:0:1,22:1:1,22:2:1,22:1:1,22:2:1,15:4:1,22:2:1,29:0:1,29:0:1,29:0:1,29:0:1,29:0:1,29:0:1,29:0:1,22:2:1,15:4:1,22:2:1,22:2:1,9:4:1,22:2:1,29:0:1,29:0:1,29:0:1,29:0:1,29:0:1,29:0:1,29:0:1,22:2:1,9:4:1,22:2:1,22:2:1,15:4:1,22:2:1,29:0:1,29:0:1,29:0:1,29:0:1,29:0:1,29:0:1,29:0:1,22:2:1,15:4:1,22:2:1,22:2:1,9:4:1,22:2:1,29:0:1,29:0:1,29:0:1,29:0:1,29:0:1,29:0:1,29:0:1,22:2:1,9:4:1,22:2:1,22:2:1,15:4:1,22:2:1,29:0:1,29:0:1,29:0:1,29:0:1,29:0:1,29:0:1,29:0:1,22:2:1,15:4:1,22:2:1,22:2:1,9:4:1,22:2:1,29:0:1,29:0:1,29:0:1,29:0:1,29:0:1,29:0:1,29:0:1,22:2:1,9:4:1,22:2:1,22:2:1,15:4:1,22:2:1,29:0:1,29:0:1,29:0:1,29:0:1,29:0:1,29:0:1,29:0:1,22:2:1,15:4:1,22:2:1,22:2:1,9:4:1,22:3:1,22:2:1,22:2:1,22:2:1,22:2:1,22:2:1,22:2:1,22:2:1,22:3:1,9:4:1,22:2:1,22:2:1,15:4:1,22:2:1,15:4:1,23:4:1,15:4:1,23:4:1,15:4:1,23:4:1,15:4:1,22:2:1,15:4:1,22:2:1,22:2:1,9:4:1,22:2:1,23:4:1,7:4:2,23:4:1,7:4:2,23:4:1,7:4:2,23:4:1,22:2:1,9:4:1,22:2:1,22:2:1,15:4:1,22:2:1,15:4:1,23:4:1,15:4:1,23:4:1,15:4:1,23:4:1,15:4:1,22:2:1,15:4:1,22:2:1,22:2:1,9:4:1,22:2:1,23:4:1,7:4:2,23:4:1,7:4:2,23:4:1,7:4:2,23:4:1,22:2:1,9:4:1,22:2:1,29:0:1,29:0:1,22:2:1,15:4:1,23:4:1,15:4:1,23:4:1,15:4:1,23:4:1,15:4:1,22:2:1,29:0:1,29:0:1,29:0:1,29:0:1,22:2:1,23:4:1,7:4:2,23:4:1,7:4:2,23:4:1,7:4:2,23:4:1,22:2:1,29:0:1,29:0:1,29:0:1,29:0:1,22:2:1,15:4:1,23:4:1,15:4:1,23:4:1,15:4:1,23:4:1,15:4:1,22:2:1,29:0:1,29:0:1,29:0:1,29:0:1,22:1:1,22:2:1,22:2:1,22:2:1,22:2:1,22:2:1,22:2:1,22:2:1,22:1:1,29:0:1,29:0:1, 32084.dat
