9 0 -0.000000 -0.000000 -1.000000 1.000000 0.000000 -0.000000 0.000000 -1.000000 0.000000 0.000008 4.000000 26.713499 20.080601 9.750299 3.750000 32125.dat
9 0 0.866026 -0.000000 0.499999 -0.499999 0.000000 0.866026 -0.000000 -1.000000 0.000000 -23.059805 4.000000 -13.313568 20.167000 9.750299 3.750000 32125.dat
9 0 -0.866025 0.000000 0.500000 -0.500000 0.000000 -0.866025 -0.000000 -1.000000 -0.000000 22.941370 4.000000 -13.245207 20.303749 9.750299 3.750000 32125.dat
9 0 -0.000000 -0.000000 -1.000000 1.000000 0.000000 -0.000000 0.000000 -1.000000 0.000000 -6.250147 4.000000 6.750103 4.000100 3.500150 3.750000 32125.dat
10 0 -33.660252 0.000000 -48.301250 50.000000 12.450000 48.301250 32125.dat
3 23 0.000000 0.000000 1.000000 0.000000 1.000000 0.000000 -1.000000 0.000000 0.000000 -9.999997 0.000000 10.000003 2 4 29:0:1,23:4:1,18:2:1,23:4:1,18:1:1,23:4:1,1:4:0,23:4:1,1:4:0,23:4:1,29:0:1,23:4:1,18:2:1,23:4:1,18:1:1, 32125.dat
3 23 0.866025 0.000000 -0.500000 0.000000 1.000000 0.000000 0.500000 0.000000 0.866025 13.660252 0.000000 3.660246 2 4 29:0:1,23:4:1,18:2:1,23:4:1,18:1:1,23:4:1,1:4:1,23:4:1,1:4:0,23:4:1,29:0:1,23:4:1,18:2:1,23:4:1,18:1:1, 32125.dat
3 23 -0.866026 0.000000 -0.500000 0.000000 1.000000 0.000000 0.500000 0.000000 -0.866026 -3.660254 0.000000 -13.660249 2 4 29:0:1,23:4:1,18:2:1,23:4:1,18:1:1,23:4:1,1:4:1,23:4:1,1:4:0,23:4:1,29:0:1,23:4:1,18:2:1,23:4:1,18:1:1, 32125.dat
2 22 0.000000 0.000000 1.000000 0.000000 1.000000 0.000000 -1.000000 0.000000 0.000000 -9.999997 8.000000 10.000003 2 4 29:0:1,22:2:1,22:2:1,22:2:1,22:1:1,29:0:1,15:4:1,9:4:1,15:4:2,22:2:1,29:0:1,22:2:1,22:2:1,22:2:1,22:1:1, 32125.dat
0 4 0.000000 0.000000 1.000000 0.000000 1.000000 0.000000 -1.000000 0.000000 0.000000 0.000000 8.000000 0.000000 0 0 0.320000 0 0 32125.dat
2 22 -0.866026 0.000000 -0.500000 0.000000 1.000000 0.000000 0.500000 0.000000 -0.866026 -3.660254 8.000000 -13.660249 2 4 29:0:1,22:2:1,22:2:1,22:2:1,22:1:1,29:0:1,15:4:1,9:4:1,15:4:2,22:2:1,29:0:1,22:2:1,22:2:1,22:2:1,22:1:1, 32125.dat
2 22 0.866025 0.000000 -0.500000 0.000000 1.000000 0.000000 0.500000 0.000000 0.866025 13.660252 8.000000 3.660246 2 4 29:0:1,22:2:1,22:2:1,22:2:1,22:1:1,29:0:1,15:4:1,9:4:1,15:4:2,22:2:1,29:0:1,22:2:1,22:2:1,22:2:1,22:1:1, 32125.dat
