9 0 0.000000 0.000000 1.000000 0.000000 1.000000 -0.000000 -1.000000 0.000000 0.000000 10.000006 0.000003 60.037495 8.975000 9.750000 2.000000 32140.dat
9 0 1.000000 -0.000000 -0.000000 0.000000 1.000000 -0.000000 0.000000 0.000000 1.000000 14.625004 0.000002 51.487495 5.125000 9.750000 0.487500 32140.dat
9 0 1.000000 -0.000000 -0.000000 0.000000 1.000000 -0.000000 0.000000 0.000000 1.000000 10.000031 0.000004 68.524994 9.750025 9.750000 0.487500 32140.dat
9 0 -1.000000 0.000000 0.000000 0.000000 1.000000 -0.000000 -0.000000 -0.000000 -1.000000 -0.037495 0.000003 49.999996 8.975000 9.750000 2.000000 32140.dat
9 0 1.000000 -0.000000 -0.000000 0.000000 1.000000 -0.000000 0.000000 0.000000 1.000000 0.100798 -0.000001 -7.230723 3.508375 9.750000 0.855725 32140.dat
9 0 0.500000 -0.000000 -0.866025 0.000000 1.000000 -0.000000 0.866025 -0.000000 0.500000 -6.362152 0.000000 -3.789572 3.508375 9.750000 0.681875 32140.dat
9 0 0.500001 0.000000 0.866025 0.000000 1.000000 -0.000000 -0.866025 0.000000 0.500000 6.425448 -0.000001 -3.593349 3.508375 9.750000 0.725175 32140.dat
9 0 -1.000000 0.000000 0.000000 0.000000 1.000000 -0.000000 -0.000000 -0.000000 -1.000000 -0.037498 0.000001 29.999998 8.975000 9.750000 2.000000 32140.dat
9 0 -1.000000 0.000000 0.000000 0.000000 1.000000 -0.000000 -0.000000 -0.000000 -1.000000 -0.037500 0.000001 10.000001 8.975000 9.750000 2.000000 32140.dat
9 0 -0.000000 0.000000 -1.000000 0.000000 1.000000 -0.000000 1.000000 -0.000000 -0.000000 -8.537498 0.000002 29.999998 29.750002 9.750000 0.487500 32140.dat
9 0 -0.000000 -0.000000 -1.000000 0.000000 1.000000 -0.000000 1.000000 -0.000000 -0.000000 8.499553 0.000001 34.615746 34.365498 9.750000 0.450475 32140.dat
9 0 -1.000000 0.000000 0.000000 0.000000 1.000000 -0.000000 -0.000000 -0.000000 -1.000000 5.725000 0.000000 5.482100 3.225000 9.750000 2.982125 32140.dat
9 0 -1.000000 0.000000 0.000000 0.000000 1.000000 -0.000000 -0.000000 -0.000000 -1.000000 -5.725000 0.000001 5.482101 3.225000 9.750000 2.982125 32140.dat
9 0 -0.258819 0.000000 0.965926 -0.965926 0.000000 -0.258819 -0.000000 -1.000000 0.000000 -2.106118 0.000004 67.860245 0.137500 2.533975 9.750000 32140.dat
9 0 -0.866025 0.000000 0.500000 -0.500000 -0.000000 -0.866025 -0.000000 -1.000000 0.000000 -7.047269 0.000004 64.068748 0.137500 2.533975 9.750000 32140.dat
9 0 -0.923879 0.000000 0.382684 -0.382684 -0.000000 -0.923879 -0.000000 -1.000000 0.000000 23.114132 0.000002 67.517990 2.417150 0.137500 9.750000 32140.dat
9 0 0.382683 0.000000 0.923880 -0.923880 0.000000 0.382683 -0.000000 -1.000000 0.000000 27.518007 0.000001 56.885986 2.417150 0.137500 9.750000 32140.dat
9 0 0.923880 -0.000000 0.382683 -0.382683 0.000000 0.923880 -0.000000 -1.000000 0.000000 23.114130 0.000001 52.481991 2.417150 0.137500 9.750000 32140.dat
9 0 -0.382683 0.000000 0.923880 -0.923880 0.000000 -0.382683 -0.000000 -1.000000 0.000000 27.518009 0.000002 63.113987 2.417150 0.137500 9.750000 32140.dat
9 0 -1.000000 0.000000 0.000000 -0.000000 -0.000000 -1.000000 -0.000000 -1.000000 0.000000 10.000081 -0.012496 66.999992 14.374150 0.500000 7.737500 32140.dat
9 0 -1.000000 0.000000 0.000000 -0.000000 -0.000000 -1.000000 -0.000000 -1.000000 0.000000 10.000079 -0.012498 52.999992 14.374150 0.500000 7.737500 32140.dat
9 0 0.000000 0.000000 1.000000 -1.000000 0.000000 0.000000 -0.000000 -1.000000 0.000000 -6.999997 -0.012497 36.669247 27.704998 0.500000 7.737500 32140.dat
9 0 0.000000 0.000000 1.000000 -1.000000 0.000000 0.000000 -0.000000 -1.000000 0.000000 7.000003 -0.012498 36.669247 27.704998 0.500000 7.737500 32140.dat
10 0 -9.250000 -10.000000 -20.000000 70.000000 30.000002 0.000000 32140.dat
0 2 -1.000000 0.000000 0.000000 -0.000000 -1.000000 0.000000 0.000000 0.000000 1.000000 0.000000 -9.999999 20.000002 0 0 0.800000 0 0 32140.dat
0 2 -1.000000 0.000000 0.000000 -0.000000 -1.000000 0.000000 0.000000 0.000000 1.000000 0.000002 -9.999997 40.000000 0 0 0.800000 0 0 32140.dat
0 2 -1.000000 0.000000 0.000000 -0.000000 -1.000000 0.000000 0.000000 0.000000 1.000000 0.000005 -9.999997 59.999996 0 0 0.800000 0 0 32140.dat
0 2 -1.000000 0.000000 0.000000 -0.000000 -1.000000 0.000000 0.000000 0.000000 1.000000 20.000004 -9.999997 59.999996 0 0 0.800000 0 0 32140.dat
0 4 -1.000000 0.000000 0.000000 0.000000 1.000000 -0.000000 -0.000000 -0.000000 -1.000000 0.000000 10.000000 0.000000 0 0 0.800000 0 0 32140.dat
2 22 0.000000 0.000000 1.000000 0.000000 1.000000 -0.000000 -1.000000 0.000000 0.000000 -9.999999 10.000002 10.000001 4 6 22:1:1,22:2:1,22:2:1,22:2:1,22:2:1,22:2:1,22:1:1,22:2:1,16:4:64,22:2:1,16:4:64,22:2:1,16:4:64,22:2:1,22:1:1,22:2:1,22:2:1,22:2:1,22:2:1,22:2:1,22:2:1,29:0:1,29:0:1,29:0:1,29:0:1,22:2:1,16:4:64,22:2:1,29:0:1,29:0:1,29:0:1,29:0:1,22:1:1,22:2:1,22:1:1, 32140.dat
2 22 -0.000000 0.000000 -1.000000 -0.000000 -1.000000 0.000000 -1.000000 0.000000 0.000000 -9.999994 -9.999995 69.999992 4 6 22:1:1,22:2:1,22:2:1,22:2:1,22:2:1,22:2:1,22:1:1,22:2:1,16:4:64,22:2:1,16:4:64,22:2:1,16:4:64,22:2:1,22:2:1,22:2:1,22:2:1,22:2:1,22:2:1,22:2:1,22:1:1,22:2:1,16:4:64,22:2:1,29:0:1,29:0:1,29:0:1,29:0:1,22:1:1,22:2:1,22:1:1,29:0:1,29:0:1,29:0:1,29:0:1, 32140.dat
