9 0 -1.000000 0.000000 -0.000000 0.000000 1.000000 0.000000 0.000000 0.000000 -1.000000 0.000006 -14.400000 -8.262500 3.000000 7.850000 0.987500 32146.dat
9 0 -0.500000 -0.866025 -0.000000 -0.866025 0.500000 -0.000000 0.000000 0.000000 -1.000000 12.470781 -7.200000 -8.262495 3.000000 7.850000 0.987500 32146.dat
9 0 0.500000 -0.866025 0.000000 -0.866025 -0.500000 -0.000000 0.000000 0.000000 -1.000000 12.470781 7.200000 -8.262495 3.000000 7.850000 0.987500 32146.dat
9 0 1.000000 0.000000 0.000000 0.000000 -1.000000 0.000000 0.000000 0.000000 -1.000000 0.000006 14.400000 -8.262500 3.000000 7.850000 0.987500 32146.dat
9 0 0.500000 0.866025 0.000000 0.866025 -0.500000 0.000000 0.000000 0.000000 -1.000000 -12.470769 7.200000 -8.262504 3.000000 7.850000 0.987500 32146.dat
9 0 -0.500000 0.866025 -0.000000 0.866025 0.500000 0.000000 0.000000 0.000000 -1.000000 -12.470769 -7.200000 -8.262504 3.000000 7.850000 0.987500 32146.dat
9 0 -1.000000 0.000000 -0.000000 0.000000 1.000000 0.000000 0.000000 0.000000 -1.000000 0.000006 -7.985150 -8.262500 3.000000 1.435150 0.987500 32146.dat
9 0 -0.866025 -0.500000 -0.000000 -0.500000 0.866025 -0.000000 0.000000 0.000000 -1.000000 3.992581 -6.915350 -8.262498 3.000000 1.435150 0.987500 32146.dat
9 0 -0.500000 -0.866025 -0.000000 -0.866025 0.500000 -0.000000 0.000000 0.000000 -1.000000 6.915356 -3.992575 -8.262496 3.000000 1.435150 0.987500 32146.dat
9 0 0.000000 -1.000000 0.000000 -1.000000 -0.000000 -0.000000 0.000000 0.000000 -1.000000 7.985156 0.000000 -8.262496 3.000000 1.435150 0.987500 32146.dat
9 0 0.500000 -0.866025 0.000000 -0.866025 -0.500000 -0.000000 0.000000 0.000000 -1.000000 6.915356 3.992575 -8.262496 3.000000 1.435150 0.987500 32146.dat
9 0 0.866025 -0.500000 0.000000 -0.500000 -0.866025 -0.000000 0.000000 0.000000 -1.000000 3.992581 6.915350 -8.262498 3.000000 1.435150 0.987500 32146.dat
9 0 1.000000 0.000000 0.000000 0.000000 -1.000000 0.000000 0.000000 0.000000 -1.000000 0.000006 7.985150 -8.262500 3.000000 1.435150 0.987500 32146.dat
9 0 0.866025 0.500000 0.000000 0.500000 -0.866025 0.000000 0.000000 0.000000 -1.000000 -3.992569 6.915350 -8.262501 3.000000 1.435150 0.987500 32146.dat
9 0 0.500000 0.866025 0.000000 0.866025 -0.500000 0.000000 0.000000 0.000000 -1.000000 -6.915344 3.992575 -8.262503 3.000000 1.435150 0.987500 32146.dat
9 0 0.000000 1.000000 0.000000 1.000000 -0.000000 0.000000 0.000000 0.000000 -1.000000 -7.985144 0.000000 -8.262503 3.000000 1.435150 0.987500 32146.dat
9 0 -0.500000 0.866025 -0.000000 0.866025 0.500000 0.000000 0.000000 0.000000 -1.000000 -6.915344 -3.992575 -8.262503 3.000000 1.435150 0.987500 32146.dat
9 0 -0.866025 0.500000 -0.000000 0.500000 0.866025 0.000000 0.000000 0.000000 -1.000000 -3.992569 -6.915350 -8.262501 3.000000 1.435150 0.987500 32146.dat
9 0 -0.500000 -0.866025 -0.000000 -0.866025 0.500000 -0.000000 0.000000 0.000000 -1.000000 16.092209 -9.290850 -14.699319 3.000000 1.158400 4.449325 32146.dat
9 0 -1.000000 0.000000 -0.000000 0.000000 1.000000 0.000000 0.000000 0.000000 -1.000000 0.000008 -18.581675 -14.699325 3.000000 1.158400 4.449325 32146.dat
9 0 -0.500000 0.866025 -0.000000 0.866025 0.500000 0.000000 0.000000 0.000000 -1.000000 -16.092194 -9.290850 -14.699331 3.000000 1.158400 4.449325 32146.dat
9 0 0.500000 0.866025 0.000000 0.866025 -0.500000 0.000000 0.000000 0.000000 -1.000000 -16.092194 9.290850 -14.699331 3.000000 1.158400 4.449325 32146.dat
9 0 1.000000 0.000000 0.000000 0.000000 -1.000000 0.000000 0.000000 0.000000 -1.000000 0.000008 18.581675 -14.699325 3.000000 1.158400 4.449325 32146.dat
9 0 0.500000 -0.866025 0.000000 -0.866025 -0.500000 -0.000000 0.000000 0.000000 -1.000000 16.092209 9.290850 -14.699319 3.000000 1.158400 4.449325 32146.dat
9 0 0.000000 -1.000000 0.000000 -1.000000 -0.000000 -0.000000 0.000000 0.000000 -1.000000 20.411032 0.000000 -14.699319 11.744350 0.343675 4.449325 32146.dat
9 0 -0.866026 0.500000 -0.000000 0.500000 0.866026 0.000000 0.000000 0.000000 -1.000000 -10.205492 -17.676476 -14.699327 11.744350 0.343675 4.449325 32146.dat
9 0 0.000000 1.000000 0.000000 1.000000 -0.000000 0.000000 0.000000 0.000000 -1.000000 -20.411018 0.000000 -14.699331 11.744350 0.343675 4.449325 32146.dat
9 0 0.866025 0.500000 0.000000 0.500000 -0.866025 0.000000 0.000000 0.000000 -1.000000 -10.205517 17.676451 -14.699327 11.744350 0.343675 4.449325 32146.dat
9 0 0.866025 -0.500000 0.000000 -0.500000 -0.866025 -0.000000 0.000000 0.000000 -1.000000 10.205508 17.676476 -14.699322 11.744350 0.343675 4.449325 32146.dat
9 0 -0.866026 -0.500000 -0.000000 -0.500000 0.866026 -0.000000 0.000000 0.000000 -1.000000 10.205533 -17.676451 -14.699322 11.744350 0.343675 4.449325 32146.dat
9 0 -1.000000 0.000000 -0.000000 0.000000 1.000000 0.000000 0.000000 0.000000 -1.000000 -3.973548 3.973550 4.999999 1.473550 1.473550 4.750000 32146.dat
9 0 0.000000 -1.000000 0.000000 -1.000000 -0.000000 -0.000000 0.000000 0.000000 -1.000000 -3.973548 -3.973550 4.999999 1.473550 1.473550 4.750000 32146.dat
9 0 1.000000 0.000000 0.000000 0.000000 -1.000000 0.000000 0.000000 0.000000 -1.000000 3.973552 -3.973550 5.000001 1.473550 1.473550 4.750000 32146.dat
9 0 0.000000 1.000000 0.000000 1.000000 -0.000000 0.000000 0.000000 0.000000 -1.000000 3.973552 3.973550 5.000001 1.473550 1.473550 4.750000 32146.dat
9 0 -1.000000 0.000000 -0.000000 0.000000 1.000000 0.000000 0.000000 0.000000 -1.000000 0.000007 -34.963249 -10.000000 9.614125 0.454225 17.250000 32146.dat
9 0 -0.866026 -0.500000 -0.000000 -0.500000 0.866026 -0.000000 0.000000 0.000000 -1.000000 17.481606 -30.278999 -9.999994 9.614125 0.454225 17.250000 32146.dat
9 0 -0.500000 -0.866025 -0.000000 -0.866025 0.500000 -0.000000 0.000000 0.000000 -1.000000 30.279005 -17.481600 -9.999990 9.614125 0.454225 17.250000 32146.dat
9 0 0.000000 -1.000000 0.000000 -1.000000 -0.000000 -0.000000 0.000000 0.000000 -1.000000 34.963257 0.000000 -9.999989 9.614125 0.454225 17.250000 32146.dat
9 0 0.500000 -0.866025 0.000000 -0.866025 -0.500000 -0.000000 0.000000 0.000000 -1.000000 30.279005 17.481600 -9.999990 9.614125 0.454225 17.250000 32146.dat
9 0 0.866025 -0.500000 0.000000 -0.500000 -0.866025 -0.000000 0.000000 0.000000 -1.000000 17.481606 30.278999 -9.999994 9.614125 0.454225 17.250000 32146.dat
9 0 1.000000 0.000000 0.000000 0.000000 -1.000000 0.000000 0.000000 0.000000 -1.000000 0.000007 34.963249 -10.000000 9.614125 0.454225 17.250000 32146.dat
9 0 0.866025 0.500000 0.000000 0.500000 -0.866025 0.000000 0.000000 0.000000 -1.000000 -17.481594 30.278999 -10.000006 9.614125 0.454225 17.250000 32146.dat
9 0 0.500000 0.866025 0.000000 0.866025 -0.500000 0.000000 0.000000 0.000000 -1.000000 -30.278992 17.481600 -10.000010 9.614125 0.454225 17.250000 32146.dat
9 0 0.000000 1.000000 0.000000 1.000000 -0.000000 0.000000 0.000000 0.000000 -1.000000 -34.963245 0.000000 -10.000012 9.614125 0.454225 17.250000 32146.dat
9 0 -0.500000 0.866025 -0.000000 0.866025 0.500000 0.000000 0.000000 0.000000 -1.000000 -30.278992 -17.481600 -10.000010 9.614125 0.454225 17.250000 32146.dat
9 0 -0.866026 0.500000 -0.000000 0.500000 0.866026 0.000000 0.000000 0.000000 -1.000000 -17.481594 -30.278999 -10.000006 9.614125 0.454225 17.250000 32146.dat
9 0 -1.000000 0.000000 -0.000000 0.000000 1.000000 0.000000 0.000000 0.000000 -1.000000 0.000012 -30.112499 -25.622252 7.859100 4.862500 1.627625 32146.dat
9 0 -0.866025 -0.500000 -0.000000 -0.500000 0.866025 -0.000000 0.000000 0.000000 -1.000000 15.056261 -26.078251 -25.622246 7.859100 4.862500 1.627625 32146.dat
9 0 -0.500000 -0.866025 -0.000000 -0.866025 0.500000 -0.000000 0.000000 0.000000 -1.000000 26.078262 -15.056250 -25.622242 7.859100 4.862500 1.627625 32146.dat
9 0 0.000000 -1.000000 0.000000 -1.000000 -0.000000 -0.000000 0.000000 0.000000 -1.000000 30.112511 0.000000 -25.622242 7.859100 4.862500 1.627625 32146.dat
9 0 0.500000 -0.866025 0.000000 -0.866025 -0.500000 -0.000000 0.000000 0.000000 -1.000000 26.078262 15.056250 -25.622242 7.859100 4.862500 1.627625 32146.dat
9 0 0.866025 -0.500000 0.000000 -0.500000 -0.866025 -0.000000 0.000000 0.000000 -1.000000 15.056261 26.078251 -25.622246 7.859100 4.862500 1.627625 32146.dat
9 0 1.000000 0.000000 0.000000 0.000000 -1.000000 0.000000 0.000000 0.000000 -1.000000 0.000012 30.112499 -25.622252 7.859100 4.862500 1.627625 32146.dat
9 0 0.866025 0.500000 0.000000 0.500000 -0.866025 0.000000 0.000000 0.000000 -1.000000 -15.056237 26.078251 -25.622257 7.859100 4.862500 1.627625 32146.dat
9 0 0.500000 0.866025 0.000000 0.866025 -0.500000 0.000000 0.000000 0.000000 -1.000000 -26.078239 15.056250 -25.622261 7.859100 4.862500 1.627625 32146.dat
9 0 0.000000 1.000000 0.000000 1.000000 -0.000000 0.000000 0.000000 0.000000 -1.000000 -30.112488 0.000000 -25.622261 7.859100 4.862500 1.627625 32146.dat
9 0 -0.500000 0.866025 -0.000000 0.866025 0.500000 0.000000 0.000000 0.000000 -1.000000 -26.078239 -15.056250 -25.622261 7.859100 4.862500 1.627625 32146.dat
9 0 -0.866025 0.500000 -0.000000 0.500000 0.866025 0.000000 0.000000 0.000000 -1.000000 -15.056237 -26.078251 -25.622257 7.859100 4.862500 1.627625 32146.dat
9 0 -1.000000 0.000000 -0.000000 0.000000 1.000000 0.000000 0.000000 0.000000 -1.000000 0.000011 -22.665501 -23.603001 6.324150 2.638700 1.375950 32146.dat
9 0 -0.866025 -0.500000 -0.000000 -0.500000 0.866025 -0.000000 0.000000 0.000000 -1.000000 11.332762 -19.628901 -23.602999 6.324150 2.638700 1.375950 32146.dat
9 0 -0.500000 -0.866025 -0.000000 -0.866025 0.500000 -0.000000 0.000000 0.000000 -1.000000 19.628910 -11.332750 -23.602995 6.324150 2.638700 1.375950 32146.dat
9 0 0.000000 -1.000000 0.000000 -1.000000 -0.000000 -0.000000 0.000000 0.000000 -1.000000 22.665510 0.000000 -23.602995 6.324150 2.638700 1.375950 32146.dat
9 0 0.500000 -0.866025 0.000000 -0.866025 -0.500000 -0.000000 0.000000 0.000000 -1.000000 19.628910 11.332750 -23.602995 6.324150 2.638700 1.375950 32146.dat
9 0 0.866025 -0.500000 0.000000 -0.500000 -0.866025 -0.000000 0.000000 0.000000 -1.000000 11.332762 19.628901 -23.602999 6.324150 2.638700 1.375950 32146.dat
9 0 1.000000 0.000000 0.000000 0.000000 -1.000000 0.000000 0.000000 0.000000 -1.000000 0.000011 22.665501 -23.603001 6.324150 2.638700 1.375950 32146.dat
9 0 0.866025 0.500000 0.000000 0.500000 -0.866025 0.000000 0.000000 0.000000 -1.000000 -11.332739 19.628901 -23.603004 6.324150 2.638700 1.375950 32146.dat
9 0 0.500000 0.866025 0.000000 0.866025 -0.500000 0.000000 0.000000 0.000000 -1.000000 -19.628889 11.332750 -23.603006 6.324150 2.638700 1.375950 32146.dat
9 0 0.000000 1.000000 0.000000 1.000000 -0.000000 0.000000 0.000000 0.000000 -1.000000 -22.665491 0.000000 -23.603006 6.324150 2.638700 1.375950 32146.dat
9 0 -0.500000 0.866025 -0.000000 0.866025 0.500000 0.000000 0.000000 0.000000 -1.000000 -19.628889 -11.332750 -23.603006 6.324150 2.638700 1.375950 32146.dat
9 0 -0.866025 0.500000 -0.000000 0.500000 0.866025 0.000000 0.000000 0.000000 -1.000000 -11.332739 -19.628901 -23.603004 6.324150 2.638700 1.375950 32146.dat
10 0 -38.000000 -38.000000 -37.500000 38.000000 38.000000 0.000000 32146.dat
0 4 0.000000 1.000000 0.000000 -0.000000 -0.000000 1.000000 1.000000 0.000000 0.000000 0.000000 0.000000 10.000000 0 0 0.400000 0 0 32146.dat
