9 0 0.000000 0.000000 -1.000000 0.000000 1.000000 0.000000 1.000000 0.000000 0.000000 0.000006 0.000000 18.875006 10.875000 2.000000 5.875000 32175.dat
9 0 0.000000 0.000000 -1.000000 1.000000 -0.000000 0.000000 -0.000000 -1.000000 -0.000000 0.000006 0.000000 18.875006 10.875000 2.000000 5.875000 32175.dat
9 0 0.000000 0.000000 -1.000000 1.000000 -0.000000 0.000000 -0.000000 -1.000000 -0.000000 0.000009 0.000000 9.500006 0.250000 11.750000 2.250000 32175.dat
9 0 0.000000 0.000000 -1.000000 1.000000 -0.000000 0.000000 -0.000000 -1.000000 -0.000000 0.000010 0.612050 8.375007 0.375000 17.323450 9.137950 32175.dat
9 0 0.000000 0.000000 -1.000000 1.000000 -0.000000 0.000000 -0.000000 -1.000000 -0.000000 0.000015 5.000000 -8.249992 0.250000 3.625000 4.750000 32175.dat
9 0 0.308337 -0.000000 -0.951277 0.951277 0.000000 0.308337 -0.000000 -1.000000 -0.000000 -18.441620 0.000000 21.408377 10.122025 4.750000 9.750000 32175.dat
9 0 0.000000 0.000000 -1.000000 1.000000 -0.000000 0.000000 -0.000000 -1.000000 -0.000000 -14.999994 0.000000 20.000002 9.750000 4.750000 9.750000 32175.dat
9 0 0.000000 0.000000 -1.000000 1.000000 -0.000000 0.000000 -0.000000 -1.000000 -0.000000 -9.791789 2.949725 4.500005 4.250000 1.791825 6.800275 32175.dat
9 0 -0.866025 -0.000000 -0.500000 0.500000 0.000000 -0.866025 0.000000 -1.000000 -0.000000 -7.144737 5.000000 -4.124996 0.250000 3.625000 4.750000 32175.dat
9 0 -0.866025 -0.000001 0.500000 -0.500000 0.000001 -0.866025 0.000001 -1.000000 -0.000001 -7.144739 2.482250 4.125005 0.250000 3.625000 7.267750 32175.dat
9 0 -0.952675 0.000000 -0.303990 0.303990 0.000000 -0.952675 -0.000000 -1.000000 0.000000 -27.060574 2.338550 34.283047 0.500000 4.286350 7.411450 32175.dat
9 0 -0.866025 -0.000000 -0.500000 0.500000 0.000000 -0.866025 0.000000 -1.000000 -0.000000 -12.817576 4.305825 44.146774 0.327150 2.354100 5.444175 32175.dat
9 0 0.866026 0.000000 -0.499999 0.499999 0.000000 0.866026 0.000000 -1.000000 0.000000 -27.314503 4.413150 44.223022 0.327150 2.354100 5.336825 32175.dat
9 0 0.000000 0.000000 -1.000000 1.000000 -0.000000 0.000000 -0.000000 -1.000000 -0.000000 -20.000004 4.849650 48.406151 0.327150 2.354100 4.900350 32175.dat
9 0 0.629307 0.000000 -0.777157 0.777157 0.000000 0.629307 0.000000 -1.000000 0.000000 -13.874990 2.949725 5.000004 7.490300 1.363550 6.800275 32175.dat
9 0 -1.000000 0.000000 -0.000000 0.000000 -0.000000 -1.000000 -0.000000 -1.000000 0.000000 -11.499999 2.597400 35.000004 0.500000 4.750000 7.152600 32175.dat
9 0 0.584304 0.371361 -0.721581 0.777157 0.000000 0.629307 0.233700 -0.928488 -0.288606 -14.219014 0.470475 5.424753 4.663075 1.363550 6.800275 32175.dat
9 0 -0.308336 -0.000000 -0.951277 -0.951277 0.000000 0.308336 -0.000000 1.000000 0.000000 18.441505 0.000000 21.408388 10.122025 4.750000 9.750000 32175.dat
9 0 0.000000 0.000000 -1.000000 -1.000000 -0.000000 -0.000000 -0.000000 1.000000 -0.000000 15.000005 0.000000 20.000011 9.750000 4.750000 9.750000 32175.dat
9 0 0.000000 0.000000 -1.000000 -1.000000 -0.000000 -0.000000 -0.000000 1.000000 -0.000000 9.791760 2.949725 4.500010 4.250000 1.791825 6.800275 32175.dat
9 0 0.866026 -0.000000 -0.499999 -0.499999 0.000000 -0.866026 0.000000 1.000000 0.000000 7.144765 5.000000 -4.124990 0.250000 3.625000 4.750000 32175.dat
9 0 0.866025 -0.000001 0.500001 0.500001 0.000001 -0.866025 0.000001 1.000000 0.000001 7.144763 2.482250 4.125011 0.250000 3.625000 7.267750 32175.dat
9 0 0.952676 0.000000 -0.303989 -0.303989 0.000000 -0.952676 0.000000 1.000000 -0.000000 27.060503 2.338550 34.283066 0.500000 4.286350 7.411450 32175.dat
9 0 0.866026 -0.000000 -0.499999 -0.499999 0.000000 -0.866026 0.000000 1.000000 0.000000 12.817500 4.305825 44.146786 0.327150 2.354100 5.444175 32175.dat
9 0 -0.866025 0.000000 -0.500000 -0.500000 0.000000 0.866025 0.000000 1.000000 -0.000000 27.314503 4.413150 44.223042 0.327150 2.354100 5.336825 32175.dat
9 0 0.000000 0.000000 -1.000000 -1.000000 -0.000000 -0.000000 -0.000000 1.000000 -0.000000 19.999998 4.849650 48.406162 0.327150 2.354100 4.900350 32175.dat
9 0 -0.629307 0.000000 -0.777157 -0.777157 0.000000 0.629307 0.000000 1.000000 -0.000000 13.875012 2.949725 5.000013 7.490300 1.363550 6.800275 32175.dat
9 0 1.000000 0.000000 0.000000 0.000000 -0.000000 -1.000000 -0.000000 1.000000 -0.000000 11.500003 2.597400 35.000011 0.500000 4.750000 7.152600 32175.dat
9 0 -0.584304 0.371361 -0.721581 -0.777157 0.000000 0.629306 0.233700 0.928488 0.288606 14.219011 0.470475 5.424762 4.663075 1.363550 6.800275 32175.dat
10 0 -9.250000 0.000000 -49.250000 49.250000 20.000000 9.250000 32175.dat
0 2 1.000000 0.000000 0.000000 0.000000 1.000000 0.000000 -0.000000 0.000000 1.000000 -20.000000 10.000000 40.000000 0 0 0.400000 0 0 32175.dat
0 2 1.000000 0.000000 0.000000 0.000000 1.000000 0.000000 -0.000000 0.000000 1.000000 20.000000 10.000000 40.000011 0 0 0.400000 0 0 32175.dat
0 2 1.000000 0.000000 0.000000 0.000000 1.000000 0.000000 -0.000000 0.000000 1.000000 0.000012 10.000000 0.000006 0 0 0.400000 0 0 32175.dat
0 5 -0.000000 1.000000 0.000000 -0.000000 -0.000000 1.000000 1.000000 0.000000 0.000000 0.000003 0.000000 30.000008 0 1 0.800000 0 0 32175.dat
