9 0 -0.999689 0.021141 0.013243 -0.002847 0.430723 -0.902480 -0.024784 -0.902237 -0.430529 21.243341 0.001055 6.906156 4.202500 2.515050 9.676350 32189.dat
9 0 -0.878749 -0.477284 0.000001 0.000000 -0.000002 -1.000000 0.477284 -0.878749 0.000002 15.335658 40.526306 10.000573 1.217500 9.749375 11.986976 32189.dat
9 0 -0.878749 -0.477284 0.000001 0.000000 -0.000002 -1.000000 0.477284 -0.878749 0.000002 16.420460 38.529247 108.494583 1.217500 108.244751 9.833800 32189.dat
9 0 -0.999991 -0.004226 -0.000000 0.000000 -0.000002 -1.000000 0.004226 -0.999991 0.000002 25.827721 -0.019792 88.471916 1.217500 96.374748 9.833800 32189.dat
9 0 -0.892010 0.452016 -0.000001 0.000000 -0.000002 -1.000000 -0.452016 -0.892010 0.000002 17.302509 -36.942120 46.598740 1.217500 64.515755 5.285500 32189.dat
9 0 0.000000 -1.000000 0.000002 0.000000 -0.000002 -1.000000 1.000000 0.000000 0.000000 8.511498 -49.999981 -9.999372 4.246975 9.749375 0.511500 32189.dat
9 0 -0.866025 -0.500000 0.000001 0.000000 -0.000002 -1.000000 0.500000 -0.866025 0.000002 4.255749 -57.371159 -9.999358 4.246975 9.749375 0.511500 32189.dat
9 0 -0.866026 0.500000 -0.000001 0.000000 -0.000002 -1.000000 -0.500000 -0.866026 0.000002 -4.255752 -57.371159 -10.999361 4.246975 8.749374 0.511500 32189.dat
9 0 0.866026 0.500000 -0.000001 0.000000 -0.000002 -1.000000 -0.500000 0.866025 -0.000002 -4.255754 -42.628807 -10.999391 4.246975 8.749374 0.511500 32189.dat
9 0 0.866026 -0.500000 0.000001 0.000000 -0.000002 -1.000000 0.500000 0.866025 -0.000002 4.255747 -42.628803 -9.999388 4.246975 9.749375 0.511500 32189.dat
9 0 -0.000000 1.000000 -0.000002 0.000000 -0.000002 -1.000000 -1.000000 -0.000000 -0.000000 -8.511503 -49.999985 -10.999376 4.246975 8.749374 0.511500 32189.dat
9 0 -0.000000 1.000000 -0.000002 0.000000 -0.000002 -1.000000 -1.000000 -0.000000 -0.000000 3.745495 -39.999966 -1.875016 2.000000 1.625000 12.745500 32189.dat
9 0 -0.927209 0.374544 -0.000001 0.000000 -0.000002 -1.000000 -0.374544 -0.927209 0.000002 11.880171 -35.900314 -1.875024 5.258825 1.625000 9.087874 32189.dat
9 0 -0.878749 0.477284 -0.000001 0.052038 0.095808 -0.994039 -0.474438 -0.873511 -0.109028 14.987573 -41.167252 -9.013589 1.217500 9.326275 12.413250 32189.dat
9 0 -0.469472 -0.882948 0.000002 0.000000 -0.000002 -1.000000 0.882948 -0.469471 0.000001 11.051497 -35.876179 -9.375025 1.000000 9.125000 4.369250 32189.dat
9 0 0.000000 -1.000000 0.000002 0.000000 -0.000002 -1.000000 1.000000 0.000000 0.000000 8.656644 -22.637478 -6.875053 1.612500 6.625000 3.248475 32189.dat
9 0 -0.866025 -0.500000 0.000001 0.000000 -0.000002 -1.000000 0.500000 -0.866025 0.000002 29.247982 10.910350 30.821396 5.420050 37.747250 0.620800 32189.dat
9 0 -0.866026 0.500000 -0.000001 0.000000 -0.000002 -1.000000 -0.500000 -0.866026 0.000002 18.752089 10.910296 6.433885 5.420050 13.316075 0.620800 32189.dat
9 0 -0.000000 1.000000 -0.000002 0.000000 -0.000002 -1.000000 -1.000000 -0.000000 -0.000000 13.504187 20.000053 7.843365 5.420050 11.906401 0.620800 32189.dat
9 0 0.866026 0.500000 -0.000001 0.000000 -0.000002 -1.000000 -0.500000 0.866025 -0.000002 18.752087 29.089552 8.605348 5.420050 11.144575 0.620800 32189.dat
9 0 0.866026 -0.500000 0.000001 0.000000 -0.000002 -1.000000 0.500000 0.866025 -0.000002 29.247978 29.089611 35.754108 5.420050 38.293251 0.620800 32189.dat
9 0 0.000000 -1.000000 0.000002 0.000000 -0.000002 -1.000000 1.000000 0.000000 0.000000 34.495731 20.000099 30.852879 5.420050 35.151249 0.620800 32189.dat
9 0 -0.866026 0.500000 -0.000001 0.000000 -0.000002 -1.000000 -0.500000 -0.866026 0.000002 18.752054 10.910570 149.500412 5.420050 46.782749 0.620800 32189.dat
9 0 -0.000000 1.000000 -0.000002 0.000000 -0.000002 -1.000000 -1.000000 -0.000000 -0.000000 13.504150 20.000340 157.276123 5.420050 46.382500 0.620800 32189.dat
9 0 0.866026 0.500000 -0.000001 0.000000 -0.000002 -1.000000 -0.500000 0.866025 -0.000002 18.752048 29.089849 165.391357 5.420050 45.234501 0.620800 32189.dat
9 0 -0.866026 0.500000 -0.000001 0.000000 -0.000002 -1.000000 -0.500000 -0.866026 0.000002 18.752068 -29.089361 116.021202 5.420050 46.782749 0.620800 32189.dat
9 0 -0.000000 1.000000 -0.000002 0.000000 -0.000002 -1.000000 -1.000000 -0.000000 -0.000000 13.504164 -19.999722 123.796951 5.420050 46.382500 0.620800 32189.dat
9 0 0.866026 0.500000 -0.000001 0.000000 -0.000002 -1.000000 -0.500000 0.866025 -0.000002 18.752062 -10.910207 131.912186 5.420050 45.234501 0.620800 32189.dat
9 0 -0.000000 1.000000 -0.000002 0.000000 -0.000002 -1.000000 -1.000000 -0.000000 -0.000000 8.511481 50.000061 10.000555 4.246975 9.749375 0.511500 32189.dat
9 0 -0.866026 0.500000 -0.000001 0.000000 -0.000002 -1.000000 -0.500000 -0.866026 0.000002 4.255730 57.371307 10.000537 4.246975 9.749375 0.511500 32189.dat
9 0 -0.866025 -0.500000 0.000001 0.000000 -0.000002 -1.000000 0.500000 -0.866025 0.000002 -4.255770 57.371307 9.000538 4.246975 8.749374 0.511500 32189.dat
9 0 0.866026 -0.500000 0.000001 0.000000 -0.000002 -1.000000 0.500000 0.866025 -0.000002 -4.255768 42.628799 9.000568 4.246975 8.749374 0.511500 32189.dat
9 0 0.866026 0.500000 -0.000001 0.000000 -0.000002 -1.000000 -0.500000 0.866025 -0.000002 4.255732 42.628807 10.000567 4.246975 9.749375 0.511500 32189.dat
9 0 0.000000 -1.000000 0.000002 0.000000 -0.000002 -1.000000 1.000000 0.000000 0.000000 -8.511519 50.000061 9.000550 4.246975 8.749374 0.511500 32189.dat
9 0 0.000000 -1.000000 0.000002 0.000000 -0.000002 -1.000000 1.000000 0.000000 0.000000 3.745481 40.000069 18.124826 2.000000 1.625000 12.745500 32189.dat
9 0 -0.927209 -0.374544 0.000001 0.000000 -0.000002 -1.000000 0.374544 -0.927209 0.000002 11.880157 35.900318 18.124836 5.258825 1.625000 9.087874 32189.dat
9 0 -0.469472 0.882948 -0.000002 0.000000 -0.000002 -1.000000 -0.882948 -0.469472 0.000001 11.051483 35.876308 10.624833 1.000000 9.125000 4.369250 32189.dat
9 0 -0.000000 1.000000 -0.000002 0.000000 -0.000002 -1.000000 -1.000000 -0.000000 -0.000000 8.656634 22.637564 13.124861 1.612500 6.625000 3.248475 32189.dat
9 0 -0.000000 1.000000 -0.000002 0.000000 -0.000002 -1.000000 -1.000000 -0.000000 -0.000000 8.511484 30.000061 10.000594 4.246975 9.749375 0.511500 32189.dat
9 0 -0.866026 0.500000 -0.000001 0.000000 -0.000002 -1.000000 -0.500000 -0.866026 0.000002 4.255733 37.371307 10.000576 4.246975 9.749375 0.511500 32189.dat
9 0 -0.866025 -0.500000 0.000001 0.000000 -0.000002 -1.000000 0.500000 -0.866025 0.000002 -4.255768 37.371300 9.000577 4.246975 8.749374 0.511500 32189.dat
9 0 0.000000 -1.000000 0.000002 0.000000 -0.000002 -1.000000 1.000000 0.000000 0.000000 -8.511518 30.000055 9.000589 4.246975 8.749374 0.511500 32189.dat
9 0 0.866026 -0.500000 0.000001 0.000000 -0.000002 -1.000000 0.500000 0.866025 -0.000002 -4.255766 22.628801 9.000607 4.246975 8.749374 0.511500 32189.dat
9 0 0.866026 0.500000 -0.000001 0.000000 -0.000002 -1.000000 -0.500000 0.866025 -0.000002 4.255735 22.628807 10.000606 4.246975 9.749375 0.511500 32189.dat
9 0 -0.866025 -0.500000 0.000001 0.000000 -0.000002 -1.000000 0.500000 -0.866025 0.000002 29.247990 -29.089558 14.382715 5.420050 21.308426 0.620800 32189.dat
9 0 -0.866026 0.500000 -0.000001 0.000000 -0.000002 -1.000000 -0.500000 -0.866026 0.000002 18.752094 -29.089569 6.433965 5.420050 13.316075 0.620800 32189.dat
9 0 -0.000000 1.000000 -0.000002 0.000000 -0.000002 -1.000000 -1.000000 -0.000000 -0.000000 13.504190 -19.999943 7.843445 5.420050 11.906401 0.620800 32189.dat
9 0 0.866026 0.500000 -0.000001 0.000000 -0.000002 -1.000000 -0.500000 0.866025 -0.000002 18.752090 -10.910442 8.605428 5.420050 11.144575 0.620800 32189.dat
9 0 0.866026 -0.500000 0.000001 0.000000 -0.000002 -1.000000 0.500000 0.866025 -0.000002 29.247988 -10.910410 26.090681 5.420050 28.630001 0.620800 32189.dat
9 0 0.000000 -1.000000 0.000002 0.000000 -0.000002 -1.000000 1.000000 0.000000 0.000000 34.495743 -19.999924 17.813202 5.420050 22.111450 0.620800 32189.dat
9 0 0.000000 -1.000000 0.000002 0.000000 -0.000002 -1.000000 1.000000 0.000000 0.000000 8.511497 -29.999977 -9.999413 4.246975 9.749375 0.511500 32189.dat
9 0 -0.866025 -0.500000 0.000001 0.000000 -0.000002 -1.000000 0.500000 -0.866025 0.000002 4.255747 -37.371155 -9.999398 4.246975 9.749375 0.511500 32189.dat
9 0 -0.866026 0.500000 -0.000001 0.000000 -0.000002 -1.000000 -0.500000 -0.866026 0.000002 -4.255754 -37.371159 -10.999401 4.246975 8.749374 0.511500 32189.dat
9 0 -0.000000 1.000000 -0.000002 0.000000 -0.000002 -1.000000 -1.000000 -0.000000 -0.000000 -8.511505 -29.999983 -10.999416 4.246975 8.749374 0.511500 32189.dat
9 0 0.866026 0.500000 -0.000001 0.000000 -0.000002 -1.000000 -0.500000 0.866025 -0.000002 -4.255756 -22.628733 -10.999430 4.246975 8.749374 0.511500 32189.dat
9 0 0.866026 -0.500000 0.000001 0.000000 -0.000002 -1.000000 0.500000 0.866025 -0.000002 4.255745 -22.628733 -9.999427 4.246975 9.749375 0.511500 32189.dat
10 0 -10.000000 0.000000 -10.000000 110.000000 239.910507 37.125000 32189.dat
0 2 1.000000 0.000000 0.000000 -0.000000 0.000002 1.000000 0.000000 -1.000000 0.000002 -0.000005 -49.999962 0.000003 0 0 0.800000 0 0 32189.dat
0 2 1.000000 0.000000 0.000000 -0.000000 0.000002 1.000000 0.000000 -1.000000 0.000002 -0.000007 -29.999960 -0.000037 0 0 0.800000 0 0 32189.dat
0 2 1.000000 0.000000 0.000000 -0.000000 0.000002 1.000000 0.000000 -1.000000 0.000002 -0.000019 30.000078 20.001095 0 0 0.800000 0 0 32189.dat
0 2 1.000000 0.000000 0.000000 -0.000000 0.000002 1.000000 0.000000 -1.000000 0.000002 -0.000021 50.000072 20.001055 0 0 0.800000 0 0 32189.dat
2 22 -0.000000 1.000000 -0.000002 0.000000 -0.000002 -1.000000 -1.000000 -0.000000 -0.000000 -10.000000 -60.000004 -19.999983 2 4 22:1:1,22:2:1,22:2:1,22:2:1,22:1:1,22:2:1,16:4:64,22:2:1,16:4:64,22:2:1,22:1:1,22:2:1,22:2:1,22:2:1,22:1:1, 32189.dat
2 22 -0.000000 1.000000 -0.000002 0.000000 -0.000002 -1.000000 -1.000000 -0.000000 -0.000000 -10.000015 20.000034 -0.000139 2 4 22:1:1,22:2:1,22:2:1,22:2:1,22:1:1,22:2:1,16:4:64,22:2:1,16:4:64,22:2:1,22:1:1,22:2:1,22:2:1,22:2:1,22:1:1, 32189.dat
