9 0 1.000000 0.000000 0.000000 0.000000 1.000000 0.000000 0.000000 0.000000 1.000000 8.627174 -8.627174 0.000025 6.127175 6.127175 9.750000 32269.dat
9 0 -0.000000 1.000000 0.000000 -1.000000 -0.000000 0.000000 0.000000 0.000000 1.000000 8.627174 8.627174 0.000025 6.127175 6.127175 9.750000 32269.dat
9 0 -1.000000 0.000000 0.000000 -0.000000 -1.000000 0.000000 0.000000 0.000000 1.000000 -8.627174 8.627174 0.000025 6.127175 6.127175 9.750000 32269.dat
9 0 -0.000000 -1.000000 0.000000 1.000000 -0.000000 0.000000 0.000000 0.000000 1.000000 -8.627174 -8.627174 0.000025 6.127175 6.127175 9.750000 32269.dat
9 0 -1.000000 -0.000000 -0.000000 0.000000 0.000000 -1.000000 0.000000 -1.000000 0.000000 0.000000 -16.652901 0.000000 1.060700 3.500000 9.896925 32269.dat
9 0 -1.000000 0.000000 0.000000 -0.000000 -0.613731 -0.789515 -0.000000 -0.789515 0.613731 0.000000 -20.979225 -5.289125 0.398075 3.500000 2.499025 32269.dat
9 0 -1.000000 0.000000 -0.000000 -0.000000 -0.613731 0.789515 0.000000 0.789515 0.613731 0.000000 -20.979225 5.289099 0.398075 3.500000 2.499025 32269.dat
9 0 -0.951056 -0.309017 -0.000000 -0.000000 0.000001 -1.000000 0.309017 -0.951056 -0.000001 5.146025 -15.837850 0.000000 1.060700 3.500000 9.896925 32269.dat
9 0 -0.951057 -0.309017 -0.000001 0.189654 -0.583693 -0.789515 0.243973 -0.750874 0.613731 6.482925 -19.952425 -5.289125 0.398075 3.500000 2.499025 32269.dat
9 0 -0.951057 -0.309017 0.000001 0.189654 -0.583693 0.789515 -0.243973 0.750874 0.613731 6.482925 -19.952425 5.289099 0.398075 3.500000 2.499025 32269.dat
9 0 -0.809017 -0.587785 0.000000 0.000000 0.000000 -1.000000 0.587785 -0.809017 -0.000000 9.788324 -13.472501 0.000000 1.060700 3.500000 9.896925 32269.dat
9 0 -0.809017 -0.587785 0.000000 0.360742 -0.496518 -0.789515 0.464066 -0.638731 0.613730 12.331275 -16.972549 -5.289125 0.398075 3.500000 2.499025 32269.dat
9 0 -0.809017 -0.587785 -0.000000 0.360742 -0.496518 0.789515 -0.464066 0.638731 0.613730 12.331275 -16.972549 5.289099 0.398075 3.500000 2.499025 32269.dat
9 0 -0.587785 -0.809017 -0.000000 0.000000 0.000000 -1.000000 0.809017 -0.587785 0.000000 13.472501 -9.788324 0.000000 1.060700 3.500000 9.896925 32269.dat
9 0 -0.587785 -0.809017 -0.000001 0.496519 -0.360741 -0.789515 0.638731 -0.464066 0.613731 16.972549 -12.331275 -5.289125 0.398075 3.500000 2.499025 32269.dat
9 0 -0.587785 -0.809017 0.000001 0.496519 -0.360741 0.789515 -0.638731 0.464066 0.613731 16.972549 -12.331275 5.289099 0.398075 3.500000 2.499025 32269.dat
9 0 -0.309017 -0.951056 -0.000000 0.000000 0.000000 -1.000000 0.951057 -0.309017 0.000000 15.837850 -5.146025 0.000000 1.060700 3.500000 9.896900 32269.dat
9 0 -0.309017 -0.951057 0.000001 0.583693 -0.189654 -0.789515 0.750874 -0.243973 0.613731 19.952425 -6.482925 -5.289125 0.398075 3.500000 2.499025 32269.dat
9 0 -0.309017 -0.951057 -0.000001 0.583693 -0.189654 0.789515 -0.750874 0.243973 0.613731 19.952425 -6.482925 5.289099 0.398075 3.500000 2.499025 32269.dat
9 0 -0.000000 -1.000000 0.000000 -0.000000 -0.000000 -1.000000 1.000000 0.000000 -0.000000 16.652901 0.000000 0.000000 1.060700 3.500000 9.896925 32269.dat
9 0 0.000000 -1.000000 -0.000000 0.613730 0.000000 -0.789516 0.789516 0.000000 0.613730 20.979225 0.000000 -5.289125 0.398075 3.500000 2.499025 32269.dat
9 0 0.000000 -1.000000 0.000000 0.613730 0.000000 0.789516 -0.789516 -0.000000 0.613730 20.979225 0.000000 5.289099 0.398075 3.500000 2.499025 32269.dat
9 0 0.309017 -0.951056 0.000000 -0.000000 -0.000000 -1.000000 0.951056 0.309017 -0.000000 15.837850 5.146025 0.000000 1.060700 3.500000 9.896925 32269.dat
9 0 0.309018 -0.951056 0.000000 0.583692 0.189653 -0.789516 0.750874 0.243974 0.613731 19.952425 6.482925 -5.289125 0.398075 3.500000 2.499025 32269.dat
9 0 0.309018 -0.951056 -0.000000 0.583692 0.189653 0.789516 -0.750874 -0.243974 0.613731 19.952425 6.482925 5.289099 0.398075 3.500000 2.499025 32269.dat
9 0 0.587785 -0.809017 0.000000 -0.000000 -0.000000 -1.000000 0.809017 0.587785 -0.000000 13.472501 9.788324 0.000000 1.060700 3.500000 9.896925 32269.dat
9 0 0.587785 -0.809017 -0.000000 0.496518 0.360742 -0.789515 0.638732 0.464065 0.613731 16.972549 12.331275 -5.289125 0.398075 3.500000 2.499025 32269.dat
9 0 0.587785 -0.809017 0.000000 0.496518 0.360742 0.789515 -0.638732 -0.464065 0.613731 16.972549 12.331275 5.289099 0.398075 3.500000 2.499025 32269.dat
9 0 0.809017 -0.587785 -0.000000 0.000000 0.000000 -1.000000 0.587785 0.809017 0.000000 9.788324 13.472501 0.000000 1.060700 3.500000 9.896925 32269.dat
9 0 0.809017 -0.587785 0.000000 0.360742 0.496519 -0.789515 0.464066 0.638731 0.613731 12.331275 16.972549 -5.289125 0.398075 3.500000 2.499025 32269.dat
9 0 0.809017 -0.587785 -0.000000 0.360742 0.496519 0.789515 -0.464066 -0.638731 0.613731 12.331275 16.972549 5.289099 0.398075 3.500000 2.499025 32269.dat
9 0 0.951056 -0.309018 -0.000000 -0.000000 0.000000 -1.000000 0.309018 0.951056 0.000000 5.146025 15.837850 0.000000 1.060700 3.500000 9.896900 32269.dat
9 0 0.951056 -0.309017 0.000000 0.189653 0.583693 -0.789515 0.243974 0.750874 0.613731 6.482925 19.952425 -5.289125 0.398075 3.500000 2.499025 32269.dat
9 0 0.951056 -0.309017 -0.000000 0.189653 0.583693 0.789515 -0.243974 -0.750874 0.613731 6.482925 19.952425 5.289099 0.398075 3.500000 2.499025 32269.dat
9 0 1.000000 0.000000 0.000000 0.000000 -0.000000 -1.000000 0.000000 1.000000 -0.000000 0.000000 16.652901 0.000000 1.060700 3.500000 9.896925 32269.dat
9 0 1.000000 0.000000 0.000000 0.000000 0.613731 -0.789515 0.000000 0.789515 0.613731 0.000000 20.979225 -5.289125 0.398075 3.500000 2.499025 32269.dat
9 0 1.000000 0.000000 0.000000 0.000000 0.613731 0.789515 0.000000 -0.789515 0.613731 0.000000 20.979225 5.289099 0.398075 3.500000 2.499025 32269.dat
9 0 0.951056 0.309018 0.000000 0.000000 0.000000 -1.000000 -0.309018 0.951056 0.000000 -5.146025 15.837850 0.000000 1.060700 3.500000 9.896925 32269.dat
9 0 0.951056 0.309017 -0.000000 -0.189653 0.583693 -0.789515 -0.243974 0.750874 0.613731 -6.482925 19.952425 -5.289125 0.398075 3.500000 2.499025 32269.dat
9 0 0.951056 0.309017 0.000000 -0.189653 0.583693 0.789515 0.243974 -0.750874 0.613731 -6.482925 19.952425 5.289099 0.398075 3.500000 2.499025 32269.dat
9 0 0.809017 0.587785 0.000000 -0.000000 0.000000 -1.000000 -0.587785 0.809017 0.000000 -9.788324 13.472501 0.000000 1.060700 3.500000 9.896925 32269.dat
9 0 0.809017 0.587785 -0.000000 -0.360742 0.496519 -0.789515 -0.464066 0.638731 0.613731 -12.331275 16.972549 -5.289125 0.398075 3.500000 2.499025 32269.dat
9 0 0.809017 0.587785 0.000000 -0.360742 0.496519 0.789515 0.464066 -0.638731 0.613731 -12.331275 16.972549 5.289099 0.398075 3.500000 2.499025 32269.dat
9 0 0.587785 0.809017 -0.000000 0.000000 -0.000000 -1.000000 -0.809017 0.587785 -0.000000 -13.472501 9.788324 0.000000 1.060700 3.500000 9.896925 32269.dat
9 0 0.587785 0.809017 0.000000 -0.496518 0.360742 -0.789515 -0.638732 0.464065 0.613731 -16.972549 12.331275 -5.289125 0.398075 3.500000 2.499025 32269.dat
9 0 0.587785 0.809017 -0.000000 -0.496518 0.360742 0.789515 0.638732 -0.464065 0.613731 -16.972549 12.331275 5.289099 0.398075 3.500000 2.499025 32269.dat
9 0 0.309017 0.951056 -0.000000 0.000000 -0.000000 -1.000000 -0.951056 0.309017 -0.000000 -15.837850 5.146025 0.000000 1.060700 3.500000 9.896900 32269.dat
9 0 0.309018 0.951056 -0.000000 -0.583692 0.189653 -0.789516 -0.750874 0.243974 0.613731 -19.952425 6.482925 -5.289125 0.398075 3.500000 2.499025 32269.dat
9 0 0.309018 0.951056 0.000000 -0.583692 0.189653 0.789516 0.750874 -0.243974 0.613731 -19.952425 6.482925 5.289099 0.398075 3.500000 2.499025 32269.dat
9 0 -0.000000 1.000000 -0.000000 0.000000 -0.000000 -1.000000 -1.000000 0.000000 -0.000000 -16.652901 0.000000 0.000000 1.060700 3.500000 9.896925 32269.dat
9 0 0.000000 1.000000 0.000000 -0.613730 0.000000 -0.789516 -0.789516 0.000000 0.613730 -20.979225 0.000000 -5.289125 0.398075 3.500000 2.499025 32269.dat
9 0 0.000000 1.000000 -0.000000 -0.613730 0.000000 0.789516 0.789516 -0.000000 0.613730 -20.979225 0.000000 5.289099 0.398075 3.500000 2.499025 32269.dat
9 0 -0.309017 0.951056 0.000000 -0.000000 0.000000 -1.000000 -0.951057 -0.309017 0.000000 -15.837850 -5.146025 0.000000 1.060700 3.500000 9.896925 32269.dat
9 0 -0.309017 0.951057 -0.000001 -0.583693 -0.189654 -0.789515 -0.750874 -0.243973 0.613731 -19.952425 -6.482925 -5.289125 0.398075 3.500000 2.499025 32269.dat
9 0 -0.309017 0.951057 0.000001 -0.583693 -0.189654 0.789515 0.750874 0.243973 0.613731 -19.952425 -6.482925 5.289099 0.398075 3.500000 2.499025 32269.dat
9 0 -0.587785 0.809017 0.000000 -0.000000 0.000000 -1.000000 -0.809017 -0.587785 0.000000 -13.472501 -9.788324 0.000000 1.060700 3.500000 9.896925 32269.dat
9 0 -0.587785 0.809017 0.000001 -0.496519 -0.360741 -0.789515 -0.638731 -0.464066 0.613731 -16.972549 -12.331275 -5.289125 0.398075 3.500000 2.499025 32269.dat
9 0 -0.587785 0.809017 -0.000001 -0.496519 -0.360741 0.789515 0.638731 0.464066 0.613731 -16.972549 -12.331275 5.289099 0.398075 3.500000 2.499025 32269.dat
9 0 -0.809017 0.587785 0.000000 -0.000000 0.000000 -1.000000 -0.587785 -0.809017 -0.000000 -9.788324 -13.472501 0.000000 1.060700 3.500000 9.896925 32269.dat
9 0 -0.809017 0.587785 -0.000000 -0.360742 -0.496518 -0.789515 -0.464066 -0.638731 0.613730 -12.331275 -16.972549 -5.289125 0.398075 3.500000 2.499025 32269.dat
9 0 -0.809017 0.587785 0.000000 -0.360742 -0.496518 0.789515 0.464066 0.638731 0.613730 -12.331275 -16.972549 5.289099 0.398075 3.500000 2.499025 32269.dat
9 0 -0.951056 0.309017 0.000000 0.000000 0.000001 -1.000000 -0.309017 -0.951056 -0.000001 -5.146025 -15.837850 0.000000 1.060700 3.500000 9.896900 32269.dat
9 0 -0.951057 0.309017 0.000001 -0.189654 -0.583693 -0.789515 -0.243973 -0.750874 0.613731 -6.482925 -19.952425 -5.289125 0.398075 3.500000 2.499025 32269.dat
9 0 -0.951057 0.309017 -0.000001 -0.189654 -0.583693 0.789515 0.243973 0.750874 0.613731 -6.482925 -19.952425 5.289099 0.398075 3.500000 2.499025 32269.dat
10 0 -26.799751 -26.799751 -20.000074 26.799751 26.799751 0.000000 32269.dat
0 4 1.000000 0.000000 0.000000 0.000000 -0.000000 -1.000000 0.000000 1.000000 -0.000000 0.000000 0.000000 -10.000000 0 0 0.800000 0 0 32269.dat
5 11 1.000000 0.000000 0.000000 0.000000 1.000000 0.000000 0.000000 0.000000 1.000000 0.000000 0.000000 8.125000 1.0 20 32269.dat
