9 0 -1.000000 -0.000000 -0.000000 0.000000 0.000000 -1.000000 0.000000 -1.000000 0.000000 0.000000 -11.705649 0.000000 0.829000 7.549250 4.837550 32270.dat
9 0 -0.866025 -0.500000 0.000000 0.000000 0.000000 -1.000000 0.500000 -0.866025 0.000000 5.852825 -10.137400 0.000000 0.829000 7.549250 4.837550 32270.dat
9 0 -0.499999 -0.866026 0.000000 -0.000000 0.000000 -1.000000 0.866026 -0.499999 -0.000000 10.137400 -5.852825 0.000000 0.829000 7.549250 4.837550 32270.dat
9 0 -0.000000 -1.000000 0.000000 -0.000000 -0.000000 -1.000000 1.000000 0.000000 -0.000000 11.705649 0.000000 0.000000 0.829000 7.549250 4.837550 32270.dat
9 0 0.500000 -0.866026 -0.000000 0.000000 0.000000 -1.000000 0.866026 0.500000 0.000000 10.137400 5.852825 0.000000 0.829000 7.549250 4.837550 32270.dat
9 0 0.866025 -0.500000 -0.000000 0.000000 0.000000 -1.000000 0.500000 0.866025 0.000000 5.852825 10.137400 0.000000 0.829000 7.549250 4.837550 32270.dat
9 0 1.000000 0.000000 0.000000 0.000000 -0.000000 -1.000000 0.000000 1.000000 -0.000000 0.000000 11.705649 0.000000 0.829000 7.549250 4.837550 32270.dat
9 0 0.866025 0.500000 0.000000 0.000000 -0.000000 -1.000000 -0.500000 0.866025 0.000000 -5.852825 10.137400 0.000000 0.829000 7.549250 4.837550 32270.dat
9 0 0.500000 0.866026 0.000000 0.000000 -0.000000 -1.000000 -0.866026 0.500000 -0.000000 -10.137400 5.852825 0.000000 0.829000 7.549250 4.837550 32270.dat
9 0 -0.000000 1.000000 -0.000000 0.000000 -0.000000 -1.000000 -1.000000 0.000000 -0.000000 -11.705649 0.000000 0.000000 0.829000 7.549250 4.837550 32270.dat
9 0 -0.500001 0.866025 0.000001 -0.000001 0.000000 -1.000000 -0.866025 -0.500001 0.000000 -10.137400 -5.852825 0.000000 0.829000 7.549250 4.837550 32270.dat
9 0 -0.866026 0.499999 0.000001 -0.000001 0.000000 -1.000000 -0.499999 -0.866026 0.000000 -5.852825 -10.137400 0.000000 0.829000 7.549250 4.837550 32270.dat
9 0 1.000000 0.000000 0.000000 0.000000 1.000000 0.000000 0.000000 0.000000 1.000000 -4.684350 -4.684350 0.000000 2.184350 2.184350 9.750000 32270.dat
9 0 1.000000 0.000000 0.000000 0.000000 1.000000 0.000000 0.000000 0.000000 1.000000 4.684350 4.684350 0.000000 2.184350 2.184350 9.750000 32270.dat
9 0 1.000000 0.000000 0.000000 0.000000 1.000000 0.000000 0.000000 0.000000 1.000000 2.951500 -2.951500 0.000000 0.451500 0.451500 9.750000 32270.dat
9 0 1.000000 0.000000 0.000000 0.000000 1.000000 0.000000 0.000000 0.000000 1.000000 -2.951500 2.951500 0.000000 0.451500 0.451500 9.750000 32270.dat
10 0 -16.793226 -16.793226 -20.000050 16.793226 16.793226 0.000000 32270.dat
0 4 1.000000 0.000000 0.000000 0.000000 -0.000000 -1.000000 0.000000 1.000000 -0.000000 0.000000 0.000000 -10.000000 0 0 0.800000 0 0 32270.dat
5 11 1.000000 0.000000 0.000000 0.000000 1.000000 0.000000 0.000000 0.000000 1.000000 0.000000 0.000000 8.125000 0.6 12 32270.dat
