9 0 0.000001 0.000001 1.000000 -1.000000 0.000001 0.000001 -0.000001 -1.000000 0.000001 8.307428 14.999177 -69.722832 11.428576 0.307425 4.749175 32294.dat
9 0 0.000001 0.000001 1.000000 -1.000000 0.000001 0.000001 -0.000001 -1.000000 0.000001 0.132220 15.134896 -45.293247 5.597625 2.269600 4.462800 32294.dat
9 0 0.000001 0.000001 1.000000 -0.999949 0.010067 0.000001 -0.010067 -0.999949 0.000001 -0.136573 13.848354 -32.725998 7.795200 2.638725 5.191325 32294.dat
9 0 -0.003321 -0.330213 0.943901 -0.999949 0.010059 0.000001 -0.009495 -0.943853 -0.330229 0.063376 -4.065964 21.829515 49.077000 1.652050 7.747725 32294.dat
9 0 0.000001 0.000001 1.000000 -1.000000 0.000001 0.000001 -0.000001 -1.000000 0.000001 8.223254 -20.000658 80.067024 3.891250 0.206250 9.749175 32294.dat
9 0 0.000001 0.000001 1.000000 -1.000000 0.000001 0.000001 -0.000001 -1.000000 0.000001 -8.307421 14.999187 -69.722816 11.428576 0.307425 4.749175 32294.dat
9 0 0.000001 0.000001 1.000000 -1.000000 0.000001 0.000001 -0.000001 -1.000000 0.000001 0.003278 14.999181 -69.999947 2.000050 9.003275 4.749175 32294.dat
9 0 1.000000 -0.000001 -0.000001 0.000001 0.000001 1.000000 -0.000001 -1.000000 0.000001 0.055491 14.999170 -88.243553 3.189350 0.218125 4.749175 32294.dat
9 0 0.707106 -0.000001 -0.707107 0.707107 -0.000000 0.707106 -0.000001 -1.000000 0.000001 -5.788532 14.999175 -85.866997 3.189350 0.218125 4.749175 32294.dat
9 0 0.707107 -0.000000 0.707106 -0.707106 0.000001 0.707107 -0.000001 -1.000000 0.000001 5.874093 14.999169 -85.795631 3.189350 0.218125 4.749175 32294.dat
9 0 -0.707106 0.000001 0.707107 -0.707107 0.000000 -0.707106 -0.000001 -1.000000 0.000001 5.785464 14.999187 -54.120003 3.891250 0.218125 4.749175 32294.dat
9 0 -0.707107 0.000000 -0.707106 0.707106 -0.000001 -0.707107 -0.000001 -1.000000 0.000001 -5.873312 14.999194 -54.221249 3.891250 0.218125 4.749175 32294.dat
9 0 -0.866025 0.000001 0.500001 -0.500001 -0.000000 -0.866025 -0.000001 -1.000000 0.000001 4.053808 -20.000650 87.155029 3.891250 0.206250 9.749175 32294.dat
9 0 -0.866026 0.000000 -0.499999 0.499999 -0.000001 -0.866026 -0.000001 -1.000000 0.000001 -4.169366 -20.000647 87.088272 3.891250 0.206250 9.749175 32294.dat
9 0 -0.000001 -0.000001 -1.000000 1.000000 -0.000001 -0.000001 -0.000001 -1.000000 0.000001 -8.223096 -20.000647 79.933266 3.891250 0.206250 9.749175 32294.dat
9 0 0.866025 -0.000001 -0.500001 0.500001 0.000000 0.866025 -0.000001 -1.000000 0.000001 -4.053651 -20.000656 72.845276 3.891250 0.206250 9.749175 32294.dat
9 0 0.866026 -0.000000 0.499999 -0.499999 0.000001 0.866026 -0.000001 -1.000000 0.000001 4.169524 -20.000658 72.912018 3.891250 0.206250 9.749175 32294.dat
10 0 -9.250000 -9.950350 -50.000000 169.439743 9.953975 0.000000 32294.dat
0 2 -1.000000 0.000001 0.000001 0.000001 1.000000 -0.000001 -0.000001 -0.000001 -1.000000 0.000000 20.000000 -80.000000 0 0 0.400000 0 0 32294.dat
0 2 -1.000000 0.000001 0.000001 0.000001 1.000000 -0.000001 -0.000001 -0.000001 -1.000000 0.000085 -9.999906 80.000015 0 0 0.800000 0 0 32294.dat
0 2 -1.000000 0.000001 0.000001 0.000001 1.000000 -0.000001 -0.000001 -0.000001 -1.000000 0.000013 20.000011 -60.000004 0 0 0.400000 0 0 32294.dat
