9 0 -0.000000 -0.000000 1.000000 -0.000000 -1.000000 -0.000000 1.000000 -0.000000 0.000000 -8.524994 -0.012247 -0.007746 39.750000 9.750000 0.475000 32316.dat
9 0 -0.000000 -0.000000 1.000000 -0.000000 -1.000000 -0.000000 1.000000 -0.000000 0.000000 -0.024998 -0.012249 30.000002 2.000000 9.750000 8.975000 32316.dat
9 0 -0.000000 -0.000000 1.000000 -0.000000 -1.000000 -0.000000 1.000000 -0.000000 0.000000 -0.024995 -0.012249 10.000002 2.000000 9.750000 8.975000 32316.dat
9 0 -0.000000 -0.000000 1.000000 -0.000000 -1.000000 -0.000000 1.000000 -0.000000 0.000000 -0.024993 -0.012247 -9.999996 2.000000 9.750000 8.975000 32316.dat
9 0 -0.000000 -0.000000 1.000000 -0.000000 -1.000000 -0.000000 1.000000 -0.000000 0.000000 -0.024990 -0.012246 -29.999992 2.000000 9.750000 8.975000 32316.dat
9 0 0.000000 0.000000 -1.000000 -1.000000 0.000000 -0.000000 0.000000 1.000000 0.000000 0.000000 -0.006126 48.137501 0.137500 2.448725 9.743876 32316.dat
9 0 -0.642787 0.000000 -0.766044 -0.766044 0.000000 0.642787 0.000000 1.000000 0.000000 5.230675 -0.006126 46.233677 0.137500 2.448725 9.743876 32316.dat
9 0 0.642788 0.000000 -0.766044 -0.766044 0.000000 -0.642788 0.000000 1.000000 0.000000 -5.230675 -0.006125 46.233673 0.137500 2.448725 9.743876 32316.dat
9 0 -0.000000 -0.000000 1.000000 1.000000 -0.000000 0.000000 0.000000 1.000000 0.000000 0.000012 -0.006120 -48.137493 0.137500 2.448725 9.743876 32316.dat
9 0 0.642788 -0.000000 0.766044 0.766044 -0.000000 -0.642787 0.000000 1.000000 0.000000 -5.230663 -0.006120 -46.233746 0.137500 2.448725 9.743876 32316.dat
9 0 -0.642788 -0.000000 0.766044 0.766044 -0.000000 0.642788 0.000000 1.000000 0.000000 5.230687 -0.006121 -46.233746 0.137500 2.448725 9.743876 32316.dat
9 0 -0.000000 -0.000000 1.000000 -0.000000 -1.000000 -0.000000 1.000000 -0.000000 0.000000 8.496881 -0.012249 -0.007746 39.750000 9.750000 0.496875 32316.dat
9 0 0.000000 0.000000 -1.000000 -1.000000 0.000000 -0.000000 0.000000 1.000000 0.000000 -6.999994 0.000003 -0.085497 44.460499 0.500000 7.750000 32316.dat
9 0 0.000000 0.000000 -1.000000 -1.000000 0.000000 -0.000000 0.000000 1.000000 0.000000 7.000006 0.000002 -0.085497 44.460499 0.500000 7.750000 32316.dat
10 0 -10.000000 -10.000000 -20.000000 90.000000 10.000000 0.000000 32316.dat
0 2 0.000000 0.000000 -1.000000 -0.000000 -1.000000 -0.000000 -1.000000 0.000000 -0.000000 0.000000 -10.000000 40.000000 0 0 0.800000 0 0 32316.dat
0 2 0.000000 0.000000 -1.000000 -0.000000 -1.000000 -0.000000 -1.000000 0.000000 -0.000000 0.000002 -9.999999 20.000002 0 0 0.800000 0 0 32316.dat
0 2 0.000000 0.000000 -1.000000 -0.000000 -1.000000 -0.000000 -1.000000 0.000000 -0.000000 0.000005 -9.999998 0.000003 0 0 0.800000 0 0 32316.dat
0 2 0.000000 0.000000 -1.000000 -0.000000 -1.000000 -0.000000 -1.000000 0.000000 -0.000000 0.000007 -9.999996 -19.999996 0 0 0.800000 0 0 32316.dat
0 2 0.000000 0.000000 -1.000000 -0.000000 -1.000000 -0.000000 -1.000000 0.000000 -0.000000 0.000010 -9.999995 -39.999996 0 0 0.800000 0 0 32316.dat
2 22 0.000000 0.000000 -1.000000 -0.000000 -1.000000 -0.000000 -1.000000 0.000000 -0.000000 -10.000002 -10.000000 50.000000 2 10 22:1:1,22:2:1,22:2:1,22:2:1,22:2:1,22:2:1,22:2:1,22:2:1,22:2:1,22:2:1,22:1:1,22:2:1,16:4:64,22:2:1,16:4:64,22:2:1,16:4:64,22:2:1,16:4:64,22:2:1,16:4:64,22:2:1,22:1:1,22:2:1,22:2:1,22:2:1,22:2:1,22:2:1,22:2:1,22:2:1,22:2:1,22:2:1,22:1:1, 32316.dat
2 22 0.000000 0.000000 -1.000000 0.000000 1.000000 0.000000 1.000000 -0.000000 0.000000 10.000001 9.999999 50.000008 2 10 22:1:1,22:2:1,22:2:1,22:2:1,22:2:1,22:2:1,22:2:1,22:2:1,22:2:1,22:2:1,22:1:1,22:2:1,16:4:64,22:2:1,16:4:64,22:2:1,16:4:64,22:2:1,16:4:64,22:2:1,16:4:64,22:2:1,22:1:1,22:2:1,22:2:1,22:2:1,22:2:1,22:2:1,22:2:1,22:2:1,22:2:1,22:2:1,22:1:1, 32316.dat
