9 0 -1.000000 0.000000 -0.000000 0.000000 1.000000 0.000000 0.000000 0.000000 -1.000000 0.000000 60.625000 -0.000010 39.750000 3.125000 9.750000 32333.dat
9 0 -1.000000 0.000000 -0.000000 0.000000 1.000000 0.000000 0.000000 0.000000 -1.000000 33.875000 53.521526 0.000001 5.875000 3.525700 9.750000 32333.dat
9 0 -1.000000 0.000000 -0.000000 0.000000 1.000000 0.000000 0.000000 0.000000 -1.000000 -33.883251 53.400921 -0.000021 5.883175 3.528725 9.750000 32333.dat
9 0 -1.000000 0.000000 -0.000000 0.000000 1.000000 0.000000 0.000000 0.000000 -1.000000 -9.999999 7.368999 -0.000013 2.000000 6.880900 9.750000 32333.dat
9 0 -1.000000 0.000000 -0.000000 0.000000 1.000000 0.000000 0.000000 0.000000 -1.000000 10.000001 7.368999 -0.000007 2.000000 6.880900 9.750000 32333.dat
9 0 -1.000000 0.000000 -0.000000 0.000000 1.000000 0.000000 0.000000 0.000000 -1.000000 0.002000 0.988251 -0.000010 19.747925 0.511775 9.750000 32333.dat
9 0 -0.601688 -0.798732 -0.000000 -0.798732 0.601688 -0.000000 0.000000 0.000000 -1.000000 31.986677 25.495499 0.000001 11.954075 5.988075 9.750000 32333.dat
9 0 0.601688 -0.798731 0.000000 0.798731 0.601688 0.000000 -0.000000 0.000000 1.000000 -31.984001 25.489000 -0.000020 11.914975 5.989850 9.750000 32333.dat
9 0 -1.000000 0.000000 -0.000000 0.000000 1.000000 0.000000 0.000000 0.000000 -1.000000 10.000001 54.274673 -0.000007 2.000000 9.475325 9.750000 32333.dat
9 0 -1.000000 0.000000 -0.000000 0.000000 1.000000 0.000000 0.000000 0.000000 -1.000000 -9.999999 54.274673 -0.000013 2.000000 9.475325 9.750000 32333.dat
9 0 -0.844586 0.535420 -0.000000 0.535420 0.844586 0.000000 0.000000 0.000000 -1.000000 -15.682000 16.443998 -0.000015 3.553750 0.143625 9.750000 32333.dat
9 0 -0.843312 -0.537424 -0.000000 -0.537424 0.843312 -0.000000 0.000000 0.000000 -1.000000 15.560176 16.357500 -0.000005 3.720375 0.144875 9.750000 32333.dat
9 0 -0.857824 0.513944 -0.000000 0.513944 0.857824 0.000000 0.000000 0.000000 -1.000000 4.181752 16.544998 -0.000008 3.617075 0.137725 9.750000 32333.dat
9 0 -0.859771 -0.510680 -0.000000 -0.510680 0.859771 -0.000000 0.000000 0.000000 -1.000000 -4.156747 16.511747 -0.000011 3.737700 0.142550 9.750000 32333.dat
9 0 0.000000 1.000000 0.000000 1.000000 -0.000000 0.000000 0.000000 0.000000 -1.000000 -19.999998 41.362499 -0.000016 0.137500 2.448725 9.750000 32333.dat
9 0 0.642788 0.766044 0.000000 0.766044 -0.642788 0.000000 0.000000 0.000000 -1.000000 -25.230747 43.266323 -0.000018 0.137500 2.448725 9.750000 32333.dat
9 0 -0.642788 0.766044 -0.000000 0.766044 0.642788 0.000000 0.000000 0.000000 -1.000000 -14.769250 43.266323 -0.000015 0.137500 2.448725 9.750000 32333.dat
9 0 0.000000 1.000000 0.000000 1.000000 -0.000000 0.000000 0.000000 0.000000 -1.000000 0.000000 41.362499 -0.000010 0.137500 2.448725 9.750000 32333.dat
9 0 0.642788 0.766044 0.000000 0.766044 -0.642788 0.000000 0.000000 0.000000 -1.000000 -5.230749 43.266323 -0.000011 0.137500 2.448725 9.750000 32333.dat
9 0 -0.642788 0.766044 -0.000000 0.766044 0.642788 0.000000 0.000000 0.000000 -1.000000 5.230676 43.266323 -0.000008 0.137500 2.448725 9.750000 32333.dat
9 0 0.000000 1.000000 0.000000 1.000000 -0.000000 0.000000 0.000000 0.000000 -1.000000 20.000002 41.362499 -0.000003 0.137500 2.448725 9.750000 32333.dat
9 0 0.642788 0.766044 0.000000 0.766044 -0.642788 0.000000 0.000000 0.000000 -1.000000 14.769326 43.266323 -0.000005 0.137500 2.448725 9.750000 32333.dat
9 0 -0.642788 0.766044 -0.000000 0.766044 0.642788 0.000000 0.000000 0.000000 -1.000000 25.230677 43.266323 -0.000002 0.137500 2.448725 9.750000 32333.dat
9 0 -0.967113 -0.254346 -0.000000 -0.254346 0.967113 -0.000000 0.000000 0.000000 -1.000000 51.869877 43.569725 0.000007 0.137500 2.448725 9.750000 32333.dat
9 0 -0.904342 0.426808 -0.000000 0.426808 0.904342 0.000000 0.000000 0.000000 -1.000000 51.359074 38.026749 0.000007 0.137500 2.448725 9.750000 32333.dat
9 0 -0.418419 0.908254 -0.000000 0.908254 0.418419 0.000000 0.000000 0.000000 -1.000000 46.683300 33.776749 0.000005 0.137500 3.243175 9.750000 32333.dat
9 0 -0.577362 -0.816489 -0.000000 -0.816489 0.577362 -0.000000 0.000000 0.000000 -1.000000 48.698277 48.144173 0.000006 0.137500 2.448725 9.750000 32333.dat
9 0 0.082544 -0.996587 0.000000 -0.996587 -0.082544 -0.000000 0.000000 0.000000 -1.000000 42.972225 49.580223 0.000004 0.137500 2.806025 9.750000 32333.dat
9 0 0.000000 -1.000000 0.000000 -1.000000 -0.000000 -0.000000 0.000000 0.000000 -1.000000 31.982676 45.349998 0.000001 0.600000 4.541850 9.750000 32333.dat
9 0 1.000000 0.000000 0.000000 0.000000 -1.000000 0.000000 0.000000 0.000000 -1.000000 35.400002 43.916275 0.000002 0.600000 5.579575 9.750000 32333.dat
9 0 -0.477290 0.878746 -0.000000 0.878746 0.477290 0.000000 0.000000 0.000000 -1.000000 23.883951 2.349252 -0.000002 0.137500 2.448725 9.750000 32333.dat
9 0 -0.979954 0.199222 -0.000000 0.199222 0.979954 0.000000 0.000000 0.000000 -1.000000 28.059153 8.295751 -0.000001 0.137500 3.583400 9.750000 32333.dat
9 0 0.967114 -0.254345 0.000000 0.254345 0.967114 0.000000 -0.000000 0.000000 1.000000 -51.869999 43.569725 -0.000027 0.137500 2.448725 9.750000 32333.dat
9 0 0.904342 0.426808 0.000000 -0.426808 0.904342 -0.000000 -0.000000 -0.000000 1.000000 -51.358997 38.026749 -0.000027 0.137500 2.448725 9.750000 32333.dat
9 0 0.418419 0.908254 0.000000 -0.908254 0.418419 -0.000000 -0.000000 -0.000000 1.000000 -46.683247 33.776749 -0.000025 0.137500 3.243175 9.750000 32333.dat
9 0 0.577361 -0.816489 0.000000 0.816489 0.577361 0.000000 -0.000000 0.000000 1.000000 -48.698246 48.144173 -0.000026 0.137500 2.448725 9.750000 32333.dat
9 0 -0.082544 -0.996587 0.000000 0.996587 -0.082544 0.000000 -0.000000 0.000000 1.000000 -42.972248 49.580223 -0.000024 0.137500 2.806025 9.750000 32333.dat
9 0 -0.000000 -1.000000 0.000000 1.000000 0.000000 0.000000 -0.000000 0.000000 1.000000 -32.010746 45.349998 -0.000020 0.600000 4.562575 9.750000 32333.dat
9 0 -1.000000 0.000000 -0.000000 -0.000000 -1.000000 0.000000 -0.000000 0.000000 1.000000 -35.399998 43.916275 -0.000021 0.600000 5.579575 9.750000 32333.dat
9 0 0.477290 0.878746 0.000000 -0.878746 0.477290 -0.000000 -0.000000 -0.000000 1.000000 -23.883999 2.349252 -0.000018 0.137500 2.448725 9.750000 32333.dat
9 0 0.979954 0.199222 0.000000 -0.199222 0.979954 -0.000000 -0.000000 -0.000000 1.000000 -28.059250 8.295751 -0.000019 0.137500 3.583400 9.750000 32333.dat
9 0 -1.000000 0.000000 -0.000000 0.000000 1.000000 0.000000 0.000000 0.000000 -1.000000 0.000000 56.500000 -0.000010 39.750000 0.500000 7.750000 32333.dat
9 0 -1.000000 0.000000 -0.000000 0.000000 1.000000 0.000000 0.000000 0.000000 -1.000000 0.000000 42.500000 -0.000010 4.475000 0.500000 7.750000 32333.dat
9 0 -1.000000 0.000000 -0.000000 0.000000 1.000000 0.000000 0.000000 0.000000 -1.000000 -19.999998 42.500000 -0.000016 4.475000 0.500000 7.750000 32333.dat
9 0 -1.000000 0.000000 -0.000000 0.000000 1.000000 0.000000 0.000000 0.000000 -1.000000 20.000002 42.500000 -0.000003 4.475000 0.500000 7.750000 32333.dat
9 0 1.000000 0.000000 0.000000 0.000000 -1.000000 0.000000 0.000000 0.000000 -1.000000 0.000000 2.499998 -0.000010 24.474998 0.500000 7.750000 32333.dat
9 0 1.000000 0.000000 0.000000 0.000000 -1.000000 0.000000 0.000000 0.000000 -1.000000 0.000000 16.500000 -0.000010 4.475000 0.500000 7.750000 32333.dat
9 0 1.000000 0.000000 0.000000 0.000000 -1.000000 0.000000 0.000000 0.000000 -1.000000 20.000002 16.500000 -0.000003 4.475000 0.500000 7.750000 32333.dat
9 0 1.000000 0.000000 0.000000 0.000000 -1.000000 0.000000 0.000000 0.000000 -1.000000 -19.999998 16.500000 -0.000016 4.475000 0.500000 7.750000 32333.dat
9 0 1.000000 0.000000 0.000000 0.000000 -1.000000 0.000000 0.000000 0.000000 -1.000000 -44.000000 34.500000 -0.000024 4.475000 0.500000 7.750000 32333.dat
9 0 -1.000000 0.000000 -0.000000 0.000000 1.000000 0.000000 0.000000 0.000000 -1.000000 44.000000 48.500000 0.000005 4.475000 0.500000 7.750000 32333.dat
9 0 1.000000 0.000000 0.000000 0.000000 -1.000000 0.000000 0.000000 0.000000 -1.000000 44.000000 34.500000 0.000005 4.475000 0.500000 7.750000 32333.dat
9 0 -1.000000 0.000000 -0.000000 0.000000 1.000000 0.000000 0.000000 0.000000 -1.000000 -44.000000 48.500000 -0.000024 4.475000 0.500000 7.750000 32333.dat
10 0 -24.000000 0.000000 -10.000000 84.000000 68.225006 10.000000 32333.dat
3 23 -1.000000 0.000000 -0.000000 0.000000 1.000000 0.000000 0.000000 0.000000 -1.000000 20.000004 0.224996 -10.000003 2 4 29:0:1,23:4:1,18:2:1,23:4:1,29:0:1,23:4:1,1:4:1,23:4:1,1:4:1,23:4:1,29:0:1,23:4:1,18:2:1,23:4:1,29:0:1, 32333.dat
0 2 -1.000000 0.000000 -0.000000 -0.000000 -0.000000 1.000000 -0.000000 1.000000 0.000000 44.000000 41.500000 10.000005 0 0 0.800000 0 0 32333.dat
0 2 -1.000000 0.000000 -0.000000 -0.000000 -0.000000 1.000000 -0.000000 1.000000 0.000000 -44.000008 41.500000 9.999976 0 0 0.800000 0 0 32333.dat
2 22 -1.000000 0.000000 -0.000000 0.000000 1.000000 0.000000 0.000000 0.000000 -1.000000 40.000004 64.000000 -9.999997 2 8 22:1:1,22:2:1,22:2:1,22:2:1,22:2:1,22:2:1,22:2:1,22:2:1,22:1:1,22:2:1,15:4:1,9:4:1,15:4:1,9:4:1,15:4:1,9:4:1,15:4:1,22:2:1,22:1:1,22:2:1,22:2:1,22:2:1,22:2:1,22:2:1,22:2:1,22:2:1,22:1:1, 32333.dat
2 22 -1.000000 0.000000 -0.000000 -0.000000 -0.000000 1.000000 -0.000000 1.000000 0.000000 29.999998 59.499996 10.000000 2 6 22:2:1,22:2:1,22:2:1,22:2:1,22:2:1,22:2:1,22:2:1,22:2:1,16:4:64,22:2:1,16:4:64,22:2:1,16:4:64,22:2:1,29:0:1,22:2:1,22:2:1,22:2:1,22:2:1,22:2:1,29:0:1, 32333.dat
2 22 -1.000000 0.000000 -0.000000 -0.000000 -0.000000 1.000000 -0.000000 1.000000 0.000000 29.999998 19.500000 10.000000 2 6 29:0:1,22:2:1,22:2:1,22:2:1,22:2:1,22:2:1,29:0:1,22:2:1,16:4:64,22:2:1,16:4:64,22:2:1,16:4:64,22:2:1,22:1:1,22:2:1,22:2:1,22:2:1,22:2:1,22:2:1,22:1:1, 32333.dat
2 22 -1.000000 0.000000 -0.000000 -0.000000 -0.000000 1.000000 -0.000000 1.000000 0.000000 53.999996 51.500000 10.000008 2 2 22:1:1,22:2:1,29:0:1,22:2:1,16:4:64,29:0:1,22:1:1,22:2:1,29:0:1, 32333.dat
2 22 -1.000000 0.000000 -0.000000 0.000000 -0.000000 -1.000000 -0.000000 -1.000000 0.000000 54.000004 31.500000 -9.999992 2 2 22:1:1,22:2:1,29:0:1,22:2:1,16:4:64,29:0:1,22:1:1,22:2:1,29:0:1, 32333.dat
2 22 1.000000 0.000000 0.000000 -0.000000 0.000000 1.000000 0.000000 -1.000000 0.000000 -54.000004 31.500000 9.999972 2 2 22:1:1,22:2:1,29:0:1,22:2:1,16:4:64,29:0:1,22:1:1,22:2:1,29:0:1, 32333.dat
2 22 1.000000 0.000000 0.000000 0.000000 0.000000 -1.000000 -0.000000 1.000000 -0.000000 -53.999989 51.500000 -10.000028 2 2 22:1:1,22:2:1,29:0:1,22:2:1,16:4:64,29:0:1,22:1:1,22:2:1,29:0:1, 32333.dat
2 22 1.000000 0.000000 0.000000 0.000000 0.000000 -1.000000 -0.000000 1.000000 -0.000000 -29.999996 59.499996 -10.000019 2 6 22:2:1,22:2:1,22:2:1,22:2:1,22:2:1,22:2:1,22:2:1,22:2:1,16:4:64,22:2:1,16:4:64,22:2:1,16:4:64,22:2:1,29:0:1,22:2:1,22:2:1,22:2:1,22:2:1,22:2:1,29:0:1, 32333.dat
2 22 1.000000 0.000000 0.000000 0.000000 0.000000 -1.000000 -0.000000 1.000000 -0.000000 -29.999996 19.500000 -10.000019 2 6 29:0:1,22:2:1,22:2:1,22:2:1,22:2:1,22:2:1,29:0:1,22:2:1,16:4:64,22:2:1,16:4:64,22:2:1,16:4:64,22:2:1,22:1:1,22:2:1,22:2:1,22:2:1,22:2:1,22:2:1,22:1:1, 32333.dat
0 2 -1.000000 0.000000 -0.000000 -0.000000 -0.000000 1.000000 -0.000000 1.000000 0.000000 19.999998 49.500000 9.999997 0 0 0.800000 0 0 32333.dat
0 2 -1.000000 0.000000 -0.000000 -0.000000 -0.000000 1.000000 -0.000000 1.000000 0.000000 -0.000003 49.500000 9.999990 0 0 0.800000 0 0 32333.dat
0 2 -1.000000 0.000000 -0.000000 -0.000000 -0.000000 1.000000 -0.000000 1.000000 0.000000 -20.000004 49.500000 9.999984 0 0 0.800000 0 0 32333.dat
0 2 -1.000000 0.000000 -0.000000 -0.000000 -0.000000 1.000000 -0.000000 1.000000 0.000000 19.999998 9.499997 9.999997 0 0 0.800000 0 0 32333.dat
0 2 -1.000000 0.000000 -0.000000 -0.000000 -0.000000 1.000000 -0.000000 1.000000 0.000000 -0.000003 9.499997 9.999990 0 0 0.800000 0 0 32333.dat
0 2 -1.000000 0.000000 -0.000000 -0.000000 -0.000000 1.000000 -0.000000 1.000000 0.000000 -20.000004 9.499997 9.999984 0 0 0.800000 0 0 32333.dat
