9 0 0.601457 -0.000001 -0.798905 0.000000 1.000000 -0.000001 0.798905 0.000000 0.601457 39.637764 0.000003 94.953491 1.687500 9.750000 4.786800 32348.dat
9 0 0.601457 -0.000001 -0.798905 0.000000 1.000000 -0.000001 0.798905 0.000000 0.601457 53.782509 0.000002 95.181740 1.687500 9.750000 1.650700 32348.dat
9 0 0.601457 -0.000001 -0.798905 0.000000 1.000000 -0.000001 0.798905 0.000000 0.601457 48.775261 0.000003 101.832726 1.687500 9.750000 1.650700 32348.dat
9 0 -0.601456 0.000000 0.798905 0.000000 1.000000 -0.000000 -0.798906 -0.000000 -0.601456 40.055759 0.000003 90.009483 8.936350 9.750000 1.926450 32348.dat
9 0 0.992601 -0.000000 0.121423 0.000000 1.000000 -0.000000 -0.121423 0.000000 0.992601 47.065010 0.000003 103.247726 4.375000 9.750000 0.479675 32348.dat
9 0 -0.391145 0.000000 -0.920329 0.000000 1.000000 -0.000000 0.920329 -0.000000 -0.391145 54.639263 0.000002 93.186737 4.375000 9.750000 0.479675 32348.dat
9 0 0.601457 -0.000001 -0.798905 0.000000 1.000000 -0.000001 0.798905 0.000000 0.601457 53.560764 0.000002 100.256477 4.375000 9.750000 0.724500 32348.dat
9 0 -0.601456 0.000000 0.798905 0.000000 1.000000 -0.000000 -0.798906 -0.000000 -0.601456 23.999409 0.000003 78.000732 8.999750 9.750000 2.000000 32348.dat
9 0 -0.601456 0.000000 0.798905 0.000000 1.000000 -0.000000 -0.798906 -0.000000 -0.601456 8.086806 0.000004 65.924744 8.922775 9.750000 1.887150 32348.dat
9 0 -1.000000 0.000000 0.000000 0.000000 1.000000 -0.000000 -0.000000 -0.000000 -1.000000 -0.000002 -0.000001 -7.025923 4.375000 9.750000 0.724500 32348.dat
9 0 -0.500000 0.000000 -0.866025 0.000000 1.000000 -0.000000 0.866025 -0.000000 -0.500000 6.296648 -0.000001 -3.635374 4.375000 9.750000 0.479675 32348.dat
9 0 -0.500000 0.000000 0.866025 0.000000 1.000000 -0.000000 -0.866025 -0.000000 -0.500000 -6.296653 0.000000 -3.635373 4.375000 9.750000 0.479675 32348.dat
9 0 -1.000000 0.000000 0.000000 0.000000 1.000000 -0.000000 -0.000000 -0.000000 -1.000000 0.000002 0.000001 29.999998 8.999750 9.750000 2.000000 32348.dat
9 0 -1.000000 0.000000 0.000000 0.000000 1.000000 -0.000000 -0.000000 -0.000000 -1.000000 0.000000 0.000001 10.036776 8.999750 9.750000 1.963225 32348.dat
9 0 -1.000000 0.000000 0.000000 0.000000 1.000000 -0.000000 -0.000000 -0.000000 -1.000000 0.000005 0.000003 49.999996 8.999750 9.750000 2.000000 32348.dat
9 0 -1.000000 0.000000 0.000000 0.000000 1.000000 -0.000000 -0.000000 -0.000000 -1.000000 4.137500 0.000000 7.286800 1.687500 9.750000 4.786800 32348.dat
9 0 -1.000000 0.000000 0.000000 0.000000 1.000000 -0.000000 -0.000000 -0.000000 -1.000000 -4.187501 0.000000 -4.150698 1.687500 9.750000 1.650700 32348.dat
9 0 -1.000000 0.000000 0.000000 0.000000 1.000000 -0.000000 -0.000000 -0.000000 -1.000000 4.137498 -0.000001 -4.150699 1.687500 9.750000 1.650700 32348.dat
9 0 -1.000000 0.000000 0.000000 0.000000 1.000000 -0.000000 -0.000000 -0.000000 -1.000000 -4.187500 0.000001 7.286801 1.687500 9.750000 4.786800 32348.dat
9 0 -0.798635 -0.000001 -0.601816 -0.000000 1.000000 -0.000001 0.601816 -0.000000 -0.798635 19.139435 0.000004 84.946495 29.973751 9.750000 0.387400 32348.dat
9 0 -0.798635 -0.000001 -0.601816 -0.000000 1.000000 -0.000001 0.601816 -0.000000 -0.798635 30.311760 0.000002 72.091988 28.452250 9.750000 0.487500 32348.dat
9 0 -0.000000 0.000000 -1.000000 0.000000 1.000000 -0.000000 1.000000 -0.000000 -0.000000 -8.487498 0.000002 29.999998 29.750002 9.750000 0.487500 32348.dat
9 0 -0.000000 0.000000 -1.000000 0.000000 1.000000 -0.000000 1.000000 -0.000000 -0.000000 8.512502 0.000001 27.749998 27.500000 9.750000 0.487500 32348.dat
9 0 0.601457 -0.000001 -0.798905 0.000000 1.000000 -0.000001 0.798905 0.000000 0.601457 44.615513 0.000002 88.280487 1.687500 9.750000 4.750000 32348.dat
9 0 -0.489755 0.000001 -0.871860 0.000002 1.000000 0.000000 0.871860 -0.000001 -0.489755 -7.049544 0.000004 64.133247 2.989600 9.750000 0.137500 32348.dat
9 0 0.000000 0.000000 1.000000 -1.000000 0.000000 0.000000 -0.000000 -1.000000 0.000000 -6.999998 0.000002 29.945496 34.320499 0.500000 7.750000 32348.dat
9 0 0.000000 0.000000 1.000000 -1.000000 0.000000 0.000000 -0.000000 -1.000000 0.000000 7.000003 0.000001 35.607246 39.982250 0.500000 7.750000 32348.dat
9 0 -0.798635 -0.000001 -0.601816 -0.000000 1.000000 -0.000001 0.601816 -0.000000 -0.798635 30.609259 0.000002 73.195236 27.550501 7.750000 1.189500 32348.dat
9 0 -0.798635 -0.000001 -0.601816 -0.000000 1.000000 -0.000001 0.601816 -0.000000 -0.798635 19.575159 0.000004 84.368248 29.973751 7.750000 1.111350 32348.dat
10 0 -9.250000 -10.000000 -20.000000 105.183495 57.183498 0.000000 32348.dat
0 2 0.000000 0.000000 1.000000 0.000000 1.000000 -0.000000 -1.000000 0.000000 0.000000 0.000002 10.000002 19.999998 0 0 0.800000 0 0 32348.dat
0 2 0.000000 0.000000 1.000000 0.000000 1.000000 -0.000000 -1.000000 0.000000 0.000000 0.000005 10.000002 39.999996 0 0 0.800000 0 0 32348.dat
0 2 0.000000 0.000000 1.000000 0.000000 1.000000 -0.000000 -1.000000 0.000000 0.000000 0.000007 10.000004 59.999996 0 0 0.800000 0 0 32348.dat
0 4 0.000000 0.000000 1.000000 0.000000 1.000000 -0.000000 -1.000000 0.000000 0.000000 0.000000 10.000000 0.000000 0 0 0.800000 0 0 32348.dat
0 2 0.799999 0.000000 0.600001 -0.000000 1.000000 0.000000 -0.600001 -0.000000 0.799999 15.999983 10.000003 72.000000 0 0 0.800000 0 0 32348.dat
0 2 0.799999 0.000000 0.600001 -0.000000 1.000000 0.000000 -0.600001 -0.000000 0.799999 32.000008 10.000003 83.999985 0 0 0.800000 0 0 32348.dat
0 4 0.799999 0.000000 0.600001 -0.000000 1.000000 0.000000 -0.600001 -0.000000 0.799999 48.000011 10.000003 95.999985 0 0 0.800000 0 0 32348.dat
2 22 0.000000 0.000000 1.000000 0.000000 1.000000 -0.000000 -1.000000 0.000000 0.000000 -9.999999 10.000002 10.000001 2 4 22:2:1,22:2:1,22:2:1,22:2:1,22:2:1,22:2:1,16:4:64,22:2:1,16:4:64,29:0:1,22:2:1,22:2:1,22:2:1,22:2:1,22:2:1, 32348.dat
2 22 0.798635 -0.000000 0.601815 0.000000 1.000000 -0.000000 -0.601815 0.000000 0.798635 -14.004493 10.000005 61.968243 2 6 29:0:1,22:2:1,22:2:1,22:2:1,22:2:1,22:2:1,22:2:1,22:2:1,16:4:64,22:2:1,16:4:64,22:2:1,16:4:64,22:2:1,29:0:1,29:0:1,22:2:1,22:2:1,22:2:1,22:2:1,22:2:1, 32348.dat
2 22 0.000000 0.000000 1.000000 -0.000000 -1.000000 0.000000 1.000000 -0.000000 -0.000000 9.999999 -10.000000 10.000000 2 4 22:2:1,22:2:1,22:2:1,22:2:1,22:2:1,22:2:1,16:4:64,22:2:1,16:4:64,29:0:1,22:2:1,22:2:1,22:2:1,22:2:1,22:2:1, 32348.dat
2 22 0.798635 0.000000 0.601815 -0.000000 -1.000000 0.000000 0.601815 -0.000000 -0.798635 -1.968197 -9.999997 45.995502 2 6 29:0:1,29:0:1,22:2:1,22:2:1,22:2:1,22:2:1,22:2:1,22:2:1,16:4:64,22:2:1,16:4:64,22:2:1,16:4:64,22:2:1,29:0:1,22:2:1,22:2:1,22:2:1,22:2:1,22:2:1,22:2:1, 32348.dat
