9 0 1.000000 0.000000 0.000000 0.000000 0.000000 -1.000000 0.000000 1.000000 0.000000 -30.175001 8.874978 0.000000 9.000000 9.750000 0.875000 32476.dat
9 0 -0.000000 1.000000 0.000000 0.000000 0.000000 -1.000000 -1.000000 -0.000000 -0.000000 -21.587503 -0.000022 0.000000 9.750000 9.750000 0.412500 32476.dat
9 0 -1.000000 -0.000000 -0.000000 0.000000 0.000000 -1.000000 0.000000 -1.000000 -0.000000 -30.175001 -8.875021 0.000000 9.000000 9.750000 0.875000 32476.dat
9 0 -0.000000 1.000000 0.000000 0.000000 0.000000 -1.000000 -1.000000 -0.000000 -0.000000 -38.587505 -0.000022 0.000000 9.750000 9.750000 0.587500 32476.dat
9 0 -0.000000 1.000000 0.000000 0.000000 0.000000 -1.000000 -1.000000 -0.000000 -0.000000 -8.227253 -0.000022 0.000000 2.000000 5.875000 12.447750 32476.dat
9 0 -0.000000 0.000000 -1.000000 0.000000 -1.000000 -0.000000 -1.000000 -0.000000 -0.000000 -8.227253 -0.000022 0.000000 2.000000 5.875000 12.447750 32476.dat
9 0 0.728369 -0.000000 0.685185 0.685185 0.000000 -0.728369 0.000000 1.000000 0.000000 -78.678001 -0.000014 -25.939747 23.148251 10.019200 8.076550 32476.dat
9 0 -0.000000 1.000000 0.000000 0.000000 0.000000 -1.000000 -1.000000 -0.000000 -0.000000 -109.743729 -13.675078 -55.422306 5.403525 2.677200 2.514900 32476.dat
9 0 0.707107 -0.000000 0.707107 0.707107 0.000000 -0.707107 0.000000 1.000000 0.000000 -49.858006 -18.306198 0.081998 3.868475 3.754250 1.305275 32476.dat
9 0 0.707107 -0.000000 0.707107 0.707107 0.000000 -0.707107 0.000000 1.000000 0.000000 -30.000002 -13.696948 -0.000006 2.474200 2.398650 4.808275 32476.dat
9 0 -0.000000 -1.000000 -0.000000 0.000000 0.000000 -1.000000 1.000000 -0.000000 -0.000000 -109.743729 13.675070 -55.422295 5.403525 2.677200 2.514900 32476.dat
9 0 0.707107 -0.000000 0.707107 0.707107 0.000000 -0.707107 0.000000 1.000000 0.000000 -49.858006 -0.069297 0.082004 3.868475 3.754250 19.680725 32476.dat
9 0 0.707107 -0.000000 0.707107 0.707107 0.000000 -0.707107 0.000000 1.000000 0.000000 -30.000002 13.696903 0.000006 2.474200 2.398650 4.808275 32476.dat
9 0 0.739695 -0.000000 0.672943 0.672943 0.000000 -0.739695 0.000000 1.000000 0.000000 -79.963257 -11.231813 -27.731251 40.171249 5.861800 3.026225 32476.dat
9 0 0.739695 -0.000000 0.672943 0.672943 0.000000 -0.739695 0.000000 1.000000 0.000000 -79.963257 11.231787 -27.731245 40.171249 5.861800 3.026225 32476.dat
9 0 1.000000 0.000000 0.000000 0.000000 0.000000 -1.000000 0.000000 1.000000 0.000000 -64.488510 -0.000018 -13.547498 2.471925 2.375075 18.716450 32476.dat
9 0 0.707107 0.707107 0.000000 0.000000 0.000000 -1.000000 -0.707107 0.707107 0.000000 -34.949749 4.949728 0.000000 2.875000 7.750000 0.500000 32476.dat
9 0 -0.707107 0.707107 0.000000 0.000000 0.000000 -1.000000 -0.707107 -0.707107 -0.000000 -34.949749 -4.949772 0.000000 2.875000 7.750000 0.500000 32476.dat
9 0 -0.707107 -0.707107 -0.000000 0.000000 0.000000 -1.000000 0.707107 -0.707107 -0.000000 -25.050253 -4.949772 0.000000 2.875000 7.750000 0.500000 32476.dat
9 0 0.707107 -0.707107 -0.000000 0.000000 0.000000 -1.000000 0.707107 0.707107 0.000000 -25.050253 4.949728 0.000000 2.875000 7.750000 0.500000 32476.dat
9 0 1.000000 0.000000 0.000000 0.000000 -1.000000 -0.000000 0.000000 0.000000 -1.000000 -110.000000 7.437494 -49.999992 2.511350 1.062500 19.750000 32476.dat
9 0 -1.000000 -0.000000 -0.000000 -0.000000 1.000000 0.000000 0.000000 0.000000 -1.000000 -110.000000 -7.437506 -50.000000 2.511350 1.062500 19.750000 32476.dat
9 0 -0.000000 -1.000000 -0.000000 -1.000000 -0.000000 0.000000 -0.000000 0.000000 -1.000000 -102.562500 -0.000006 -50.000000 2.511350 1.062500 19.750000 32476.dat
9 0 -0.000000 1.000000 0.000000 1.000000 -0.000000 0.000000 0.000000 0.000000 -1.000000 -117.437508 -0.000006 -50.000000 2.511350 1.062500 19.750000 32476.dat
9 0 1.000000 0.000000 0.000000 0.000000 -1.000000 -0.000000 0.000000 0.000000 -1.000000 -106.051186 3.937944 -49.999996 1.443975 1.433100 19.750000 32476.dat
9 0 -0.000000 1.000000 0.000000 1.000000 -0.000000 0.000000 0.000000 0.000000 -1.000000 -113.937950 3.948818 -49.999996 1.443975 1.433100 19.750000 32476.dat
9 0 -1.000000 -0.000000 -0.000000 -0.000000 1.000000 0.000000 0.000000 0.000000 -1.000000 -113.948822 -3.937956 -50.000000 1.443975 1.433100 19.750000 32476.dat
9 0 -0.000000 -1.000000 -0.000000 -1.000000 -0.000000 0.000000 -0.000000 0.000000 -1.000000 -106.062057 -3.948831 -50.000000 1.443975 1.433100 19.750000 32476.dat
9 0 1.000000 0.000000 0.000000 0.000000 0.000000 -1.000000 0.000000 1.000000 0.000000 -49.858006 -0.000022 0.082004 6.153600 13.059025 15.500000 32476.dat
9 0 0.500000 -0.000000 0.866025 0.866025 0.000000 -0.500000 0.000000 1.000000 0.000000 -50.454002 -0.000022 0.426000 6.153600 12.371050 15.500000 32476.dat
9 0 0.500000 0.000000 -0.866025 -0.866025 0.000000 -0.500000 0.000000 1.000000 0.000000 -50.454002 -0.000022 -0.261998 6.153600 12.371050 15.500000 32476.dat
10 0 -9.250000 0.000000 -20.000000 132.750000 86.445000 20.000000 32476.dat
0 2 0.000000 -1.000000 -0.000000 0.000000 -0.000000 1.000000 -1.000000 -0.000000 0.000000 -30.000002 -0.000025 10.000002 0 0 0.800000 0 0 32476.dat
0 4 0.000000 -1.000000 -0.000000 0.000000 -0.000000 1.000000 -1.000000 -0.000000 0.000000 -110.000000 -0.000013 -29.999998 0 1 0.785000 0 0 32476.dat
0 4 -0.000000 -1.000000 -0.000000 0.000000 0.000000 -1.000000 1.000000 -0.000000 -0.000000 -110.000000 0.000000 -70.000000 0 1 0.785000 0 0 32476.dat
1 5 -0.000000 0.000000 -1.000000 -1.000000 -0.000000 0.000000 0.000000 1.000000 0.000000 10.000002 -0.000022 0.000000 32476.dat
2 22 1.000000 0.000000 0.000000 0.000000 -0.000000 1.000000 0.000000 -1.000000 -0.000000 -40.000004 -10.000026 9.999996 2 2 22:1:1,22:2:1,22:1:1,22:2:1,16:4:64,22:2:1,22:1:1,22:2:1,22:1:1, 32476.dat
2 22 -1.000000 -0.000000 -0.000000 0.000000 0.000000 -1.000000 0.000000 -1.000000 -0.000000 -20.000004 -10.000019 -10.000002 2 2 22:1:1,22:2:1,22:1:1,22:2:1,16:4:64,22:2:1,22:1:1,22:2:1,22:1:1, 32476.dat
2 22 1.000000 0.000000 0.000000 0.000000 -0.000000 1.000000 0.000000 -1.000000 -0.000000 -120.000008 -10.000012 -30.000002 2 2 29:0:0,29:0:0,29:0:0,29:0:0,13:4:33,29:0:0,29:0:0,29:0:0,29:0:0, 32476.dat
2 22 -1.000000 -0.000000 -0.000000 0.000000 0.000000 -1.000000 0.000000 -1.000000 -0.000000 -100.000000 -10.000000 -70.000008 2 2 29:0:0,29:0:0,29:0:0,29:0:0,13:4:33,29:0:0,29:0:0,29:0:0,29:0:0, 32476.dat
