9 0 0.000000 0.000000 -1.000000 0.000000 1.000000 0.000000 1.000000 0.000000 0.000000 -15.000002 35.784374 24.633202 2.158200 1.715625 4.750000 32475.dat
9 0 0.000000 0.000000 -1.000000 0.000000 1.000000 0.000000 1.000000 0.000000 0.000000 -15.000002 44.187500 24.162500 1.687500 1.687500 4.750000 32475.dat
9 0 0.000000 0.000000 -1.000000 0.000000 1.000000 0.000000 1.000000 0.000000 0.000000 -14.999999 45.706253 15.051251 2.423750 3.293750 4.750000 32475.dat
9 0 0.000000 0.000000 -1.000000 0.000000 1.000000 0.000000 1.000000 0.000000 0.000000 -14.999999 35.828125 15.051251 2.423750 1.759375 4.750000 32475.dat
9 0 0.000000 0.000000 -1.000000 0.000000 1.000000 0.000000 1.000000 0.000000 0.000000 -14.999996 40.750000 8.337502 0.337500 8.250000 4.750000 32475.dat
9 0 0.000000 0.000000 -1.000000 0.000000 1.000000 0.000000 1.000000 0.000000 0.000000 -14.999998 48.500000 11.100001 10.875000 0.500000 4.750000 32475.dat
9 0 0.000000 0.000000 -1.000000 0.000000 1.000000 0.000000 1.000000 0.000000 0.000000 0.000007 20.569801 -1.875868 10.180375 5.171450 9.750000 32475.dat
9 0 0.000000 0.127903 -0.991787 -0.000000 0.991787 0.127903 1.000000 0.000000 0.000000 -15.350432 39.157452 -34.503250 7.306925 6.236600 5.100450 32475.dat
9 0 0.000000 0.000000 -1.000000 0.000000 1.000000 0.000000 1.000000 0.000000 0.000000 15.000002 40.750000 8.337511 0.337500 8.250000 4.750000 32475.dat
9 0 0.000000 0.000000 -1.000000 0.000000 1.000000 0.000000 1.000000 0.000000 0.000000 15.000002 48.500000 11.100011 10.875000 0.500000 4.750000 32475.dat
9 0 0.000000 0.127903 -0.991787 -0.000000 0.991787 0.127903 1.000000 0.000000 0.000000 15.350516 39.157452 -34.503239 7.306925 6.236600 5.100450 32475.dat
9 0 0.000000 0.000000 -1.000000 0.000000 1.000000 0.000000 1.000000 0.000000 0.000000 14.999999 35.784374 24.657812 2.182800 1.715625 4.750000 32475.dat
9 0 0.000000 0.000000 -1.000000 0.000000 1.000000 0.000000 1.000000 0.000000 0.000000 15.000005 27.174276 2.849986 20.267475 4.825725 4.750000 32475.dat
9 0 0.000000 0.000000 -1.000000 0.000000 1.000000 0.000000 1.000000 0.000000 0.000000 15.000002 35.828125 15.051261 2.423750 1.759375 4.750000 32475.dat
9 0 0.000000 0.000000 -1.000000 0.000000 1.000000 0.000000 1.000000 0.000000 0.000000 15.000002 45.706253 15.051261 2.423750 3.293750 4.750000 32475.dat
9 0 0.000000 0.000000 -1.000000 0.000000 1.000000 0.000000 1.000000 0.000000 0.000000 14.999999 44.187500 24.162512 1.687500 1.687500 4.750000 32475.dat
9 0 0.000000 -0.889391 -0.457147 0.000000 0.457147 -0.889391 1.000000 0.000000 0.000000 0.000012 14.741752 -19.527994 14.477150 5.308875 7.250000 32475.dat
9 0 0.000000 0.377340 -0.926075 -0.000000 0.926075 0.377340 1.000000 0.000000 0.000000 -0.276208 11.831752 -36.630241 13.607851 4.512750 2.858000 32475.dat
9 0 -0.962254 -0.085325 -0.258434 -0.181961 0.907838 0.377782 0.202382 0.410547 -0.889096 -14.961823 26.735174 -64.308250 3.008775 12.150249 20.014950 32475.dat
9 0 -0.949625 -0.108345 -0.294064 -0.119793 0.992574 0.021144 0.289589 0.055306 -0.955552 -17.619778 38.554024 -57.743500 2.645700 8.937750 20.014950 32475.dat
9 0 -0.011345 0.412049 -0.911091 0.003428 0.911160 0.412038 0.999930 0.001551 -0.011750 -0.224997 17.251699 -68.611748 20.216200 2.086075 11.664974 32475.dat
9 0 0.000000 0.443001 -0.896521 -0.000000 0.896521 0.443001 1.000000 0.000000 0.000000 -15.001997 1.875001 9.597926 1.212075 6.249925 2.748000 32475.dat
9 0 0.000000 0.000000 -1.000000 0.000000 1.000000 0.000000 1.000000 0.000000 0.000000 -14.614966 1.014751 -7.799746 1.299850 4.847850 2.361000 32475.dat
9 0 0.000000 0.000000 -1.000000 0.000000 1.000000 0.000000 1.000000 0.000000 0.000000 -14.601369 -7.319498 -0.029998 5.106100 0.819475 2.347375 32475.dat
9 0 0.000000 0.443001 -0.896521 -0.000000 0.896521 0.443001 1.000000 0.000000 0.000000 14.998002 1.875001 9.597937 1.212075 6.249925 2.752000 32475.dat
9 0 0.000000 0.000000 -1.000000 0.000000 1.000000 0.000000 1.000000 0.000000 0.000000 14.996006 -7.319498 -0.029989 5.106100 0.819475 2.750000 32475.dat
9 0 0.000000 0.000000 -1.000000 0.000000 1.000000 0.000000 1.000000 0.000000 0.000000 14.996009 1.014751 -7.799737 1.299850 4.847850 2.750000 32475.dat
9 0 0.949625 -0.108345 -0.294063 0.119793 0.992574 0.021144 0.289589 -0.055306 0.955552 17.664022 38.556850 -57.756741 2.600225 8.945576 20.014950 32475.dat
9 0 0.962254 -0.085325 -0.258433 0.181961 0.907838 0.377782 0.202381 -0.410547 0.889097 14.961778 26.735174 -64.308235 3.008775 12.150249 20.014950 32475.dat
9 0 0.000000 -0.889391 -0.457147 0.000000 0.457147 -0.889391 1.000000 0.000000 0.000000 -0.333530 18.329075 -47.038746 11.831875 1.744925 19.130526 32475.dat
9 0 0.012210 -0.215037 -0.976530 0.136912 0.967764 -0.211395 0.990508 -0.131118 0.041257 17.447760 16.817501 -4.478014 8.965325 8.850249 4.504600 32475.dat
9 0 0.000000 0.000000 -1.000000 0.000000 1.000000 0.000000 1.000000 0.000000 0.000000 14.999996 40.014652 27.670414 0.571025 4.144300 4.750000 32475.dat
9 0 -0.000000 -0.707107 0.707107 0.000000 -0.707107 -0.707107 1.000000 0.000000 0.000000 15.000008 45.789650 -5.835487 0.220150 4.144300 4.750000 32475.dat
9 0 -0.012209 -0.215037 -0.976530 -0.136912 0.967764 -0.211395 0.990508 0.131118 -0.041257 -16.692318 16.927525 -4.567698 8.538825 8.828225 5.271050 32475.dat
9 0 -0.000000 0.000000 1.000000 -0.000000 -1.000000 0.000000 1.000000 0.000000 0.000000 -19.999985 39.985352 -27.695501 0.571025 4.144300 9.750000 32475.dat
9 0 -0.000000 1.000000 0.000000 -0.000000 -0.000000 1.000000 1.000000 0.000000 0.000000 -19.999989 32.329601 -20.010250 0.571025 4.144300 9.750000 32475.dat
9 0 -0.000000 -1.000000 0.000000 0.000000 -0.000000 -1.000000 1.000000 0.000000 0.000000 -19.999989 47.670399 -20.039751 0.571025 4.144300 9.750000 32475.dat
9 0 0.000000 0.000000 -1.000000 0.000000 1.000000 0.000000 1.000000 0.000000 0.000000 -19.999990 39.854401 -12.457000 0.468725 4.304575 9.750000 32475.dat
9 0 0.000000 0.000000 -1.000000 0.000000 1.000000 0.000000 1.000000 0.000000 0.000000 -19.999989 34.936176 -15.789251 1.735775 2.563825 9.750000 32475.dat
9 0 0.000000 0.708684 -0.705526 0.000000 -0.705526 -0.708684 -1.000000 0.000000 -0.000000 -19.999990 44.723927 -15.261499 0.754150 1.903425 9.750000 32475.dat
9 0 0.000000 0.708684 -0.705526 -0.000000 0.705526 0.708684 1.000000 0.000000 0.000000 -19.999987 35.443825 -24.583248 0.754150 1.994625 9.750000 32475.dat
9 0 0.000000 0.000000 -1.000000 0.000000 1.000000 0.000000 1.000000 0.000000 0.000000 -19.999987 45.063828 -24.260750 1.735775 2.563825 9.750000 32475.dat
9 0 0.000000 0.000000 -1.000000 0.000000 1.000000 0.000000 1.000000 0.000000 0.000000 -15.000002 40.014652 27.670401 0.571025 4.144300 4.750000 32475.dat
9 0 -0.000000 -0.707107 0.707107 0.000000 -0.707107 -0.707107 1.000000 0.000000 0.000000 -14.999991 45.789650 -5.835496 0.220150 4.144300 4.750000 32475.dat
9 0 0.000000 0.000000 -1.000000 0.000000 1.000000 0.000000 1.000000 0.000000 0.000000 -14.999994 27.174276 2.849977 20.267475 4.825725 4.750000 32475.dat
9 0 0.000000 0.000000 -1.000000 0.000000 1.000000 0.000000 1.000000 0.000000 0.000000 20.000015 45.063828 -24.260736 1.735775 2.563825 9.750000 32475.dat
9 0 0.000000 0.708684 -0.705526 -0.000000 0.705526 0.708684 1.000000 0.000000 0.000000 20.000015 35.443825 -24.583237 0.754150 1.994625 9.750000 32475.dat
9 0 0.000000 0.708684 -0.705526 0.000000 -0.705526 -0.708684 -1.000000 0.000000 -0.000000 20.000011 44.723927 -15.261488 0.754150 1.903425 9.750000 32475.dat
9 0 0.000000 0.000000 -1.000000 0.000000 1.000000 0.000000 1.000000 0.000000 0.000000 20.000011 34.936176 -15.789239 1.735775 2.563825 9.750000 32475.dat
9 0 0.000000 0.000000 -1.000000 0.000000 1.000000 0.000000 1.000000 0.000000 0.000000 20.000010 39.854401 -12.456987 0.468725 4.304575 9.750000 32475.dat
9 0 -0.000000 -1.000000 0.000000 0.000000 -0.000000 -1.000000 1.000000 0.000000 0.000000 20.000011 47.670399 -20.039740 0.571025 4.144300 9.750000 32475.dat
9 0 -0.000000 1.000000 0.000000 -0.000000 -0.000000 1.000000 1.000000 0.000000 0.000000 20.000011 32.329601 -20.010237 0.571025 4.144300 9.750000 32475.dat
9 0 -0.000000 0.000000 1.000000 -0.000000 -1.000000 0.000000 1.000000 0.000000 0.000000 20.000015 39.985352 -27.695488 0.571025 4.144300 9.750000 32475.dat
9 0 0.000000 0.000000 -1.000000 0.000000 1.000000 0.000000 1.000000 0.000000 0.000000 -14.999994 47.000000 2.070902 6.470900 0.500000 2.750000 32475.dat
9 0 0.000000 0.000000 -1.000000 0.000000 1.000000 0.000000 1.000000 0.000000 0.000000 15.000005 47.000000 2.070911 6.470900 0.500000 2.750000 32475.dat
10 0 -9.200000 -9.250000 -50.000000 109.167503 49.250252 10.000000 32475.dat
0 2 -0.000000 1.000000 0.000000 -1.000000 -0.000000 -0.000000 -0.000000 0.000000 1.000000 -19.999994 40.000000 0.000000 0 0 0.400000 0 0 32475.dat
0 2 -0.000000 1.000000 0.000000 -1.000000 -0.000000 -0.000000 -0.000000 0.000000 1.000000 10.000007 40.000000 0.000009 0 0 0.400000 0 0 32475.dat
0 4 -0.000000 1.000000 0.000000 -1.000000 -0.000000 -0.000000 -0.000000 0.000000 1.000000 -20.000000 40.000000 20.000000 0 0 0.400000 0 0 32475.dat
0 4 -0.000000 1.000000 0.000000 -1.000000 -0.000000 -0.000000 -0.000000 0.000000 1.000000 10.000001 40.000000 20.000010 0 0 0.400000 0 0 32475.dat
0 4 -0.000000 1.000000 0.000000 -1.000000 -0.000000 -0.000000 -0.000000 0.000000 1.000000 -29.999989 40.000000 -20.000004 0 0 0.800000 0 0 32475.dat
0 4 -0.000000 1.000000 0.000000 -1.000000 -0.000000 -0.000000 -0.000000 0.000000 1.000000 10.000012 40.000000 -19.999990 0 0 0.800000 0 0 32475.dat
1 4 0.000000 0.000000 -1.000000 0.000000 1.000000 0.000000 1.000000 0.000000 0.000000 0.000006 0.000000 0.000006 32475.dat
0 2 -0.000000 1.000000 0.000000 -1.000000 -0.000000 -0.000000 -0.000000 0.000000 1.000000 9.998755 0.000000 0.000009 0 0 0.400000 0 0 32475.dat
0 2 0.000000 1.000000 0.000000 1.000000 -0.000000 0.000000 0.000000 0.000000 -1.000000 -10.003969 0.000000 0.000003 0 0 0.400000 0 0 32475.dat
6 164 -1.000000 0.000000 -0.000000 0.000000 -0.000000 -1.000000 -0.000000 -1.000000 0.000000 0.000006 0.000000 0.000006 0.000000 0.000000 0.000000 0.000000 0 32475.dat
