9 0 0.000001 0.000001 1.000000 -1.000000 0.000001 0.000001 -0.000001 -1.000000 0.000001 -3.848471 -4.071933 33.750008 16.000000 1.348450 1.571925 32494.dat
9 0 0.000001 0.000001 1.000000 -1.000000 0.000001 0.000001 -0.000001 -1.000000 0.000001 3.848436 4.071910 33.749992 16.000000 1.348450 1.571925 32494.dat
9 0 -0.000001 -0.000001 -1.000000 -0.000001 -1.000000 0.000001 -1.000000 0.000001 0.000001 -0.000049 -0.000033 3.942245 13.692200 1.692275 1.692275 32494.dat
9 0 0.000001 0.000001 1.000000 -1.000000 0.000001 0.000001 -0.000001 -1.000000 0.000001 -0.000023 -7.516686 33.750004 16.000000 3.641000 0.514050 32494.dat
9 0 0.000001 0.000001 1.000000 0.500000 -0.866026 0.000000 0.866026 0.500000 -0.000001 6.509635 3.758334 33.749989 16.000000 3.641000 0.514050 32494.dat
9 0 0.000001 0.000001 1.000000 1.000000 -0.000001 -0.000001 0.000001 1.000000 -0.000001 -0.000012 7.516663 33.749996 16.000000 3.641000 0.514050 32494.dat
9 0 0.000001 0.000001 1.000000 0.500001 0.866025 -0.000001 -0.866025 0.500001 0.000001 -6.509665 3.758343 33.750004 16.000000 3.641000 0.514050 32494.dat
9 0 0.000001 0.000001 1.000000 -0.500000 0.866025 -0.000000 -0.866026 -0.500000 0.000001 -6.509671 -3.758357 33.750008 16.000000 3.641000 0.514050 32494.dat
9 0 0.000001 0.000001 1.000000 -0.500001 -0.866025 0.000001 0.866025 -0.500001 -0.000001 6.509630 -3.758366 33.749996 16.000000 3.641000 0.514050 32494.dat
9 0 -0.000000 -0.000001 -1.000000 -0.707108 -0.707106 0.000001 -0.707106 0.707108 -0.000000 -0.000040 -0.000027 12.755498 5.394125 3.681825 3.681800 32494.dat
9 0 0.000001 1.000000 -0.000001 -1.000000 0.000001 0.000001 0.000001 0.000001 1.000000 -0.000054 -0.000036 -0.000006 7.881824 1.510750 1.510750 32494.dat
9 0 -0.000001 0.277832 -0.960630 0.000001 0.960630 0.277832 1.000000 -0.000001 -0.000001 -0.000045 -4.219478 11.050746 6.346725 2.226475 1.000000 32494.dat
9 0 -0.277834 -0.000001 -0.960629 -0.960629 0.000001 0.277834 0.000001 1.000000 -0.000001 4.219409 -0.000031 11.050737 6.346725 2.226475 1.000000 32494.dat
9 0 -0.000001 -0.277833 -0.960629 -0.000000 -0.960629 0.277833 -1.000000 0.000001 0.000001 -0.000039 4.219422 11.050740 6.346725 2.226475 1.000000 32494.dat
9 0 0.277832 -0.000001 -0.960630 0.960630 -0.000001 0.277832 -0.000001 -1.000000 0.000001 -4.219492 -0.000025 11.050749 6.346725 2.226475 1.000000 32494.dat
10 0 -9.250000 0.000000 -9.250000 9.250000 60.000004 9.250000 32494.dat
0 4 0.000001 1.000000 -0.000001 0.000001 0.000001 1.000000 1.000000 -0.000001 -0.000001 0.000000 0.000000 50.000000 0 1 1.250000 0 0 32494.dat
6 189 0.000001 0.000001 1.000000 -0.000001 -1.000000 0.000001 1.000000 -0.000001 -0.000001 -0.000054 -0.000036 -0.000006 0.000000 0.000000 0.000000 0.000000 0 32494.dat
