9 0 -1.000000 -0.000000 -0.000000 0.000000 0.000000 -1.000000 0.000000 -1.000000 0.000000 0.000000 -37.030499 0.000000 1.445650 7.537675 10.030400 32498.dat
9 0 -0.984808 -0.173647 -0.000001 0.000001 0.000000 -1.000000 0.173647 -0.984808 0.000000 6.312200 -36.298248 0.000000 1.445650 7.537675 10.210250 32498.dat
9 0 -0.939693 -0.342020 -0.000000 0.000000 0.000000 -1.000000 0.342020 -0.939693 0.000000 11.937824 -33.299000 0.000000 1.445650 7.537675 11.656925 32498.dat
9 0 -0.866025 -0.500000 0.000000 0.000000 0.000000 -1.000000 0.500000 -0.866025 0.000000 13.361375 -23.642574 0.000000 1.445650 7.537675 19.838051 32498.dat
9 0 -0.766044 -0.642788 0.000001 -0.000001 -0.000000 -1.000000 0.642788 -0.766044 -0.000000 16.950201 -20.700474 0.000000 1.445650 7.537675 20.190950 32498.dat
9 0 -0.642787 -0.766045 0.000000 -0.000000 -0.000000 -1.000000 0.766045 -0.642787 -0.000000 20.258699 -17.499075 0.000000 1.445650 7.537675 20.114950 32498.dat
9 0 -0.500001 -0.866025 -0.000001 0.000001 0.000001 -1.000000 0.866025 -0.500001 0.000001 23.145275 -13.862925 0.000000 1.445650 7.537675 19.834925 32498.dat
9 0 -0.342019 -0.939693 0.000001 -0.000001 -0.000000 -1.000000 0.939693 -0.342019 -0.000000 32.897999 -12.473875 0.000000 1.445650 7.537675 11.551550 32498.dat
9 0 -0.173647 -0.984808 0.000001 -0.000000 -0.000000 -1.000000 0.984808 -0.173647 -0.000000 35.827248 -6.817325 0.000000 1.445650 7.537675 10.180725 32498.dat
9 0 -0.000000 -1.000000 0.000000 -0.000000 -0.000000 -1.000000 1.000000 0.000000 -0.000000 36.524250 -0.500000 0.000000 1.445650 7.537675 10.036651 32498.dat
9 0 0.173648 -0.984808 -0.000000 0.000000 0.000000 -1.000000 0.984808 0.173648 0.000000 35.798248 5.812200 0.000000 1.445650 7.537675 10.210250 32498.dat
9 0 0.342020 -0.939693 -0.000000 0.000000 0.000000 -1.000000 0.939693 0.342020 0.000000 32.799000 11.437824 0.000000 1.445650 7.537675 11.656925 32498.dat
9 0 0.500000 -0.866026 -0.000000 0.000000 0.000000 -1.000000 0.866026 0.500000 0.000000 23.142574 12.861376 0.000000 1.445650 7.537675 19.838051 32498.dat
9 0 0.642787 -0.766045 -0.000000 0.000000 0.000000 -1.000000 0.766045 0.642787 0.000000 20.200474 16.450201 0.000000 1.445650 7.537675 20.190950 32498.dat
9 0 0.766044 -0.642788 -0.000000 0.000000 0.000000 -1.000000 0.642788 0.766044 0.000000 16.999075 19.758699 0.000000 1.445650 7.537675 20.114950 32498.dat
9 0 0.866025 -0.500000 0.000000 0.000000 -0.000000 -1.000000 0.500000 0.866025 0.000000 13.362925 22.645275 0.000000 1.445650 7.537675 19.834925 32498.dat
9 0 0.939693 -0.342020 0.000000 -0.000000 -0.000000 -1.000000 0.342020 0.939692 -0.000000 11.973875 32.397999 0.000000 1.445650 7.537675 11.551550 32498.dat
9 0 0.984808 -0.173649 -0.000000 0.000000 0.000000 -1.000000 0.173649 0.984808 0.000000 6.317325 35.327251 0.000000 1.445650 7.537675 10.180725 32498.dat
9 0 1.000000 0.000000 0.000000 0.000000 -0.000000 -1.000000 0.000000 1.000000 -0.000000 0.000000 36.030502 0.000000 1.445650 7.537675 10.030400 32498.dat
9 0 0.984808 0.173649 0.000000 -0.000000 0.000000 -1.000000 -0.173649 0.984808 0.000000 -6.312200 35.298248 0.000000 1.445650 7.537675 10.210250 32498.dat
9 0 0.939693 0.342020 -0.000000 0.000000 -0.000000 -1.000000 -0.342020 0.939692 -0.000000 -11.937824 32.299000 0.000000 1.445650 7.537675 11.656925 32498.dat
9 0 0.866025 0.500000 0.000000 0.000000 -0.000000 -1.000000 -0.500000 0.866025 0.000000 -13.361375 22.642574 0.000000 1.445650 7.537675 19.838051 32498.dat
9 0 0.766044 0.642788 0.000000 -0.000000 0.000000 -1.000000 -0.642788 0.766044 0.000000 -16.950201 19.700476 0.000000 1.445650 7.537675 20.190950 32498.dat
9 0 0.642787 0.766045 0.000000 -0.000000 0.000000 -1.000000 -0.766045 0.642787 0.000000 -20.258699 16.499075 0.000000 1.445650 7.537675 20.114950 32498.dat
9 0 0.500000 0.866026 0.000000 -0.000000 0.000000 -1.000000 -0.866026 0.500000 0.000000 -23.145275 12.862926 0.000000 1.445650 7.537675 19.834925 32498.dat
9 0 0.342020 0.939693 0.000000 -0.000000 0.000000 -1.000000 -0.939693 0.342020 0.000000 -32.897999 11.473875 0.000000 1.445650 7.537675 11.551550 32498.dat
9 0 0.173648 0.984808 0.000000 -0.000000 0.000000 -1.000000 -0.984808 0.173648 0.000000 -35.827248 5.817325 0.000000 1.445650 7.537675 10.180725 32498.dat
9 0 -0.000000 1.000000 -0.000000 0.000000 -0.000000 -1.000000 -1.000000 0.000000 -0.000000 -36.524250 -0.500000 0.000000 1.445650 7.537675 10.036651 32498.dat
9 0 -0.173647 0.984808 -0.000001 0.000000 -0.000000 -1.000000 -0.984808 -0.173647 -0.000000 -35.798248 -6.812200 0.000000 1.445650 7.537675 10.210250 32498.dat
9 0 -0.342019 0.939693 -0.000001 0.000001 -0.000000 -1.000000 -0.939693 -0.342019 -0.000000 -32.799000 -12.437825 0.000000 1.445650 7.537675 11.656925 32498.dat
9 0 -0.500001 0.866025 0.000001 -0.000001 0.000001 -1.000000 -0.866025 -0.500001 0.000001 -23.142574 -13.861375 0.000000 1.445650 7.537675 19.838051 32498.dat
9 0 -0.642787 0.766045 -0.000000 0.000000 -0.000000 -1.000000 -0.766045 -0.642787 -0.000000 -20.200474 -17.450199 0.000000 1.445650 7.537675 20.190950 32498.dat
9 0 -0.766044 0.642788 -0.000001 0.000001 -0.000000 -1.000000 -0.642788 -0.766044 -0.000000 -16.999075 -20.758699 0.000000 1.445650 7.537675 20.114950 32498.dat
9 0 -0.866025 0.500000 -0.000000 0.000000 0.000000 -1.000000 -0.500000 -0.866025 0.000000 -13.362925 -23.645275 0.000000 1.445650 7.537675 19.834925 32498.dat
9 0 -0.939693 0.342020 0.000000 -0.000000 0.000000 -1.000000 -0.342020 -0.939693 0.000000 -11.973875 -33.397999 0.000000 1.445650 7.537675 11.551550 32498.dat
9 0 -0.984808 0.173647 0.000001 -0.000001 0.000000 -1.000000 -0.173647 -0.984808 0.000000 -6.317325 -36.327248 0.000000 1.445650 7.537675 10.180725 32498.dat
9 0 1.000000 0.000000 0.000000 0.000000 1.000000 0.000000 0.000000 0.000000 1.000000 -28.333500 -7.743751 0.000000 5.833575 4.743750 9.750000 32498.dat
9 0 1.000000 0.000000 0.000000 0.000000 1.000000 0.000000 0.000000 0.000000 1.000000 -28.333500 6.743750 0.000000 5.833575 4.743750 9.750000 32498.dat
9 0 1.000000 0.000000 0.000000 0.000000 1.000000 0.000000 0.000000 0.000000 1.000000 28.333500 6.743750 0.000000 5.833575 4.743750 9.750000 32498.dat
9 0 1.000000 0.000000 0.000000 0.000000 1.000000 0.000000 0.000000 0.000000 1.000000 28.333500 -7.743751 0.000000 5.833575 4.743750 9.750000 32498.dat
9 0 1.000000 0.000000 0.000000 0.000000 1.000000 0.000000 0.000000 0.000000 1.000000 -10.000000 -7.743751 0.000000 7.500000 4.743750 9.750000 32498.dat
9 0 1.000000 0.000000 0.000000 0.000000 1.000000 0.000000 0.000000 0.000000 1.000000 -10.000000 6.743750 0.000000 7.500000 4.743750 9.750000 32498.dat
9 0 1.000000 0.000000 0.000000 0.000000 1.000000 0.000000 0.000000 0.000000 1.000000 10.000000 -7.743751 0.000000 7.500000 4.743750 9.750000 32498.dat
9 0 1.000000 0.000000 0.000000 0.000000 1.000000 0.000000 0.000000 0.000000 1.000000 10.000000 6.743750 0.000000 7.500000 4.743750 9.750000 32498.dat
10 0 -46.810749 -46.810749 -20.000000 46.810749 46.810749 0.000000 32498.dat
0 4 1.000000 0.000000 0.000000 0.000000 -0.000000 -1.000000 0.000000 1.000000 -0.000000 -20.000000 -0.500000 -10.000000 0 0 0.800000 0 0 32498.dat
0 4 1.000000 0.000000 0.000000 0.000000 -0.000000 -1.000000 0.000000 1.000000 -0.000000 20.000000 -0.500000 -10.000000 0 0 0.800000 0 0 32498.dat
0 2 1.000000 0.000000 0.000000 0.000000 -0.000000 -1.000000 0.000000 1.000000 -0.000000 0.000000 19.500000 -10.000000 0 0 0.800000 0 0 32498.dat
0 2 1.000000 0.000000 0.000000 0.000000 -0.000000 -1.000000 0.000000 1.000000 -0.000000 0.000000 -20.500000 -10.000000 0 0 0.800000 0 0 32498.dat
0 4 1.000000 0.000000 0.000000 0.000000 -0.000000 -1.000000 0.000000 1.000000 -0.000000 0.000000 -0.500000 -10.000000 0 0 0.800000 0 0 32498.dat
5 11 1.000000 0.000000 0.000000 0.000000 1.000000 0.000000 0.000000 0.000000 1.000000 0.000000 -0.500000 8.125000 1.8 36 32498.dat
