9 0 -1.000000 -0.000000 0.000000 0.000000 0.000000 1.000000 -0.000000 1.000000 0.000000 -0.000005 0.000000 19.537500 5.875000 10.037499 2.000000 32506.dat
9 0 -0.000000 1.000000 -0.000000 0.000000 0.000000 1.000000 1.000000 0.000000 -0.000000 -0.000005 0.000000 19.537500 5.875000 10.037499 2.000000 32506.dat
9 0 -1.000000 -0.000000 0.000000 0.000000 0.000000 1.000000 -0.000000 1.000000 0.000000 -0.000010 0.000000 8.499998 5.100075 0.500000 9.750000 32506.dat
9 0 -1.000000 -0.000000 0.000000 0.000000 0.000000 1.000000 -0.000000 1.000000 0.000000 -0.000010 0.000000 8.499998 10.407249 0.500000 6.504350 32506.dat
9 0 1.000000 0.000000 -0.000000 -0.000000 0.000000 -1.000000 -0.000000 1.000000 0.000000 -0.000017 0.000000 -8.500004 5.100075 0.500000 9.750000 32506.dat
9 0 -1.000000 -0.000000 0.000000 0.000000 0.707107 0.707107 -0.000001 0.707107 -0.707107 -0.000019 -14.360002 -26.942503 9.722025 3.285525 3.285525 32506.dat
9 0 -1.000000 -0.000000 0.000000 0.000000 0.000000 1.000000 -0.000000 1.000000 0.000000 -0.000025 -3.165025 -29.726505 2.250000 20.429125 7.388950 32506.dat
9 0 -1.000000 -0.000000 0.000000 0.000001 -0.445057 0.895502 -0.000000 0.895502 0.445057 -0.000032 -3.803000 -46.632759 2.250000 20.429125 5.571325 32506.dat
9 0 -1.000000 -0.000000 0.000000 0.000000 -0.997595 -0.069311 0.000000 -0.069311 0.997595 -0.000048 13.865751 -65.274765 7.016250 22.505550 3.424175 32506.dat
9 0 0.500000 0.000000 0.866025 0.866025 0.000000 -0.500000 -0.000000 1.000000 0.000000 9.344810 0.000004 -5.395255 5.100075 2.790475 9.750000 32506.dat
9 0 -0.500000 -0.000000 0.866026 0.866026 0.000000 0.500000 -0.000000 1.000000 0.000000 9.401664 0.000004 4.153996 3.996800 2.219150 9.750000 32506.dat
9 0 -0.500000 -0.000000 0.866026 -0.866025 -0.000000 -0.500000 0.000000 -1.000000 0.000000 -9.344841 -0.000004 -5.395248 5.100075 2.790475 9.750000 32506.dat
9 0 0.500001 0.000000 0.866025 -0.866025 -0.000000 0.500001 0.000000 -1.000000 -0.000000 -9.401687 -0.000004 4.154003 3.996800 2.219150 9.750000 32506.dat
9 0 -0.882948 -0.000000 -0.469471 -0.331966 0.707107 0.624338 0.331966 0.707107 -0.624339 16.176083 -14.359994 -23.139513 8.798750 3.285525 3.285525 32506.dat
9 0 -0.882948 -0.000000 -0.469471 -0.469471 -0.000000 0.882948 -0.000000 1.000000 0.000000 18.297728 -3.165017 -25.164259 1.624425 20.429125 7.388950 32506.dat
9 0 -0.882948 -0.000000 -0.469471 -0.420412 -0.445057 0.790682 -0.208942 0.895502 0.392962 26.235222 -3.802989 -40.091263 2.250000 20.429125 5.571325 32506.dat
9 0 -0.882948 -0.000000 -0.469471 0.032540 -0.997595 -0.061198 -0.468342 -0.069311 0.880824 34.987206 13.865766 -56.551277 7.016250 22.505550 3.424175 32506.dat
9 0 0.882947 0.000000 -0.469472 0.331967 0.707107 0.624338 0.331967 -0.707106 0.624338 -16.176119 -14.360009 -23.139500 8.798750 3.285525 3.285525 32506.dat
9 0 0.882947 0.000000 -0.469472 0.469472 0.000000 0.882948 0.000000 -1.000000 0.000000 -18.297771 -3.165033 -25.164246 1.624425 20.429125 7.388950 32506.dat
9 0 0.882947 -0.000000 -0.469472 0.420413 -0.445057 0.790682 -0.208942 -0.895503 -0.392961 -26.235277 -3.803012 -40.091240 2.250000 20.429125 5.571325 32506.dat
9 0 0.882947 0.000000 -0.469472 -0.032539 -0.997595 -0.061197 -0.468343 0.069310 -0.880824 -34.987293 13.865736 -56.551243 7.016250 22.505550 3.424175 32506.dat
10 0 -43.870251 0.000000 -37.527500 43.870251 101.150002 19.360001 32506.dat
0 2 0.000000 -0.000000 1.000000 0.000000 -1.000000 -0.000000 1.000000 0.000000 -0.000000 -0.000009 -10.000002 -0.000003 0 0 0.800000 0 0 32506.dat
0 5 -1.000000 -0.000000 0.000000 0.000000 0.000000 1.000000 -0.000000 1.000000 0.000000 0.000000 0.000000 30.000002 0 1 0.830000 0 0 32506.dat
