9 0 -0.000000 0.000000 1.000000 -0.000000 -1.000000 -0.000000 1.000000 -0.000000 0.000000 8.475003 0.000001 0.000004 19.750000 9.750000 0.475000 32523.dat
9 0 -0.000000 -0.000000 1.000000 -0.000000 -1.000000 -0.000000 1.000000 -0.000000 0.000000 -8.537497 0.000001 0.000001 19.750000 9.750000 0.487500 32523.dat
9 0 -1.000000 0.000000 -0.000000 -0.000000 -1.000000 -0.000000 -0.000000 -0.000000 1.000000 -0.037498 0.000001 10.000002 8.975000 9.750000 2.000000 32523.dat
9 0 -1.000000 0.000000 -0.000000 -0.000000 -1.000000 -0.000000 -0.000000 -0.000000 1.000000 -0.037495 0.000001 -9.999998 8.975000 9.750000 2.000000 32523.dat
9 0 -0.000000 -0.000000 1.000000 -1.000000 0.000000 -0.000000 -0.000000 -1.000000 -0.000000 0.000007 0.000003 -28.137499 0.137500 2.448725 9.750000 32523.dat
9 0 -0.642787 -0.000000 0.766045 -0.766045 0.000000 -0.642787 -0.000000 -1.000000 -0.000000 5.230681 0.000002 -26.233746 0.137500 2.448725 9.750000 32523.dat
9 0 0.642787 -0.000000 0.766045 -0.766045 -0.000000 0.642787 -0.000000 -1.000000 -0.000000 -5.230668 0.000003 -26.233746 0.137500 2.448725 9.750000 32523.dat
9 0 0.000000 0.000000 -1.000000 -1.000000 0.000000 -0.000000 0.000000 1.000000 0.000000 0.000000 0.002849 28.137503 0.137500 2.448725 9.747149 32523.dat
9 0 -0.642787 0.000000 -0.766044 -0.766044 0.000000 0.642787 0.000000 1.000000 0.000000 5.230675 0.002849 26.233677 0.137500 2.448725 9.747149 32523.dat
9 0 0.642788 0.000000 -0.766044 -0.766044 0.000000 -0.642788 0.000000 1.000000 0.000000 -5.230675 0.002850 26.233677 0.137500 2.448725 9.747149 32523.dat
9 0 0.000000 0.000000 -1.000000 -1.000000 0.000000 -0.000000 0.000000 1.000000 0.000000 -6.999996 0.000001 -0.085399 24.460402 0.500000 7.750000 32523.dat
9 0 0.000000 0.000000 -1.000000 -1.000000 0.000000 -0.000000 0.000000 1.000000 0.000000 7.000004 0.000001 -0.085396 24.460402 0.500000 7.750000 32523.dat
10 0 -10.000000 -10.000000 -20.000000 50.000000 10.000000 0.000000 32523.dat
0 2 0.000000 0.000000 -1.000000 -0.000000 -1.000000 -0.000000 -1.000000 0.000000 -0.000000 0.000000 -10.000000 20.000000 0 0 0.800000 0 0 32523.dat
0 2 0.000000 0.000000 -1.000000 -0.000000 -1.000000 -0.000000 -1.000000 0.000000 -0.000000 0.000002 -9.999999 0.000001 0 0 0.800000 0 0 32523.dat
0 2 0.000000 0.000000 -1.000000 -0.000000 -1.000000 -0.000000 -1.000000 0.000000 -0.000000 0.000005 -9.999998 -19.999998 0 0 0.800000 0 0 32523.dat
2 22 0.000000 0.000000 -1.000000 -0.000000 -1.000000 -0.000000 -1.000000 0.000000 -0.000000 -10.000002 -10.000000 29.999998 2 6 22:1:1,22:2:1,22:2:1,22:2:1,22:2:1,22:2:1,22:1:1,22:2:1,16:4:64,22:2:1,16:4:64,22:2:1,16:4:64,22:2:1,22:1:1,22:2:1,22:2:1,22:2:1,22:2:1,22:2:1,22:1:1, 32523.dat
2 22 0.000000 0.000000 -1.000000 0.000000 1.000000 0.000000 1.000000 -0.000000 0.000000 10.000001 9.999999 30.000004 2 6 22:1:1,22:2:1,22:2:1,22:2:1,22:2:1,22:2:1,22:1:1,22:2:1,16:4:64,22:2:1,16:4:64,22:2:1,16:4:64,22:2:1,22:1:1,22:2:1,22:2:1,22:2:1,22:2:1,22:2:1,22:1:1, 32523.dat
