9 0 0.000000 0.000000 1.000000 -1.000000 0.000000 0.000000 -0.000000 -1.000000 0.000000 0.000000 0.000001 10.000001 2.000000 9.000000 9.750000 32526.dat
9 0 0.000000 0.000000 1.000000 -1.000000 0.000000 0.000000 -0.000000 -1.000000 0.000000 0.000002 0.000001 29.999998 2.000000 9.000000 9.750000 32526.dat
9 0 0.000000 0.000000 1.000000 -1.000000 0.000000 0.000000 -0.000000 -1.000000 0.000000 0.000005 0.000003 49.999996 2.000000 9.000000 9.750000 32526.dat
9 0 0.000000 0.000000 1.000000 -1.000000 0.000000 0.000000 -0.000000 -1.000000 0.000000 0.000007 0.000004 69.999992 2.000000 9.000000 9.750000 32526.dat
9 0 1.000000 -0.000000 -0.000000 0.000000 0.000000 1.000000 -0.000000 -1.000000 0.000000 10.000009 0.000004 79.999992 2.000000 9.000000 9.750000 32526.dat
9 0 1.000000 -0.000000 -0.000000 0.000000 0.000000 1.000000 -0.000000 -1.000000 0.000000 30.000010 0.000003 79.999992 2.000000 9.000000 9.750000 32526.dat
9 0 1.000000 -0.000000 -0.000000 0.000000 0.000000 1.000000 -0.000000 -1.000000 0.000000 20.000010 0.000004 88.499992 19.750000 0.500000 9.750000 32526.dat
9 0 1.000000 -0.000000 -0.000000 0.000000 0.000000 1.000000 -0.000000 -1.000000 0.000000 20.000008 0.000003 71.499992 19.750000 0.500000 9.750000 32526.dat
9 0 0.000000 0.000000 1.000000 -1.000000 0.000000 0.000000 -0.000000 -1.000000 0.000000 8.514928 0.000001 35.374996 35.125000 0.514925 9.750000 32526.dat
9 0 0.000000 0.000000 1.000000 -1.000000 0.000000 0.000000 -0.000000 -1.000000 0.000000 -8.499997 0.000003 39.999996 39.750000 0.500000 9.750000 32526.dat
9 0 0.000000 0.000000 1.000000 -1.000000 0.000000 0.000000 -0.000000 -1.000000 0.000000 -0.000002 -0.002851 -8.137498 0.137500 2.448725 9.747149 32526.dat
9 0 -0.642787 0.000000 0.766044 -0.766044 0.000000 -0.642787 -0.000000 -1.000000 0.000000 5.230673 -0.002851 -6.233674 0.137500 2.448725 9.747149 32526.dat
9 0 0.642788 0.000000 0.766044 -0.766044 0.000000 0.642788 -0.000000 -1.000000 0.000000 -5.230677 -0.002850 -6.233673 0.137500 2.448725 9.747149 32526.dat
9 0 -1.000000 0.000000 0.000000 0.000000 -0.000000 1.000000 0.000000 1.000000 -0.000000 48.137508 0.000001 79.999992 0.137500 2.448725 9.750000 32526.dat
9 0 -0.766044 0.000000 0.642788 0.642788 0.000000 0.766044 0.000000 1.000000 -0.000000 46.233757 0.000001 74.769241 0.137500 2.448725 9.750000 32526.dat
9 0 -0.766044 0.000000 -0.642788 -0.642788 0.000000 0.766044 0.000000 1.000000 -0.000000 46.233757 0.000002 85.230736 0.137500 2.448725 9.750000 32526.dat
9 0 0.707107 -0.000000 0.707107 -0.707107 0.000000 0.707107 -0.000000 -1.000000 0.000000 -5.759791 0.000005 85.759743 3.339325 0.145575 9.750000 32526.dat
9 0 0.000000 0.000000 1.000000 -1.000000 0.000000 0.000000 -0.000000 -1.000000 0.000000 -6.999997 0.012503 39.928246 44.473999 0.500000 7.737500 32526.dat
9 0 0.000000 0.000000 1.000000 -1.000000 0.000000 0.000000 -0.000000 -1.000000 0.000000 7.000003 0.012502 39.928246 44.473999 0.500000 7.737500 32526.dat
9 0 -1.000000 0.000000 0.000000 -0.000000 -0.000000 -1.000000 -0.000000 -1.000000 0.000000 20.542606 0.012503 72.999992 23.832399 0.500000 7.737500 32526.dat
9 0 -1.000000 0.000000 0.000000 -0.000000 -0.000000 -1.000000 -0.000000 -1.000000 0.000000 20.542608 0.012504 86.999985 23.832399 0.500000 7.737500 32526.dat
10 0 -10.000000 -10.000000 -20.000000 90.000000 50.000000 0.000000 32526.dat
0 2 0.000000 0.000000 1.000000 0.000000 1.000000 -0.000000 -1.000000 0.000000 0.000000 0.000000 10.000000 0.000000 0 0 0.800000 0 0 32526.dat
0 2 0.000000 0.000000 1.000000 0.000000 1.000000 -0.000000 -1.000000 0.000000 0.000000 0.000002 10.000002 19.999998 0 0 0.800000 0 0 32526.dat
0 2 0.000000 0.000000 1.000000 0.000000 1.000000 -0.000000 -1.000000 0.000000 0.000000 0.000005 10.000002 39.999996 0 0 0.800000 0 0 32526.dat
0 2 0.000000 0.000000 1.000000 0.000000 1.000000 -0.000000 -1.000000 0.000000 0.000000 0.000007 10.000004 59.999996 0 0 0.800000 0 0 32526.dat
0 2 0.000000 0.000000 1.000000 0.000000 1.000000 -0.000000 -1.000000 0.000000 0.000000 0.000010 10.000005 79.999992 0 0 0.800000 0 0 32526.dat
0 2 1.000000 -0.000000 -0.000000 0.000000 1.000000 -0.000000 0.000000 0.000000 1.000000 20.000010 10.000004 79.999992 0 0 0.800000 0 0 32526.dat
0 2 1.000000 -0.000000 -0.000000 0.000000 1.000000 -0.000000 0.000000 0.000000 1.000000 40.000008 10.000002 79.999992 0 0 0.800000 0 0 32526.dat
2 22 0.000000 0.000000 1.000000 0.000000 1.000000 -0.000000 -1.000000 0.000000 0.000000 -10.000002 10.000000 -9.999998 6 10 22:1:1,22:2:1,22:2:1,22:2:1,22:2:1,22:2:1,22:2:1,22:2:1,22:2:1,22:2:1,22:1:1,22:2:1,16:4:64,22:2:1,16:4:64,22:2:1,16:4:64,22:2:1,16:4:64,22:2:1,16:4:64,22:2:1,22:1:1,22:2:1,22:2:1,22:2:1,22:2:1,22:2:1,22:2:1,22:2:1,22:2:1,22:2:1,22:2:1,29:0:1,29:0:1,29:0:1,29:0:1,29:0:1,29:0:1,29:0:1,29:0:1,22:2:1,16:4:64,22:2:1,29:0:1,29:0:1,29:0:1,29:0:1,29:0:1,29:0:1,29:0:1,29:0:1,22:2:1,22:2:1,22:2:1,29:0:1,29:0:1,29:0:1,29:0:1,29:0:1,29:0:1,29:0:1,29:0:1,22:2:1,16:4:64,22:2:1,29:0:1,29:0:1,29:0:1,29:0:1,29:0:1,29:0:1,29:0:1,29:0:1,22:1:1,22:2:1,22:1:1, 32526.dat
2 22 0.000000 0.000000 1.000000 -0.000000 -1.000000 0.000000 1.000000 -0.000000 -0.000000 49.999996 -10.000005 -10.000005 6 10 29:0:1,29:0:1,29:0:1,29:0:1,29:0:1,29:0:1,29:0:1,29:0:1,22:1:1,22:2:1,22:1:1,29:0:1,29:0:1,29:0:1,29:0:1,29:0:1,29:0:1,29:0:1,29:0:1,22:2:1,16:4:64,22:2:1,29:0:1,29:0:1,29:0:1,29:0:1,29:0:1,29:0:1,29:0:1,29:0:1,22:2:1,22:2:1,22:2:1,29:0:1,29:0:1,29:0:1,29:0:1,29:0:1,29:0:1,29:0:1,29:0:1,22:2:1,16:4:64,22:2:1,22:1:1,22:2:1,22:2:1,22:2:1,22:2:1,22:2:1,22:2:1,22:2:1,22:2:1,22:2:1,22:2:1,22:2:1,16:4:64,22:2:1,16:4:64,22:2:1,16:4:64,22:2:1,16:4:64,22:2:1,16:4:64,22:2:1,22:1:1,22:2:1,22:2:1,22:2:1,22:2:1,22:2:1,22:2:1,22:2:1,22:2:1,22:2:1,22:1:1, 32526.dat
