9 0 1.000000 0.000000 0.000000 0.000000 1.000000 0.000000 0.000000 0.000000 1.000000 -18.125000 4.000000 0.000000 1.625000 3.750000 9.750000 32529.dat
9 0 1.000000 0.000000 0.000000 0.000000 1.000000 0.000000 0.000000 0.000000 1.000000 18.125000 4.000000 0.000000 1.625000 3.750000 9.750000 32529.dat
9 0 1.000000 0.000000 0.000000 0.000000 1.000000 0.000000 0.000000 0.000000 1.000000 0.000000 1.875000 0.000000 16.000000 1.625000 9.750000 32529.dat
9 0 1.000000 0.000000 0.000000 0.000000 1.000000 0.000000 0.000000 0.000000 1.000000 0.000000 8.875000 0.000000 9.000000 8.625000 9.750000 32529.dat
9 0 1.000000 0.000000 0.000000 0.000000 1.000000 0.000000 0.000000 0.000000 1.000000 -8.500476 20.236750 0.000000 0.499525 5.013250 9.750000 32529.dat
9 0 1.000000 0.000000 0.000000 0.000000 1.000000 0.000000 0.000000 0.000000 1.000000 8.532700 19.545725 0.000000 0.467300 5.704275 9.750000 32529.dat
9 0 -0.000000 -1.000000 0.000000 1.000000 -0.000000 0.000000 0.000000 0.000000 1.000000 0.000000 33.637501 0.000000 0.137500 2.448725 9.750000 32529.dat
9 0 0.642788 -0.766044 0.000000 0.766044 0.642788 0.000000 0.000000 0.000000 1.000000 -5.230675 31.733751 0.000000 0.137500 2.448725 9.750000 32529.dat
9 0 0.984808 -0.173648 0.000000 0.173648 0.984808 0.000000 0.000000 0.000000 1.000000 -8.013875 26.912998 0.000000 0.137500 2.448725 9.750000 32529.dat
9 0 -0.642788 -0.766044 0.000000 0.766044 -0.642788 0.000000 0.000000 0.000000 1.000000 5.230675 31.733751 0.000000 0.137500 2.448725 9.750000 32529.dat
9 0 -0.984808 -0.173648 0.000000 0.173648 -0.984808 0.000000 0.000000 0.000000 1.000000 8.013875 26.912998 0.000000 0.137500 2.448725 9.750000 32529.dat
9 0 1.000000 0.000000 0.000000 0.000000 1.000000 0.000000 0.000000 0.000000 1.000000 -0.008500 32.421501 0.000000 4.572075 0.500000 7.750000 32529.dat
9 0 1.000000 0.000000 0.000000 0.000000 1.000000 0.000000 0.000000 0.000000 1.000000 -0.052800 18.421551 0.000000 8.819725 0.500000 7.750000 32529.dat
10 0 -10.000000 -35.500000 -10.000000 30.000002 4.450000 10.000000 32529.dat
3 23 1.000000 0.000000 0.000000 0.000000 1.000000 0.000000 0.000000 0.000000 1.000000 -20.000000 0.000000 10.000000 2 4 18:1:1,23:4:1,18:2:1,23:4:1,18:1:1,23:4:1,1:4:1,23:4:1,1:4:1,23:4:1,18:1:1,23:4:1,18:2:1,23:4:1,18:1:1, 32529.dat
0 2 1.000000 0.000000 0.000000 0.000000 -0.000000 -1.000000 0.000000 1.000000 -0.000000 0.000000 25.500000 -10.000000 0 0 0.800000 0 0 32529.dat
2 22 1.000000 0.000000 0.000000 0.000000 -0.000000 -1.000000 0.000000 1.000000 -0.000000 -10.000000 35.500000 -10.000000 2 2 22:1:1,22:2:1,22:1:1,22:2:1,16:4:64,22:2:1,22:2:1,22:2:1,22:2:1, 32529.dat
2 22 -1.000000 0.000000 -0.000000 -0.000000 0.000000 1.000000 0.000000 1.000000 0.000000 10.000000 35.500000 10.000000 2 2 22:1:1,22:2:1,22:1:1,22:2:1,16:4:64,22:2:1,22:2:1,22:2:1,22:2:1, 32529.dat
