9 0 -1.000000 0.000000 -0.000000 0.000000 1.000000 0.000000 0.000000 0.000000 -1.000000 13.875000 4.000000 0.000001 5.875000 3.750000 9.750000 32530.dat
9 0 -1.000000 0.000000 -0.000000 0.000000 1.000000 0.000000 0.000000 0.000000 -1.000000 -13.874999 4.000000 -0.000008 5.875000 3.750000 9.750000 32530.dat
9 0 -0.258819 0.965926 -0.000000 0.965926 0.258819 0.000000 0.000000 0.000000 -1.000000 -8.063150 -24.660500 -0.000006 2.144075 0.337225 9.750000 32530.dat
9 0 -1.000000 0.000000 -0.000000 0.000000 1.000000 0.000000 0.000000 0.000000 -1.000000 8.500000 -11.250000 -0.000000 0.500000 11.000000 9.750000 32530.dat
9 0 -1.000000 0.000000 -0.000000 0.000000 1.000000 0.000000 0.000000 0.000000 -1.000000 -8.500000 -11.250000 -0.000006 0.500000 11.000000 9.750000 32530.dat
9 0 -1.000000 0.000000 -0.000000 0.000000 1.000000 0.000000 0.000000 0.000000 -1.000000 0.000000 6.625000 -0.000003 19.750000 1.125000 9.750000 32530.dat
9 0 -1.000000 0.000000 -0.000000 0.000000 1.000000 0.000000 0.000000 0.000000 -1.000000 0.000000 -12.500000 -0.000003 9.000000 2.000000 9.750000 32530.dat
9 0 -0.707107 0.707107 -0.000000 0.707107 0.707107 0.000000 0.000000 0.000000 -1.000000 -5.902625 -28.402752 -0.000005 2.144075 0.337225 9.750000 32530.dat
9 0 -0.965926 0.258819 -0.000000 0.258819 0.965926 0.000000 0.000000 0.000000 -1.000000 -2.160525 -30.563248 -0.000004 2.144075 0.337225 9.750000 32530.dat
9 0 -0.965926 -0.258819 -0.000000 -0.258819 0.965926 -0.000000 0.000000 0.000000 -1.000000 2.160525 -30.563248 -0.000003 2.144075 0.337225 9.750000 32530.dat
9 0 -0.707107 -0.707107 -0.000000 -0.707107 0.707107 -0.000000 0.000000 0.000000 -1.000000 5.902625 -28.402752 -0.000001 2.144075 0.337225 9.750000 32530.dat
9 0 -0.258819 -0.965926 -0.000000 -0.965926 0.258819 -0.000000 0.000000 0.000000 -1.000000 8.063150 -24.660500 -0.000001 2.144075 0.337225 9.750000 32530.dat
10 0 -10.000000 0.000000 -10.000000 30.000002 40.500000 10.000000 32530.dat
2 22 -1.000000 0.000000 -0.000000 0.000000 1.000000 0.000000 0.000000 0.000000 -1.000000 20.000004 8.000000 -9.999997 2 4 22:1:1,22:2:1,22:2:1,22:2:1,22:1:1,22:2:1,15:4:1,22:2:1,15:4:1,22:2:1,22:1:1,22:2:1,22:2:1,22:2:1,22:1:1, 32530.dat
0 2 -1.000000 0.000000 -0.000000 -0.000000 -0.000000 1.000000 -0.000000 1.000000 0.000000 -0.000003 -22.500000 9.999997 0 0 0.800000 0 0 32530.dat
0 2 -1.000000 0.000000 -0.000000 -0.000000 -0.000000 1.000000 -0.000000 1.000000 0.000000 -0.000003 -2.500000 9.999997 0 0 0.800000 0 0 32530.dat
2 22 -1.000000 0.000000 -0.000000 -0.000000 -0.000000 1.000000 -0.000000 1.000000 0.000000 9.999997 7.500000 10.000000 4 2 29:0:1,29:0:1,29:0:1,22:2:1,16:4:64,22:2:1,22:2:1,22:2:1,22:2:1,22:2:1,16:4:64,22:2:1,22:1:1,22:2:1,22:1:1, 32530.dat
2 22 1.000000 0.000000 0.000000 0.000000 0.000000 -1.000000 -0.000000 1.000000 -0.000000 -9.999997 7.500000 -10.000007 4 2 29:0:1,29:0:1,29:0:1,22:2:1,16:4:64,22:2:1,22:2:1,22:2:1,22:2:1,22:2:1,16:4:64,22:2:1,22:1:1,22:2:1,22:1:1, 32530.dat
