9 0 0.000000 0.000000 -1.000000 0.000000 1.000000 0.000000 1.000000 0.000000 0.000000 0.012499 -4.652200 -0.005725 2.813750 0.402200 29.737499 32556.dat
9 0 0.000000 -0.707107 -0.707107 0.000000 0.707107 -0.707107 1.000000 0.000000 0.000000 -10.000001 -3.243625 3.243626 5.060675 0.473475 1.875000 32556.dat
9 0 -0.000000 1.000000 0.000000 -0.000000 -0.000000 1.000000 1.000000 0.000000 0.000000 0.012499 0.000000 -4.657925 2.813750 0.402200 29.737499 32556.dat
9 0 0.000000 0.707107 -0.707107 -0.000000 0.707107 0.707107 1.000000 0.000000 0.000000 -10.000001 -3.243625 -3.243625 5.060675 0.473475 1.875000 32556.dat
9 0 -0.000000 0.000000 1.000000 -0.000000 -1.000000 0.000000 1.000000 0.000000 0.000000 0.012499 4.652200 -0.005725 2.813750 0.402200 29.737499 32556.dat
9 0 -0.000000 0.707107 0.707107 -0.000000 -0.707107 0.707107 1.000000 0.000000 0.000000 -10.000001 3.243625 -3.243625 5.060675 0.473475 1.875000 32556.dat
9 0 -0.000000 -1.000000 0.000000 0.000000 -0.000000 -1.000000 1.000000 0.000000 0.000000 0.012499 0.000000 4.646475 2.813750 0.402200 29.737499 32556.dat
9 0 -0.000000 -0.707107 0.707107 0.000000 -0.707107 -0.707107 1.000000 0.000000 0.000000 -10.000001 3.243625 3.243626 5.060675 0.473475 1.875000 32556.dat
9 0 0.000000 0.707107 -0.707107 -0.000000 0.707107 0.707107 1.000000 0.000000 0.000000 -28.750002 -3.006050 -3.006050 3.970625 0.137500 1.000000 32556.dat
9 0 0.000000 0.707107 -0.707107 -0.000000 0.707107 0.707107 1.000000 0.000000 0.000000 28.749996 -3.006050 -3.006049 3.970625 0.137500 1.000000 32556.dat
9 0 0.000000 -0.707107 -0.707107 0.000000 0.707107 -0.707107 1.000000 0.000000 0.000000 -28.750002 -3.006050 3.006050 3.970625 0.137500 1.000000 32556.dat
9 0 -0.000000 -0.707107 0.707107 0.000000 -0.707107 -0.707107 1.000000 0.000000 0.000000 -28.750002 3.006050 3.006050 3.970625 0.137500 1.000000 32556.dat
9 0 -0.000000 0.707107 0.707107 -0.000000 -0.707107 0.707107 1.000000 0.000000 0.000000 -28.750002 3.006050 -3.006050 3.970625 0.137500 1.000000 32556.dat
9 0 0.000000 -0.707107 -0.707107 0.000000 0.707107 -0.707107 1.000000 0.000000 0.000000 28.749996 -3.006050 3.006051 3.970625 0.137500 1.000000 32556.dat
9 0 -0.000000 0.707107 0.707107 -0.000000 -0.707107 0.707107 1.000000 0.000000 0.000000 28.749996 3.006050 -3.006049 3.970625 0.137500 1.000000 32556.dat
9 0 -0.000000 -0.707107 0.707107 0.000000 -0.707107 -0.707107 1.000000 0.000000 0.000000 28.749996 3.006050 3.006051 3.970625 0.137500 1.000000 32556.dat
10 0 -7.625000 -7.625000 -60.000004 7.625000 7.625000 0.000000 32556.dat
0 19 -0.000000 1.000000 0.000000 -1.000000 -0.000000 -0.000000 -0.000000 0.000000 1.000000 -30.000002 0.000000 0.000000 0 1 0.800000 0 0 32556.dat
0 19 -0.000000 -1.000000 0.000000 1.000000 -0.000000 0.000000 -0.000000 0.000000 1.000000 30.000002 0.000000 0.000001 0 1 1.600000 0 0 32556.dat
0 6 -0.000000 -1.000000 0.000000 1.000000 -0.000000 0.000000 -0.000000 0.000000 1.000000 30.000002 0.000000 0.000001 0 1 0.800000 0 0 32556.dat
0 6 -0.000000 -1.000000 0.000000 1.000000 -0.000000 0.000000 -0.000000 0.000000 1.000000 -10.000001 0.000000 0.000000 1 0 0.800000 0 0 32556.dat
