9 0 -1.000000 0.000000 -0.000000 0.000000 1.000000 0.000000 0.000000 0.000000 -1.000000 0.000000 -4.587750 8.500000 9.750000 15.162225 0.500000 32557.dat
9 0 -1.000000 0.000000 -0.000000 0.000000 1.000000 0.000000 0.000000 0.000000 -1.000000 0.000000 -4.587750 -8.500000 9.750000 15.162225 0.500000 32557.dat
9 0 -1.000000 0.000000 -0.000000 0.000000 1.000000 0.000000 0.000000 0.000000 -1.000000 0.000000 -10.000001 0.006250 9.750000 2.000000 8.993750 32557.dat
9 0 -1.000000 0.000000 -0.000000 0.000000 1.000000 0.000000 0.000000 0.000000 -1.000000 0.000000 10.000000 0.006250 9.750000 2.000000 8.993750 32557.dat
9 0 -0.000000 -1.000000 0.000000 1.000000 -0.000000 0.000000 0.000000 0.000000 1.000000 -10.000000 28.137499 0.002850 0.137500 2.448725 9.747149 32557.dat
9 0 0.642788 -0.766044 0.000000 0.766044 0.642788 0.000000 0.000000 0.000000 1.000000 -15.230675 26.233677 0.002850 0.137500 2.448725 9.747149 32557.dat
9 0 0.984808 -0.173648 0.000000 0.173648 0.984808 0.000000 0.000000 0.000000 1.000000 -18.013876 21.413050 0.002850 0.137500 2.448725 9.747149 32557.dat
9 0 -0.642788 -0.766044 0.000000 0.766044 -0.642788 0.000000 0.000000 0.000000 1.000000 -4.769325 26.233677 0.002850 0.137500 2.448725 9.747149 32557.dat
9 0 0.866025 0.500000 0.000000 -0.500000 0.866025 0.000000 0.000000 0.000000 1.000000 -17.047274 15.931251 0.002850 0.137500 2.448725 9.747149 32557.dat
9 0 -0.984808 -0.173648 0.000000 0.173648 -0.984808 0.000000 0.000000 0.000000 1.000000 18.013752 21.413050 0.002850 0.137500 2.448725 9.747149 32557.dat
9 0 -0.642788 -0.766044 0.000000 0.766044 -0.642788 0.000000 0.000000 0.000000 1.000000 15.230751 26.233677 0.002850 0.137500 2.448725 9.747149 32557.dat
9 0 -0.000000 -1.000000 0.000000 1.000000 -0.000000 0.000000 0.000000 0.000000 1.000000 10.000000 28.137499 0.002850 0.137500 2.448725 9.747149 32557.dat
9 0 -0.866025 0.500000 0.000000 -0.500000 -0.866025 0.000000 0.000000 0.000000 1.000000 17.047251 15.931251 0.002850 0.137500 2.448725 9.747149 32557.dat
9 0 0.642788 -0.766044 0.000000 0.766044 0.642788 0.000000 0.000000 0.000000 1.000000 4.769324 26.233677 0.002850 0.137500 2.448725 9.747149 32557.dat
9 0 0.000000 0.766045 0.642787 -0.000000 0.642787 -0.766045 -1.000000 0.000000 0.000000 -0.002850 -26.233751 -5.230675 0.137500 2.448725 9.747149 32557.dat
9 0 -0.000000 1.000000 -0.000000 0.000000 -0.000000 -1.000000 -1.000000 0.000000 -0.000000 -0.002850 -28.137499 0.000000 0.137500 2.448725 9.747149 32557.dat
9 0 -0.000000 0.766045 -0.642787 0.000000 -0.642787 -0.766045 -1.000000 -0.000000 -0.000000 -0.002850 -26.233751 5.230675 0.137500 2.448725 9.747149 32557.dat
9 0 -1.000000 0.000000 -0.000000 0.000000 1.000000 0.000000 0.000000 0.000000 -1.000000 0.000000 18.307125 0.000000 2.000000 6.067875 9.750000 32557.dat
9 0 -1.000000 0.000000 -0.000000 0.000000 1.000000 0.000000 0.000000 0.000000 -1.000000 0.000000 20.000000 -0.012500 3.500000 4.375000 7.737500 32557.dat
9 0 1.000000 0.000000 0.000000 0.000000 -1.000000 -0.000000 0.000000 0.000000 -1.000000 -17.130375 20.000000 -0.012500 0.630375 3.817925 7.737500 32557.dat
9 0 0.000000 -1.000000 -0.000000 -1.000000 0.000000 -0.000000 0.000000 0.000000 -1.000000 -10.000000 27.130375 -0.012500 0.630375 3.817925 7.737500 32557.dat
9 0 0.000000 1.000000 -0.000000 1.000000 0.000000 0.000000 0.000000 -0.000000 -1.000000 0.000000 12.869626 -0.012500 0.630375 14.375000 7.737500 32557.dat
9 0 0.000000 -1.000000 -0.000000 -1.000000 0.000000 -0.000000 0.000000 0.000000 -1.000000 10.000000 27.130375 -0.012500 0.630375 3.817925 7.737500 32557.dat
9 0 -1.000000 0.000000 -0.000000 0.000000 1.000000 0.000000 0.000000 0.000000 -1.000000 17.130249 20.000000 -0.012500 0.630375 3.817925 7.737500 32557.dat
9 0 1.000000 0.000000 0.000000 0.000000 1.000000 0.000000 0.000000 0.000000 1.000000 10.000000 27.000002 0.000000 4.375000 0.500000 7.750000 32557.dat
9 0 1.000000 0.000000 0.000000 0.000000 1.000000 0.000000 0.000000 0.000000 1.000000 0.000000 13.000000 0.000000 14.375000 0.500000 7.750000 32557.dat
9 0 1.000000 0.000000 0.000000 0.000000 1.000000 0.000000 0.000000 0.000000 1.000000 -10.000000 27.000002 0.000000 4.375000 0.500000 7.750000 32557.dat
9 0 -0.000000 1.000000 0.000000 0.000000 -0.000000 1.000000 1.000000 0.000000 -0.000000 0.000000 -5.523001 7.000000 19.022900 0.500000 7.750000 32557.dat
9 0 -0.000000 1.000000 0.000000 0.000000 -0.000000 1.000000 1.000000 0.000000 -0.000000 0.000000 -5.523001 -7.000000 19.022900 0.500000 7.750000 32557.dat
10 0 -10.000000 -10.000000 -20.000000 30.000002 50.000000 0.000000 32557.dat
0 2 1.000000 0.000000 0.000000 0.000000 -0.000000 -1.000000 0.000000 1.000000 -0.000000 -10.000000 20.000000 -10.000000 0 0 0.800000 0 0 32557.dat
0 2 1.000000 0.000000 0.000000 0.000000 -0.000000 -1.000000 0.000000 1.000000 -0.000000 10.000000 20.000000 -10.000000 0 0 0.800000 0 0 32557.dat
0 2 -0.000000 0.000000 1.000000 1.000000 -0.000000 0.000000 0.000000 1.000000 -0.000000 10.000000 0.000000 0.000000 0 0 0.800000 0 0 32557.dat
0 2 -0.000000 0.000000 1.000000 1.000000 -0.000000 0.000000 0.000000 1.000000 -0.000000 10.000000 -20.000000 0.000000 0 0 0.800000 0 0 32557.dat
2 22 1.000000 0.000000 0.000000 0.000000 -0.000000 -1.000000 0.000000 1.000000 -0.000000 -20.000000 30.000002 -10.000000 2 4 22:1:1,22:2:1,22:2:1,22:2:1,22:1:1,22:2:1,16:4:64,22:2:1,16:4:64,22:2:1,22:1:1,22:2:1,22:2:1,22:2:1,22:1:1, 32557.dat
2 22 1.000000 0.000000 0.000000 0.000000 -0.000000 1.000000 0.000000 -1.000000 -0.000000 -20.000000 10.000000 10.000000 2 4 22:1:1,22:2:1,22:2:1,22:2:1,22:1:1,22:2:1,16:4:64,22:2:1,16:4:64,22:2:1,22:1:1,22:2:1,22:2:1,22:2:1,22:1:1, 32557.dat
2 22 -0.000000 -0.000000 -1.000000 -1.000000 -0.000000 0.000000 -0.000000 1.000000 -0.000000 -10.000000 10.000000 10.000000 4 2 22:2:1,22:2:1,22:2:1,22:2:1,16:4:64,22:2:1,22:2:1,22:2:1,22:2:1,22:2:1,16:4:64,22:2:1,22:1:1,22:2:1,22:1:1, 32557.dat
2 22 -0.000000 0.000000 1.000000 1.000000 -0.000000 0.000000 0.000000 1.000000 -0.000000 10.000000 10.000000 -10.000000 4 2 22:2:1,22:2:1,22:2:1,22:2:1,16:4:64,22:2:1,22:2:1,22:2:1,22:2:1,22:2:1,16:4:64,22:2:1,22:1:1,22:2:1,22:1:1, 32557.dat
