9 0 -1.000000 0.000000 -0.000000 0.000000 1.000000 0.000000 0.000000 0.000000 -1.000000 -62.234749 21.542625 -0.000020 42.631752 1.154725 59.464001 33007.dat
9 0 -1.000000 0.000000 -0.000000 0.000000 1.000000 0.000000 0.000000 0.000000 -1.000000 -168.502991 5.772475 -0.000055 42.631752 1.154725 59.464001 33007.dat
9 0 -1.000000 0.000000 -0.000000 0.000000 1.000000 0.000000 0.000000 0.000000 -1.000000 -115.819000 -3.673650 -0.000038 6.744150 0.463700 32.269497 33007.dat
9 0 -1.000000 0.000000 -0.000000 0.000000 1.000000 0.000000 0.000000 0.000000 -1.000000 -210.709000 -3.197450 -0.000069 1.150950 8.971475 6.158550 33007.dat
9 0 -1.000000 0.000000 -0.000000 0.000000 1.000000 0.000000 0.000000 0.000000 -1.000000 -213.537003 -0.829900 -0.000070 1.150950 6.792800 61.577000 33007.dat
9 0 -1.000000 0.000000 -0.000000 0.000000 1.000000 0.000000 0.000000 0.000000 -1.000000 -124.074997 -0.829900 -0.000040 1.150950 6.792800 61.577000 33007.dat
9 0 -1.000000 0.000000 -0.000000 0.000000 1.000000 0.000000 0.000000 0.000000 -1.000000 -108.480499 6.575275 -0.000035 1.150950 14.197975 61.577000 33007.dat
9 0 -1.000000 0.000000 -0.000000 0.000000 1.000000 0.000000 0.000000 0.000000 -1.000000 -21.095724 -9.582675 -0.000007 0.754325 1.635650 59.443497 33007.dat
9 0 -1.000000 0.000000 -0.000000 0.000000 1.000000 0.000000 0.000000 0.000000 -1.000000 -19.755650 6.575275 -0.000006 1.150950 14.197975 61.577000 33007.dat
9 0 0.000000 0.000000 -1.000000 0.000000 1.000000 0.000000 1.000000 0.000000 0.000000 -63.636017 -9.582675 59.662731 0.754325 1.635650 41.751751 33007.dat
9 0 0.000000 0.000000 -1.000000 0.000000 1.000000 0.000000 1.000000 0.000000 0.000000 -63.635983 -9.582675 -59.675018 0.754325 1.635650 41.751751 33007.dat
9 0 0.000000 0.000000 -1.000000 0.000000 1.000000 0.000000 1.000000 0.000000 0.000000 -63.635983 6.130850 -61.191265 2.148000 13.760875 41.751751 33007.dat
9 0 0.000000 0.000000 -1.000000 0.000000 1.000000 0.000000 1.000000 0.000000 0.000000 -63.636017 6.130850 61.199982 2.148000 13.760875 41.751751 33007.dat
9 0 0.000000 0.000000 -1.000000 0.000000 1.000000 0.000000 1.000000 0.000000 0.000000 -168.971527 -1.177425 62.648193 1.333200 6.307925 41.751751 33007.dat
9 0 0.000000 0.000000 -1.000000 0.000000 1.000000 0.000000 1.000000 0.000000 0.000000 -168.971481 -1.177425 -62.650055 1.333200 6.307925 41.751751 33007.dat
9 0 -1.000000 0.000000 -0.000000 0.000000 1.000000 0.000000 0.000000 0.000000 -1.000000 -16.061588 -0.805675 40.972744 0.965875 6.787875 7.233350 33007.dat
9 0 -1.000000 0.000000 -0.000000 0.000000 1.000000 0.000000 0.000000 0.000000 -1.000000 -16.061562 -0.805675 -40.975006 0.965875 6.787875 7.233350 33007.dat
9 0 -1.000000 0.000000 -0.000000 0.000000 1.000000 0.000000 0.000000 0.000000 -1.000000 -14.497544 -0.805675 -20.520304 2.111375 2.154825 5.001400 33007.dat
9 0 -1.000000 0.000000 -0.000000 0.000000 1.000000 0.000000 0.000000 0.000000 -1.000000 -14.497556 -0.805675 20.524996 2.111375 2.154825 5.001400 33007.dat
9 0 -0.423333 0.000000 0.905974 0.000000 1.000000 0.000000 -0.905974 0.000000 -0.423333 -8.744344 0.060600 -19.405228 1.633425 1.668075 5.001400 33007.dat
9 0 -0.878960 0.000000 0.476896 0.000000 1.000000 0.000000 -0.476896 0.000000 -0.878960 -3.903270 -0.805675 -13.531351 1.861850 1.202025 5.001400 33007.dat
9 0 -0.989275 0.000000 0.146068 0.000000 1.000000 0.000000 -0.146068 0.000000 -0.989275 -0.738523 -0.086175 -4.821325 1.835500 1.873875 5.001400 33007.dat
9 0 -0.423332 0.000000 -0.905974 0.000000 1.000000 0.000000 0.905974 0.000000 -0.423332 -8.744356 0.060600 19.405222 1.633425 1.668075 5.001400 33007.dat
9 0 -0.878959 0.000000 -0.476897 0.000000 1.000000 0.000000 0.476897 0.000000 -0.878959 -3.903280 -0.805675 13.531348 1.861850 1.202025 5.001400 33007.dat
9 0 -0.989274 0.000000 -0.146069 0.000000 1.000000 0.000000 0.146069 0.000000 -0.989274 -0.738527 -0.086175 4.821325 1.835500 1.873875 5.001400 33007.dat
10 0 -2.609475 -23.970001 -64.250000 216.328247 12.990000 64.250000 33007.dat
0 7 0.000000 1.000000 0.000000 -0.000000 -0.000000 1.000000 1.000000 0.000000 0.000000 -0.688427 0.000000 7.591950 0 0 0.607357 0 0 33007.dat
0 7 -0.000000 1.000000 -0.000000 -0.453990 -0.000000 0.891007 0.891007 -0.000000 0.453990 -6.084656 0.000000 17.987650 0 0 0.468511 0 0 33007.dat
0 7 0.000000 1.000000 0.000000 0.461749 -0.000000 0.887011 0.887011 -0.000000 -0.461749 -0.688423 0.000000 -7.591950 0 0 0.468511 0 0 33007.dat
0 7 -0.000000 1.000000 -0.000000 0.915568 0.000000 0.402164 0.402164 0.000000 -0.915568 -6.096794 0.000000 -17.981300 0 0 0.261129 0 0 33007.dat
0 7 0.000000 1.000000 -0.000000 0.916576 -0.000000 -0.399862 -0.399862 0.000000 -0.916576 -6.084656 0.000000 17.987650 0 0 0.261473 0 0 33007.dat
