9 0 -0.194868 0.042922 0.979890 0.100908 0.994618 -0.023500 -0.975625 0.094299 -0.198151 11.498224 -19.972050 0.602746 6.375625 11.440275 0.923975 33048.dat
9 0 0.000000 0.000000 1.000000 0.000000 1.000000 0.000000 -1.000000 0.000000 0.000000 13.189851 -3.369725 5.817846 12.675426 3.119725 3.683475 33048.dat
9 0 0.319814 0.052530 0.946023 0.224144 0.965926 -0.129409 -0.920586 0.253432 0.297143 11.767945 -17.133650 -14.299503 10.371150 13.531176 2.499600 33048.dat
9 0 -0.276506 0.634075 0.722144 0.410450 0.757376 -0.507851 -0.868951 0.155980 -0.469675 11.849157 -11.199400 23.815521 2.026775 7.534575 1.464050 33048.dat
9 0 -0.194868 0.042922 0.979890 0.100908 0.994618 -0.023500 -0.975625 0.094299 -0.198151 10.070679 -12.681524 12.005047 6.375625 3.293950 0.923975 33048.dat
9 0 -0.194869 0.042922 0.979890 0.100908 0.994618 -0.023500 -0.975625 0.094299 -0.198151 7.299057 -19.047150 21.718048 4.293850 9.513675 0.923975 33048.dat
9 0 0.000000 0.000000 1.000000 0.000000 1.000000 0.000000 -1.000000 0.000000 0.000000 0.000009 -12.500000 28.557751 2.053775 12.250000 7.503875 33048.dat
9 0 0.000000 0.000000 1.000000 0.000000 1.000000 0.000000 -1.000000 0.000000 0.000000 0.000001 -32.105751 2.570300 17.912149 6.134500 7.037550 33048.dat
9 0 -0.707107 0.000000 0.707107 0.000000 1.000000 0.000000 -0.707107 0.000000 -0.707107 -0.013137 -16.241776 -37.894749 2.739775 6.134500 2.786775 33048.dat
9 0 -0.707107 -0.570059 0.418368 0.000001 0.591662 0.806186 -0.707107 0.570060 -0.418368 -0.013135 -8.054800 -31.007502 2.739775 6.134500 2.786775 33048.dat
9 0 0.000000 0.000000 1.000000 0.000000 1.000000 0.000000 -1.000000 0.000000 0.000000 0.000011 -5.789875 33.775249 1.952450 2.446800 4.474275 33048.dat
9 0 0.194869 0.042922 0.979890 -0.100908 0.994618 -0.023500 -0.975625 -0.094299 0.198151 -11.498224 -19.972050 0.602754 6.375625 11.440275 0.923975 33048.dat
9 0 0.000000 0.000000 1.000000 0.000000 1.000000 0.000000 -1.000000 0.000000 0.000000 0.000005 -15.603874 15.864025 9.329625 0.993500 7.997775 33048.dat
9 0 0.000000 0.000000 1.000000 0.000000 1.000000 0.000000 -1.000000 0.000000 0.000000 0.000004 -24.399775 13.526050 6.991650 9.789400 2.748825 33048.dat
9 0 0.000000 0.000000 1.000000 0.000000 1.000000 0.000000 -1.000000 0.000000 0.000000 -13.189848 -3.369725 5.817854 12.675426 3.119725 3.683475 33048.dat
9 0 -0.319814 0.052530 0.946023 -0.224144 0.965926 -0.129409 -0.920586 -0.253432 -0.297142 -11.767955 -17.133650 -14.299497 10.371150 13.531176 2.499600 33048.dat
9 0 0.276507 0.634075 0.722144 -0.410450 0.757376 -0.507851 -0.868950 -0.155980 0.469676 -11.849143 -11.199400 23.815527 2.026775 7.534575 1.464050 33048.dat
9 0 0.194869 0.042922 0.979890 -0.100908 0.994618 -0.023500 -0.975625 -0.094299 0.198152 -7.299043 -19.047150 21.718054 4.293850 9.513675 0.923975 33048.dat
9 0 0.194869 0.042922 0.979890 -0.100908 0.994618 -0.023500 -0.975625 -0.094299 0.198151 -10.070671 -12.681524 12.005053 6.375625 3.293950 0.923975 33048.dat
9 0 0.000000 -0.984894 0.173158 0.000000 0.173158 0.984894 -1.000000 0.000000 0.000000 -0.000008 -16.035950 -24.255899 12.669225 1.837725 7.037550 33048.dat
10 0 -42.109749 -0.030675 -22.388325 36.844002 40.422749 22.388325 33048.dat
0 7 -1.000000 0.000000 0.000000 0.000000 1.000000 0.000000 -0.000000 0.000000 -1.000000 -0.000012 -17.028526 -37.907749 0 0 0.223910 0 0 33048.dat
2 22 0.000000 0.000000 1.000000 0.000000 -1.000000 -0.000000 1.000000 0.000000 -0.000000 9.999986 -22.626274 -47.948002 2 2 29:0:0,29:0:0,29:0:0,29:0:0,9:4:32,29:0:0,29:0:0,29:0:0,29:0:0, 33048.dat
0 6 0.000000 1.000000 -0.000000 1.000000 -0.000000 -0.000000 -0.000000 0.000000 -1.000000 -3.749996 -21.016775 12.016877 1 0 0.266495 0 0 33048.dat
0 6 -0.000000 1.000000 -0.000000 -1.000000 -0.000000 0.000000 0.000000 0.000000 1.000000 3.750004 -21.016775 12.016873 1 0 0.266495 0 0 33048.dat
