9 0 -1.000000 -0.000000 -0.000000 0.000000 0.000000 -1.000000 0.000000 -1.000000 0.000000 -50.076630 24.000000 0.000000 9.673375 9.750000 23.750000 3307.dat
9 0 -1.000000 -0.000000 -0.000000 0.000000 0.000000 -1.000000 0.000000 -1.000000 0.000000 50.076748 24.000000 0.000000 9.673375 9.750000 23.750000 3307.dat
9 0 -1.000000 -0.000000 -0.000000 0.000000 0.000000 -1.000000 0.000000 -1.000000 0.000000 0.000000 1.374999 0.000000 59.750004 9.750000 1.125000 3307.dat
9 0 -0.173647 0.984808 -0.000001 0.000000 -0.000000 -1.000000 -0.984808 -0.173647 -0.000000 -41.837902 27.320498 -8.125000 19.822800 1.625000 5.000000 3307.dat
9 0 -1.000000 -0.000000 -0.000000 0.000000 0.000000 -1.000000 0.000000 -1.000000 0.000000 0.000000 5.249998 -8.125000 59.750004 1.625000 5.000000 3307.dat
9 0 0.173648 0.984808 -0.000000 -0.000000 0.000000 1.000000 0.984808 -0.173648 0.000000 41.838001 27.320498 -8.125000 19.822800 1.625000 5.000000 3307.dat
9 0 0.707106 0.707107 -0.000000 -0.000000 0.000000 1.000000 0.707107 -0.707106 0.000000 31.348001 16.832001 -8.125000 16.699924 1.625000 6.131500 3307.dat
9 0 0.707106 0.707107 -0.000000 -0.000000 0.000000 1.000000 0.707107 -0.707106 0.000000 31.348001 16.832001 8.125000 16.699924 1.625000 6.131500 3307.dat
9 0 0.173648 0.984808 -0.000000 -0.000000 0.000000 1.000000 0.984808 -0.173648 0.000000 41.838001 27.320498 8.125000 19.822800 1.625000 5.000000 3307.dat
9 0 -1.000000 -0.000000 -0.000000 0.000000 0.000000 -1.000000 0.000000 -1.000000 0.000000 0.000000 5.249998 8.125000 59.750004 1.625000 5.000000 3307.dat
9 0 -0.707106 0.707107 -0.000001 0.000001 -0.000000 -1.000000 -0.707107 -0.707106 -0.000000 -31.347900 16.832001 -8.125000 16.699924 1.625000 6.131500 3307.dat
9 0 -0.707106 0.707107 -0.000001 0.000001 -0.000000 -1.000000 -0.707107 -0.707106 -0.000000 -31.347900 16.832001 8.125000 16.699924 1.625000 6.131500 3307.dat
9 0 -0.173647 0.984808 -0.000001 0.000000 -0.000000 -1.000000 -0.984808 -0.173647 -0.000000 -41.837902 27.320498 8.125000 19.822800 1.625000 5.000000 3307.dat
10 0 -10.000000 0.000000 -10.000000 110.000000 52.450001 10.000000 3307.dat
3 23 1.000000 0.000000 0.000000 0.000000 1.000000 0.000000 0.000000 0.000000 1.000000 -60.000004 0.000000 10.000000 2 12 18:1:1,23:4:1,18:2:1,23:4:1,18:2:1,23:4:1,18:2:1,23:4:1,18:2:1,23:4:1,18:2:1,23:4:1,18:1:1,23:4:1,0:4:1,23:4:1,0:4:1,23:4:1,0:4:1,23:4:1,0:4:1,23:4:1,0:4:1,23:4:1,0:4:1,23:4:1,18:1:1,23:4:1,18:2:1,23:4:1,18:2:1,23:4:1,18:2:1,23:4:1,18:2:1,23:4:1,18:2:1,23:4:1,18:1:1, 3307.dat
2 22 1.000000 0.000000 0.000000 0.000000 1.000000 0.000000 0.000000 0.000000 1.000000 -60.000004 48.000000 10.000000 2 12 22:1:1,22:2:1,22:1:1,29:0:1,29:0:1,29:0:1,29:0:1,29:0:1,29:0:1,29:0:1,22:1:1,22:2:1,22:1:1,22:2:1,15:4:1,22:2:1,29:0:1,29:0:1,29:0:1,29:0:1,29:0:1,29:0:1,29:0:1,22:2:1,15:4:1,22:2:1,22:1:1,22:2:1,22:1:1,29:0:1,29:0:1,29:0:1,29:0:1,29:0:1,29:0:1,29:0:1,22:1:1,22:2:1,22:1:1, 3307.dat
