9 0 0.450208 0.000000 -0.892924 -0.892924 0.000000 -0.450208 0.000000 1.000000 0.000000 -16.333569 -0.000002 -3.709190 2.250000 9.540475 2.250000 33078.dat
9 0 0.030661 0.000000 -0.999530 -0.999530 0.000000 -0.030661 0.000000 1.000000 0.000000 -0.327180 -0.000005 0.718196 2.250000 6.657850 2.250000 33078.dat
9 0 -0.426458 0.000000 -0.904507 -0.904507 -0.000000 0.426458 0.000000 1.000000 0.000000 15.792246 -0.000006 -3.335015 2.250000 9.538150 2.250000 33078.dat
10 0 -4.416250 0.001175 -4.000000 31.549999 40.087250 4.000000 33078.dat
0 7 0.000000 1.000000 0.000000 -0.892924 0.000000 -0.450208 -0.450208 -0.000000 0.892923 -21.458818 -0.000001 -6.371479 0 0 0.600000 0 0 33078.dat
0 7 0.000000 1.000000 -0.000000 -0.999530 0.000000 -0.030660 -0.030660 0.000000 0.999530 -7.802178 -0.000004 0.569569 0 0 0.600000 0 0 33078.dat
0 7 0.000000 1.000000 0.000000 -0.904508 -0.000000 0.426458 0.426458 -0.000000 0.904507 7.449337 -0.000006 0.553446 0 0 0.600000 0 0 33078.dat
