9 0 -1.000000 -0.000000 -0.000000 0.000000 0.000000 -1.000000 0.000000 -1.000000 0.000000 -70.062752 24.000000 0.000000 9.687250 9.750000 23.750000 3308.dat
9 0 -1.000000 0.000000 0.000000 -0.000000 0.000000 -1.000000 -0.000000 -1.000000 0.000000 70.062752 24.000000 0.000000 9.687250 9.750000 23.750000 3308.dat
9 0 -1.000000 0.000000 0.000000 -0.000000 0.000000 -1.000000 -0.000000 -1.000000 0.000000 0.000000 1.374999 0.000000 79.750000 9.750000 1.125000 3308.dat
9 0 -0.641450 0.767165 0.000000 -0.000000 0.000000 -1.000000 -0.767165 -0.641450 0.000000 -57.360123 23.384724 -8.125000 20.407825 1.625000 11.036575 3308.dat
9 0 -0.951002 0.309185 -0.000000 0.000000 -0.000000 -1.000000 -0.309185 -0.951002 -0.000000 -23.412249 10.743750 8.125000 23.057674 1.625000 3.257025 3308.dat
9 0 -0.950911 -0.309464 0.000000 -0.000000 0.000000 -1.000000 0.309464 -0.950911 0.000000 22.437752 10.441250 -8.125000 22.203176 1.625000 3.257025 3308.dat
9 0 -0.641048 -0.767501 -0.000000 -0.000001 0.000001 -1.000000 0.767501 -0.641048 -0.000001 56.726749 23.362249 -8.125000 20.838200 1.625000 10.566825 3308.dat
9 0 -0.641450 0.767165 0.000000 -0.000000 0.000000 -1.000000 -0.767165 -0.641450 0.000000 -57.360123 23.384724 8.125000 20.407825 1.625000 11.036575 3308.dat
9 0 -0.641048 -0.767501 -0.000000 -0.000001 0.000001 -1.000000 0.767501 -0.641048 -0.000001 56.726997 23.362249 8.125000 20.838175 1.625025 10.566825 3308.dat
9 0 -0.950911 -0.309464 0.000000 -0.000000 0.000000 -1.000000 0.309464 -0.950911 0.000000 22.437752 10.441250 8.125000 22.203176 1.625000 3.257025 3308.dat
9 0 -0.951002 0.309185 -0.000000 0.000000 -0.000000 -1.000000 -0.309185 -0.951002 -0.000000 -23.412249 10.743750 -8.125000 23.057674 1.625000 3.257025 3308.dat
9 0 -1.000000 0.000000 0.000000 -0.000000 0.000000 -1.000000 -0.000000 -1.000000 0.000000 0.000000 5.126998 -8.125000 59.875500 1.625000 4.876975 3308.dat
9 0 -1.000000 0.000000 0.000000 -0.000000 0.000000 -1.000000 -0.000000 -1.000000 0.000000 0.000000 5.126998 8.125000 59.875500 1.625000 4.876975 3308.dat
10 0 -10.000000 0.000000 -10.000000 150.000000 52.450001 10.000000 3308.dat
3 23 1.000000 0.000000 0.000000 0.000000 1.000000 0.000000 0.000000 0.000000 1.000000 -80.000000 0.000000 10.000000 2 16 18:1:1,23:4:1,18:2:1,23:4:1,18:2:1,23:4:1,18:2:1,23:4:1,18:2:1,23:4:1,18:2:1,23:4:1,18:2:1,23:4:1,18:2:1,23:4:1,18:1:1,23:4:1,0:4:1,23:4:1,0:4:1,23:4:1,0:4:1,23:4:1,0:4:1,23:4:1,0:4:1,23:4:1,0:4:1,23:4:1,0:4:1,23:4:1,0:4:1,23:4:1,18:1:1,23:4:1,18:2:1,23:4:1,18:2:1,23:4:1,18:2:1,23:4:1,18:2:1,23:4:1,18:2:1,23:4:1,18:2:1,23:4:1,18:2:1,23:4:1,18:1:1, 3308.dat
2 22 1.000000 0.000000 0.000000 0.000000 1.000000 0.000000 0.000000 0.000000 1.000000 -80.000000 48.000000 10.000000 2 16 22:1:1,22:2:1,22:1:1,29:0:1,29:0:1,29:0:1,29:0:1,29:0:1,29:0:1,29:0:1,29:0:1,29:0:1,29:0:1,29:0:1,22:1:1,22:2:1,22:1:1,22:2:1,15:4:1,22:2:1,29:0:1,29:0:1,29:0:1,29:0:1,29:0:1,29:0:1,29:0:1,29:0:1,29:0:1,29:0:1,29:0:1,22:2:1,15:4:1,22:2:1,22:1:1,22:2:1,22:1:1,29:0:1,29:0:1,29:0:1,29:0:1,29:0:1,29:0:1,29:0:1,29:0:1,29:0:1,29:0:1,29:0:1,22:1:1,22:2:1,22:1:1, 3308.dat
