9 0 -0.790640 0.000000 -0.612282 0.000000 1.000000 0.000000 0.612282 0.000000 -0.790640 -4.622879 -5.403400 11.363423 7.248450 5.403400 7.471075 33125.dat
9 0 -0.766185 0.000000 -0.642620 0.000000 1.000000 0.000000 0.642620 0.000000 -0.766185 -7.787970 -3.765800 -15.705202 11.150950 1.954725 1.954725 33125.dat
9 0 -0.766039 0.000000 0.642794 0.000000 1.000000 0.000000 -0.642794 0.000000 -0.766039 -7.786331 -3.765800 15.707196 11.151450 1.954725 1.954725 33125.dat
9 0 -0.790640 0.000000 0.612281 0.000000 1.000000 0.000000 -0.612281 0.000000 -0.790640 -4.622871 -5.403400 -11.363426 7.248450 5.403400 7.471075 33125.dat
9 0 -1.000000 0.000000 -0.000000 0.000000 1.000000 0.000000 0.000000 0.000000 -1.000000 -1.884875 -14.872076 -0.000001 6.807950 0.815700 8.559125 33125.dat
9 0 -1.000000 0.000000 -0.000000 0.000000 1.000000 0.000000 0.000000 0.000000 -1.000000 6.540825 -6.032775 0.000002 2.168875 6.032775 8.559125 33125.dat
9 0 1.000000 0.000000 0.000000 0.000000 1.000000 0.000000 -0.000000 0.000000 1.000000 -10.038475 -6.032775 -0.000003 2.385450 6.032775 8.559125 33125.dat
10 0 -9.784225 -5.250000 -24.716524 17.587826 12.525625 24.716524 33125.dat
2 22 -1.000000 0.000000 -0.000000 0.000000 1.000000 0.000000 0.000000 0.000000 -1.000000 10.000003 0.250000 -9.999997 2 2 29:0:0,29:0:0,29:0:0,29:0:0,5:4:32,29:0:0,29:0:0,29:0:0,29:0:0, 33125.dat
0 7 0.000000 1.000000 -0.000001 -0.766044 -0.000000 -0.642788 -0.642788 0.000001 0.766044 -16.520367 -3.765800 -23.035830 0 1 0.320000 0 0 33125.dat
0 7 0.000000 1.000000 0.000001 -0.766044 -0.000000 0.642788 0.642788 -0.000001 0.766044 -16.520382 -3.765800 23.035818 0 1 0.319873 0 0 33125.dat
0 6 0.000000 0.000000 -1.000000 0.000000 1.000000 0.000000 1.000000 0.000000 0.000000 0.000000 -5.000000 0.000000 0 1 0.350000 0 0 33125.dat
