9 0 1.000000 0.000000 0.000000 0.000000 -0.000000 -1.000000 0.000000 1.000000 -0.000000 9.254375 6.079324 10.184525 2.754375 5.597475 4.420675 33121.dat
9 0 1.000000 0.000000 0.000000 0.000000 -0.000000 -1.000000 0.000000 1.000000 -0.000000 19.255226 7.998624 2.181625 6.155675 17.679401 2.501375 33121.dat
9 0 0.846422 -0.000001 -0.532512 -0.532512 0.000000 -0.846422 0.000001 1.000000 -0.000000 16.503599 8.070450 -15.671475 0.868425 5.782875 2.429550 33121.dat
9 0 0.846422 -0.000001 -0.532512 -0.532512 0.000000 -0.846422 0.000001 1.000000 -0.000000 25.157249 8.070450 -21.115749 0.868425 5.782875 2.429550 33121.dat
9 0 -1.000000 -0.000000 -0.000000 0.000000 0.000000 -1.000000 0.000000 -1.000000 0.000000 0.000000 5.375000 -3.149400 12.250000 9.408575 5.125000 33121.dat
9 0 -0.846423 -0.000001 -0.532511 0.532511 0.000000 -0.846423 0.000001 -1.000000 0.000000 -25.157249 8.070475 -21.115749 0.868425 5.782875 2.429550 33121.dat
9 0 -0.846423 -0.000001 -0.532512 0.532512 -0.000001 -0.846423 0.000000 -1.000000 0.000002 -16.503599 8.070475 -15.671475 0.868425 5.782875 2.429550 33121.dat
9 0 -1.000000 -0.000000 -0.000000 0.000000 0.000000 -1.000000 0.000000 -1.000000 0.000000 -19.255226 7.998650 2.181625 6.155675 17.679401 2.501375 33121.dat
9 0 1.000000 0.000000 0.000000 0.000000 0.707107 0.707107 0.000000 -0.707107 0.707107 0.000000 6.000000 11.775000 7.936225 1.906325 1.906325 33121.dat
9 0 -1.000000 -0.000000 -0.000000 0.000000 0.000000 -1.000000 0.000000 -1.000000 0.000000 -9.254375 6.079324 10.184525 2.754375 5.597475 4.420675 33121.dat
9 0 -1.000000 -0.000000 -0.000000 0.000000 0.000000 -1.000000 0.000000 -1.000000 0.000000 -0.065325 8.158950 7.379575 5.940325 0.620400 2.341050 33121.dat
10 0 -28.971750 0.000000 -20.215151 28.971750 21.000000 27.006001 33121.dat
3 23 1.000000 0.000000 0.000000 0.000000 1.000000 0.000000 0.000000 0.000000 1.000000 -10.000000 0.000000 10.000000 2 2 29:0:0,29:0:0,29:0:0,29:0:0,0:4:32,29:0:0,29:0:0,29:0:0,29:0:0, 33121.dat
0 6 0.573576 0.000000 0.819152 0.000000 1.000000 0.000000 -0.819152 0.000000 0.573576 20.000000 10.750000 -20.000000 0 0 0.230000 1 0 33121.dat
0 6 -0.422618 0.000000 0.906308 0.000000 1.000000 0.000000 -0.906308 0.000000 -0.422618 -20.000000 10.750000 -20.000000 0 0 0.230000 1 0 33121.dat
0 7 -0.000000 1.000000 0.000000 -1.000000 -0.000000 0.000000 0.000000 0.000000 1.000000 -6.250000 6.000000 11.775000 1 1 0.500000 0 1 33121.dat
2 22 1.000000 0.000000 0.000000 0.000000 1.000000 0.000000 0.000000 0.000000 1.000000 -10.000000 16.000000 10.000000 2 2 29:0:0,29:0:0,29:0:0,29:0:0,5:4:34,29:0:0,29:0:0,29:0:0,29:0:0, 33121.dat
