9 0 1.000000 0.000000 0.000000 0.000000 1.000000 0.000000 0.000000 0.000000 1.000000 0.000000 -28.985001 0.000000 5.249775 0.735450 5.249775 33176.dat
9 0 1.000000 0.000000 0.000000 0.000000 1.000000 0.000000 0.000000 0.000000 1.000000 0.000000 -14.373000 -6.697600 3.874825 14.123000 0.197325 33176.dat
9 0 0.500000 0.000000 0.866025 0.000000 1.000000 0.000000 -0.866025 0.000000 0.500000 5.800275 -14.373000 -3.348800 3.874825 14.123000 0.197325 33176.dat
9 0 -0.500000 0.000000 0.866025 0.000000 1.000000 0.000000 -0.866025 0.000000 -0.500000 5.800275 -14.373000 3.348800 3.874825 14.123000 0.197325 33176.dat
9 0 -1.000000 0.000000 -0.000000 0.000000 1.000000 0.000000 0.000000 0.000000 -1.000000 0.000000 -14.373000 6.697600 3.874825 14.123000 0.197325 33176.dat
9 0 -0.500000 0.000000 -0.866025 0.000000 1.000000 0.000000 0.866025 0.000000 -0.500000 -5.800275 -14.373000 3.348800 3.874825 14.123000 0.197325 33176.dat
9 0 0.500000 0.000000 -0.866025 0.000000 1.000000 0.000000 0.866025 0.000000 0.500000 -5.800275 -14.373000 -3.348800 3.874825 14.123000 0.197325 33176.dat
9 0 -0.000000 1.000000 0.000000 -1.000000 -0.000000 0.000000 0.000000 0.000000 1.000000 -8.480600 -18.042774 -0.039025 5.249775 3.210450 5.249775 33176.dat
9 0 -0.000000 1.000000 0.000000 0.000000 -0.000000 1.000000 1.000000 0.000000 -0.000000 -0.039025 -18.042774 8.480600 5.249775 3.210450 5.249775 33176.dat
9 0 0.000000 1.000000 0.000000 1.000000 0.000000 -0.000000 -0.000000 0.000000 -1.000000 8.480600 -18.042774 0.039025 5.249775 3.210450 5.249775 33176.dat
9 0 -0.000000 1.000000 -0.000000 0.000000 -0.000000 -1.000000 -1.000000 0.000000 -0.000000 0.039025 -18.042774 -8.480600 5.249775 3.210450 5.249775 33176.dat
9 0 -0.000000 1.000000 0.000001 0.707106 -0.000000 0.707107 0.707107 0.000001 -0.707106 5.969100 -18.042774 6.024275 5.249775 3.210450 5.249775 33176.dat
9 0 -0.000000 1.000000 -0.000001 0.707106 -0.000000 -0.707107 -0.707107 -0.000001 -0.707106 6.024275 -18.042774 -5.969100 5.249775 3.210450 5.249775 33176.dat
9 0 0.000000 1.000000 0.000000 -0.707106 0.000000 -0.707107 -0.707107 0.000000 0.707106 -5.969100 -18.042774 -6.024275 5.249775 3.210450 5.249775 33176.dat
9 0 0.000000 1.000000 -0.000000 -0.707106 0.000000 0.707107 0.707107 -0.000000 0.707106 -6.024275 -18.042774 5.969100 5.249775 3.210450 5.249775 33176.dat
9 0 -0.000000 0.707107 0.707106 0.000001 -0.707106 0.707107 1.000000 0.000001 -0.000000 -0.039025 -25.321999 7.273600 5.249775 1.391175 5.249775 33176.dat
9 0 0.707108 0.707106 0.000000 0.707106 -0.707108 -0.000000 -0.000000 0.000000 -1.000000 7.273600 -25.321999 0.039025 5.249775 1.391175 5.249775 33176.dat
9 0 -0.000000 0.707107 -0.707106 0.000001 -0.707106 -0.707107 -1.000000 -0.000001 -0.000000 0.039025 -25.321999 -7.273600 5.249775 1.391175 5.249775 33176.dat
9 0 -0.707107 0.707107 0.000000 -0.707107 -0.707107 0.000000 0.000000 0.000000 1.000000 -7.273600 -25.321999 -0.039025 5.249775 1.391175 5.249775 33176.dat
10 0 -13.970700 0.000000 -13.970700 13.970700 32.000000 13.970700 33176.dat
2 22 1.000000 0.000000 0.000000 0.000000 1.000000 0.000000 0.000000 0.000000 1.000000 -10.000000 0.000000 10.000000 2 2 29:0:0,29:0:0,29:0:0,29:0:0,5:4:34,29:0:0,29:0:0,29:0:0,29:0:0, 33176.dat
