9 0 0.000000 -1.000000 0.000000 1.000000 0.000000 0.000000 0.000000 0.000000 1.000000 0.003982 25.998848 -0.003975 21.251150 2.450575 2.448600 33172.dat
9 0 0.000000 -1.000000 0.000000 0.707107 0.000000 -0.707107 0.707107 0.000000 0.707107 -3.549841 19.440498 3.412375 19.572399 0.766650 4.965175 33172.dat
9 0 0.000000 -1.000000 0.000000 -0.707107 -0.000000 -0.707107 0.707107 0.000000 -0.707107 3.412384 19.440498 3.549850 19.572399 0.766650 4.965175 33172.dat
9 0 0.000000 -1.000000 0.000000 -0.707107 -0.000000 0.707107 -0.707107 -0.000000 -0.707107 3.549859 19.440498 -3.412375 19.572399 0.766650 4.965175 33172.dat
9 0 0.000000 -1.000000 0.000000 0.707107 0.000000 0.707107 -0.707107 -0.000000 0.707107 -3.412366 19.440498 -3.549850 19.572399 0.766650 4.965175 33172.dat
10 0 0.000000 -7.979725 -8.048400 47.985001 7.956300 8.071625 33172.dat
0 6 1.000000 0.000000 -0.000000 0.000000 -1.000000 0.000000 -0.000000 -0.000000 -1.000000 0.000015 -0.485000 0.000000 0 1 0.199309 0 0 33172.dat
0 7 1.000000 0.000000 0.000000 -0.000000 1.000000 0.000000 0.000000 0.000000 1.000000 0.000000 47.500000 0.000000 0 1 0.329485 0 0 33172.dat
2 22 1.000000 0.000000 0.000000 -0.000000 1.000000 0.000000 0.000000 0.000000 1.000000 -10.000000 47.499996 10.000000 2 2 29:0:0,29:0:0,29:0:0,29:0:0,9:4:32,29:0:0,29:0:0,29:0:0,29:0:0, 33172.dat
