9 0 0.999685 0.000000 -0.025086 0.000000 1.000000 0.000000 0.025086 0.000000 0.999685 0.093975 -2.507575 -2.392025 17.945801 2.266225 11.180076 33207.dat
9 0 0.999685 0.000000 -0.025086 0.000000 1.000000 0.000000 0.025086 0.000000 0.999685 -0.207800 -2.507575 9.698074 6.911125 2.266225 10.523525 33207.dat
9 0 0.918049 0.000000 -0.396468 0.000000 1.000000 0.000000 0.396468 0.000000 0.918049 -10.188925 -2.507575 9.856925 6.911125 2.266225 6.504075 33207.dat
9 0 0.422894 0.000000 -0.906179 0.000000 1.000000 0.000000 0.906179 0.000000 0.422894 -7.105850 -2.507575 13.010001 6.355475 2.266225 4.698150 33207.dat
9 0 0.395567 0.000000 -0.918437 0.000000 1.000000 0.000000 0.918437 0.000000 0.395567 10.749725 -2.507575 9.856925 4.956100 2.266225 6.504075 33207.dat
9 0 0.831497 0.000000 -0.555529 0.000000 1.000000 0.000000 0.555529 0.000000 0.831497 6.947950 -2.507575 13.178900 4.956100 2.266225 6.195425 33207.dat
9 0 0.999685 0.000000 -0.025086 0.000000 1.000000 0.000000 0.025086 0.000000 0.999685 -10.506800 -3.904200 -6.545650 5.540375 3.662850 11.180076 33207.dat
9 0 0.999685 0.000000 -0.025086 0.000000 1.000000 0.000000 0.025086 0.000000 0.999685 9.985224 -3.904200 -7.059825 5.540375 3.662850 11.180076 33207.dat
9 0 0.999685 0.005642 -0.024441 0.000000 0.974376 0.224924 0.025083 -0.224853 0.974070 0.313575 -14.783101 5.455750 12.521926 10.203125 7.717100 33207.dat
9 0 0.999685 0.005642 -0.024441 0.000000 0.974376 0.224924 0.025083 -0.224853 0.974070 0.303275 -34.119751 0.570775 9.755025 8.457900 6.639750 33207.dat
9 0 0.903521 -0.396942 0.161514 0.393847 0.917696 0.052149 -0.168921 0.016494 0.985492 11.877925 -35.323750 -12.802625 4.475650 2.170250 8.848100 33207.dat
9 0 0.851609 -0.349670 -0.390504 0.508615 0.731412 0.454255 0.126780 -0.585464 0.800724 12.638676 -33.520000 -23.509777 3.924325 2.170250 5.844300 33207.dat
9 0 0.971022 0.232865 0.053764 -0.238730 0.934594 0.263709 0.011161 -0.268902 0.963103 -12.001326 -34.086250 -12.584800 4.475650 2.512100 8.848100 33207.dat
9 0 0.961198 -0.144234 0.235148 -0.081704 0.665324 0.742070 -0.263481 -0.732489 0.627724 -12.005876 -31.268501 -21.254126 3.572700 1.861000 5.412800 33207.dat
9 0 0.938354 -0.282130 0.199735 -0.110915 0.301521 0.946986 -0.327397 -0.910762 0.251641 -10.013800 -25.903500 -23.755301 3.182975 1.861000 4.123225 33207.dat
9 0 0.999685 0.005642 -0.024441 0.000000 0.974376 0.224924 0.025083 -0.224853 0.974070 -3.006350 -14.247476 30.717001 6.136175 5.069975 5.648675 33207.dat
9 0 0.999685 0.008336 -0.023658 0.000000 0.943167 0.332318 0.025083 -0.332214 0.942870 -1.062275 -15.224600 16.403500 9.463700 9.083225 3.175925 33207.dat
9 0 0.999685 0.005642 -0.024441 0.000000 0.974376 0.224924 0.025083 -0.224853 0.974070 -3.006350 -12.493350 23.026499 5.094050 4.401200 4.296525 33207.dat
9 0 0.999685 0.014722 -0.020309 0.000000 0.809648 0.586915 0.025083 -0.586731 0.809394 0.303275 -30.294748 3.313925 9.755025 12.788124 6.639750 33207.dat
9 0 0.951710 -0.001605 -0.306995 -0.018108 0.997952 -0.061353 0.306465 0.063950 0.949731 1.136325 -54.452747 -4.138975 7.093800 8.457900 6.776825 33207.dat
9 0 0.951710 0.023000 -0.306137 -0.018109 0.999659 0.018809 0.306465 -0.012357 0.951802 1.136325 -47.655750 -0.864800 5.922700 7.069275 5.656275 33207.dat
9 0 0.951710 -0.001605 -0.306996 -0.018108 0.997952 -0.061354 0.306465 0.063950 0.949731 -1.714175 -65.804253 -0.200000 7.093800 2.489850 6.776825 33207.dat
9 0 0.854470 -0.380870 -0.353297 0.158484 0.838763 -0.520922 0.494736 0.389121 0.777059 -0.552650 -70.228249 10.009475 4.629200 4.849575 1.699800 33207.dat
9 0 0.727648 -0.656251 -0.199657 -0.430407 -0.210164 -0.877828 0.534114 0.724683 -0.435380 0.109050 -73.870750 15.744251 5.843300 5.740775 1.699800 33207.dat
9 0 0.678003 -0.712510 -0.180671 -0.469988 -0.231224 -0.851849 0.565175 0.662469 -0.491641 5.381600 -71.236244 23.015499 3.416150 2.868625 0.569300 33207.dat
9 0 -0.608785 -0.001604 -0.793334 -0.051708 0.997952 0.037662 0.791648 0.063950 -0.607621 1.265375 -55.654247 -5.177300 6.251000 2.197175 11.456450 33207.dat
9 0 0.879081 -0.383270 -0.283408 0.424534 0.899889 0.099855 0.216764 -0.208098 0.953786 -7.881700 -70.338753 -1.850225 4.629200 7.023400 1.699800 33207.dat
9 0 0.917535 -0.295623 -0.265964 0.387388 0.513498 0.765670 -0.089778 -0.805560 0.585673 -13.327324 -82.103249 -9.650975 4.546450 7.023400 1.089375 33207.dat
10 0 -10.317450 -0.458675 -49.102749 30.252748 87.481499 20.725325 33207.dat
2 22 1.000000 0.000000 0.000000 0.000000 1.000000 0.000000 0.000000 0.000000 1.000000 -10.000000 0.008650 10.000000 2 2 15:4:0,23:4:1,15:4:0,23:4:1,7:4:2,23:4:1,15:4:0,23:4:1,15:4:0, 33207.dat
