9 0 -1.000000 -0.000000 0.000000 0.000000 -1.000000 0.000000 0.000000 0.000000 1.000000 -8.150100 -0.000003 -10.000000 0.150100 3.101900 9.750000 33212.dat
9 0 -0.981627 -0.000001 -0.190810 0.000001 -1.000000 0.000000 -0.190810 -0.000000 0.981627 -36.269501 -0.000011 -15.108424 27.641249 2.673175 1.590125 33212.dat
9 0 -0.794153 0.576986 -0.190810 -0.587785 -0.809017 -0.000000 -0.154369 0.112155 0.981627 -29.342505 21.318642 -15.108424 27.641249 2.673175 1.590125 33212.dat
9 0 -0.303340 0.933583 -0.190810 -0.951056 -0.309018 -0.000000 -0.058964 0.181470 0.981627 -11.207886 34.494247 -15.108424 27.641249 2.673175 1.590125 33212.dat
9 0 0.303339 0.933583 -0.190810 -0.951056 0.309017 0.000000 0.058964 0.181471 0.981627 11.207864 34.494255 -15.108424 27.641249 2.673175 1.590125 33212.dat
9 0 0.794153 0.576986 -0.190810 -0.587785 0.809017 0.000000 0.154368 0.112155 0.981627 29.342493 21.318659 -15.108424 27.641249 2.673175 1.590125 33212.dat
9 0 0.794153 -0.576986 -0.190809 0.587785 0.809017 -0.000000 0.154368 -0.112155 0.981627 29.342505 -21.318642 -15.108424 27.641249 2.673175 1.590125 33212.dat
9 0 0.303340 -0.933583 -0.190809 0.951056 0.309017 0.000000 0.058963 -0.181470 0.981627 11.207886 -34.494247 -15.108424 27.641249 2.673175 1.590125 33212.dat
9 0 -0.303339 -0.933583 -0.190809 0.951057 -0.309017 -0.000000 -0.058963 -0.181470 0.981627 -11.207864 -34.494255 -15.108424 27.641249 2.673175 1.590125 33212.dat
9 0 -0.794153 -0.576986 -0.190809 0.587786 -0.809017 0.000000 -0.154368 -0.112155 0.981627 -29.342493 -21.318659 -15.108424 27.641249 2.673175 1.590125 33212.dat
9 0 0.981627 -0.000000 -0.190810 0.000000 1.000000 -0.000000 0.190810 0.000000 0.981627 36.269501 0.000011 -15.108424 27.641249 2.673175 1.590125 33212.dat
9 0 -0.707107 -0.707107 0.000000 0.707107 -0.707107 0.000000 0.000000 0.000000 1.000000 -5.762998 -5.763002 -10.000000 0.150100 3.101900 9.750000 33212.dat
9 0 0.000000 -1.000000 0.000000 1.000000 0.000000 0.000000 0.000000 0.000000 1.000000 0.000003 -8.150100 -10.000000 0.150100 3.101900 9.750000 33212.dat
9 0 0.707107 -0.707107 0.000000 0.707107 0.707107 0.000000 0.000000 0.000000 1.000000 5.763002 -5.762998 -10.000000 0.150100 3.101900 9.750000 33212.dat
9 0 1.000000 0.000000 0.000000 -0.000000 1.000000 0.000000 0.000000 0.000000 1.000000 8.150100 0.000003 -10.000000 0.150100 3.101900 9.750000 33212.dat
9 0 0.707107 0.707107 0.000000 -0.707107 0.707107 0.000000 0.000000 0.000000 1.000000 5.762998 5.763002 -10.000000 0.150100 3.101900 9.750000 33212.dat
9 0 -0.000000 1.000000 0.000000 -1.000000 -0.000000 0.000000 0.000000 0.000000 1.000000 -0.000003 8.150100 -10.000000 0.150100 3.101900 9.750000 33212.dat
9 0 -0.707107 0.707107 0.000000 -0.707107 -0.707107 0.000000 0.000000 0.000000 1.000000 -5.763002 5.762998 -10.000000 0.150100 3.101900 9.750000 33212.dat
9 0 -1.000000 -0.000000 0.000000 0.000000 -1.000000 0.000000 0.000000 0.000000 1.000000 -65.207497 -0.000020 -20.250000 2.453775 17.953426 3.500000 33212.dat
9 0 -0.866026 0.500000 0.000000 -0.500000 -0.866026 0.000000 0.000000 0.000000 1.000000 -56.471264 32.603733 -20.250000 2.453775 17.953426 3.500000 33212.dat
9 0 -0.500000 0.866025 0.000000 -0.866025 -0.500000 0.000000 0.000000 0.000000 1.000000 -32.603767 56.471241 -20.250000 2.453775 17.953426 3.500000 33212.dat
9 0 -0.000000 1.000000 0.000000 -1.000000 -0.000000 0.000000 0.000000 0.000000 1.000000 -0.000020 65.207497 -20.250000 2.453775 17.953426 3.500000 33212.dat
9 0 0.500000 0.866026 0.000000 -0.866026 0.500000 0.000000 0.000000 0.000000 1.000000 32.603733 56.471264 -20.250000 2.453775 17.953426 3.500000 33212.dat
9 0 0.866025 0.500000 0.000000 -0.500000 0.866025 0.000000 0.000000 0.000000 1.000000 56.471241 32.603767 -20.250000 2.453775 17.953426 3.500000 33212.dat
9 0 1.000000 0.000000 0.000000 -0.000000 1.000000 0.000000 0.000000 0.000000 1.000000 65.207497 0.000020 -20.250000 2.453775 17.953426 3.500000 33212.dat
9 0 0.866026 -0.500000 0.000000 0.500000 0.866026 0.000000 0.000000 0.000000 1.000000 56.471264 -32.603733 -20.250000 2.453775 17.953426 3.500000 33212.dat
9 0 0.500000 -0.866025 0.000000 0.866025 0.500000 0.000000 0.000000 0.000000 1.000000 32.603767 -56.471241 -20.250000 2.453775 17.953426 3.500000 33212.dat
9 0 0.000000 -1.000000 0.000000 1.000000 0.000000 0.000000 0.000000 0.000000 1.000000 0.000020 -65.207497 -20.250000 2.453775 17.953426 3.500000 33212.dat
9 0 -0.500000 -0.866026 0.000000 0.866026 -0.500000 0.000000 0.000000 0.000000 1.000000 -32.603733 -56.471264 -20.250000 2.453775 17.953426 3.500000 33212.dat
9 0 -0.866025 -0.500000 0.000000 0.500000 -0.866025 0.000000 0.000000 0.000000 1.000000 -56.471241 -32.603767 -20.250000 2.453775 17.953426 3.500000 33212.dat
10 0 -70.500000 -70.500000 0.000000 70.500000 70.500000 24.000000 33212.dat
0 2 1.000000 0.000000 -0.000000 -0.000000 -0.000000 -1.000000 -0.000000 1.000000 -0.000000 0.000000 0.000000 -20.000000 0 0 0.800000 0 0 33212.dat
2 22 -0.000000 1.000000 -0.000000 -0.000000 0.000000 1.000000 1.000000 0.000000 0.000000 10.000003 -9.999997 0.000000 2 2 22:1:1,22:2:1,22:1:1,22:2:1,16:4:64,22:2:1,22:1:1,22:2:1,22:1:1, 33212.dat
2 22 0.000000 -1.000000 0.000000 -0.000000 -0.000000 -1.000000 1.000000 0.000000 -0.000000 9.999997 10.000003 -20.000000 2 2 22:1:1,22:2:1,22:1:1,22:2:1,16:4:64,22:2:1,22:1:1,22:2:1,22:1:1, 33212.dat
