9 0 0.276361 -0.961054 -0.000000 0.000000 0.000000 -1.000000 0.961054 0.276361 0.000000 -71.085701 185.736511 -51.283081 25.045248 18.215925 1.761800 33215.dat
9 0 0.276361 -0.961054 -0.000000 0.000000 0.000000 -1.000000 0.961054 0.276361 0.000000 -58.656471 142.513519 -22.112751 70.020004 10.454300 1.761800 33215.dat
9 0 0.276361 -0.961054 -0.000000 0.000000 0.000000 -1.000000 0.961054 0.276361 0.000000 -48.381275 106.781006 -0.704253 107.200256 10.454300 1.761800 33215.dat
9 0 0.707106 -0.000000 0.707108 0.000000 -1.000000 -0.000000 0.707108 0.000000 -0.707106 42.144997 145.554001 -53.545849 15.853076 20.595301 1.761800 33215.dat
9 0 -0.207256 -0.922334 0.326106 -0.729393 -0.076457 -0.679809 0.651943 -0.378754 -0.656898 33.680756 87.501015 -39.723976 45.327248 9.640450 2.502275 33215.dat
9 0 -0.273965 -0.921392 0.275644 -0.709265 0.000000 -0.704942 0.649528 -0.388634 -0.653511 53.843254 189.157761 -81.242775 22.993626 20.595301 1.761825 33215.dat
9 0 0.707108 0.000000 -0.707106 -0.000000 -1.000000 -0.000000 -0.707106 0.000000 -0.707108 -41.380001 145.569748 -52.662903 15.853076 20.595274 1.761800 33215.dat
9 0 0.207258 -0.922333 0.326107 0.729393 -0.076457 -0.679809 0.651944 0.378756 0.656897 -33.643749 87.521004 -39.689327 45.327248 9.640425 2.502225 33215.dat
9 0 0.273964 -0.921392 0.275644 0.709265 -0.000000 -0.704942 0.649528 0.388634 0.653511 -53.840626 189.157761 -81.242775 22.993626 20.595274 1.761800 33215.dat
9 0 -0.276360 -0.961054 -0.000000 0.000000 0.000000 -1.000000 0.961054 -0.276360 0.000000 71.076004 185.736511 -51.482849 25.045248 18.415699 1.761800 33215.dat
9 0 -0.276361 -0.961054 0.000000 -0.000000 -0.000000 -1.000000 0.961054 -0.276361 0.000000 58.646755 142.513519 -22.112751 70.020004 10.454300 1.761800 33215.dat
9 0 -0.276361 -0.961054 0.000000 -0.000000 -0.000000 -1.000000 0.961054 -0.276361 0.000000 48.371498 106.781006 -0.704253 107.200256 10.454300 1.761800 33215.dat
9 0 -1.000000 -0.000000 -0.000000 0.000000 0.000000 -1.000000 0.000000 -1.000000 0.000000 -70.000000 212.746735 -29.404003 9.750000 39.153999 3.003275 33215.dat
9 0 -1.000000 -0.000000 -0.000000 0.000000 0.000000 -1.000000 0.000000 -1.000000 0.000000 70.000000 212.746735 -29.404003 9.750000 39.153999 3.003275 33215.dat
9 0 -0.707067 -0.000001 -0.707147 0.707147 0.000000 -0.707067 0.000001 -1.000000 0.000000 -41.375999 212.746735 -105.972252 1.625225 3.570950 3.003275 33215.dat
9 0 -0.707066 0.000000 -0.707148 0.707148 -0.000000 -0.707066 -0.000000 -1.000000 -0.000000 -58.675175 212.746735 -88.675247 1.625225 7.392025 3.003275 33215.dat
9 0 -0.707067 -0.000001 -0.707147 0.707147 0.000000 -0.707067 0.000001 -1.000000 0.000000 -75.974274 212.746735 -71.378075 1.625225 3.571175 3.003275 33215.dat
9 0 -0.707066 0.000000 -0.707148 0.707148 -0.000000 -0.707066 -0.000000 -1.000000 -0.000000 -43.676247 212.746735 -89.174500 1.625225 4.345000 3.003275 33215.dat
9 0 -0.707066 0.000000 -0.707148 0.707148 -0.000000 -0.707066 -0.000000 -1.000000 0.000000 -60.733223 212.746735 -72.119698 1.625225 6.275450 3.003275 33215.dat
9 0 -0.707066 0.000000 -0.707148 0.707148 0.000000 -0.707066 0.000000 -1.000000 0.000000 -51.425850 198.482437 -81.426003 1.625225 13.750725 12.267574 33215.dat
9 0 -1.000000 0.000000 0.000000 -0.000000 0.000000 -1.000000 -0.000000 -1.000000 0.000000 0.000000 212.746735 -99.999748 39.750000 9.750325 3.003275 33215.dat
9 0 -1.000000 -0.000000 -0.000000 0.000000 0.000000 -1.000000 0.000000 -1.000000 0.000000 61.919506 185.965256 -18.072254 1.669525 27.822250 29.784752 33215.dat
9 0 -1.000000 -0.000000 -0.000000 0.000000 0.000000 -1.000000 0.000000 -1.000000 0.000000 -61.920048 185.965256 -18.072254 1.669525 27.822250 29.784752 33215.dat
9 0 -0.707066 -0.000001 -0.707147 0.707147 0.000000 -0.707066 0.000001 -1.000000 0.000001 58.673744 212.746735 -88.674004 7.392125 1.625000 3.003275 33215.dat
9 0 -0.707065 0.000002 -0.707149 0.707149 -0.000001 -0.707065 -0.000002 -1.000000 -0.000001 75.971001 212.746735 -71.374855 3.571075 1.625000 3.003275 33215.dat
9 0 -0.707064 0.000002 -0.707149 0.707149 0.000001 -0.707064 -0.000001 -1.000000 -0.000002 41.376751 212.746735 -105.973007 3.571175 1.625025 3.003275 33215.dat
9 0 -0.707067 -0.000001 -0.707147 0.707147 0.000000 -0.707067 0.000001 -1.000000 0.000000 60.056751 212.746735 -72.793350 5.321025 1.625000 3.003275 33215.dat
9 0 -0.707067 -0.000001 -0.707147 0.707147 0.000000 -0.707067 0.000001 -1.000000 0.000000 42.890507 212.746735 -89.961502 5.457100 1.625000 3.003275 33215.dat
9 0 -0.707067 -0.000001 -0.707147 0.707147 0.000000 -0.707067 0.000001 -1.000000 0.000000 51.450996 198.443756 -81.400177 13.786525 1.625025 12.306250 33215.dat
9 0 -1.000000 -0.000000 -0.000000 0.000000 0.000000 -1.000000 0.000000 -1.000000 0.000000 0.000000 1.875019 -0.704253 19.750000 10.454300 1.625000 33215.dat
9 0 -0.000000 -0.905682 0.423957 1.000000 0.000000 0.000001 -0.000001 0.423957 0.905682 0.109500 106.386253 -59.947048 113.136253 14.630125 1.761800 33215.dat
9 0 0.096393 -0.901465 0.421982 0.994488 0.104792 -0.003307 -0.041240 0.419975 0.906598 -14.173001 106.711510 -59.420551 115.026497 14.630125 1.761800 33215.dat
9 0 -0.084723 -0.902317 0.422665 0.995923 -0.089866 0.007783 0.030961 0.421601 0.906253 15.505749 106.743752 -59.136253 114.824249 14.630125 1.761800 33215.dat
9 0 0.762870 -0.167836 -0.624388 0.142404 -0.898388 0.415476 -0.630674 -0.405870 -0.661453 -34.513496 146.637268 -75.150208 4.654225 23.893126 1.761800 33215.dat
9 0 0.961730 0.263007 -0.076824 0.269911 -0.957629 0.100472 -0.047144 -0.117363 -0.991969 -57.569450 138.308502 -38.403252 1.477250 23.893126 9.743175 33215.dat
9 0 -0.762871 -0.167836 -0.624387 -0.142403 -0.898388 0.415475 -0.630674 0.405869 0.661454 34.088749 146.637268 -75.150208 4.654225 23.893126 1.761800 33215.dat
9 0 -0.961730 0.263008 -0.076823 -0.269912 -0.957629 0.100472 -0.047143 0.117362 0.991970 57.144505 138.308502 -38.403252 1.477250 23.893126 9.743175 33215.dat
9 0 1.000000 0.000000 0.000000 0.000000 1.000000 0.000000 0.000000 0.000000 1.000000 -59.999996 171.688507 -70.000008 15.906050 11.438450 15.906050 33215.dat
9 0 1.000000 0.000000 0.000000 0.000000 1.000000 0.000000 0.000000 0.000000 1.000000 59.999996 171.688507 -70.000008 15.906050 11.438450 15.906050 33215.dat
10 0 -10.000000 0.000000 -70.000000 150.000000 220.449997 50.000000 33215.dat
3 23 1.000000 0.000000 0.000000 0.000000 1.000000 0.000000 0.000000 0.000000 1.000000 -19.999998 0.000000 9.999996 2 4 18:1:1,23:4:1,18:2:1,23:4:1,18:1:1,23:4:1,0:4:1,23:4:1,0:4:1,23:4:1,29:0:1,23:4:1,29:0:1,23:4:1,29:0:1, 33215.dat
3 23 1.000000 0.000000 0.000000 0.000000 1.000000 0.000000 0.000000 0.000000 1.000000 -79.907722 160.000519 -49.902405 4 4 29:0:1,29:0:1,29:0:1,29:0:1,29:0:1,23:4:1,1:4:0,23:4:1,29:0:1,29:0:1,18:2:1,23:4:1,18:4:1,23:4:1,29:0:1,23:4:1,1:4:0,23:4:1,1:4:0,29:0:1,18:1:1,23:4:1,18:2:1,23:4:1,29:0:1, 33215.dat
3 23 -0.000000 0.000000 1.000000 0.000000 1.000000 0.000000 -1.000000 0.000000 -0.000000 39.907749 160.000015 -89.902504 4 4 29:0:1,29:0:1,29:0:1,29:0:1,29:0:1,23:4:1,1:4:0,23:4:1,29:0:1,29:0:1,18:2:1,23:4:1,18:4:1,23:4:1,29:0:1,23:4:1,1:4:0,23:4:1,1:4:0,29:0:1,18:1:1,23:4:1,18:2:1,23:4:1,29:0:1, 33215.dat
2 22 1.000000 0.000000 0.000000 0.000000 1.000000 0.000000 0.000000 0.000000 1.000000 -80.000000 216.000015 9.999996 12 16 22:1:1,22:2:1,22:1:1,29:0:1,29:0:1,29:0:1,29:0:1,29:0:1,29:0:1,29:0:1,29:0:1,29:0:1,29:0:1,29:0:1,22:1:1,22:2:1,22:1:1,22:2:1,15:4:1,22:2:1,29:0:1,29:0:1,29:0:1,29:0:1,29:0:1,29:0:1,29:0:1,29:0:1,29:0:1,29:0:1,29:0:1,22:2:1,15:4:1,22:2:1,22:2:1,15:4:1,22:2:1,29:0:1,29:0:1,29:0:1,29:0:1,29:0:1,29:0:1,29:0:1,29:0:1,29:0:1,29:0:1,29:0:1,22:2:1,15:4:1,22:2:1,22:2:1,15:4:1,22:2:1,29:0:1,29:0:1,29:0:1,29:0:1,29:0:1,29:0:1,29:0:1,29:0:1,29:0:1,29:0:1,29:0:1,22:2:1,15:4:1,22:2:1,22:2:1,15:4:1,22:2:1,29:0:1,29:0:1,29:0:1,29:0:1,29:0:1,29:0:1,29:0:1,29:0:1,29:0:1,29:0:1,29:0:1,22:2:1,15:4:1,22:2:1,22:2:1,15:4:1,22:2:1,29:0:1,29:0:1,29:0:1,29:0:1,29:0:1,29:0:1,29:0:1,29:0:1,29:0:1,29:0:1,29:0:1,22:2:1,15:4:1,22:2:1,22:2:1,15:4:1,22:2:1,29:0:1,29:0:1,29:0:1,29:0:1,29:0:1,29:0:1,29:0:1,29:0:1,29:0:1,29:0:1,29:0:1,22:2:1,15:4:1,22:2:1,22:2:1,15:4:1,22:2:1,29:0:1,29:0:1,29:0:1,29:0:1,29:0:1,29:0:1,29:0:1,29:0:1,29:0:1,29:0:1,29:0:1,22:2:1,15:4:1,22:2:1,22:2:1,22:2:1,22:2:1,29:0:1,29:0:1,29:0:1,29:0:1,29:0:1,29:0:1,29:0:1,29:0:1,29:0:1,29:0:1,29:0:1,22:2:1,22:2:1,22:2:1,29:0:1,29:0:1,29:0:1,29:0:1,29:0:1,29:0:1,29:0:1,29:0:1,29:0:1,29:0:1,29:0:1,29:0:1,29:0:1,29:0:1,29:0:1,29:0:1,29:0:1,29:0:1,29:0:1,22:2:1,29:0:1,22:2:1,22:2:1,22:2:1,22:2:1,22:2:1,22:2:1,22:2:1,22:2:1,22:2:1,29:0:1,22:2:1,29:0:1,29:0:1,29:0:1,29:0:1,29:0:1,29:0:1,22:2:1,15:4:1,15:4:1,15:4:1,15:4:1,15:4:1,15:4:1,15:4:1,22:2:1,29:0:1,29:0:1,29:0:1,29:0:1,29:0:1,29:0:1,29:0:1,29:0:1,22:2:1,22:2:1,22:2:1,22:2:1,22:2:1,22:2:1,22:2:1,22:2:1,22:2:1,29:0:1,29:0:1,29:0:1,29:0:1, 33215.dat
