9 0 -0.707107 0.000000 -0.707107 0.000000 1.000000 0.000000 0.707107 0.000000 -0.707107 5.136900 14.125000 5.116148 0.750000 1.625000 9.087075 33286.dat
9 0 0.000000 0.000000 -1.000000 0.000000 1.000000 0.000000 1.000000 0.000000 0.000000 0.000001 5.360700 -5.345444 1.220700 5.140375 3.309125 33286.dat
9 0 0.707107 0.000000 -0.707107 0.000000 1.000000 0.000000 0.707107 0.000000 0.707107 -5.116148 14.125000 5.136900 0.750000 1.625000 9.087075 33286.dat
9 0 0.707107 0.000000 0.707107 0.000000 1.000000 0.000000 -0.707107 0.000000 0.707107 -5.136900 14.125000 -5.116148 0.750000 1.625000 9.087075 33286.dat
9 0 -0.707107 0.000000 0.707107 0.000000 1.000000 0.000000 -0.707107 0.000000 -0.707107 5.116148 14.125000 -5.136900 0.750000 1.625000 9.087075 33286.dat
9 0 0.707107 0.000000 -0.707107 0.000000 1.000000 0.000000 0.707107 0.000000 0.707107 3.779804 5.360700 -3.779803 1.220700 5.140375 3.309125 33286.dat
9 0 1.000000 0.000000 0.000000 0.000000 1.000000 0.000000 -0.000000 0.000000 1.000000 5.345444 5.360700 0.000001 1.220700 5.140375 3.309125 33286.dat
9 0 0.707107 0.000000 0.707107 0.000000 1.000000 0.000000 -0.707107 0.000000 0.707107 3.779803 5.360700 3.779804 1.220700 5.140375 3.309125 33286.dat
9 0 -0.000000 0.000000 1.000000 0.000000 1.000000 0.000000 -1.000000 0.000000 -0.000000 -0.000001 5.360700 5.345444 1.220700 5.140375 3.309125 33286.dat
9 0 -0.707107 0.000000 0.707107 0.000000 1.000000 0.000000 -0.707107 0.000000 -0.707107 -3.779804 5.360700 3.779803 1.220700 5.140375 3.309125 33286.dat
9 0 -1.000000 0.000000 -0.000000 0.000000 1.000000 0.000000 0.000000 0.000000 -1.000000 -5.345444 5.360700 -0.000001 1.220700 5.140375 3.309125 33286.dat
9 0 -0.707107 0.000000 -0.707107 0.000000 1.000000 0.000000 0.707107 0.000000 -0.707107 -3.779803 5.360700 -3.779804 1.220700 5.140375 3.309125 33286.dat
10 0 -10.000000 0.000000 -10.000000 10.000000 20.450001 10.000000 33286.dat
3 23 -0.707107 0.000000 -0.707107 0.000000 1.000000 0.000000 0.707107 0.000000 -0.707107 14.142135 0.000000 0.000002 2 2 29:0:0,29:0:0,29:0:0,29:0:0,3:4:36,29:0:0,29:0:0,29:0:0,29:0:0, 33286.dat
0 6 0.707107 0.000000 -0.707107 0.000000 1.000000 0.000000 0.707107 0.000000 0.707107 0.000000 10.750000 0.000000 0 0 0.608000 0 0 33286.dat
2 22 0.000000 0.000000 -1.000000 0.000000 1.000000 0.000000 1.000000 0.000000 0.000000 9.999990 16.000000 9.999993 2 2 29:0:0,29:0:0,29:0:0,29:0:0,14:4:32,29:0:0,29:0:0,29:0:0,29:0:0, 33286.dat
