9 0 -0.707107 0.000000 0.707106 0.000000 1.000000 0.000000 -0.707106 0.000000 -0.707107 3.579730 1.375000 -3.579726 2.937500 1.125000 8.000000 33291.dat
9 0 -0.707106 0.000000 -0.707107 0.000000 1.000000 0.000000 0.707107 0.000000 -0.707106 3.579726 1.375000 3.579730 2.937500 1.125000 1.625000 33291.dat
9 0 0.707107 0.000000 -0.707106 0.000000 1.000000 0.000000 0.707106 0.000000 0.707107 -3.579730 1.375000 3.579726 2.937500 1.125000 8.000000 33291.dat
9 0 0.707106 0.000000 0.707107 0.000000 1.000000 0.000000 -0.707107 0.000000 0.707106 -3.579726 1.375000 -3.579730 2.937500 1.125000 1.625000 33291.dat
9 0 -0.707107 0.000000 0.707106 0.000000 1.000000 0.000000 -0.707106 0.000000 -0.707107 -4.746593 4.000000 -4.746598 3.029050 3.750000 0.368375 33291.dat
9 0 -1.000000 0.000000 -0.000001 0.000000 1.000000 0.000000 0.000001 0.000000 -1.000000 0.000003 4.000000 -6.712707 3.029050 3.750000 0.368375 33291.dat
9 0 -0.707106 0.000000 -0.707107 0.000000 1.000000 0.000000 0.707107 0.000000 -0.707106 4.746598 4.000000 -4.746593 3.029050 3.750000 0.368375 33291.dat
9 0 0.000001 0.000000 -1.000000 0.000000 1.000000 0.000000 1.000000 0.000000 0.000001 6.712707 4.000000 0.000003 3.029050 3.750000 0.368375 33291.dat
9 0 0.707107 0.000000 -0.707106 0.000000 1.000000 0.000000 0.707106 0.000000 0.707107 4.746593 4.000000 4.746598 3.029050 3.750000 0.368375 33291.dat
9 0 1.000000 0.000000 0.000001 0.000000 1.000000 0.000000 -0.000001 0.000000 1.000000 -0.000003 4.000000 6.712707 3.029050 3.750000 0.368375 33291.dat
9 0 0.707106 0.000000 0.707107 0.000000 1.000000 0.000000 -0.707107 0.000000 0.707106 -4.746598 4.000000 4.746593 3.029050 3.750000 0.368375 33291.dat
9 0 -0.000001 0.000000 1.000000 0.000000 1.000000 0.000000 -1.000000 0.000000 -0.000001 -6.712707 4.000000 -0.000003 3.029050 3.750000 0.368375 33291.dat
10 0 -9.976749 0.000000 -9.976749 9.976749 12.450000 9.976749 33291.dat
2 22 -0.707107 0.000000 0.707106 0.000000 1.000000 0.000000 -0.707106 0.000000 -0.707107 0.000007 8.000000 -14.142135 2 2 29:0:0,29:0:0,29:0:0,29:0:0,5:4:34,29:0:0,29:0:0,29:0:0,29:0:0, 33291.dat
3 23 -0.707107 0.000000 0.707106 0.000000 1.000000 0.000000 -0.707106 0.000000 -0.707107 0.000007 0.000000 -14.142135 2 2 29:0:0,29:0:0,29:0:0,29:0:0,3:4:38,29:0:0,29:0:0,29:0:0,29:0:0, 33291.dat
0 14 0.707106 -0.000000 0.707107 -0.000000 -1.000000 -0.000000 0.707107 -0.000000 -0.707106 0.000000 0.000000 0.000000 0 0 0.100000 0 0 33291.dat
