9 0 -0.961154 0.000000 -0.276013 0.000000 1.000000 0.000000 0.276013 0.000000 -0.961154 -22.680008 1.375000 -8.612930 53.895004 1.125000 16.856899 3474.dat
9 0 -1.000000 0.000000 -0.000000 0.000000 1.000000 0.000000 0.000000 0.000000 -1.000000 74.999992 4.000000 -23.648800 4.750000 3.750000 16.101200 3474.dat
9 0 -0.869789 0.000000 -0.493424 0.000000 1.000000 0.000000 0.493424 0.000000 -0.869789 -39.504009 4.000000 16.797712 41.820999 3.750000 1.215350 3474.dat
9 0 -0.868463 0.000000 0.495754 0.000000 1.000000 0.000000 -0.495754 0.000000 -0.868463 39.908985 4.000000 16.644991 42.307751 3.750000 1.239500 3474.dat
9 0 -0.961697 0.000000 0.274113 0.000000 1.000000 0.000000 -0.274113 0.000000 -0.961697 21.859741 1.375000 -6.878717 52.506752 1.125000 18.406776 3474.dat
9 0 -1.000000 0.000000 -0.000000 0.000000 1.000000 0.000000 0.000000 0.000000 -1.000000 -75.000008 4.000000 -24.341373 4.750000 3.750000 15.408675 3474.dat
9 0 -0.961154 0.000000 -0.276013 0.000000 1.000000 0.000000 0.276013 0.000000 -0.961154 -69.896248 4.000000 -22.249847 4.749050 3.750000 16.782024 3474.dat
9 0 -0.961697 0.000000 0.274113 0.000000 1.000000 0.000000 -0.274113 0.000000 -0.961697 69.557175 4.000000 -21.457151 4.239425 3.750000 17.461226 3474.dat
9 0 -1.000000 0.000000 -0.000000 0.000000 1.000000 0.000000 0.000000 0.000000 -1.000000 -0.000006 4.000000 -6.733623 60.149998 3.750000 12.766400 3474.dat
9 0 -1.000000 0.000000 -0.000000 0.000000 1.000000 0.000000 0.000000 0.000000 -1.000000 -3.375018 4.000000 27.620476 1.125000 3.750000 10.436874 3474.dat
9 0 -1.000000 0.000000 -0.000000 0.000000 1.000000 0.000000 0.000000 0.000000 -1.000000 3.374982 4.000000 27.616226 1.125000 3.750000 10.432625 3474.dat
9 0 -0.869789 0.000000 -0.493424 0.000000 1.000000 0.000000 0.493424 0.000000 -0.869789 -39.543015 1.375000 10.098714 38.481503 1.125000 7.023000 3474.dat
9 0 0.869527 0.000000 -0.493885 0.000000 1.000000 0.000000 0.493885 0.000000 0.869527 40.336987 1.375000 9.645239 38.481503 1.125000 7.023000 3474.dat
10 0 -10.000000 -0.001375 -11.000000 150.000000 12.450000 70.000000 3474.dat
2 22 -1.000000 0.000000 -0.000000 0.000000 1.000000 0.000000 0.000000 0.000000 -1.000000 80.000000 8.000000 -39.999996 6 16 22:1:1,22:2:1,22:2:1,29:0:1,29:0:1,29:0:1,29:0:1,29:0:1,29:0:1,29:0:1,29:0:1,29:0:1,29:0:1,29:0:1,22:2:1,22:2:1,22:1:1,22:2:1,15:4:1,22:2:1,29:0:1,29:0:1,29:0:1,29:0:1,29:0:1,29:0:1,29:0:1,29:0:1,29:0:1,29:0:1,29:0:1,22:2:1,15:4:1,22:2:1,22:2:1,9:4:1,22:2:1,22:2:1,22:2:1,22:2:1,22:2:1,22:2:1,22:2:1,22:2:1,22:2:1,22:2:1,22:2:1,22:2:1,22:2:1,9:4:1,22:2:1,22:2:1,15:4:1,22:2:1,15:4:1,23:4:1,15:4:1,23:4:1,15:4:1,23:4:1,15:4:1,23:4:1,15:4:1,23:4:1,15:4:1,22:2:1,15:4:1,22:2:1,29:0:1,22:2:1,22:2:1,23:4:1,7:4:2,23:4:1,7:4:2,23:4:1,7:4:2,23:4:1,7:4:2,23:4:1,7:4:2,23:4:1,22:2:1,22:2:1,29:0:1,29:0:1,29:0:1,22:2:1,22:2:1,23:4:1,15:4:1,23:4:1,15:4:1,23:4:1,15:4:1,23:4:1,15:4:1,23:4:1,22:2:1,22:2:1,29:0:1,29:0:1,29:0:1,29:0:1,29:0:1,29:0:1,22:2:1,22:2:1,22:2:1,22:2:1,22:2:1,22:2:1,22:2:1,22:2:1,22:2:1,29:0:1,29:0:1,29:0:1,29:0:1, 3474.dat
3 23 -1.000000 0.000000 -0.000000 0.000000 1.000000 0.000000 0.000000 0.000000 -1.000000 80.000000 0.000000 -40.999996 6 16 18:1:1,23:4:1,29:0:1,29:0:1,29:0:1,29:0:1,29:0:1,29:0:1,29:0:1,29:0:1,29:0:1,29:0:1,29:0:1,29:0:1,29:0:1,23:4:1,18:1:1,23:4:1,0:4:1,23:4:1,29:0:1,29:0:1,29:0:1,29:0:1,29:0:1,29:0:1,29:0:1,29:0:1,29:0:1,29:0:1,29:0:1,23:4:1,0:4:1,23:4:1,18:2:1,23:4:1,18:3:1,23:4:1,29:0:1,23:4:1,29:0:1,23:4:1,29:0:1,23:4:1,29:0:1,23:4:1,29:0:1,23:4:1,18:3:1,23:4:1,18:2:1,23:4:1,0:4:1,23:4:1,0:4:1,23:4:1,0:4:1,23:4:1,0:4:1,23:4:1,0:4:1,23:4:1,0:4:1,23:4:1,0:4:1,23:4:1,0:4:1,23:4:1,29:0:1,23:4:1,29:0:1,23:4:1,18:3:1,23:4:1,18:4:1,23:4:1,18:4:1,23:4:1,18:4:1,23:4:1,18:3:1,23:4:1,29:0:1,23:4:1,29:0:1,29:0:1,29:0:1,29:0:1,29:0:1,23:4:1,0:4:1,23:4:1,0:4:1,23:4:1,0:4:1,23:4:1,0:4:1,23:4:1,29:0:1,29:0:1,29:0:1,29:0:1,29:0:1,29:0:1,29:0:1,29:0:1,29:0:1,23:4:1,29:0:1,23:4:1,29:0:1,23:4:1,29:0:1,23:4:1,29:0:1,29:0:1,29:0:1,29:0:1,29:0:1, 3474.dat
