9 0 0.000000 0.000000 -1.000000 0.000000 1.000000 0.000000 1.000000 0.000000 0.000000 -0.000001 1.874998 0.000000 19.750000 1.625000 19.750000 3479.dat
9 0 0.000000 -0.583021 -0.812457 0.000000 0.812457 -0.583021 1.000000 0.000000 0.000000 -0.000000 24.066299 -12.295750 8.160675 22.795650 1.625000 3479.dat
9 0 0.000000 -0.705109 -0.709099 0.000000 0.709099 -0.705109 1.000000 0.000000 0.000000 -0.000000 24.214024 -32.034798 5.645500 27.099499 1.625000 3479.dat
9 0 -0.000618 -0.444831 -0.895614 -0.000000 0.895614 -0.444831 1.000000 -0.000275 -0.000554 -0.002551 24.210449 5.212998 3.883075 23.692474 1.625000 3479.dat
9 0 0.000000 0.000000 -1.000000 0.000000 1.000000 0.000000 1.000000 0.000000 0.000000 -0.000000 45.999996 -40.000000 2.533125 1.750000 9.750000 3479.dat
9 0 0.000000 0.000000 -1.000000 0.000000 1.000000 0.000000 1.000000 0.000000 0.000000 -0.000000 45.999996 -19.999998 2.533125 1.750000 9.750000 3479.dat
9 0 0.000000 0.000000 -1.000000 0.000000 1.000000 0.000000 1.000000 0.000000 0.000000 -0.000001 45.999996 -1.391500 1.141550 1.750000 9.750000 3479.dat
9 0 0.000000 0.000000 -1.000000 0.000000 1.000000 0.000000 1.000000 0.000000 0.000000 -0.000000 45.999996 -30.000002 29.750002 1.750000 1.625000 3479.dat
10 0 -70.000000 0.000000 -20.000000 10.000000 52.424995 20.000000 3479.dat
3 23 0.000000 0.000000 -1.000000 0.000000 1.000000 0.000000 1.000000 0.000000 0.000000 19.999998 0.000000 19.999998 4 4 18:1:1,23:4:1,18:2:1,23:4:1,18:1:1,23:4:1,1:4:1,23:4:1,1:4:1,23:4:1,18:2:1,23:4:1,18:4:1,23:4:1,18:2:1,23:4:1,1:4:1,23:4:1,1:4:1,23:4:1,18:1:1,23:4:1,18:2:1,23:4:1,18:1:1, 3479.dat
2 22 0.000000 0.000000 -1.000000 0.000000 1.000000 0.000000 1.000000 0.000000 0.000000 20.000000 48.000000 0.000000 4 6 29:0:1,29:0:1,29:0:1,29:0:1,29:0:1,29:0:1,29:0:1,22:2:1,15:4:0,22:2:1,15:4:0,22:2:1,15:4:0,29:0:1,22:2:1,22:2:1,22:2:1,22:2:1,22:2:1,22:2:1,22:2:1,22:2:1,15:4:0,22:2:1,15:4:0,22:2:1,15:4:0,29:0:1,29:0:1,29:0:1,29:0:1,29:0:1,29:0:1,29:0:1,29:0:1, 3479.dat
