9 0 0.707107 -0.707107 0.000000 0.707107 0.707107 0.000000 0.000000 0.000000 1.000000 -18.040058 -18.040064 0.006250 8.079125 4.012500 8.368750 3483.dat
9 0 0.965926 -0.258819 0.000000 0.258819 0.965926 0.000000 0.000000 0.000000 1.000000 -6.590267 -24.595261 0.006250 8.079125 4.062100 8.368750 3483.dat
9 0 0.965926 0.258819 0.000000 -0.258819 0.965926 0.000000 0.000000 0.000000 1.000000 6.579598 -24.555376 0.006250 8.079125 4.103400 8.368750 3483.dat
9 0 0.707107 0.707107 0.000000 -0.707107 0.707107 0.000000 0.000000 0.000000 1.000000 18.040064 -18.040058 0.006250 8.079125 4.012500 8.368750 3483.dat
9 0 0.258819 0.965926 0.000000 -0.965926 0.258819 0.000000 0.000000 0.000000 1.000000 24.555380 -6.579589 0.006250 8.079125 4.103400 8.368750 3483.dat
9 0 -0.258819 0.965926 0.000000 -0.965926 -0.258819 0.000000 0.000000 0.000000 1.000000 24.555376 6.579598 0.006250 8.079125 4.103400 8.368750 3483.dat
9 0 -0.707107 0.707107 0.000000 -0.707107 -0.707107 0.000000 0.000000 0.000000 1.000000 18.040058 18.040064 0.006250 8.079125 4.012500 8.368750 3483.dat
9 0 -0.965926 0.258819 0.000000 -0.258819 -0.965926 0.000000 0.000000 0.000000 1.000000 6.579589 24.555380 0.006250 8.079125 4.103400 8.368750 3483.dat
9 0 -0.965926 -0.258819 0.000000 0.258819 -0.965926 0.000000 0.000000 0.000000 1.000000 -6.579598 24.555376 0.006250 8.079125 4.103400 8.368750 3483.dat
9 0 -0.707107 -0.707107 0.000000 0.707107 -0.707107 0.000000 0.000000 0.000000 1.000000 -18.040064 18.040058 0.006250 8.079125 4.012500 8.368750 3483.dat
9 0 -0.258819 -0.965926 0.000000 0.965926 -0.258819 0.000000 0.000000 0.000000 1.000000 -24.555380 6.579589 0.006250 8.079125 4.103400 8.368750 3483.dat
9 0 0.258819 -0.965926 0.000000 0.965926 0.258819 0.000000 0.000000 0.000000 1.000000 -24.555376 -6.579598 0.006250 8.079125 4.103400 8.368750 3483.dat
10 0 -29.794498 -29.794498 -18.625000 29.794498 29.794498 -1.375000 3483.dat
4 40 0.707107 -0.707107 0.000000 -0.000000 -0.000000 1.000000 -0.707107 -0.707107 -0.000000 0.000000 0.000000 0.006250 1 3483.dat
4 40 0.707107 -0.707107 0.000000 0.000000 0.000000 -1.000000 0.707107 0.707107 0.000000 0.000000 0.000000 0.006250 1 3483.dat
