9 0 1.000000 0.000000 0.000000 0.000000 1.000000 0.000000 0.000000 0.000000 1.000000 0.000000 4.000000 7.392625 4.750000 3.750000 1.017625 3614.dat
9 0 -0.000000 0.000000 1.000000 0.000000 1.000000 0.000000 -1.000000 0.000000 -0.000000 -7.392625 4.000000 0.000000 4.750000 3.750000 1.017625 3614.dat
9 0 -1.000000 0.000000 -0.000000 0.000000 1.000000 0.000000 0.000000 0.000000 -1.000000 0.000000 4.000000 -7.392625 4.750000 3.750000 1.017625 3614.dat
9 0 -0.000000 0.000000 -1.000000 0.000000 1.000000 0.000000 1.000000 0.000000 -0.000000 7.392625 4.000000 0.000000 4.750000 3.750000 1.017625 3614.dat
9 0 0.000000 0.000000 -1.000000 -0.707107 0.707106 -0.000000 0.707106 0.707107 0.000000 0.000000 4.000000 -12.305449 3.635450 2.578425 2.578425 3614.dat
9 0 0.707107 0.000000 0.707107 0.000000 1.000000 0.000000 -0.707107 0.000000 0.707107 -5.227375 4.000000 5.227375 4.030025 3.750000 1.017625 3614.dat
9 0 -0.707107 0.000000 0.707107 0.000000 1.000000 0.000000 -0.707107 0.000000 -0.707107 -5.227375 4.000000 -5.227375 4.030025 3.750000 1.017625 3614.dat
9 0 -0.707107 0.000000 -0.707107 0.000000 1.000000 0.000000 0.707107 0.000000 -0.707107 5.227375 4.000000 -5.227375 4.030025 3.750000 1.017625 3614.dat
9 0 0.707107 0.000000 -0.707107 0.000000 1.000000 0.000000 0.707107 0.000000 0.707107 5.227375 4.000000 5.227375 4.030025 3.750000 1.017625 3614.dat
10 0 -10.000000 -3.374675 -10.000000 10.000000 12.500000 27.375000 3614.dat
2 22 1.000000 0.000000 0.000000 0.000000 1.000000 0.000000 0.000000 0.000000 1.000000 -10.000000 8.000000 10.000000 2 2 29:0:0,29:0:0,29:0:0,29:0:0,5:4:32,29:0:0,29:0:0,29:0:0,29:0:0, 3614.dat
1 3 1.000000 0.000000 0.000000 0.000000 -0.000000 1.000000 0.000000 -1.000000 -0.000000 0.000000 4.000000 -20.000000 3614.dat
0 6 1.000000 0.000000 0.000000 0.000000 1.000000 0.000000 0.000000 0.000000 1.000000 0.000000 8.000000 0.000000 0 0 0.500000 0 0 3614.dat
3 23 1.000000 0.000000 0.000000 0.000000 1.000000 0.000000 0.000000 0.000000 1.000000 -10.000000 0.000000 10.000000 2 2 29:0:0,29:0:0,29:0:0,29:0:0,1:4:38,29:0:0,29:0:0,29:0:0,29:0:0, 3614.dat
