9 0 -0.000000 -0.000000 1.000000 -0.799705 0.600393 -0.000000 -0.600393 -0.799705 -0.000000 17.172926 -2.004475 -0.283150 8.608500 3.805150 0.898325 3629.dat
9 0 -0.000000 0.000000 1.000000 0.799705 0.600393 0.000000 -0.600393 0.799705 -0.000000 -16.886026 -1.789075 -0.283150 8.608500 3.777825 1.312175 3629.dat
9 0 -0.334910 -0.933294 -0.129604 0.617072 -0.321193 0.718371 -0.712080 0.160615 0.683480 12.081124 0.068675 12.058825 0.289175 2.849050 8.227400 3629.dat
9 0 0.427474 -0.885552 -0.181833 -0.585073 -0.424333 0.691108 -0.689170 -0.189045 -0.699504 -12.792074 -0.218450 11.552125 0.245200 3.612550 7.535749 3629.dat
9 0 0.369076 -0.926999 0.066755 -0.605055 -0.294174 -0.739844 0.705472 0.232668 -0.669458 -11.995875 0.029475 -11.536150 0.245200 4.054675 7.535749 3629.dat
9 0 -0.166166 -0.981377 -0.096376 0.661404 -0.038429 -0.749044 0.731391 -0.188209 0.655472 12.184875 -0.186875 -12.136600 0.245200 2.544875 7.535749 3629.dat
9 0 1.000000 0.000000 0.000000 0.000000 1.000000 0.000000 0.000000 0.000000 1.000000 0.000000 -10.500000 0.000000 6.546225 6.000000 6.546225 3629.dat
9 0 -0.685900 -0.243069 -0.685900 -0.171876 0.970009 -0.171876 0.707107 -0.000000 -0.707107 -7.999424 -6.869950 -7.999424 0.245200 8.653625 6.448475 3629.dat
9 0 -0.685900 -0.243069 0.685900 -0.171876 0.970009 0.171876 -0.707107 0.000000 -0.707107 -7.999424 -6.869950 7.999424 0.245200 8.653625 6.448475 3629.dat
9 0 0.685900 -0.243069 -0.685900 0.171876 0.970009 -0.171876 0.707107 -0.000000 0.707107 7.999424 -6.869950 -7.999424 0.245200 8.653625 6.448475 3629.dat
9 0 0.685900 -0.243069 0.685900 0.171876 0.970009 0.171876 -0.707107 0.000000 0.707107 7.999424 -6.869950 7.999424 0.245200 8.653625 6.448475 3629.dat
9 0 0.000000 -0.243069 -0.970009 0.000000 0.970009 -0.243069 1.000000 0.000000 0.000000 0.000000 -6.869950 -11.312875 0.245200 8.653625 6.448475 3629.dat
9 0 -0.970009 -0.243069 -0.000000 -0.243069 0.970009 -0.000000 0.000000 0.000000 -1.000000 -11.312875 -6.869950 0.000000 0.245200 8.653625 6.448475 3629.dat
9 0 0.970009 -0.243070 0.000000 0.243070 0.970009 0.000000 0.000000 0.000000 1.000000 11.312875 -6.869950 0.000000 0.245200 8.653625 6.448475 3629.dat
9 0 0.000000 -0.243069 0.970009 0.000000 0.970009 0.243069 -1.000000 -0.000000 0.000000 0.000000 -6.869950 11.312875 0.245200 8.653625 6.448475 3629.dat
9 0 -0.002923 -0.991476 0.130258 0.022246 -0.130291 -0.991226 0.999748 0.000001 0.022437 0.045150 0.919825 -17.035501 0.245200 2.740000 8.316350 3629.dat
9 0 0.002923 -0.991476 -0.130258 -0.022245 -0.130290 0.991226 -0.999748 0.000000 -0.022437 -0.040975 1.090125 16.849400 0.245200 2.462225 8.316350 3629.dat
10 0 -22.410301 0.000000 -22.160574 22.410776 20.586725 22.160574 3629.dat
2 22 1.000000 0.000000 0.000000 0.000000 1.000000 0.000000 0.000000 0.000000 1.000000 -10.000000 -2.250000 10.000000 2 2 29:0:0,29:0:0,29:0:0,29:0:0,15:4:33,29:0:0,29:0:0,29:0:0,29:0:0, 3629.dat
