9 0 -1.000000 0.000000 -0.000000 0.000000 1.000000 0.000000 0.000000 0.000000 -1.000000 0.000005 -37.249249 -5.536050 14.053474 15.249226 13.500001 3634.dat
9 0 -0.866025 -0.500000 -0.000000 -0.500000 0.866025 -0.000000 0.000000 0.000000 -1.000000 18.374630 -32.325752 -5.536045 14.053474 15.249226 13.500001 3634.dat
9 0 -0.500000 -0.866025 -0.000000 -0.866025 0.500000 -0.000000 0.000000 0.000000 -1.000000 31.825756 -18.874624 -5.536040 14.053474 15.249226 13.500001 3634.dat
9 0 0.000000 -1.000000 0.000000 -1.000000 -0.000000 -0.000000 0.000000 0.000000 -1.000000 36.749256 -0.500000 -5.536038 14.053474 15.249226 13.500001 3634.dat
9 0 0.500000 -0.866025 0.000000 -0.866025 -0.500000 -0.000000 0.000000 0.000000 -1.000000 31.825756 17.874626 -5.536040 14.053474 15.249226 13.500001 3634.dat
9 0 0.866025 -0.500000 0.000000 -0.500000 -0.866025 -0.000000 0.000000 0.000000 -1.000000 18.374630 31.325752 -5.536045 14.053474 15.249226 13.500001 3634.dat
9 0 1.000000 0.000000 0.000000 0.000000 -1.000000 0.000000 0.000000 0.000000 -1.000000 0.000005 36.249249 -5.536050 14.053474 15.249226 13.500001 3634.dat
9 0 0.866025 0.500000 0.000000 0.500000 -0.866025 0.000000 0.000000 0.000000 -1.000000 -18.374620 31.325752 -5.536057 14.053474 15.249226 13.500001 3634.dat
9 0 0.500000 0.866025 0.000000 0.866025 -0.500000 0.000000 0.000000 0.000000 -1.000000 -31.825745 17.874626 -5.536061 14.053474 15.249226 13.500001 3634.dat
9 0 0.000000 1.000000 0.000000 1.000000 -0.000000 0.000000 0.000000 0.000000 -1.000000 -36.749245 -0.500000 -5.536062 14.053474 15.249226 13.500001 3634.dat
9 0 -0.500000 0.866025 -0.000000 0.866025 0.500000 0.000000 0.000000 0.000000 -1.000000 -31.825745 -18.874624 -5.536061 14.053474 15.249226 13.500001 3634.dat
9 0 -0.866025 0.500000 -0.000000 0.500000 0.866025 0.000000 0.000000 0.000000 -1.000000 -18.374620 -32.325752 -5.536057 14.053474 15.249226 13.500001 3634.dat
10 0 -53.545998 -53.545998 -29.285999 53.545998 53.545998 -1.786050 3634.dat
4 40 -1.000000 0.000000 -0.000000 0.000000 -0.000000 -1.000000 -0.000000 -1.000000 0.000000 0.000003 -0.500000 0.000000 1 3634.dat
4 40 -1.000000 0.000000 -0.000000 -0.000000 0.000000 1.000000 0.000000 1.000000 -0.000000 0.000003 -0.500000 0.000000 1 3634.dat
