9 0 0.875079 -0.483981 0.000000 0.483981 0.875079 0.000000 0.000000 0.000000 1.000000 -6.527995 -11.984513 0.000000 6.100275 2.936100 7.250000 3641.dat
9 0 0.961000 0.276548 0.000000 -0.276548 0.961000 0.000000 0.000000 0.000000 1.000000 3.845797 -13.091392 0.000000 6.100275 2.936100 7.250000 3641.dat
9 0 0.483981 0.875079 0.000000 -0.875079 0.483981 0.000000 0.000000 0.000000 1.000000 11.963860 -6.538668 0.000000 6.100275 2.936100 7.250000 3641.dat
9 0 -0.276548 0.961000 0.000000 -0.961000 -0.276548 0.000000 0.000000 0.000000 1.000000 13.070713 3.835125 0.000000 6.100275 2.936100 7.250000 3641.dat
9 0 -0.875079 0.483981 0.000000 -0.483981 -0.875079 0.000000 0.000000 0.000000 1.000000 6.518014 11.953187 0.000000 6.100275 2.936100 7.250000 3641.dat
9 0 -0.961000 -0.276548 0.000000 0.276548 -0.961000 0.000000 0.000000 0.000000 1.000000 -3.855802 13.060066 0.000000 6.100275 2.936100 7.250000 3641.dat
9 0 -0.483981 -0.875079 0.000000 0.875079 -0.483981 0.000000 0.000000 0.000000 1.000000 -11.973865 6.507343 0.000000 6.100275 2.936100 7.250000 3641.dat
9 0 0.276548 -0.961000 0.000000 0.961000 0.276548 0.000000 0.000000 0.000000 1.000000 -13.080721 -3.866475 0.000000 6.100275 2.936100 7.250000 3641.dat
10 0 -18.022675 -18.022675 -15.000001 18.022675 18.022675 0.000000 3641.dat
4 26 0.993679 -0.112262 0.000000 -0.000000 -0.000000 1.000000 -0.112262 -0.993679 -0.000000 0.000000 0.000000 0.000000 1 3641.dat
4 26 0.993679 -0.112262 0.000000 0.000000 0.000000 -1.000000 0.112262 0.993679 0.000000 0.000000 0.000000 0.000000 1 3641.dat
