9 0 0.001008 0.999999 0.000000 -0.000000 0.000000 -1.000000 -0.999999 0.001008 0.000000 -29.375250 -0.000625 0.001550 1.350000 4.661125 2.625350 3648.dat
9 0 -0.258819 0.965926 0.000000 -0.000000 0.000000 -1.000000 -0.965926 -0.258819 0.000000 -28.366751 -7.632150 0.001550 1.350000 4.661125 2.625350 3648.dat
9 0 -0.500001 0.866025 0.000001 -0.000001 0.000001 -1.000000 -0.866025 -0.500001 0.000001 -25.424999 -14.713950 0.001550 1.350000 4.661125 2.625350 3648.dat
9 0 -0.707106 0.707107 -0.000001 0.000001 -0.000000 -1.000000 -0.707107 -0.707106 -0.000000 -20.750549 -20.793074 0.001550 1.350000 4.661125 2.625350 3648.dat
9 0 -0.866025 0.500000 -0.000000 0.000000 0.000000 -1.000000 -0.500000 -0.866025 0.000000 -14.662001 -25.455252 0.001550 1.350000 4.661125 2.625350 3648.dat
9 0 -0.965926 0.258820 -0.000000 0.000000 0.000000 -1.000000 -0.258820 -0.965926 0.000000 -7.574275 -28.382751 0.001550 1.350000 4.661125 2.625350 3648.dat
9 0 -0.000000 1.000000 -0.000000 0.000000 -0.000000 -1.000000 -1.000000 0.000000 -0.000000 -20.693501 0.013875 0.025000 11.524425 2.250000 4.193500 3648.dat
9 0 -0.000000 1.000000 -0.000000 0.000000 -0.000000 -1.000000 -1.000000 0.000000 -0.000000 -16.802826 0.000000 0.025000 3.500000 2.250000 10.427825 3648.dat
9 0 -0.000000 1.000000 -0.000000 0.000000 -0.000000 -1.000000 -1.000000 0.000000 -0.000000 -3.384950 3.634950 0.025000 0.634950 9.750000 0.884950 3648.dat
9 0 -0.000000 1.000000 -0.000000 0.000000 -0.000000 -1.000000 -1.000000 0.000000 -0.000000 -3.384950 -3.634950 0.025000 0.634950 9.750000 0.884950 3648.dat
9 0 -0.000000 1.000000 -0.000000 0.000000 -0.000000 -1.000000 -1.000000 0.000000 -0.000000 3.384950 -3.634950 0.025000 0.634950 9.750000 0.884950 3648.dat
9 0 -0.000000 1.000000 -0.000000 0.000000 -0.000000 -1.000000 -1.000000 0.000000 -0.000000 3.384950 3.634950 0.025000 0.634950 9.750000 0.884950 3648.dat
9 0 1.000000 -0.001008 -0.000000 0.000000 0.000000 -1.000000 0.001008 0.999999 0.000000 -0.000625 29.375250 0.001550 1.350000 4.661125 2.625350 3648.dat
9 0 0.965926 0.258818 0.000000 0.000000 0.000000 -1.000000 -0.258818 0.965926 0.000000 -7.632150 28.366751 0.001550 1.350000 4.661125 2.625350 3648.dat
9 0 0.866025 0.500000 0.000000 0.000000 -0.000000 -1.000000 -0.500000 0.866025 0.000000 -14.713950 25.424999 0.001550 1.350000 4.661125 2.625350 3648.dat
9 0 0.707106 0.707107 0.000000 -0.000000 0.000000 -1.000000 -0.707107 0.707106 0.000000 -20.793074 20.750549 0.001550 1.350000 4.661125 2.625350 3648.dat
9 0 0.500000 0.866026 0.000000 -0.000000 0.000000 -1.000000 -0.866026 0.500000 0.000000 -25.455252 14.662001 0.001550 1.350000 4.661125 2.625350 3648.dat
9 0 0.258818 0.965926 0.000000 -0.000000 0.000000 -1.000000 -0.965926 0.258818 0.000000 -28.382751 7.574275 0.001550 1.350000 4.661125 2.625350 3648.dat
9 0 1.000000 0.000000 0.000000 0.000000 -0.000000 -1.000000 0.000000 1.000000 -0.000000 0.013875 20.693501 0.025000 11.524425 2.250000 4.193500 3648.dat
9 0 1.000000 0.000000 0.000000 0.000000 -0.000000 -1.000000 0.000000 1.000000 -0.000000 0.000000 16.802826 0.025000 3.500000 2.250000 10.427825 3648.dat
9 0 -0.001008 -1.000000 0.000000 -0.000000 -0.000000 -1.000000 0.999999 -0.001008 -0.000000 29.375250 0.000625 0.001550 1.350000 4.661125 2.625350 3648.dat
9 0 0.258818 -0.965926 -0.000000 0.000000 0.000000 -1.000000 0.965926 0.258818 0.000000 28.366751 7.632150 0.001550 1.350000 4.661125 2.625350 3648.dat
9 0 0.500000 -0.866026 -0.000000 0.000000 0.000000 -1.000000 0.866026 0.500000 0.000000 25.424999 14.713950 0.001550 1.350000 4.661125 2.625350 3648.dat
9 0 0.707106 -0.707107 -0.000000 0.000000 0.000000 -1.000000 0.707107 0.707106 0.000000 20.750549 20.793074 0.001550 1.350000 4.661125 2.625350 3648.dat
9 0 0.866025 -0.500000 0.000000 0.000000 -0.000000 -1.000000 0.500000 0.866025 0.000000 14.662001 25.455252 0.001550 1.350000 4.661125 2.625350 3648.dat
9 0 0.965926 -0.258818 -0.000000 -0.000000 0.000000 -1.000000 0.258818 0.965926 0.000000 7.574275 28.382751 0.001550 1.350000 4.661125 2.625350 3648.dat
9 0 -0.000000 -1.000000 0.000000 -0.000000 -0.000000 -1.000000 1.000000 0.000000 -0.000000 20.693501 -0.013875 0.025000 11.524425 2.250000 4.193500 3648.dat
9 0 -0.000000 -1.000000 0.000000 -0.000000 -0.000000 -1.000000 1.000000 0.000000 -0.000000 16.802826 0.000000 0.025000 3.500000 2.250000 10.427825 3648.dat
9 0 -1.000000 0.000000 0.000000 -0.000000 0.000000 -1.000000 -0.000000 -1.000000 0.000000 0.000625 -29.375250 0.001550 1.350000 4.661125 2.625350 3648.dat
9 0 -0.965926 -0.258820 0.000000 -0.000000 0.000000 -1.000000 0.258820 -0.965926 0.000000 7.632150 -28.366751 0.001550 1.350000 4.661125 2.625350 3648.dat
9 0 -0.866025 -0.500000 0.000000 0.000000 0.000000 -1.000000 0.500000 -0.866025 0.000000 14.713950 -25.424999 0.001550 1.350000 4.661125 2.625350 3648.dat
9 0 -0.707106 -0.707107 0.000001 -0.000001 -0.000000 -1.000000 0.707107 -0.707106 -0.000000 20.793074 -20.750549 0.001550 1.350000 4.661125 2.625350 3648.dat
9 0 -0.500001 -0.866025 -0.000001 0.000001 0.000001 -1.000000 0.866025 -0.500001 0.000001 25.455252 -14.662001 0.001550 1.350000 4.661125 2.625350 3648.dat
9 0 -0.258819 -0.965926 -0.000000 0.000000 0.000000 -1.000000 0.965926 -0.258819 0.000000 28.382751 -7.574275 0.001550 1.350000 4.661125 2.625350 3648.dat
9 0 -1.000000 -0.000000 -0.000000 0.000000 0.000000 -1.000000 0.000000 -1.000000 0.000000 -0.013875 -20.693501 0.025000 11.524425 2.250000 4.193500 3648.dat
9 0 -1.000000 -0.000000 -0.000000 0.000000 0.000000 -1.000000 0.000000 -1.000000 0.000000 0.000000 -16.802826 0.025000 3.500000 2.250000 10.427825 3648.dat
9 0 1.000000 0.000000 0.000000 0.000000 1.000000 0.000000 0.000000 0.000000 1.000000 3.250000 -10.000875 0.025000 0.250000 2.326475 7.750000 3648.dat
9 0 0.707107 -0.707107 0.000000 0.707107 0.707107 0.000000 0.000000 0.000000 1.000000 5.226400 -5.227650 0.025000 0.250000 2.326475 7.750000 3648.dat
9 0 -0.000000 -1.000000 0.000000 1.000000 -0.000000 0.000000 0.000000 0.000000 1.000000 9.999125 -3.250000 0.025000 0.250000 2.326475 7.750000 3648.dat
9 0 -0.707107 -0.707107 0.000000 0.707107 -0.707107 0.000000 0.000000 0.000000 1.000000 14.772349 -5.226400 0.025000 0.250000 2.326475 7.750000 3648.dat
9 0 -1.000000 0.000000 0.000000 -0.000000 -1.000000 0.000000 0.000000 0.000000 1.000000 16.750000 -9.999125 0.025000 0.250000 2.326475 7.750000 3648.dat
9 0 -0.707107 0.707107 0.000000 -0.707107 -0.707107 0.000000 0.000000 0.000000 1.000000 14.807775 -14.806551 0.000000 0.201650 2.326475 7.750000 3648.dat
9 0 -0.000000 1.000000 0.000000 -1.000000 -0.000000 0.000000 0.000000 0.000000 1.000000 10.000875 -16.787300 0.000000 0.212700 2.326475 7.750000 3648.dat
9 0 0.707107 0.707107 0.000000 -0.707107 0.707107 0.000000 0.000000 0.000000 1.000000 5.218325 -14.782925 0.000000 0.236800 2.326475 7.750000 3648.dat
9 0 1.000000 0.000000 0.000000 0.000000 1.000000 0.000000 0.000000 0.000000 1.000000 -16.750000 -10.000875 0.025000 0.250000 2.326475 7.750000 3648.dat
9 0 0.707107 -0.707107 0.000000 0.707107 0.707107 0.000000 0.000000 0.000000 1.000000 -14.773600 -5.227650 0.025000 0.250000 2.326475 7.750000 3648.dat
9 0 -0.000000 -1.000000 0.000000 1.000000 -0.000000 0.000000 0.000000 0.000000 1.000000 -10.000875 -3.250000 0.025000 0.250000 2.326475 7.750000 3648.dat
9 0 -0.707107 -0.707107 0.000000 0.707107 -0.707107 0.000000 0.000000 0.000000 1.000000 -5.227650 -5.226400 0.025000 0.250000 2.326475 7.750000 3648.dat
9 0 -1.000000 0.000000 0.000000 -0.000000 -1.000000 0.000000 0.000000 0.000000 1.000000 -3.250000 -9.999125 0.025000 0.250000 2.326475 7.750000 3648.dat
9 0 -0.707107 0.707107 0.000000 -0.707107 -0.707107 0.000000 0.000000 0.000000 1.000000 -5.200425 -14.798350 0.000000 0.213250 2.326475 7.750000 3648.dat
9 0 -0.000000 1.000000 0.000000 -1.000000 -0.000000 0.000000 0.000000 0.000000 1.000000 -9.999125 -16.784750 0.000000 0.215250 2.326475 7.750000 3648.dat
9 0 0.707107 0.707107 0.000000 -0.707107 0.707107 0.000000 0.000000 0.000000 1.000000 -14.791800 -14.793025 0.000000 0.222500 2.326475 7.750000 3648.dat
9 0 1.000000 0.000000 0.000000 0.000000 1.000000 0.000000 0.000000 0.000000 1.000000 -16.750000 9.999125 0.025000 0.250000 2.326475 7.750000 3648.dat
9 0 0.707107 -0.707107 0.000000 0.707107 0.707107 0.000000 0.000000 0.000000 1.000000 -14.773600 14.772349 0.025000 0.250000 2.326475 7.750000 3648.dat
9 0 -0.000000 -1.000000 0.000000 1.000000 -0.000000 0.000000 0.000000 0.000000 1.000000 -10.000875 16.750000 0.025000 0.250000 2.326475 7.750000 3648.dat
9 0 -0.707107 -0.707107 0.000000 0.707107 -0.707107 0.000000 0.000000 0.000000 1.000000 -5.227650 14.773600 0.025000 0.250000 2.326475 7.750000 3648.dat
9 0 -1.000000 0.000000 0.000000 -0.000000 -1.000000 0.000000 0.000000 0.000000 1.000000 -3.250000 10.000875 0.025000 0.250000 2.326475 7.750000 3648.dat
9 0 -0.707107 0.707107 0.000000 -0.707107 -0.707107 0.000000 0.000000 0.000000 1.000000 -5.214550 5.215775 0.000000 0.233225 2.326475 7.750000 3648.dat
9 0 -0.000000 1.000000 0.000000 -1.000000 -0.000000 0.000000 0.000000 0.000000 1.000000 -9.999125 3.226275 0.000000 0.226275 2.326475 7.750000 3648.dat
9 0 0.707107 0.707107 0.000000 -0.707107 0.707107 0.000000 0.000000 0.000000 1.000000 -14.786575 5.212175 0.000000 0.229875 2.326475 7.750000 3648.dat
9 0 1.000000 0.000000 0.000000 0.000000 1.000000 0.000000 0.000000 0.000000 1.000000 3.250000 9.999125 0.025000 0.250000 2.326475 7.750000 3648.dat
9 0 0.707107 -0.707107 0.000000 0.707107 0.707107 0.000000 0.000000 0.000000 1.000000 5.226400 14.772349 0.025000 0.250000 2.326475 7.750000 3648.dat
9 0 -0.000000 -1.000000 0.000000 1.000000 -0.000000 0.000000 0.000000 0.000000 1.000000 9.999125 16.750000 0.025000 0.250000 2.326475 7.750000 3648.dat
9 0 -0.707107 -0.707107 0.000000 0.707107 -0.707107 0.000000 0.000000 0.000000 1.000000 14.772349 14.773600 0.025000 0.250000 2.326475 7.750000 3648.dat
9 0 -1.000000 0.000000 0.000000 -0.000000 -1.000000 0.000000 0.000000 0.000000 1.000000 16.750000 10.000875 0.025000 0.250000 2.326475 7.750000 3648.dat
9 0 -0.707107 0.707107 0.000000 -0.707107 -0.707107 0.000000 0.000000 0.000000 1.000000 14.790199 5.211050 0.000000 0.226525 2.326475 7.750000 3648.dat
9 0 -0.000000 1.000000 0.000000 -1.000000 -0.000000 0.000000 0.000000 0.000000 1.000000 10.000875 3.221525 0.000000 0.221525 2.326475 7.750000 3648.dat
9 0 0.707107 0.707107 0.000000 -0.707107 0.707107 0.000000 0.000000 0.000000 1.000000 5.201550 5.200325 0.000000 0.213100 2.326475 7.750000 3648.dat
10 0 -32.248001 -32.248001 -20.025000 32.248001 32.248001 0.000000 3648.dat
0 4 1.000000 0.000000 0.000000 0.000000 -0.000000 -1.000000 0.000000 1.000000 -0.000000 0.000000 0.000000 -10.000000 0 0 0.800000 0 0 3648.dat
0 2 1.000000 0.000000 0.000000 0.000000 -0.000000 -1.000000 0.000000 1.000000 -0.000000 10.000000 -10.000000 -10.000000 0 0 0.800000 0 0 3648.dat
0 2 1.000000 0.000000 0.000000 0.000000 -0.000000 -1.000000 0.000000 1.000000 -0.000000 -10.000000 -10.000000 -10.000000 0 0 0.800000 0 0 3648.dat
0 2 1.000000 0.000000 0.000000 0.000000 -0.000000 -1.000000 0.000000 1.000000 -0.000000 -10.000000 10.000000 -10.000000 0 0 0.800000 0 0 3648.dat
0 2 1.000000 0.000000 0.000000 0.000000 -0.000000 -1.000000 0.000000 1.000000 -0.000000 10.000000 10.000000 -10.000000 0 0 0.800000 0 0 3648.dat
5 3 1.000000 0.000000 0.000000 0.000000 1.000000 0.000000 0.000000 0.000000 1.000000 0.000000 0.000000 4.625000 1.2 24 3648.dat
