9 0 1.000000 0.000000 0.000000 0.000000 1.000000 0.000000 0.000000 0.000000 1.000000 0.000000 -10.000000 2.125000 3.500000 3.625000 7.500000 3649.dat
9 0 1.000000 0.000000 0.000000 0.000000 1.000000 0.000000 0.000000 0.000000 1.000000 0.000000 10.000000 2.125000 3.500000 3.625000 7.500000 3649.dat
9 0 1.000000 0.000000 0.000000 0.000000 1.000000 0.000000 0.000000 0.000000 1.000000 10.000000 0.000000 2.125000 3.625000 3.500000 7.500000 3649.dat
9 0 1.000000 0.000000 0.000000 0.000000 1.000000 0.000000 0.000000 0.000000 1.000000 -10.000000 0.000000 2.125000 3.625000 3.500000 7.500000 3649.dat
9 0 -0.847375 0.530995 0.000000 0.000001 0.000001 -1.000000 -0.530995 -0.847375 -0.000001 -21.924976 -35.875999 2.095750 0.517000 4.219675 9.786625 3649.dat
9 0 -0.920968 0.389639 0.000000 -0.000000 0.000000 -1.000000 -0.389639 -0.920968 0.000000 -17.245975 -41.644253 2.095750 0.560875 4.219675 6.735650 3649.dat
9 0 -0.974062 0.226281 -0.000001 0.000001 -0.000000 -1.000000 -0.226281 -0.974062 -0.000000 -10.539975 -43.758999 2.095750 0.560875 4.219675 6.735650 3649.dat
9 0 -0.997723 0.067447 -0.000002 0.000002 -0.000000 -1.000000 -0.067447 -0.997723 -0.000000 -3.266900 -39.529247 2.095750 0.560875 4.219675 12.077600 3649.dat
9 0 -0.636296 0.771445 0.000000 -0.000000 0.000000 -1.000000 -0.771445 -0.636296 0.000000 -30.113750 -25.886000 2.095750 0.560875 4.219675 12.077600 3649.dat
9 0 -0.743259 0.669003 0.000000 -0.000000 0.000000 -1.000000 -0.669003 -0.743259 0.000000 -25.586752 -30.389500 2.095750 0.560875 4.219675 12.077600 3649.dat
9 0 -0.531495 0.847062 0.000000 0.000001 0.000001 -1.000000 -0.847062 -0.531495 -0.000001 -35.832500 -21.834625 2.095750 0.501200 4.219675 9.841150 3649.dat
9 0 -0.389053 0.921215 0.000001 -0.000001 0.000001 -1.000000 -0.921216 -0.389053 0.000000 -41.665001 -17.193951 2.095750 0.560875 4.219675 6.735650 3649.dat
9 0 -0.225661 0.974206 -0.000001 -0.000001 -0.000001 -1.000000 -0.974206 -0.225661 0.000001 -43.893002 -10.524700 2.095750 0.560875 4.219675 6.735650 3649.dat
9 0 -0.068034 0.997683 -0.000000 0.000000 -0.000000 -1.000000 -0.997683 -0.068034 -0.000000 -39.684750 -3.237625 2.095750 0.560875 4.219675 12.077600 3649.dat
9 0 0.530994 0.847376 0.000000 0.000000 -0.000000 -1.000000 -0.847376 0.530994 0.000000 -35.794498 21.847149 2.095750 0.539625 4.219675 9.897100 3649.dat
9 0 0.389639 0.920968 0.000000 -0.000000 0.000000 -1.000000 -0.920968 0.389639 0.000000 -41.644253 17.245975 2.095750 0.560875 4.219675 6.735650 3649.dat
9 0 0.226280 0.974062 0.000000 -0.000000 0.000000 -1.000000 -0.974062 0.226280 0.000001 -43.758999 10.539975 2.095750 0.560875 4.219675 6.735650 3649.dat
9 0 0.067447 0.997723 0.000000 0.000000 -0.000000 -1.000000 -0.997723 0.067447 0.000000 -39.529247 3.266900 2.095750 0.560875 4.219675 12.077600 3649.dat
9 0 0.771445 0.636296 0.000000 -0.000000 0.000000 -1.000000 -0.636296 0.771445 0.000000 -25.886000 30.113750 2.095750 0.560875 4.219675 12.077600 3649.dat
9 0 0.669003 0.743259 0.000000 -0.000000 0.000000 -1.000000 -0.743259 0.669003 0.000000 -30.389500 25.586752 2.095750 0.560875 4.219675 12.077600 3649.dat
9 0 0.847061 0.531495 0.000000 -0.000000 0.000000 -1.000000 -0.531495 0.847061 0.000000 -21.897326 35.982498 2.095750 0.527750 4.219675 9.680875 3649.dat
9 0 0.921216 0.389052 0.000000 0.000000 -0.000000 -1.000000 -0.389052 0.921216 0.000000 -17.193951 41.665001 2.095750 0.560875 4.219675 6.735650 3649.dat
9 0 0.974206 0.225659 0.000000 -0.000000 -0.000000 -1.000000 -0.225659 0.974206 0.000000 -10.524700 43.893002 2.095750 0.560875 4.219675 6.735650 3649.dat
9 0 0.997683 0.068034 -0.000000 0.000000 -0.000000 -1.000000 -0.068034 0.997683 -0.000000 -3.237625 39.684750 2.095750 0.560875 4.219675 12.077600 3649.dat
9 0 0.847375 -0.530995 0.000000 -0.000000 -0.000000 -1.000000 0.530995 0.847375 -0.000000 21.892275 35.906498 2.095750 0.560875 4.219675 9.778225 3649.dat
9 0 0.920967 -0.389640 -0.000000 0.000000 0.000000 -1.000000 0.389640 0.920967 0.000000 17.245975 41.644253 2.095750 0.560875 4.219675 6.735650 3649.dat
9 0 0.974062 -0.226281 -0.000000 0.000000 0.000000 -1.000000 0.226281 0.974062 0.000000 10.539975 43.758999 2.095750 0.560875 4.219675 6.735650 3649.dat
9 0 0.997723 -0.067446 0.000000 0.000000 0.000000 -1.000000 0.067446 0.997723 0.000000 3.266900 39.529247 2.095750 0.560875 4.219675 12.077600 3649.dat
9 0 0.636296 -0.771445 0.000000 -0.000000 -0.000000 -1.000000 0.771445 0.636296 -0.000000 30.113750 25.886000 2.095750 0.560875 4.219675 12.077600 3649.dat
9 0 0.743259 -0.669004 -0.000001 -0.000001 0.000001 -1.000000 0.669004 0.743259 0.000000 25.586752 30.389500 2.095750 0.560875 4.219675 12.077600 3649.dat
9 0 0.531496 -0.847061 0.000000 -0.000000 -0.000001 -1.000000 0.847061 0.531496 -0.000001 35.914249 21.884825 2.095750 0.502075 4.219675 9.745275 3649.dat
9 0 0.389052 -0.921216 0.000000 -0.000000 -0.000000 -1.000000 0.921216 0.389052 -0.000000 41.665001 17.193951 2.095750 0.560875 4.219675 6.735650 3649.dat
9 0 0.225660 -0.974206 -0.000000 0.000000 0.000000 -1.000000 0.974206 0.225660 0.000000 43.893002 10.524700 2.095750 0.560875 4.219675 6.735650 3649.dat
9 0 0.068035 -0.997683 -0.000000 0.000000 0.000000 -1.000000 0.997683 0.068035 0.000000 39.684750 3.237625 2.095750 0.560875 4.219675 12.077600 3649.dat
9 0 -0.530995 -0.847375 -0.000001 -0.000001 0.000001 -1.000000 0.847375 -0.530995 -0.000001 35.922752 -21.946774 2.095750 0.523275 4.219675 9.735576 3649.dat
9 0 -0.389640 -0.920967 -0.000001 0.000001 0.000000 -1.000000 0.920967 -0.389640 0.000000 41.644253 -17.245975 2.095750 0.560875 4.219675 6.735650 3649.dat
9 0 -0.226280 -0.974062 0.000001 -0.000001 -0.000000 -1.000000 0.974062 -0.226280 -0.000000 43.758999 -10.539975 2.095750 0.560875 4.219675 6.735650 3649.dat
9 0 -0.067446 -0.997723 0.000000 -0.000000 -0.000000 -1.000000 0.997723 -0.067446 -0.000000 39.529247 -3.266900 2.095750 0.560875 4.219675 12.077600 3649.dat
9 0 -0.771445 -0.636296 0.000001 -0.000001 -0.000000 -1.000000 0.636296 -0.771445 -0.000000 25.886000 -30.113750 2.095750 0.560875 4.219675 12.077600 3649.dat
9 0 -0.669003 -0.743259 0.000000 0.000001 -0.000001 -1.000000 0.743259 -0.669003 0.000001 30.389500 -25.586752 2.095750 0.560875 4.219675 12.077600 3649.dat
9 0 -0.847061 -0.531495 0.000000 -0.000000 -0.000000 -1.000000 0.531495 -0.847061 -0.000000 21.902500 -35.916500 2.095750 0.488375 4.219675 9.733900 3649.dat
9 0 -0.921216 -0.389051 -0.000001 0.000001 0.000000 -1.000000 0.389051 -0.921216 0.000000 17.193951 -41.665001 2.095750 0.560875 4.219675 6.735650 3649.dat
9 0 -0.974206 -0.225659 -0.000000 0.000000 0.000000 -1.000000 0.225659 -0.974206 0.000000 10.524700 -43.893002 2.095750 0.560875 4.219675 6.735650 3649.dat
9 0 -0.997683 -0.068033 -0.000001 0.000001 0.000000 -1.000000 0.068033 -0.997683 0.000000 3.237625 -39.684750 2.095750 0.560875 4.219675 12.077600 3649.dat
10 0 -52.186001 -52.186001 -19.625000 52.186001 52.186001 0.375000 3649.dat
0 4 1.000000 0.000000 0.000000 0.000000 -0.000000 -1.000000 0.000000 1.000000 -0.000000 0.000000 0.000000 -7.500000 0 0 0.770000 0 0 3649.dat
0 4 1.000000 0.000000 0.000000 0.000000 -0.000000 -1.000000 0.000000 1.000000 -0.000000 0.000000 -20.000000 -5.625000 0 0 0.620000 0 0 3649.dat
0 4 1.000000 0.000000 0.000000 0.000000 -0.000000 -1.000000 0.000000 1.000000 -0.000000 0.000000 20.000000 -5.625000 0 0 0.620000 0 0 3649.dat
0 4 1.000000 0.000000 0.000000 0.000000 -0.000000 -1.000000 0.000000 1.000000 -0.000000 20.000000 0.000000 -5.625000 0 0 0.620000 0 0 3649.dat
0 4 1.000000 0.000000 0.000000 0.000000 -0.000000 -1.000000 0.000000 1.000000 -0.000000 -20.000000 0.000000 -5.625000 0 0 0.620000 0 0 3649.dat
0 2 1.000000 0.000000 0.000000 0.000000 -0.000000 -1.000000 0.000000 1.000000 -0.000000 10.000000 -30.000002 -7.875000 0 0 0.800000 0 0 3649.dat
0 2 1.000000 0.000000 0.000000 0.000000 -0.000000 -1.000000 0.000000 1.000000 -0.000000 -10.000000 -30.000002 -7.875000 0 0 0.800000 0 0 3649.dat
0 2 1.000000 0.000000 0.000000 0.000000 -0.000000 -1.000000 0.000000 1.000000 -0.000000 -10.000000 30.000002 -7.875000 0 0 0.800000 0 0 3649.dat
0 2 1.000000 0.000000 0.000000 0.000000 -0.000000 -1.000000 0.000000 1.000000 -0.000000 10.000000 30.000002 -7.875000 0 0 0.800000 0 0 3649.dat
0 2 1.000000 0.000000 0.000000 0.000000 -0.000000 -1.000000 0.000000 1.000000 -0.000000 10.000000 10.000000 -7.875000 0 0 0.800000 0 0 3649.dat
0 2 1.000000 0.000000 0.000000 0.000000 -0.000000 -1.000000 0.000000 1.000000 -0.000000 30.000002 10.000000 -7.875000 0 0 0.800000 0 0 3649.dat
0 2 1.000000 0.000000 0.000000 0.000000 -0.000000 -1.000000 0.000000 1.000000 -0.000000 -10.000000 10.000000 -7.875000 0 0 0.800000 0 0 3649.dat
0 2 1.000000 0.000000 0.000000 0.000000 -0.000000 -1.000000 0.000000 1.000000 -0.000000 -30.000002 10.000000 -7.875000 0 0 0.800000 0 0 3649.dat
0 2 1.000000 0.000000 0.000000 0.000000 -0.000000 -1.000000 0.000000 1.000000 -0.000000 -10.000000 -10.000000 -7.875000 0 0 0.800000 0 0 3649.dat
0 2 1.000000 0.000000 0.000000 0.000000 -0.000000 -1.000000 0.000000 1.000000 -0.000000 -30.000002 -10.000000 -7.875000 0 0 0.800000 0 0 3649.dat
0 2 1.000000 0.000000 0.000000 0.000000 -0.000000 -1.000000 0.000000 1.000000 -0.000000 10.000000 -10.000000 -7.875000 0 0 0.800000 0 0 3649.dat
0 2 1.000000 0.000000 0.000000 0.000000 -0.000000 -1.000000 0.000000 1.000000 -0.000000 30.000002 -10.000000 -7.875000 0 0 0.800000 0 0 3649.dat
5 3 0.996917 -0.078459 0.000000 0.078459 0.996917 0.000000 0.000000 0.000000 1.000000 0.000000 0.000000 7.124999 2.0 40 3649.dat
