9 0 1.000000 -0.000000 0.000000 -0.000000 0.000000 1.000000 -0.000000 -1.000000 -0.000000 0.000005 -18.579874 -4.250000 1.245175 2.250000 11.347200 3650c.dat
9 0 0.707106 -0.707107 -0.000000 0.000000 -0.000000 1.000000 -0.707107 -0.707106 0.000000 -13.137945 -13.137950 -4.250004 1.245175 2.250000 11.347200 3650c.dat
9 0 0.965926 -0.258819 -0.000000 0.000000 -0.000000 1.000000 -0.258819 -0.965926 0.000000 -4.808820 -17.946775 -4.250001 1.245175 2.250000 11.347200 3650c.dat
9 0 0.866025 -0.500000 0.000000 -0.000000 0.000000 1.000000 -0.500000 -0.866025 -0.000000 -9.289921 -16.090649 -4.250003 1.245175 2.250000 11.347200 3650c.dat
9 0 0.500001 -0.866025 0.000001 -0.000001 0.000001 1.000000 -0.866025 -0.500001 -0.000001 -16.090645 -9.289925 -4.250006 1.245175 2.250000 11.347200 3650c.dat
9 0 -0.258818 -0.965926 0.000000 -0.000001 0.000000 1.000000 -0.965926 0.258818 -0.000001 -17.946772 4.808825 -4.250006 1.245175 2.250000 11.347200 3650c.dat
9 0 0.258819 -0.965926 0.000000 -0.000000 0.000000 1.000000 -0.965926 -0.258819 -0.000000 -17.946772 -4.808825 -4.250006 1.245175 2.250000 11.347200 3650c.dat
9 0 0.000000 -1.000000 -0.000000 -0.000000 -0.000000 1.000000 -1.000000 0.000000 -0.000000 -18.579870 0.000000 -4.250006 1.245175 2.250000 11.347200 3650c.dat
9 0 -0.500000 -0.866026 -0.000000 -0.000000 0.000000 1.000000 -0.866026 0.500000 -0.000000 -16.090645 9.289925 -4.250006 1.245175 2.250000 11.347200 3650c.dat
9 0 -0.965926 -0.258818 -0.000000 -0.000000 0.000000 1.000000 -0.258818 0.965926 -0.000000 -4.808820 17.946775 -4.250001 1.245175 2.250000 11.347200 3650c.dat
9 0 -0.707106 -0.707107 -0.000000 -0.000000 0.000000 1.000000 -0.707107 0.707106 -0.000000 -13.137945 13.137950 -4.250004 1.245175 2.250000 11.347200 3650c.dat
9 0 -0.866025 -0.500000 -0.000000 -0.000000 -0.000000 1.000000 -0.500000 0.866025 -0.000000 -9.289921 16.090649 -4.250003 1.245175 2.250000 11.347200 3650c.dat
9 0 -1.000000 0.000000 -0.000000 -0.000000 -0.000000 1.000000 -0.000000 1.000000 0.000000 0.000005 18.579874 -4.250000 1.245175 2.250000 11.347200 3650c.dat
9 0 -0.707106 0.707107 -0.000000 -0.000000 0.000000 1.000000 0.707107 0.707106 0.000000 13.137955 13.137950 -4.249995 1.245175 2.250000 11.347200 3650c.dat
9 0 -0.965926 0.258818 -0.000000 -0.000000 0.000000 1.000000 0.258818 0.965926 -0.000000 4.808830 17.946775 -4.249998 1.245175 2.250000 11.347200 3650c.dat
9 0 -0.866025 0.500000 -0.000000 -0.000000 -0.000000 1.000000 0.500000 0.866025 0.000000 9.289929 16.090649 -4.249997 1.245175 2.250000 11.347200 3650c.dat
9 0 -0.500000 0.866026 -0.000000 -0.000000 0.000000 1.000000 0.866026 0.500000 0.000000 16.090654 9.289925 -4.249994 1.245175 2.250000 11.347200 3650c.dat
9 0 0.258819 0.965926 0.000000 -0.000000 0.000000 1.000000 0.965926 -0.258819 0.000000 17.946779 -4.808825 -4.249994 1.245175 2.250000 11.347200 3650c.dat
9 0 -0.258818 0.965926 -0.000000 -0.000000 0.000000 1.000000 0.965926 0.258818 0.000000 17.946779 4.808825 -4.249994 1.245175 2.250000 11.347200 3650c.dat
9 0 0.000000 1.000000 0.000000 -0.000000 -0.000000 1.000000 1.000000 0.000000 0.000000 18.579880 0.000000 -4.249994 1.245175 2.250000 11.347200 3650c.dat
9 0 0.500001 0.866025 -0.000001 0.000001 0.000001 1.000000 0.866025 -0.500001 -0.000000 16.090654 -9.289925 -4.249994 1.245175 2.250000 11.347200 3650c.dat
9 0 0.965926 0.258819 0.000001 -0.000001 -0.000000 1.000000 0.258819 -0.965926 0.000000 4.808830 -17.946775 -4.249998 1.245175 2.250000 11.347200 3650c.dat
9 0 0.707106 0.707107 0.000001 -0.000001 -0.000000 1.000000 0.707107 -0.707106 0.000000 13.137955 -13.137950 -4.249995 1.245175 2.250000 11.347200 3650c.dat
9 0 0.866025 0.500000 0.000000 -0.000000 0.000000 1.000000 0.500000 -0.866025 0.000000 9.289929 -16.090649 -4.249997 1.245175 2.250000 11.347200 3650c.dat
9 0 1.000000 -0.000000 0.000000 -0.000000 0.000000 1.000000 -0.000000 -1.000000 -0.000000 4.703878 -4.187500 0.875001 2.203875 9.375000 1.687500 3650c.dat
9 0 1.000000 0.000000 0.000000 -0.000000 0.000000 1.000000 0.000000 -1.000000 0.000000 -4.703872 -4.187500 0.874998 2.203875 9.375000 1.687500 3650c.dat
9 0 1.000000 0.000000 0.000000 -0.000000 0.000000 1.000000 0.000000 -1.000000 0.000000 -4.703872 4.187500 0.874998 2.203875 9.375000 1.687500 3650c.dat
9 0 1.000000 0.000000 0.000000 -0.000000 0.000000 1.000000 0.000000 -1.000000 0.000000 4.703878 4.187500 0.875001 2.203875 9.375000 1.687500 3650c.dat
9 0 0.707107 -0.707107 0.000000 0.118581 0.118581 0.985838 -0.697093 -0.697093 0.167698 -21.545773 -21.545774 -0.692007 0.563800 2.659850 0.450400 3650c.dat
9 0 0.500000 -0.866025 0.000001 0.145230 0.083850 0.985839 -0.853761 -0.492919 0.167698 -26.387999 -15.235175 -0.692009 0.563800 2.659850 0.450400 3650c.dat
9 0 0.258819 -0.965926 0.000000 0.161984 0.043404 0.985838 -0.952247 -0.255153 0.167698 -29.431995 -7.886300 -0.692010 0.563800 2.659850 0.450400 3650c.dat
9 0 1.000000 -0.000000 0.000000 -0.000000 0.167697 0.985838 -0.000000 -0.985838 0.167697 0.000004 -30.470249 -0.692000 0.563800 2.659850 0.450400 3650c.dat
9 0 0.965926 -0.258818 0.000001 0.043403 0.161984 0.985838 -0.255153 -0.952247 0.167698 -7.886296 -29.431999 -0.692002 0.563800 2.659850 0.450400 3650c.dat
9 0 0.866026 -0.500000 0.000001 0.083848 0.145231 0.985838 -0.492919 -0.853761 0.167698 -15.235172 -26.388000 -0.692005 0.563800 2.659850 0.450400 3650c.dat
9 0 -0.707107 -0.707107 0.000000 0.118581 -0.118580 0.985838 -0.697093 0.697093 0.167698 -21.545773 21.545774 -0.692007 0.563800 2.659850 0.450400 3650c.dat
9 0 -0.866025 -0.500000 -0.000000 0.083849 -0.145231 0.985839 -0.492919 0.853761 0.167698 -15.235172 26.388000 -0.692005 0.563800 2.659850 0.450400 3650c.dat
9 0 -0.965926 -0.258820 -0.000000 0.043403 -0.161984 0.985839 -0.255154 0.952247 0.167698 -7.886296 29.431999 -0.692002 0.563800 2.659850 0.450400 3650c.dat
9 0 0.000000 -1.000000 -0.000000 0.167698 -0.000000 0.985838 -0.985838 -0.000000 0.167698 -30.470245 0.000000 -0.692010 0.563800 2.659850 0.450400 3650c.dat
9 0 -0.258819 -0.965926 0.000001 0.161984 -0.043403 0.985838 -0.952247 0.255153 0.167698 -29.431995 7.886300 -0.692010 0.563800 2.659850 0.450400 3650c.dat
9 0 -0.500000 -0.866025 -0.000000 0.145230 -0.083849 0.985838 -0.853761 0.492919 0.167698 -26.387999 15.235175 -0.692009 0.563800 2.659850 0.450400 3650c.dat
9 0 -0.707107 0.707107 -0.000001 -0.118581 -0.118580 0.985838 0.697093 0.697093 0.167698 21.545778 21.545774 -0.691994 0.563800 2.659850 0.450400 3650c.dat
9 0 -0.500000 0.866025 -0.000000 -0.145231 -0.083849 0.985838 0.853761 0.492919 0.167698 26.388004 15.235175 -0.691991 0.563800 2.659850 0.450400 3650c.dat
9 0 -0.258819 0.965926 -0.000001 -0.161984 -0.043403 0.985838 0.952247 0.255153 0.167698 29.432001 7.886300 -0.691991 0.563800 2.659850 0.450400 3650c.dat
9 0 -1.000000 0.000000 -0.000000 -0.000000 -0.167698 0.985838 -0.000000 0.985838 0.167698 0.000004 30.470249 -0.692000 0.563800 2.659850 0.450400 3650c.dat
9 0 -0.965926 0.258820 -0.000000 -0.043404 -0.161984 0.985839 0.255154 0.952247 0.167698 7.886304 29.431999 -0.691998 0.563800 2.659850 0.450400 3650c.dat
9 0 -0.866025 0.500000 -0.000001 -0.083849 -0.145231 0.985839 0.492919 0.853761 0.167698 15.235178 26.388000 -0.691995 0.563800 2.659850 0.450400 3650c.dat
9 0 0.707107 0.707107 0.000000 -0.118581 0.118581 0.985838 0.697093 -0.697093 0.167699 21.545778 -21.545774 -0.691994 0.563800 2.659850 0.450400 3650c.dat
9 0 0.866026 0.500000 -0.000000 -0.083849 0.145231 0.985838 0.492919 -0.853761 0.167698 15.235178 -26.388000 -0.691995 0.563800 2.659850 0.450400 3650c.dat
9 0 0.965926 0.258818 -0.000000 -0.043403 0.161984 0.985838 0.255153 -0.952247 0.167698 7.886304 -29.431999 -0.691998 0.563800 2.659850 0.450400 3650c.dat
9 0 0.000000 1.000000 0.000000 -0.167698 -0.000000 0.985838 0.985838 -0.000000 0.167698 30.470253 0.000000 -0.691991 0.563800 2.659850 0.450400 3650c.dat
9 0 0.258819 0.965926 -0.000000 -0.161985 0.043404 0.985838 0.952247 -0.255153 0.167699 29.432001 -7.886300 -0.691991 0.563800 2.659850 0.450400 3650c.dat
9 0 0.500000 0.866025 -0.000001 -0.145231 0.083850 0.985838 0.853761 -0.492919 0.167699 26.388004 -15.235175 -0.691991 0.563800 2.659850 0.450400 3650c.dat
10 0 -31.990501 -31.990501 -20.000000 31.990501 31.990501 0.000000 3650c.dat
0 4 0.000000 1.000000 0.000000 -0.000000 -0.000000 1.000000 1.000000 0.000000 0.000000 0.000000 0.000000 10.500000 0 0 0.800000 0 0 3650c.dat
5 9 -1.000000 0.000000 -0.000000 0.000000 1.000000 0.000000 0.000000 0.000000 -1.000000 0.000006 0.000000 -9.125001 1.2 24 3650c.dat
