9 0 -0.000000 -0.000000 -1.000000 1.000000 0.000000 -0.000000 0.000000 -1.000000 0.000000 -0.001625 12.000000 0.000000 9.750125 9.748375 11.750000 3675.dat
9 0 -0.000000 -0.000000 -1.000000 1.000000 0.000000 -0.000000 0.000000 -1.000000 0.000000 19.999969 21.499674 -19.999981 29.750248 29.750002 2.250325 3675.dat
9 0 -0.000000 -0.000000 -1.000000 0.903859 0.427830 -0.000000 0.427830 -0.903859 -0.000000 28.865252 11.761749 0.006991 9.743250 21.949274 2.250325 3675.dat
9 0 -0.000000 0.427281 -0.904119 1.000000 0.000000 -0.000000 -0.000000 -0.904119 -0.427281 -0.010484 11.783374 -28.879499 21.928801 9.739500 2.250325 3675.dat
9 0 0.000001 0.227141 -0.973862 1.000000 -0.000000 0.000001 0.000000 -0.973862 -0.227141 -0.010506 14.746225 -19.618950 14.161825 9.739500 4.831750 3675.dat
9 0 -0.000000 -0.000000 -1.000000 0.977216 0.212249 -0.000000 0.212249 -0.977216 0.000000 20.880775 15.129924 0.006993 9.743250 13.533124 5.259300 3675.dat
9 0 0.671103 0.316770 -0.670282 0.741364 -0.286749 0.606757 0.000000 -0.904119 -0.427280 23.699541 11.734124 -28.775507 25.314999 4.286550 2.250325 3675.dat
9 0 -0.000000 0.427281 -0.904119 1.000000 0.000000 -0.000000 -0.000000 -0.904119 -0.427281 26.531235 20.037025 -46.344261 2.612050 17.848675 2.250325 3675.dat
9 0 0.872055 0.209115 -0.442482 0.489407 -0.372612 0.788442 0.000001 -0.904119 -0.427281 16.583862 15.125200 -35.950756 13.485201 7.025325 2.250325 3675.dat
9 0 -0.000000 -0.000000 -1.000000 0.903859 0.427830 -0.000000 0.427830 -0.903859 -0.000000 46.269741 19.999950 -27.036766 17.335775 2.693575 2.250325 3675.dat
9 0 -0.603963 -0.285879 -0.743977 0.672450 0.318296 -0.668205 0.427831 -0.903859 0.000000 28.689995 11.678824 -23.711184 4.345275 25.292501 2.250325 3675.dat
9 0 -0.703417 -0.332954 -0.627970 0.567596 0.268665 -0.778237 0.427831 -0.903859 -0.000000 36.214245 15.240274 -16.990112 7.256850 11.957475 2.250325 3675.dat
10 0 -50.000000 0.000000 -10.000000 10.000000 28.450001 50.000000 3675.dat
2 22 0.000000 0.000000 1.000000 0.000000 1.000000 0.000000 -1.000000 0.000000 0.000000 -10.000016 24.000000 -49.999996 6 6 22:1:1,22:2:1,22:2:1,22:2:1,22:2:1,22:2:1,22:1:1,22:2:1,15:4:1,23:4:1,15:4:1,23:4:1,15:4:1,22:2:1,22:2:1,23:4:1,7:4:2,23:4:1,7:4:2,23:4:1,22:2:1,22:2:1,15:4:1,23:4:1,15:4:1,23:4:1,15:4:1,22:2:1,22:2:1,23:4:1,7:4:2,23:4:1,7:4:2,23:4:1,22:2:1,22:2:1,15:4:1,23:4:1,15:4:1,23:4:1,15:4:1,22:2:1,22:1:1,22:2:1,22:2:1,22:2:1,22:2:1,22:2:1,22:1:1, 3675.dat
3 23 0.000000 0.000000 1.000000 0.000000 1.000000 0.000000 -1.000000 0.000000 0.000000 -10.000003 0.000000 -9.999997 2 2 18:1:1,23:4:1,18:1:1,23:4:1,0:4:1,23:4:1,29:0:1,23:4:1,18:1:1, 3675.dat
