9 0 1.000000 0.000000 0.000000 0.000000 1.000000 0.000000 0.000000 0.000000 1.000000 0.000000 4.000000 0.000000 19.750000 3.750000 19.750000 3730.dat
9 0 0.707107 -0.707107 0.000000 0.707107 0.707107 0.000000 0.000000 0.000000 1.000000 0.000000 4.000000 -21.000000 5.230075 5.230075 0.750000 3730.dat
9 0 1.000000 0.000000 0.000000 0.000000 1.000000 0.000000 0.000000 0.000000 1.000000 0.000000 4.000000 -20.768950 11.174550 3.750000 0.750000 3730.dat
9 0 0.819260 -0.573422 0.000000 0.573422 0.819260 0.000000 0.000000 0.000000 1.000000 -4.985250 -3.022026 -28.777674 3.444725 1.014275 7.026625 3730.dat
9 0 0.819260 0.573422 0.000000 0.573422 -0.819260 -0.000000 -0.000000 0.000000 -1.000000 -4.985250 11.022024 -28.777674 3.444725 1.014275 7.026625 3730.dat
9 0 -0.819260 -0.573422 -0.000000 -0.573422 0.819260 -0.000000 0.000000 0.000000 -1.000000 4.985250 -3.022026 -28.777674 3.444725 1.014275 7.026625 3730.dat
9 0 -0.819260 0.573422 0.000000 -0.573422 -0.819260 0.000000 0.000000 0.000000 1.000000 4.985250 11.022024 -28.777674 3.444725 1.014275 7.026625 3730.dat
9 0 1.000000 0.000000 0.000000 0.000000 1.000000 0.000000 0.000000 0.000000 1.000000 -9.098625 4.000000 -26.290375 1.098625 3.750000 6.209825 3730.dat
9 0 1.000000 0.000000 0.000000 0.000000 1.000000 0.000000 0.000000 0.000000 1.000000 9.098624 4.000000 -26.290375 1.098625 3.750000 6.209825 3730.dat
9 0 1.000000 0.000000 0.000000 0.000000 1.000000 0.000000 0.000000 0.000000 1.000000 0.000000 -4.848425 -23.173601 3.890950 0.848450 1.076400 3730.dat
9 0 1.000000 0.000000 0.000000 0.000000 1.000000 0.000000 0.000000 0.000000 1.000000 0.000000 12.848425 -23.173601 3.890950 0.848450 1.076400 3730.dat
10 0 -10.000000 -7.250000 -30.000002 30.000002 15.250000 27.000002 3730.dat
1 2 1.000000 0.000000 0.000000 0.000000 -0.000000 -1.000000 0.000000 1.000000 -0.000000 0.000000 4.000000 -30.000002 3730.dat
3 23 1.000000 0.000000 0.000000 0.000000 1.000000 0.000000 0.000000 0.000000 1.000000 -20.000000 0.000000 20.000002 4 4 18:1:1,23:4:1,18:2:1,23:4:1,18:1:1,23:4:1,0:4:1,23:4:1,0:4:1,23:4:1,18:2:1,23:4:1,18:4:1,23:4:1,18:2:1,23:4:1,0:4:1,23:4:1,0:4:1,23:4:1,18:1:1,23:4:1,18:2:1,23:4:1,18:1:1, 3730.dat
2 22 1.000000 0.000000 0.000000 0.000000 1.000000 0.000000 0.000000 0.000000 1.000000 -20.000000 8.000000 20.000002 4 4 22:1:1,22:2:1,22:2:1,22:2:1,22:1:1,22:2:1,15:4:1,23:4:1,15:4:1,22:2:1,22:2:1,23:4:1,7:4:2,23:4:1,22:2:1,22:2:1,15:4:1,23:4:1,15:4:1,22:2:1,22:1:1,22:2:1,22:2:1,22:2:1,22:1:1, 3730.dat
