9 0 -0.500000 0.000000 -0.866026 -0.866026 0.000000 0.500000 0.000000 1.000000 0.000000 6.224551 0.999998 -3.593750 1.991600 5.062500 0.750000 3742.dat
9 0 -0.500000 0.000000 0.866026 0.866026 -0.000000 0.500000 0.000000 1.000000 0.000000 -6.224548 1.000002 -3.593750 1.991600 5.062500 0.750000 3742.dat
9 0 1.000000 -0.000000 -0.000000 -0.000000 0.000000 -1.000000 0.000000 1.000000 0.000000 0.000002 1.000000 7.187500 1.991600 5.062500 0.750000 3742.dat
9 0 0.500044 0.000051 -0.866000 -0.866000 -0.000000 -0.500044 -0.000026 1.000000 0.000044 6.183402 0.999998 3.570000 1.991650 4.390100 0.750125 3742.dat
9 0 0.499956 0.000050 0.866051 0.866051 -0.000000 -0.499956 -0.000025 1.000000 -0.000044 -6.183399 1.000002 3.569975 1.991650 4.390100 0.750125 3742.dat
9 0 -1.000000 0.000051 -0.000399 -0.000399 -0.000000 1.000000 0.000051 1.000000 -0.000000 0.002502 1.000000 -7.139975 1.991650 4.390100 0.750125 3742.dat
10 0 -11.604600 0.000000 -12.495675 11.604600 6.000000 11.784275 3742.dat
0 14 -1.000000 0.000000 0.000000 -0.000000 -1.000000 0.000000 0.000000 0.000000 1.000000 0.000000 -4.000000 0.000000 0 0 0.240000 0 0 3742.dat
3 23 -1.000000 0.000000 0.000000 0.000000 1.000000 -0.000000 -0.000000 -0.000000 -1.000000 10.000002 -0.000003 -10.000000 2 2 29:0:0,29:0:0,29:0:0,29:0:0,3:4:36,29:0:0,29:0:0,29:0:0,29:0:0, 3742.dat
