9 0 0.000001 -1.000000 0.000001 0.000001 0.000001 1.000000 -1.000000 -0.000001 0.000001 -10.031252 -0.005748 -4.652181 2.813750 0.402200 9.718750 3749.dat
9 0 0.000001 0.000001 1.000000 -0.000001 1.000000 -0.000001 -1.000000 -0.000001 0.000001 -10.031245 -4.657945 0.000022 2.813750 0.402200 9.718750 3749.dat
9 0 -0.000001 1.000000 -0.000001 -0.000001 -0.000001 -1.000000 -1.000000 -0.000001 0.000001 -10.031245 -0.005742 4.652219 2.813750 0.402200 9.718750 3749.dat
9 0 -0.000001 -0.000001 -1.000000 0.000001 -1.000000 0.000001 -1.000000 -0.000001 0.000001 -10.031252 4.646455 0.000016 2.813750 0.402200 9.718750 3749.dat
9 0 0.000001 -1.000000 0.000001 0.000001 0.000001 1.000000 -1.000000 -0.000001 0.000001 10.000000 -0.000007 0.000006 1.687500 5.375000 9.750000 3749.dat
9 0 0.000001 -1.000000 0.000001 0.000001 0.000001 1.000000 -1.000000 -0.000001 0.000001 10.000000 -0.000007 0.000006 5.375000 1.687500 9.750000 3749.dat
9 0 0.000000 -0.707107 -0.707106 0.000001 -0.707106 0.707107 -1.000000 -0.000001 0.000001 -1.031275 -0.000014 0.000013 5.060675 5.060675 0.718725 3749.dat
9 0 0.000001 -0.707106 0.707107 0.000000 0.707107 0.707106 -1.000000 -0.000001 0.000001 -18.749998 -3.006078 -3.006024 3.970625 0.137500 1.000000 3749.dat
9 0 0.000000 -0.707107 -0.707106 0.000001 -0.707106 0.707107 -1.000000 -0.000001 0.000001 -18.750002 3.006022 -3.006027 3.970625 0.137500 1.000000 3749.dat
9 0 0.000000 0.707107 0.707106 -0.000001 0.707106 -0.707107 -1.000000 -0.000001 0.000001 -18.749996 -3.006074 3.006076 3.970625 0.137500 1.000000 3749.dat
9 0 -0.000001 0.707106 -0.707107 0.000000 -0.707107 -0.707106 -1.000000 -0.000001 0.000001 -18.749998 3.006026 3.006073 3.970625 0.137500 1.000000 3749.dat
10 0 -7.500000 -7.500000 -40.000000 7.500000 7.500000 0.000000 3749.dat
0 5 0.000001 0.000001 1.000000 1.000000 0.000001 -0.000001 -0.000001 1.000000 -0.000001 20.000000 0.000000 0.000000 0 1 0.800000 0 0 3749.dat
0 19 -0.000001 -0.000001 -1.000000 -1.000000 -0.000001 0.000001 -0.000001 1.000000 -0.000001 -20.000000 -0.000027 0.000025 0 1 0.800000 0 0 3749.dat
0 6 -0.000001 -0.000001 -1.000000 -1.000000 -0.000001 0.000001 -0.000001 1.000000 -0.000001 -20.000000 -0.000027 0.000025 0 1 0.720000 0 0 3749.dat
