9 0 1.000000 0.000000 0.000000 0.000000 1.000000 0.000000 0.000000 0.000000 1.000000 14.113026 4.250000 -0.108450 0.863025 1.000000 5.961350 3833.dat
9 0 1.000000 0.000000 0.000000 0.000000 1.000000 0.000000 0.000000 0.000000 1.000000 0.000000 -5.500000 0.000000 10.896800 5.250000 10.259726 3833.dat
9 0 1.000000 0.000000 0.000000 0.000000 1.000000 0.000000 0.000000 0.000000 1.000000 0.000000 4.250000 -17.500000 11.921326 1.000000 4.250000 3833.dat
9 0 0.707107 0.000000 0.707107 0.000000 1.000000 0.000000 -0.707107 0.000000 0.707107 10.056100 4.250000 9.902750 0.863025 1.000000 5.961350 3833.dat
9 0 -0.000000 0.000000 1.000000 0.000000 1.000000 0.000000 -1.000000 0.000000 -0.000000 0.108450 4.250000 14.113026 0.863025 1.000000 5.961350 3833.dat
9 0 -0.707107 0.000000 0.707107 0.000000 1.000000 0.000000 -0.707107 0.000000 -0.707107 -9.902750 4.250000 10.056100 0.863025 1.000000 5.961350 3833.dat
9 0 0.707107 0.000000 -0.707107 0.000000 1.000000 0.000000 0.707107 0.000000 0.707107 9.902750 4.250000 -10.056100 0.863025 1.000000 5.961350 3833.dat
9 0 -0.707107 0.000000 -0.707107 0.000000 1.000000 0.000000 0.707107 0.000000 -0.707107 -10.056100 4.250000 -9.902750 0.863025 1.000000 5.961350 3833.dat
9 0 -1.000000 0.000000 -0.000000 0.000000 1.000000 0.000000 0.000000 0.000000 -1.000000 -14.113026 4.250000 0.108450 0.863025 1.000000 5.961350 3833.dat
10 0 -16.486750 -5.500000 -16.486750 16.486750 11.000000 22.000000 3833.dat
2 22 1.000000 0.000000 0.000000 0.000000 1.000000 0.000000 0.000000 0.000000 1.000000 -10.000000 0.000000 10.000000 2 2 29:0:0,29:0:0,29:0:0,29:0:0,15:4:34,29:0:0,29:0:0,29:0:0,29:0:0, 3833.dat
