9 0 1.000000 0.000000 0.000000 0.000000 1.000000 0.000000 0.000000 0.000000 1.000000 13.595700 1.449425 3.643800 0.527625 3.800575 9.571125 3834.dat
9 0 -0.000000 0.000000 1.000000 0.000000 1.000000 0.000000 -1.000000 0.000000 -0.000000 0.165125 1.834775 13.595700 0.527625 3.800575 12.050426 3834.dat
9 0 -1.000000 0.000000 -0.000000 0.000000 1.000000 0.000000 0.000000 0.000000 -1.000000 -13.595700 1.293900 2.175775 0.527625 3.800575 12.216675 3834.dat
9 0 -0.707107 0.000000 -0.707107 0.000000 1.000000 0.000000 0.707107 0.000000 -0.707107 -7.961375 1.390325 -12.970725 1.676650 3.800575 5.622100 3834.dat
9 0 -0.000000 0.000000 -1.000000 0.000000 1.000000 0.000000 1.000000 0.000000 -0.000000 -0.028375 1.101875 -14.484800 1.648725 3.800575 5.622100 3834.dat
9 0 0.707107 0.000000 -0.707107 0.000000 1.000000 0.000000 0.707107 0.000000 0.707107 9.767200 1.449425 -11.469750 1.466500 3.800575 5.622100 3834.dat
9 0 1.000000 0.000000 0.000000 0.000000 1.000000 0.000000 0.000000 0.000000 1.000000 0.000000 -6.167050 0.000000 10.826500 5.917050 10.826500 3834.dat
9 0 1.000000 0.000000 0.000000 0.000000 0.958229 -0.286002 0.000000 0.286002 0.958229 0.000000 9.373150 19.947100 14.620376 0.807475 7.165750 3834.dat
10 0 -16.220625 -13.520300 -28.500000 16.220625 15.032825 19.610701 3834.dat
2 22 1.000000 0.000000 0.000000 0.000000 1.000000 0.000000 0.000000 0.000000 1.000000 -10.000000 0.000000 10.000000 2 2 29:0:0,29:0:0,29:0:0,29:0:0,15:4:33,29:0:0,29:0:0,29:0:0,29:0:0, 3834.dat
