9 0 -0.000000 0.000000 1.000000 0.000000 1.000000 0.000000 -1.000000 0.000000 -0.000000 0.000000 -4.545975 -0.128025 12.986424 4.295975 13.237651 3844.dat
9 0 -0.000000 0.000000 1.000000 0.000000 1.000000 0.000000 -1.000000 0.000000 -0.000000 0.000000 8.141950 -14.812825 1.419975 4.358050 2.000000 3844.dat
9 0 -0.925491 0.287520 0.246575 0.314203 0.946320 0.075866 -0.211525 0.147688 -0.966150 15.091475 10.064899 -5.215450 0.608175 10.755150 3.157725 3844.dat
9 0 -0.939460 0.321442 -0.118705 0.314203 0.946320 0.075865 0.136719 0.033974 -0.990027 15.956751 10.478075 3.100375 0.250100 11.190200 6.154775 3844.dat
9 0 -0.545717 0.287848 -0.786979 0.154239 0.957608 0.243303 0.823652 0.011392 -0.566981 9.423475 10.970075 13.662849 0.452525 10.735575 5.937050 3844.dat
9 0 0.925491 0.287520 0.246574 -0.314203 0.946320 0.075865 -0.211525 -0.147687 0.966150 -14.963400 10.705074 -6.907200 0.704650 10.107975 3.157725 3844.dat
9 0 0.939460 0.321441 -0.118706 -0.314202 0.946320 0.075865 0.136720 -0.033974 0.990027 -16.327250 10.875600 2.571200 0.546900 10.929700 5.937050 3844.dat
9 0 0.545717 0.287848 -0.786979 -0.154239 0.957608 0.243304 0.823652 -0.011392 0.566980 -9.229700 10.095750 13.363775 0.541950 11.675500 5.937050 3844.dat
9 0 -1.000000 0.000000 -0.000000 -0.000000 0.956862 0.290543 0.000000 0.290543 -0.956862 0.000000 10.210751 16.340626 4.466550 11.343425 0.413825 3844.dat
9 0 -0.000000 0.000000 1.000000 0.000000 1.000000 0.000000 -1.000000 0.000000 -0.000000 0.000000 -14.449975 -0.128025 6.778775 4.007850 6.912175 3844.dat
10 0 -21.705849 -22.750000 -21.725000 21.705849 18.964849 16.635651 3844.dat
2 22 1.000000 0.000000 0.000000 0.000000 1.000000 0.000000 0.000000 0.000000 1.000000 -10.000000 0.000000 10.000000 2 2 29:0:0,29:0:0,29:0:0,29:0:0,5:4:33,29:0:0,29:0:0,29:0:0,29:0:0, 3844.dat
