9 0 0.707107 0.000000 0.707107 0.000000 1.000000 0.000000 -0.707107 0.000000 0.707107 0.000000 8.853274 0.000000 2.470275 8.396726 2.470275 3876.dat
9 0 1.000000 0.000000 0.000000 0.000000 -0.000000 1.000000 0.000000 -1.000000 -0.000000 0.000000 0.000000 1.750000 2.375000 12.500000 2.375000 3876.dat
9 0 -0.000000 1.000000 0.000000 -1.000000 -0.000000 0.000000 0.000000 0.000000 1.000000 15.907100 0.000000 -10.117849 12.007850 6.907100 1.867850 3876.dat
9 0 -0.000000 -1.000000 0.000000 1.000000 -0.000000 0.000000 0.000000 0.000000 1.000000 -15.907100 0.000000 -10.117849 12.007850 6.907100 1.867850 3876.dat
9 0 0.866026 -0.500000 0.000000 0.500000 0.866026 0.000000 0.000000 0.000000 1.000000 -7.953550 -13.776000 -10.117849 12.007850 6.907100 1.867850 3876.dat
9 0 0.866026 0.500000 0.000000 -0.500000 0.866026 0.000000 0.000000 0.000000 1.000000 7.953550 -13.776000 -10.117849 12.007850 6.907100 1.867850 3876.dat
9 0 -0.866025 -0.500000 0.000000 0.500000 -0.866025 0.000000 0.000000 0.000000 1.000000 -7.953550 13.775949 -10.117849 12.007850 6.907100 1.867850 3876.dat
9 0 -0.866025 0.500000 0.000000 -0.500000 -0.866025 0.000000 0.000000 0.000000 1.000000 7.953550 13.775949 -10.117849 12.007850 6.907100 1.867850 3876.dat
10 0 -24.251123 -8.261600 -14.500000 24.251123 43.261501 15.449999 3876.dat
0 7 -0.000000 0.000000 1.000000 0.000000 1.000000 0.000000 -1.000000 0.000000 -0.000000 0.000000 17.500000 0.000000 0 1 0.540000 0 0 3876.dat
0 7 -0.000000 1.000000 0.000000 0.000000 -0.000000 1.000000 1.000000 0.000000 -0.000000 0.000000 0.000000 14.500000 0 1 0.900000 0 0 3876.dat
2 22 1.000000 0.000000 0.000000 0.000000 1.000000 0.000000 0.000000 0.000000 1.000000 -10.000000 17.500000 10.000000 2 2 29:0:0,29:0:0,29:0:0,29:0:0,9:4:32,29:0:0,29:0:0,29:0:0,29:0:0, 3876.dat
2 22 1.000000 0.000000 0.000000 0.000000 -0.000000 1.000000 0.000000 -1.000000 -0.000000 -10.000000 -10.000001 14.500000 2 2 29:0:0,29:0:0,29:0:0,29:0:0,9:4:32,29:0:0,29:0:0,29:0:0,29:0:0, 3876.dat
3 23 1.000000 0.000000 0.000000 0.000000 -0.000000 1.000000 0.000000 -1.000000 -0.000000 -10.000000 -10.000001 -11.000000 2 2 29:0:0,29:0:0,29:0:0,29:0:0,1:4:33,29:0:0,29:0:0,29:0:0,29:0:0, 3876.dat
