9 0 0.500000 0.000000 0.866025 0.000000 1.000000 0.000000 -0.866025 0.000000 0.500000 -11.483325 2.899325 6.629900 8.614350 0.889025 2.739400 3878.dat
9 0 0.707107 0.000000 0.707107 0.000000 1.000000 0.000000 -0.707107 0.000000 0.707107 0.027275 -8.187500 -0.028500 9.354925 7.937500 9.327425 3878.dat
9 0 -0.500000 0.000000 0.866025 0.000000 1.000000 0.000000 -0.866025 0.000000 -0.500000 -11.483325 2.899325 -6.629900 8.614350 0.889025 2.739425 3878.dat
9 0 -1.000000 0.000000 -0.000000 0.000000 1.000000 0.000000 0.000000 0.000000 -1.000000 0.000000 2.899325 -13.259800 8.614350 0.889025 2.739425 3878.dat
9 0 -0.500000 0.000000 -0.866025 0.000000 1.000000 0.000000 0.866025 0.000000 -0.500000 11.483325 2.899325 -6.629900 8.614350 0.889025 2.739400 3878.dat
9 0 0.500000 0.000000 -0.866025 0.000000 1.000000 0.000000 0.866025 0.000000 0.500000 11.483325 2.899325 6.629900 8.614350 0.889025 2.739425 3878.dat
9 0 1.000000 0.000000 0.000000 0.000000 1.000000 0.000000 0.000000 0.000000 1.000000 0.000000 2.899325 13.259800 8.614350 0.889025 2.739425 3878.dat
10 0 -20.000000 -4.875000 -20.000000 20.000000 16.375000 20.000000 3878.dat
2 22 1.000000 0.000000 0.000000 0.000000 1.000000 0.000000 0.000000 0.000000 1.000000 -10.000000 0.000000 10.000000 2 2 29:0:0,29:0:0,29:0:0,29:0:0,15:4:34,29:0:0,29:0:0,29:0:0,29:0:0, 3878.dat
