9 0 1.000000 0.000000 0.000000 0.000000 1.000000 0.000000 0.000000 0.000000 1.000000 0.000000 -11.774150 0.000000 15.897825 6.903700 15.897825 3898.dat
9 0 0.707107 0.000000 0.707107 0.000000 1.000000 0.000000 -0.707107 0.000000 0.707107 -9.254900 -3.445400 -9.533700 0.493425 8.438200 5.721000 3898.dat
9 0 -0.000000 0.000000 1.000000 0.000000 1.000000 0.000000 -1.000000 0.000000 -0.000000 0.205275 -3.909175 -13.625225 0.493425 7.952875 5.721000 3898.dat
9 0 -0.707107 0.000000 0.707107 0.000000 1.000000 0.000000 -0.707107 0.000000 -0.707107 9.560150 -3.423325 -9.279500 0.493425 8.438200 5.721000 3898.dat
9 0 -1.000000 0.000000 -0.000000 0.000000 1.000000 0.000000 0.000000 0.000000 -1.000000 12.889875 -3.225025 0.180675 0.493425 8.572300 5.721000 3898.dat
9 0 -0.707107 0.000000 -0.707107 0.000000 1.000000 0.000000 0.707107 0.000000 -0.707107 9.305950 -2.815575 9.535550 0.493425 8.910151 5.721000 3898.dat
9 0 -0.000000 0.000000 -1.000000 0.000000 1.000000 0.000000 1.000000 0.000000 -0.000000 -0.154225 -2.799325 13.662974 0.493425 8.910151 5.721000 3898.dat
9 0 0.707107 0.000000 -0.707107 0.000000 1.000000 0.000000 0.707107 0.000000 0.707107 -9.509100 -2.837950 9.281350 0.493425 8.910151 5.721000 3898.dat
9 0 1.000000 0.000000 0.000000 0.000000 1.000000 0.000000 0.000000 0.000000 1.000000 -13.617875 -3.198975 -0.178825 0.493425 8.572300 5.721000 3898.dat
10 0 -18.428574 -6.533250 -18.660250 18.682701 18.677851 18.441101 3898.dat
2 22 1.000000 0.000000 0.000000 0.000000 1.000000 0.000000 0.000000 0.000000 1.000000 -10.000000 0.000000 10.000000 2 2 29:0:0,29:0:0,29:0:0,29:0:0,15:4:33,29:0:0,29:0:0,29:0:0,29:0:0, 3898.dat
