9 0 0.000001 -0.000001 1.000000 -0.975477 0.220100 0.000001 -0.220100 -0.975477 -0.000000 12.786224 21.484501 0.000000 6.001050 0.882725 21.529774 3942b.dat
9 0 -0.707106 -0.000001 0.707108 -0.689768 0.220100 -0.689765 -0.155634 -0.975477 -0.155634 9.041225 21.484501 9.041225 6.001050 0.882725 21.529774 3942b.dat
9 0 -1.000000 -0.000000 -0.000000 0.000000 0.220101 -0.975477 0.000000 -0.975477 -0.220101 0.000000 21.484501 12.786224 6.001050 0.882725 21.529774 3942b.dat
9 0 -0.707107 -0.000000 -0.707107 0.689766 0.220101 -0.689767 0.155635 -0.975477 -0.155635 -9.041225 21.484501 9.041225 6.001050 0.882725 21.529774 3942b.dat
9 0 0.707107 -0.000000 0.707106 -0.689766 0.220101 0.689767 -0.155635 -0.975477 0.155635 9.041225 21.484501 -9.041225 6.001050 0.882725 21.529774 3942b.dat
9 0 1.000000 0.000000 0.000000 0.000000 0.220101 0.975477 0.000000 -0.975477 0.220101 0.000000 21.484501 -12.786201 6.001050 0.882725 21.529774 3942b.dat
9 0 0.707106 -0.000000 -0.707107 0.689767 0.220101 0.689766 0.155635 -0.975477 0.155635 -9.041225 21.484501 -9.041200 6.001050 0.882725 21.529774 3942b.dat
9 0 -0.000001 -0.000001 -1.000000 0.975477 0.220100 -0.000001 0.220100 -0.975477 0.000001 -12.786224 21.484501 0.000000 6.001050 0.882725 21.529774 3942b.dat
9 0 0.966066 0.000000 -0.258297 0.258297 0.000000 0.966066 0.000000 -1.000000 0.000000 -4.861025 45.774998 -18.140476 4.926375 0.285250 1.975000 3942b.dat
9 0 0.965786 0.000000 0.259340 -0.259340 -0.000000 0.965786 0.000000 -1.000000 -0.000000 4.860450 45.774998 -18.140625 4.926375 0.285250 1.975000 3942b.dat
9 0 0.258298 -0.000000 0.966065 -0.966065 -0.000000 0.258298 0.000000 -1.000000 -0.000000 18.140501 45.774998 -4.861025 4.926375 0.285250 1.975000 3942b.dat
9 0 -0.259341 0.000000 0.965786 -0.965786 0.000000 -0.259341 -0.000000 -1.000000 0.000000 18.140501 45.774998 4.860475 4.926375 0.285250 1.975000 3942b.dat
9 0 -0.966065 0.000000 0.258298 -0.258298 0.000000 -0.966065 0.000000 -1.000000 0.000000 4.861025 45.774998 18.140501 4.926375 0.285250 1.975000 3942b.dat
9 0 -0.965786 -0.000000 -0.259340 0.259340 0.000000 -0.965786 0.000000 -1.000000 0.000000 -4.860475 45.774998 18.140501 4.926375 0.285250 1.975000 3942b.dat
9 0 -0.258298 -0.000000 -0.966065 0.966065 0.000000 -0.258298 0.000000 -1.000000 0.000000 -18.140476 45.774998 4.861025 4.926375 0.285250 1.975000 3942b.dat
9 0 0.259341 0.000000 -0.965786 0.965786 0.000000 0.259341 0.000000 -1.000000 0.000000 -18.140625 45.774998 -4.860450 4.926375 0.285250 1.975000 3942b.dat
9 0 -0.000000 0.000000 -1.000000 1.000000 -0.000000 0.000000 -0.000000 -1.000000 -0.000000 -7.227975 31.157949 0.000000 4.396075 0.772025 16.592049 3942b.dat
9 0 1.000000 0.000000 0.000000 0.000000 -0.000000 1.000000 0.000000 -1.000000 -0.000000 0.000000 31.157949 -7.227975 4.396075 0.772025 16.592049 3942b.dat
9 0 -0.000000 -0.000000 1.000000 -1.000000 -0.000000 0.000000 0.000000 -1.000000 -0.000000 7.227974 31.157949 0.000000 4.396075 0.772025 16.592049 3942b.dat
9 0 -1.000000 -0.000000 -0.000000 0.000000 0.000000 -1.000000 0.000000 -1.000000 0.000000 0.000000 31.157949 7.227974 4.396075 0.772025 16.592049 3942b.dat
10 0 -10.000000 -0.048375 -30.000002 30.000002 52.450001 10.000000 3942b.dat
2 22 1.000000 0.000000 0.000000 0.000000 1.000000 0.000000 0.000000 0.000000 1.000000 -20.000000 48.000000 20.000002 4 4 29:0:1,22:2:1,22:2:1,22:2:1,29:0:1,22:2:1,15:4:0,23:4:1,15:4:0,22:2:1,22:2:1,23:4:1,7:4:2,23:4:1,22:2:1,22:2:1,15:4:0,23:4:1,15:4:0,22:2:1,29:0:1,22:2:1,22:2:1,22:2:1,29:0:1, 3942b.dat
0 4 0.000000 -0.000000 1.000000 0.000000 -1.000000 -0.000000 1.000000 0.000000 0.000000 0.000000 2.750000 0.000000 0 0 0.600000 0 0 3942b.dat
3 23 1.000000 0.000000 0.000000 0.000000 1.000000 0.000000 0.000000 0.000000 1.000000 -10.000000 0.000000 10.000000 2 2 29:0:0,29:0:0,29:0:0,29:0:0,3:4:38,29:0:0,29:0:0,29:0:0,29:0:0, 3942b.dat
0 6 1.000000 0.000000 0.000000 0.000000 -1.000000 -0.000000 0.000000 0.000000 -1.000000 0.000000 -4.450002 0.000000 0 0 0.287000 0 0 3942b.dat
6 137 1.000000 0.000000 0.000000 0.000000 1.000000 0.000000 0.000000 0.000000 1.000000 0.000000 48.000000 0.000000 0.000000 0.000000 0.000000 0.000000 1 3942b.dat
