9 0 -0.000000 0.000000 -1.000000 -0.000000 1.000000 -0.000000 1.000000 0.000000 0.000000 -0.031776 9.749800 -0.112000 2.424000 7.500175 2.471375 3959.dat
9 0 -0.000000 1.000000 0.000000 0.000000 -0.000000 1.000000 1.000000 0.000000 0.000000 -0.118424 0.016274 9.740974 2.364000 17.490976 2.490600 3959.dat
9 0 -0.000000 1.000000 0.000000 0.000000 -0.000000 1.000000 1.000000 0.000000 0.000000 -0.000001 0.000001 -8.624999 4.749100 0.375000 8.410775 3959.dat
9 0 1.000000 -0.000000 0.000000 0.000000 -0.000000 1.000000 0.000000 -1.000000 0.000000 -0.134701 -0.102174 -8.624999 4.749100 0.375000 8.410775 3959.dat
9 0 1.000000 -0.000000 0.000000 0.000000 -0.000000 1.000000 0.000000 -1.000000 0.000000 4.015123 4.015126 -14.624998 1.515125 3.875000 1.515125 3959.dat
9 0 1.000000 -0.000000 0.000000 0.000000 -0.000000 1.000000 0.000000 -1.000000 0.000000 4.015123 -4.015124 -14.624998 1.515125 3.875000 1.515125 3959.dat
9 0 1.000000 -0.000000 0.000000 0.000000 -0.000000 1.000000 0.000000 -1.000000 0.000000 -4.015126 -4.015124 -14.624998 1.515125 3.875000 1.515125 3959.dat
9 0 1.000000 -0.000000 0.000000 0.000000 -0.000000 1.000000 0.000000 -1.000000 0.000000 -4.015126 4.015126 -14.624998 1.515125 3.875000 1.515125 3959.dat
9 0 -0.000000 1.000000 0.000000 0.000000 -0.000000 1.000000 1.000000 0.000000 0.000000 -6.816901 0.000001 -16.009024 3.874250 7.740975 0.137500 3959.dat
9 0 0.866025 0.500000 0.000000 0.000000 -0.000000 1.000000 0.500000 -0.866025 0.000000 -3.408451 5.903601 -16.009024 3.874250 7.740975 0.137500 3959.dat
9 0 0.866025 -0.500000 0.000000 0.000000 -0.000000 1.000000 -0.500000 -0.866025 0.000000 3.408448 5.903626 -16.009024 3.874250 7.740975 0.137500 3959.dat
9 0 -0.000000 -1.000000 0.000000 0.000000 -0.000000 1.000000 -1.000000 0.000000 0.000000 6.816897 0.000001 -16.009024 3.874250 7.740975 0.137500 3959.dat
9 0 -0.866025 -0.500000 0.000000 0.000000 -0.000000 1.000000 -0.500000 0.866025 0.000000 3.408448 -5.903599 -16.009024 3.874250 7.740975 0.137500 3959.dat
9 0 -0.866025 0.500000 0.000000 0.000000 -0.000000 1.000000 0.500000 0.866025 0.000000 -3.408451 -5.903624 -16.009024 3.874250 7.740975 0.137500 3959.dat
10 0 -10.000000 -27.482000 -10.000000 17.500000 24.000000 10.000000 3959.dat
0 7 1.000000 -0.000000 0.000000 0.000000 -0.000000 1.000000 0.000000 -1.000000 0.000000 0.000002 -0.000002 27.481997 0 1 1.419280 0 0 3959.dat
0 7 1.000000 0.000000 0.000000 -0.000000 1.000000 -0.000000 0.000000 -0.000000 1.000000 -0.000001 17.500000 0.000000 0 1 0.540000 0 0 3959.dat
2 22 -0.000000 1.000000 0.000000 0.000000 -0.000000 1.000000 1.000000 0.000000 0.000000 10.000002 -10.000001 27.481997 2 2 29:0:0,29:0:0,29:0:0,29:0:0,9:4:32,29:0:0,29:0:0,29:0:0,29:0:0, 3959.dat
2 22 -0.000000 0.000000 -1.000000 -0.000000 1.000000 -0.000000 1.000000 0.000000 0.000000 9.999999 17.500000 9.999999 2 2 29:0:0,29:0:0,29:0:0,29:0:0,9:4:32,29:0:0,29:0:0,29:0:0,29:0:0, 3959.dat
2 22 -0.000000 1.000000 0.000000 -0.000000 0.000000 -1.000000 -1.000000 -0.000000 0.000000 -10.000001 -9.999999 -23.999998 2 2 29:0:0,29:0:0,29:0:0,29:0:0,5:4:34,29:0:0,29:0:0,29:0:0,29:0:0, 3959.dat
0 4 -0.000000 1.000000 0.000000 0.000000 -0.000000 1.000000 1.000000 0.000000 0.000000 -0.000001 0.000001 -10.499999 1 0 0.330000 0 0 3959.dat
