9 0 -1.000000 -0.000000 -0.000000 0.000000 0.000000 -1.000000 0.000000 -1.000000 0.000000 0.000000 4.017075 14.458174 22.416349 7.958175 3.732925 3961.dat
9 0 -0.000000 0.000000 -1.000000 1.000000 -0.000000 0.000000 -0.000000 -1.000000 -0.000000 -14.458175 4.017075 0.000000 22.416349 7.958175 3.732925 3961.dat
9 0 1.000000 0.000000 0.000000 0.000000 -0.000000 1.000000 0.000000 -1.000000 -0.000000 0.000000 4.017075 -14.458175 22.416349 7.958175 3.732925 3961.dat
9 0 -0.000000 -0.000000 1.000000 -1.000000 -0.000000 0.000000 0.000000 -1.000000 -0.000000 14.458174 4.017075 0.000000 22.416349 7.958175 3.732925 3961.dat
9 0 1.000000 0.000000 0.000000 0.000000 0.958445 -0.285277 0.000000 0.285277 0.958445 0.000000 10.066700 50.641243 16.841400 0.627200 28.028751 3961.dat
9 0 0.866025 -0.000000 0.500000 0.142639 0.958445 -0.247057 -0.479222 0.285277 0.830038 -25.320574 10.066700 43.856499 16.841400 0.627200 28.028751 3961.dat
9 0 0.500000 -0.000000 0.866025 0.247057 0.958445 -0.142638 -0.830038 0.285277 0.479223 -43.856499 10.066700 25.320499 16.841400 0.627200 28.028751 3961.dat
9 0 0.000000 0.000000 1.000000 0.285276 0.958445 -0.000000 -0.958445 0.285276 0.000000 -50.641251 10.066700 0.000000 16.841400 0.627200 28.028751 3961.dat
9 0 -0.500000 0.000001 0.866025 0.247057 0.958445 0.142638 -0.830038 0.285277 -0.479223 -43.856499 10.066700 -25.320574 16.841400 0.627200 28.028751 3961.dat
9 0 -0.866025 -0.000001 0.500000 0.142637 0.958445 0.247056 -0.479223 0.285276 -0.830038 -25.320574 10.066700 -43.856499 16.841400 0.627200 28.028751 3961.dat
9 0 -1.000000 0.000000 -0.000000 -0.000000 0.958445 0.285277 0.000000 0.285277 -0.958445 0.000000 10.066700 -50.641251 16.841400 0.627200 28.028751 3961.dat
9 0 -0.866025 0.000001 -0.500000 -0.142637 0.958445 0.247056 0.479223 0.285276 -0.830038 25.320499 10.066700 -43.856499 16.841400 0.627200 28.028751 3961.dat
9 0 -0.500000 -0.000001 -0.866025 -0.247057 0.958445 0.142638 0.830038 0.285277 -0.479223 43.856499 10.066700 -25.320574 16.841400 0.627200 28.028751 3961.dat
9 0 0.000000 -0.000000 -1.000000 -0.285276 0.958445 -0.000000 0.958445 0.285276 0.000000 50.641243 10.066700 0.000000 16.841400 0.627200 28.028751 3961.dat
9 0 0.500000 0.000000 -0.866025 -0.247057 0.958445 -0.142638 0.830038 0.285277 0.479223 43.856499 10.066700 25.320499 16.841400 0.627200 28.028751 3961.dat
9 0 0.866025 0.000000 -0.500000 -0.142639 0.958445 -0.247057 0.479222 0.285277 0.830038 25.320499 10.066700 43.856499 16.841400 0.627200 28.028751 3961.dat
9 0 -0.965926 0.000000 -0.258819 0.000000 1.000000 0.000000 0.258819 0.000000 -0.965926 20.065502 21.742575 -74.885750 16.841400 2.007425 0.500850 3961.dat
9 0 -0.707107 0.000000 -0.707107 0.000000 1.000000 0.000000 0.707107 0.000000 -0.707107 54.819996 21.742575 -54.820000 16.841400 2.007425 0.500850 3961.dat
9 0 -0.258819 0.000000 -0.965926 0.000000 1.000000 0.000000 0.965926 0.000000 -0.258819 74.885750 21.742575 -20.065550 16.841425 2.007425 0.500850 3961.dat
9 0 0.258819 0.000000 -0.965926 0.000000 1.000000 0.000000 0.965926 0.000000 0.258819 74.885750 21.742575 20.065502 16.841400 2.007425 0.500850 3961.dat
9 0 0.707107 0.000000 -0.707107 0.000000 1.000000 0.000000 0.707107 0.000000 0.707107 54.819996 21.742575 54.819996 16.841400 2.007425 0.500850 3961.dat
9 0 0.965926 0.000000 -0.258819 0.000000 1.000000 0.000000 0.258819 0.000000 0.965926 20.065502 21.742575 74.885750 16.841425 2.007425 0.500850 3961.dat
9 0 0.965926 0.000000 0.258819 0.000000 1.000000 0.000000 -0.258819 0.000000 0.965926 -20.065550 21.732750 74.885750 16.841400 2.007425 0.500850 3961.dat
9 0 0.707107 0.000000 0.707107 0.000000 1.000000 0.000000 -0.707107 0.000000 0.707107 -54.820000 21.732750 54.819996 16.841400 2.007425 0.500850 3961.dat
9 0 0.258819 0.000000 0.965926 0.000000 1.000000 0.000000 -0.965926 0.000000 0.258819 -74.885750 21.732750 20.065502 16.841425 2.007425 0.500850 3961.dat
9 0 -0.258819 0.000000 0.965926 0.000000 1.000000 0.000000 -0.965926 0.000000 -0.258819 -74.885750 21.732750 -20.065550 16.841400 2.007425 0.500850 3961.dat
9 0 -0.707107 0.000000 0.707107 0.000000 1.000000 0.000000 -0.707107 0.000000 -0.707107 -54.820000 21.732750 -54.820000 16.841400 2.007425 0.500850 3961.dat
9 0 -0.965926 0.000000 0.258819 0.000000 1.000000 0.000000 -0.258819 0.000000 -0.965926 -20.065550 21.732750 -74.885750 16.841425 2.007425 0.500850 3961.dat
10 0 -70.009247 -16.000000 -90.009247 90.009247 12.450000 70.009247 3961.dat
3 23 1.000000 0.000000 0.000000 0.000000 1.000000 0.000000 0.000000 0.000000 1.000000 -20.000000 0.000000 20.000002 4 4 18:1:1,23:4:1,18:2:1,23:4:1,18:1:1,23:4:1,0:4:1,23:4:1,0:4:1,23:4:1,18:2:1,23:4:1,18:4:0,23:4:1,18:2:1,23:4:1,0:4:1,23:4:1,0:4:1,23:4:1,18:1:1,23:4:1,18:2:1,23:4:1,18:1:1, 3961.dat
2 22 1.000000 0.000000 0.000000 0.000000 1.000000 0.000000 0.000000 0.000000 1.000000 -20.000000 8.000000 20.000002 4 4 29:0:1,22:2:1,22:2:1,22:2:1,29:0:1,22:2:1,15:4:1,23:4:1,15:4:1,22:2:1,22:2:1,23:4:1,7:4:0,23:4:1,22:2:1,22:2:1,15:4:1,23:4:1,15:4:1,22:2:1,29:0:1,22:2:1,22:2:1,22:2:1,29:0:1, 3961.dat
0 8 0.000000 0.000000 -1.000000 -0.000000 -1.000000 -0.000000 -1.000000 0.000000 0.000000 0.000000 0.009850 0.000000 0 0 0.320000 0 0 3961.dat
6 28 0.000000 0.000000 -1.000000 -0.000000 -1.000000 -0.000000 -1.000000 0.000000 0.000000 0.000000 4.009850 0.000000 0.000000 0.000000 0.000000 0.000000 0 3961.dat
