9 0 0.000000 0.000000 1.000000 0.000000 1.000000 0.000000 -1.000000 0.000000 0.000000 0.000000 19.354225 0.000000 2.575875 22.895750 2.575875 4006.dat
9 0 0.000000 -0.291743 0.956497 0.000000 0.956497 0.291743 -1.000000 0.000000 0.000000 -0.000001 -14.243251 -3.985525 2.653250 12.157125 2.575875 4006.dat
9 0 0.000000 0.534974 0.844868 -0.000000 0.844868 -0.534974 -1.000000 0.000000 0.000000 -0.000002 -27.521748 -5.970175 2.403450 5.153525 3.750000 4006.dat
9 0 0.000000 -0.980978 0.194121 0.000000 0.194121 0.980978 -1.000000 0.000000 0.000000 0.000000 -12.320251 0.722200 5.845425 4.153775 2.575875 4006.dat
9 0 0.000000 -0.813759 0.581202 0.000000 0.581202 0.813759 -1.000000 0.000000 0.000000 0.000001 -13.265997 4.461250 9.181951 1.665775 3.750000 4006.dat
10 0 -11.158450 0.000000 -4.000000 11.153350 75.661499 4.000000 4006.dat
0 7 -1.000000 0.000000 0.000000 0.000000 1.000000 0.000000 -0.000000 0.000000 -1.000000 0.000000 23.359426 0.000000 0 1 0.954377 0 0 4006.dat
2 22 0.000000 0.000000 1.000000 1.000000 -0.000000 -0.000000 0.000000 1.000000 -0.000000 3.999998 -14.546001 -7.454052 2 2 29:0:0,29:0:0,29:0:0,29:0:0,15:4:32,29:0:0,29:0:0,29:0:0,29:0:0, 4006.dat
2 22 -0.000000 0.000000 -1.000000 -1.000000 0.000000 0.000000 0.000000 1.000000 0.000000 -3.999996 -14.546001 12.545952 2 2 29:0:0,29:0:0,29:0:0,29:0:0,15:4:32,29:0:0,29:0:0,29:0:0,29:0:0, 4006.dat
