9 0 1.000000 0.000000 0.000000 0.000000 1.000000 0.000000 0.000000 0.000000 1.000000 0.000000 -17.900375 -0.375000 0.897350 3.650400 4.375000 4019.dat
9 0 0.923880 0.382683 0.000000 -0.382683 0.923880 0.000000 0.000000 0.000000 1.000000 6.850175 -16.537800 -0.375000 0.897350 3.650375 4.375000 4019.dat
9 0 0.707107 0.707107 0.000000 -0.707107 0.707107 0.000000 0.000000 0.000000 1.000000 12.657475 -12.657475 -0.375000 0.897350 3.650375 4.375000 4019.dat
9 0 0.382684 0.923880 0.000000 -0.923880 0.382684 0.000000 0.000000 0.000000 1.000000 16.537800 -6.850175 -0.375000 0.897350 3.650375 4.375000 4019.dat
9 0 -0.000000 1.000000 0.000000 -1.000000 -0.000000 0.000000 0.000000 0.000000 1.000000 17.900375 0.000000 -0.375000 0.897350 3.650400 4.375000 4019.dat
9 0 -0.382683 0.923880 0.000000 -0.923880 -0.382683 0.000000 0.000000 0.000000 1.000000 16.537800 6.850175 -0.375000 0.897350 3.650375 4.375000 4019.dat
9 0 -0.707107 0.707107 0.000000 -0.707107 -0.707107 0.000000 0.000000 0.000000 1.000000 12.657475 12.657475 -0.375000 0.897350 3.650375 4.375000 4019.dat
9 0 -0.923880 0.382683 0.000000 -0.382683 -0.923880 0.000000 0.000000 0.000000 1.000000 6.850175 16.537800 -0.375000 0.897350 3.650375 4.375000 4019.dat
9 0 -1.000000 0.000000 0.000000 -0.000000 -1.000000 0.000000 0.000000 0.000000 1.000000 0.000000 17.900375 -0.375000 0.897350 3.650400 4.375000 4019.dat
9 0 -0.923880 -0.382683 0.000000 0.382683 -0.923880 0.000000 0.000000 0.000000 1.000000 -6.850175 16.537800 -0.375000 0.897350 3.650375 4.375000 4019.dat
9 0 -0.707107 -0.707107 0.000000 0.707107 -0.707107 0.000000 0.000000 0.000000 1.000000 -12.657475 12.657475 -0.375000 0.897350 3.650375 4.375000 4019.dat
9 0 -0.382683 -0.923880 0.000000 0.923880 -0.382683 0.000000 0.000000 0.000000 1.000000 -16.537800 6.850175 -0.375000 0.897350 3.650375 4.375000 4019.dat
9 0 -0.000000 -1.000000 0.000000 1.000000 -0.000000 0.000000 0.000000 0.000000 1.000000 -17.900375 0.000000 -0.375000 0.897350 3.650400 4.375000 4019.dat
9 0 0.382684 -0.923880 0.000000 0.923880 0.382684 0.000000 0.000000 0.000000 1.000000 -16.537800 -6.850175 -0.375000 0.897350 3.650375 4.375000 4019.dat
9 0 0.707107 -0.707107 0.000000 0.707107 0.707107 0.000000 0.000000 0.000000 1.000000 -12.657475 -12.657475 -0.375000 0.897350 3.650375 4.375000 4019.dat
9 0 0.923880 -0.382683 0.000000 0.382683 0.923880 0.000000 0.000000 0.000000 1.000000 -6.850175 -16.537800 -0.375000 0.897350 3.650375 4.375000 4019.dat
9 0 1.000000 0.000000 0.000000 0.000000 1.000000 0.000000 0.000000 0.000000 1.000000 4.319225 -4.250275 -0.375000 1.694225 1.975275 9.375000 4019.dat
9 0 0.707107 -0.707107 0.000000 0.707107 0.707107 0.000000 0.000000 0.000000 1.000000 5.559800 -5.559800 -0.375000 0.898600 2.588625 9.375000 4019.dat
9 0 -0.000000 -1.000000 0.000000 1.000000 -0.000000 0.000000 0.000000 0.000000 1.000000 -4.250275 -4.319225 -0.375000 1.694225 1.975275 9.375000 4019.dat
9 0 -0.707107 -0.707107 0.000000 0.707107 -0.707107 0.000000 0.000000 0.000000 1.000000 -5.559800 -5.559800 -0.375000 0.898600 2.588625 9.375000 4019.dat
9 0 -1.000000 0.000000 0.000000 -0.000000 -1.000000 0.000000 0.000000 0.000000 1.000000 -4.319225 4.250275 -0.375000 1.694225 1.975275 9.375000 4019.dat
9 0 -0.707107 0.707107 0.000000 -0.707107 -0.707107 0.000000 0.000000 0.000000 1.000000 -5.559800 5.559800 -0.375000 0.898600 2.588625 9.375000 4019.dat
9 0 -0.000000 1.000000 0.000000 -1.000000 -0.000000 0.000000 0.000000 0.000000 1.000000 4.250275 4.319225 -0.375000 1.694225 1.975275 9.375000 4019.dat
9 0 0.707107 0.707107 0.000000 -0.707107 0.707107 0.000000 0.000000 0.000000 1.000000 5.559800 5.559800 -0.375000 0.898600 2.588625 9.375000 4019.dat
10 0 -21.800774 -21.800774 -19.250000 21.800774 21.800774 0.000000 4019.dat
0 4 -0.000000 1.000000 -0.000000 0.000000 -0.000000 -1.000000 -1.000000 0.000000 -0.000000 0.000000 0.000000 -10.000000 0 0 0.770000 0 0 4019.dat
5 3 1.000000 0.000000 0.000000 0.000000 1.000000 0.000000 0.000000 0.000000 1.000000 0.000000 0.000000 4.625000 0.8 16 4019.dat
