9 0 1.000000 0.000000 0.000000 0.000000 1.000000 0.000000 0.000000 0.000000 1.000000 -0.232075 7.443600 15.890776 9.367325 11.841100 2.506250 40235.dat
9 0 0.555570 0.000000 -0.831470 0.000000 1.000000 0.000000 0.831470 0.000000 0.555570 11.497375 6.507100 7.661600 5.305675 10.904600 0.938675 40235.dat
9 0 -0.555570 0.000000 -0.831470 0.000000 1.000000 0.000000 0.831470 0.000000 -0.555570 11.482326 3.866575 -7.684150 2.949875 8.264075 0.938675 40235.dat
9 0 -0.831470 0.000000 -0.555570 0.000000 1.000000 0.000000 0.555570 0.000000 -0.831470 7.669425 1.337400 -11.492150 2.269575 5.734900 0.938675 40235.dat
9 0 -1.000000 0.000000 -0.000000 0.000000 1.000000 0.000000 0.000000 0.000000 -1.000000 -0.020525 0.599550 -13.816275 6.374025 2.222050 0.938675 40235.dat
9 0 -0.831470 0.000000 0.555570 0.000000 1.000000 0.000000 -0.555570 0.000000 -0.831470 -7.682400 1.337400 -11.483475 2.269575 5.734900 0.938675 40235.dat
9 0 -0.555570 0.000000 0.831470 0.000000 1.000000 0.000000 -0.831470 0.000000 -0.555570 -11.493325 3.866575 -7.667675 2.949050 8.264075 0.938675 40235.dat
9 0 0.555570 0.000000 0.831470 0.000000 1.000000 0.000000 -0.831470 0.000000 0.555570 -11.478250 6.507100 7.690225 5.304900 10.904600 0.938675 40235.dat
9 0 1.000000 0.000000 0.000000 0.000000 1.000000 0.000000 0.000000 0.000000 1.000000 -0.658475 -9.732500 0.552350 14.626326 3.885000 13.206201 40235.dat
9 0 -0.000000 1.000000 0.000000 -1.000000 -0.000000 0.000000 0.000000 0.000000 1.000000 15.411575 3.998975 0.298300 9.685625 2.065650 7.022475 40235.dat
9 0 -0.000000 1.000000 0.000000 -1.000000 -0.000000 0.000000 0.000000 0.000000 1.000000 -15.517751 3.998975 0.298300 9.685625 2.065650 7.022475 40235.dat
10 0 -22.441175 -20.457500 -22.404076 20.826275 18.410000 18.005449 40235.dat
2 22 1.000000 0.000000 0.000000 0.000000 1.000000 0.000000 0.000000 0.000000 1.000000 -10.000000 0.000000 10.000000 2 2 29:0:0,29:0:0,29:0:0,29:0:0,5:4:33,29:0:0,29:0:0,29:0:0,29:0:0, 40235.dat
0 14 -0.000000 -1.000000 -0.000000 -0.000000 -0.000000 1.000000 -1.000000 0.000000 -0.000000 0.010975 -3.741425 -8.250000 1 0 0.377173 0 0 40235.dat
