9 0 1.000000 0.000000 0.000000 0.000000 1.000000 0.000000 0.000000 0.000000 1.000000 19.562500 -9.484002 0.048000 13.124999 14.125000 1.625000 40241.dat
9 0 1.000000 0.000000 0.000000 0.000000 1.000000 0.000000 0.000000 0.000000 1.000000 3.048275 52.896797 0.048000 2.827325 4.160025 1.625000 40241.dat
9 0 1.000000 0.000000 0.000000 0.000000 1.000000 0.000000 0.000000 0.000000 1.000000 3.061525 39.324551 0.048000 2.826750 4.363425 1.625000 40241.dat
9 0 1.000000 0.000000 0.000000 0.000000 1.000000 0.000000 0.000000 0.000000 1.000000 3.075825 -4.537251 0.048000 2.849750 4.083500 1.625000 40241.dat
9 0 1.000000 0.000000 0.000000 0.000000 1.000000 0.000000 0.000000 0.000000 1.000000 3.112900 8.659500 0.048000 2.846850 4.350350 1.625000 40241.dat
9 0 1.000000 0.000000 0.000000 0.000000 1.000000 0.000000 0.000000 0.000000 1.000000 84.204750 7.173500 0.048000 9.207775 30.972498 1.625000 40241.dat
9 0 1.000000 0.000000 0.000000 0.000000 1.000000 0.000000 0.000000 0.000000 1.000000 49.893997 53.112251 0.048000 43.518497 14.466249 1.625000 40241.dat
9 0 1.000000 0.000000 0.000000 0.000000 1.000000 0.000000 0.000000 0.000000 1.000000 49.936001 9.513500 0.048000 43.476250 4.372450 1.625000 40241.dat
9 0 1.000000 0.000000 0.000000 0.000000 1.000000 0.000000 0.000000 0.000000 1.000000 49.937500 -56.469250 0.048000 11.072075 9.399426 1.625000 40241.dat
9 0 0.837627 -0.546243 0.000000 0.546243 0.837627 0.000000 0.000000 0.000000 1.000000 32.953751 -51.276253 0.048000 11.799100 9.438100 1.625000 40241.dat
9 0 0.312591 -0.949888 0.000000 0.949888 0.312591 0.000000 0.000000 0.000000 1.000000 22.398026 -34.940002 0.048000 11.799100 11.316650 1.625000 40241.dat
9 0 0.810140 0.586236 0.000000 -0.586236 0.810140 0.000000 0.000000 0.000000 1.000000 66.909500 -51.142754 0.048000 11.799100 9.344600 1.625000 40241.dat
9 0 0.269510 0.962998 0.000000 -0.962998 0.269510 0.000000 0.000000 0.000000 1.000000 77.297249 -34.779747 0.048000 11.799100 11.024651 1.625000 40241.dat
9 0 1.000000 0.000000 0.000000 0.000000 1.000000 0.000000 0.000000 0.000000 1.000000 79.567245 -15.145000 0.048000 12.379800 19.786026 1.625000 40241.dat
9 0 1.000000 0.000000 0.000000 0.000000 1.000000 0.000000 0.000000 0.000000 1.000000 35.797501 26.265949 0.048000 29.359999 11.880050 1.625000 40241.dat
9 0 1.000000 0.000000 0.000000 0.000000 1.000000 0.000000 0.000000 0.000000 1.000000 32.750000 -11.359003 4.165749 2.562500 19.750000 0.632250 40241.dat
9 0 1.000000 0.000000 0.000000 0.000000 1.000000 0.000000 0.000000 0.000000 1.000000 67.125000 -11.359003 4.165749 2.562500 19.750000 0.632250 40241.dat
9 0 1.000000 0.000000 0.000000 0.000000 1.000000 0.000000 0.000000 0.000000 1.000000 49.937500 5.978498 -3.334251 19.750000 2.412500 1.367750 40241.dat
10 0 -2.500000 -19.828501 6.002000 93.662498 115.609001 19.902000 40241.dat
6 77 1.000000 0.000000 0.000000 0.000000 1.000000 0.000000 0.000000 0.000000 1.000000 0.000000 23.937998 0.048000 0.000000 0.000000 0.000000 0.000000 0 40241.dat
6 44 -0.000000 1.000000 0.000000 -1.000000 -0.000000 0.000000 0.000000 0.000000 1.000000 49.937500 -28.358999 0.783499 0.000000 0.000000 0.000000 0.000000 0 40241.dat
3 23 -1.000000 -0.000000 -0.000000 0.000000 0.000000 -1.000000 0.000000 -1.000000 0.000000 79.937500 8.640999 2.547999 2 2 29:0:0,29:0:0,29:0:0,29:0:0,1:4:41,29:0:0,29:0:0,29:0:0,29:0:0, 40241.dat
0 6 -0.000000 1.000000 -0.000000 0.000000 -0.000000 -1.000000 -1.000000 0.000000 -0.000000 69.937500 18.640999 -6.902000 0 0 0.556000 0 0 40241.dat
3 23 1.000000 0.000000 0.000000 0.000000 -0.000000 1.000000 0.000000 -1.000000 -0.000000 59.937500 8.640999 -2.452001 2 2 29:0:0,29:0:0,29:0:0,29:0:0,1:4:41,29:0:0,29:0:0,29:0:0,29:0:0, 40241.dat
