9 0 0.965614 0.000000 0.259979 0.000000 1.000000 0.000000 -0.259979 0.000000 0.965614 -16.807184 8.000000 -4.649732 0.158750 7.750000 9.766100 40243.dat
9 0 0.257659 0.000000 0.966236 0.000000 1.000000 0.000000 -0.966236 0.000000 0.257659 -4.809994 8.000000 -16.618160 0.158750 7.750000 9.766100 40243.dat
9 0 -0.707955 0.000000 0.706257 0.000000 1.000000 0.000000 -0.706257 0.000000 -0.707955 11.553548 8.000000 -12.212500 0.158750 7.750000 9.766100 40243.dat
9 0 -0.965614 0.000000 -0.259979 0.000000 1.000000 0.000000 0.259979 0.000000 -0.965614 15.919900 8.000000 4.161591 0.158750 7.750000 9.766100 40243.dat
9 0 -0.257659 0.000000 -0.966236 0.000000 1.000000 0.000000 0.966236 0.000000 -0.257659 3.922717 8.000000 16.129993 0.158750 7.750000 9.766100 40243.dat
9 0 0.707955 0.000000 -0.706257 0.000000 1.000000 0.000000 0.706257 0.000000 0.707955 -12.440826 8.000000 11.724334 0.158750 7.750000 9.766100 40243.dat
9 0 0.865424 0.000000 0.501039 0.000000 1.000000 0.000000 -0.501039 0.000000 0.865424 53.313957 8.000000 29.155033 41.101501 7.750000 1.240300 40243.dat
9 0 0.999999 0.000000 0.001201 0.000000 1.000000 0.000000 -0.001201 0.000000 0.999999 60.807777 8.000000 1.321441 41.101501 7.750000 1.240300 40243.dat
9 0 0.866625 0.000000 -0.498960 0.000000 1.000000 0.000000 0.498960 0.000000 0.866625 -13.188544 2.125000 6.857522 0.340600 4.625000 4.235000 40243.dat
9 0 0.498960 0.000000 0.866625 0.000000 1.000000 0.000000 -0.866625 0.000000 0.498960 -7.900158 2.125000 -12.784645 0.340600 4.625000 4.235000 40243.dat
9 0 0.498960 0.000000 0.866625 0.000000 1.000000 0.000000 -0.866625 0.000000 0.498960 -5.801182 9.875000 -9.549385 0.487425 5.875000 5.842475 40243.dat
9 0 0.965614 0.000000 0.259979 0.000000 1.000000 0.000000 -0.259979 0.000000 0.965614 -14.686453 9.875000 -4.078754 4.500000 5.875000 0.659475 40243.dat
9 0 -0.866625 0.000000 0.498960 0.000000 1.000000 0.000000 -0.498960 0.000000 -0.866625 8.861673 9.875000 -5.601610 0.487425 5.875000 5.842475 40243.dat
9 0 -0.189140 0.000000 0.981950 0.000000 1.000000 0.000000 -0.981950 0.000000 -0.189140 2.346180 9.875000 -14.727834 4.500000 5.875000 0.659475 40243.dat
9 0 -0.498960 0.000000 -0.866625 0.000000 1.000000 0.000000 0.866625 0.000000 -0.498960 4.913898 9.875000 9.061244 0.487425 5.875000 5.842475 40243.dat
9 0 0.329443 0.000000 -0.944175 0.000000 1.000000 0.000000 0.944175 0.000000 0.329443 -5.302922 9.875000 13.682520 4.500000 5.875000 0.659475 40243.dat
9 0 0.866625 0.000000 -0.498960 0.000000 1.000000 0.000000 0.498960 0.000000 0.866625 -9.748957 9.875000 5.113469 0.487425 5.875000 5.842475 40243.dat
9 0 0.965614 0.000000 0.259979 0.000000 1.000000 0.000000 -0.259979 0.000000 0.965614 76.482513 1.500000 20.467251 22.507025 1.250000 13.981800 40243.dat
9 0 0.865424 0.000000 0.501039 0.000000 1.000000 0.000000 -0.501039 0.000000 0.865424 59.130127 1.500000 25.688696 37.536999 1.250000 7.154275 40243.dat
9 0 0.999999 0.000000 0.001201 0.000000 1.000000 0.000000 -0.001201 0.000000 0.999999 63.464745 1.500000 6.973443 38.141998 1.250000 6.889075 40243.dat
9 0 0.992131 0.000000 0.125200 0.000000 1.000000 0.000000 -0.125200 0.000000 0.992131 100.027504 8.000000 13.703653 0.504025 7.750000 13.295850 40243.dat
9 0 0.920878 0.000000 0.389851 0.000000 1.000000 0.000000 -0.389851 0.000000 0.920878 93.448898 8.000000 38.137997 0.504025 7.750000 13.295850 40243.dat
10 0 -9.921825 8.000000 -36.794998 113.527504 26.750002 16.794901 40243.dat
8 32 0.259979 0.000000 -0.965614 0.000000 1.000000 0.000000 0.965614 0.000000 0.259979 -0.443642 16.000000 -0.244071 0 0 0.640000 1 40243.dat
6 187 0.965614 0.000000 0.259979 0.000000 1.000000 0.000000 -0.259979 0.000000 0.965614 -0.443642 0.000000 -0.244071 0.000000 0.000000 0.000000 0.000000 1 40243.dat
6 186 0.965614 0.000000 0.259979 0.000000 1.000000 0.000000 -0.259979 0.000000 0.965614 -0.443642 16.000000 -0.244071 0.000000 0.000000 0.000000 0.000000 1 40243.dat
6 400 0.965614 0.000000 0.259979 0.000000 1.000000 0.000000 -0.259979 0.000000 0.965614 -0.443642 8.000000 -0.244071 0.000000 0.000000 0.000000 0.000000 0 40243.dat
