9 0 1.000000 0.000000 0.000000 0.000000 1.000000 0.000000 0.000000 0.000000 1.000000 0.000000 -3.561375 0.000000 11.000000 2.492925 11.000000 40240.dat
9 0 1.000000 0.000000 0.000000 0.000000 1.000000 0.000000 0.000000 0.000000 1.000000 13.698900 4.283450 0.000000 0.948900 4.851925 5.139350 40240.dat
9 0 0.707107 0.000000 0.707107 0.000000 1.000000 0.000000 -0.707107 0.000000 0.707107 9.686600 7.945200 9.686600 0.948900 8.513675 5.139350 40240.dat
9 0 -0.000000 0.000000 1.000000 0.000000 1.000000 0.000000 -1.000000 0.000000 -0.000000 0.000000 8.232350 13.698900 0.948900 8.800825 5.139350 40240.dat
9 0 -0.707107 0.000000 0.707107 0.000000 1.000000 0.000000 -0.707107 0.000000 -0.707107 -9.686600 7.945200 9.686600 0.948900 8.513675 5.139350 40240.dat
9 0 -1.000000 0.000000 -0.000000 0.000000 1.000000 0.000000 0.000000 0.000000 -1.000000 -13.698900 4.283450 0.000000 0.948900 4.851925 5.139350 40240.dat
9 0 -0.707107 0.000000 -0.707107 0.000000 1.000000 0.000000 0.707107 0.000000 -0.707107 -9.686600 2.705150 -9.686600 0.948900 3.273625 5.139350 40240.dat
9 0 0.707107 0.000000 -0.707107 0.000000 1.000000 0.000000 0.707107 0.000000 0.707107 9.686600 2.705150 -9.686600 0.948900 3.273625 5.139350 40240.dat
10 0 -17.478550 -18.253750 -18.770000 17.428326 10.851250 15.945000 40240.dat
2 22 1.000000 0.000000 0.000000 0.000000 1.000000 0.000000 0.000000 0.000000 1.000000 -10.000000 0.000000 10.000000 2 2 29:0:0,29:0:0,29:0:0,29:0:0,5:4:33,29:0:0,29:0:0,29:0:0,29:0:0, 40240.dat
