9 0 1.000000 0.000000 0.000000 0.000000 -0.000000 1.000000 0.000000 -1.000000 -0.000000 0.000000 3.946700 7.205800 1.885250 0.513075 3.696700 4032a.dat
9 0 1.000000 0.000000 0.000000 0.000000 -0.000000 1.000000 0.000000 -1.000000 -0.000000 0.000000 3.946700 -7.205800 1.885250 0.513075 3.696700 4032a.dat
9 0 -0.000000 0.000000 -1.000000 1.000000 -0.000000 0.000000 -0.000000 -1.000000 -0.000000 7.205800 3.946700 0.000000 1.885250 0.513075 3.696700 4032a.dat
9 0 -0.000000 0.000000 -1.000000 1.000000 -0.000000 0.000000 -0.000000 -1.000000 -0.000000 -7.205800 3.946700 0.000000 1.885250 0.513075 3.696700 4032a.dat
9 0 0.966066 0.000000 -0.258297 0.258297 0.000000 0.966066 0.000000 -1.000000 0.000000 -4.861025 4.000000 -18.140476 4.926375 0.285250 3.750000 4032a.dat
9 0 0.965786 0.000000 0.259340 -0.259340 -0.000000 0.965786 0.000000 -1.000000 -0.000000 4.860450 4.000000 -18.140625 4.926375 0.285250 3.750000 4032a.dat
9 0 0.258298 -0.000000 0.966065 -0.966065 -0.000000 0.258298 0.000000 -1.000000 -0.000000 18.140501 4.000000 -4.861025 4.926375 0.285250 3.750000 4032a.dat
9 0 -0.259341 0.000000 0.965786 -0.965786 0.000000 -0.259341 -0.000000 -1.000000 0.000000 18.140501 4.000000 4.860475 4.926375 0.285250 3.750000 4032a.dat
9 0 -0.966065 0.000000 0.258298 -0.258298 0.000000 -0.966065 0.000000 -1.000000 0.000000 4.861025 4.000000 18.140501 4.926375 0.285250 3.750000 4032a.dat
9 0 -0.965786 -0.000000 -0.259340 0.259340 0.000000 -0.965786 0.000000 -1.000000 0.000000 -4.860475 4.000000 18.140501 4.926375 0.285250 3.750000 4032a.dat
9 0 -0.258298 -0.000000 -0.966065 0.966065 0.000000 -0.258298 0.000000 -1.000000 0.000000 -18.140476 4.000000 4.861025 4.926375 0.285250 3.750000 4032a.dat
9 0 0.259341 0.000000 -0.965786 0.965786 0.000000 0.259341 0.000000 -1.000000 0.000000 -18.140625 4.000000 -4.860475 4.926375 0.285250 3.750000 4032a.dat
9 0 0.707107 0.000000 -0.707107 0.000000 1.000000 0.000000 0.707107 0.000000 0.707107 -8.497350 1.775000 8.497349 5.192075 1.525000 8.014750 4032a.dat
9 0 0.707107 0.000000 0.707107 0.000000 1.000000 0.000000 -0.707107 0.000000 0.707107 -8.497350 1.775000 -8.497350 5.192075 1.525000 8.014750 4032a.dat
9 0 -0.707107 0.000000 0.707107 0.000000 1.000000 0.000000 -0.707107 0.000000 -0.707107 8.497349 1.775000 -8.497350 5.192075 1.525000 8.014750 4032a.dat
9 0 -0.707107 0.000000 -0.707107 0.000000 1.000000 0.000000 0.707107 0.000000 -0.707107 8.497349 1.775000 8.497349 5.192075 1.525000 8.014750 4032a.dat
9 0 1.000000 0.000000 0.000000 0.000000 1.000000 0.000000 0.000000 0.000000 1.000000 -4.156250 1.370000 -4.156250 1.218750 1.120000 1.218750 4032a.dat
9 0 1.000000 0.000000 0.000000 0.000000 1.000000 0.000000 0.000000 0.000000 1.000000 4.156250 1.370000 -4.156250 1.218750 1.120000 1.218750 4032a.dat
9 0 1.000000 0.000000 0.000000 0.000000 1.000000 0.000000 0.000000 0.000000 1.000000 4.156250 1.370000 4.156250 1.218750 1.120000 1.218750 4032a.dat
9 0 1.000000 0.000000 0.000000 0.000000 1.000000 0.000000 0.000000 0.000000 1.000000 -4.156250 1.370000 4.156250 1.218750 1.120000 1.218750 4032a.dat
10 0 -10.000000 0.000000 -30.000002 30.000002 12.450000 10.000000 4032a.dat
3 23 1.000000 0.000000 0.000000 0.000000 1.000000 0.000000 0.000000 0.000000 1.000000 -20.000000 0.000000 20.000002 4 4 29:0:1,23:4:1,18:2:1,23:4:1,29:0:1,23:4:1,0:4:0,23:4:1,0:4:0,23:4:1,18:2:1,23:4:1,18:4:1,23:4:1,18:2:1,23:4:1,0:4:0,23:4:1,0:4:0,23:4:1,29:0:1,23:4:1,18:2:1,23:4:1,29:0:1, 4032a.dat
2 22 1.000000 0.000000 0.000000 0.000000 1.000000 0.000000 0.000000 0.000000 1.000000 -20.000000 8.000000 20.000002 4 4 29:0:1,22:2:1,22:2:1,22:2:1,29:0:1,22:2:1,15:4:0,23:4:1,15:4:0,22:2:1,22:2:1,23:4:1,7:4:0,23:4:1,22:2:1,22:2:1,15:4:0,23:4:1,15:4:0,22:2:1,29:0:1,22:2:1,22:2:1,22:2:1,29:0:1, 4032a.dat
0 4 0.000000 -0.000000 -1.000000 0.000000 -1.000000 0.000000 -1.000000 -0.000000 0.000000 0.000000 0.000000 0.000000 0 0 0.109600 0 0 4032a.dat
6 137 1.000000 0.000000 0.000000 0.000000 1.000000 0.000000 0.000000 0.000000 1.000000 0.000000 8.000000 0.000000 0.000000 0.000000 0.000000 0.000000 1 4032a.dat
