9 0 -0.707106 -0.697878 -0.113869 0.707107 -0.697878 -0.113869 -0.000000 -0.161035 0.986949 0.473152 -2.918431 45.815174 6.109825 6.109825 20.359600 40378.dat
9 0 -0.707107 -0.645640 -0.288356 0.707107 -0.645639 -0.288357 0.000000 -0.407798 0.913073 -0.098793 -12.767151 83.589394 5.494350 5.494350 19.712799 40378.dat
9 0 -0.707106 -0.707028 0.010605 0.707107 -0.707027 0.010605 -0.000000 0.014998 0.999888 -4.861453 5.312411 13.183806 4.285025 0.598950 13.009775 40378.dat
9 0 0.707107 -0.707027 0.010605 0.707106 0.707028 -0.010605 -0.000000 0.014998 0.999888 -4.814123 -4.314254 16.517063 4.285025 0.598950 16.198275 40378.dat
9 0 0.707106 0.707028 -0.010605 -0.707107 0.707027 -0.010605 -0.000000 0.014998 0.999888 4.861453 -4.266930 16.516354 4.285025 0.598950 16.198275 40378.dat
9 0 -0.707107 0.707027 -0.010605 -0.707106 -0.707028 0.010605 -0.000000 0.014998 0.999888 4.814123 5.359735 13.183098 4.285025 0.598950 13.009775 40378.dat
9 0 -0.707107 0.541445 0.454793 0.707106 0.541446 0.454793 0.000000 0.643175 -0.765720 -4.167509 -30.658611 107.422897 3.646375 0.479400 10.872274 40378.dat
9 0 0.707107 0.541446 0.454793 0.707107 -0.541445 -0.454793 -0.000001 0.643175 -0.765720 -4.126862 -24.307701 112.786743 3.646375 0.479400 11.390025 40378.dat
9 0 0.707107 -0.541445 -0.454793 -0.707107 -0.541445 -0.454793 -0.000000 0.643175 -0.765719 4.186139 -24.338837 112.760719 3.646375 0.479400 11.390025 40378.dat
9 0 -0.707106 -0.541446 -0.454793 -0.707108 0.541445 0.454793 -0.000001 0.643175 -0.765719 4.145492 -30.689753 107.396614 3.646375 0.479400 10.872274 40378.dat
9 0 -0.707106 -0.707028 0.010605 0.707107 -0.707027 0.010605 -0.000000 0.014998 0.999888 -3.283952 3.428931 -9.882164 2.136575 0.134450 9.581875 40378.dat
9 0 -0.707107 0.707027 -0.010605 -0.707106 -0.707028 0.010605 -0.000000 0.014998 0.999888 3.276798 3.436084 -9.882271 2.136575 0.134450 9.581875 40378.dat
9 0 0.707107 -0.707027 0.010605 0.707106 0.707028 -0.010605 -0.000000 0.014998 0.999888 -3.276798 -3.131081 -9.783766 2.136575 0.134450 9.581875 40378.dat
9 0 0.707106 0.707028 -0.010605 -0.707107 0.707027 -0.010605 -0.000000 0.014998 0.999888 3.283952 -3.123928 -9.783873 2.136575 0.134450 9.581875 40378.dat
10 0 -9.800000 -9.800000 -144.348251 42.902500 9.800000 0.000000 40378.dat
0 6 1.000000 0.000000 0.000000 -0.000000 0.696422 -0.717633 -0.000000 0.717633 0.696422 0.000014 -26.443661 110.221504 1 0 0.500000 0 0 40378.dat
0 19 1.000000 0.000001 -0.000000 -0.000000 -0.014998 -0.999888 -0.000001 0.999888 -0.014998 0.000000 0.000000 -20.000000 0 1 0.800000 0 0 40378.dat
0 6 -1.000000 -0.000000 -0.000000 -0.000000 0.014998 0.999888 -0.000001 0.999888 -0.014998 -0.000000 0.299960 -0.002249 1 0 0.800000 0 0 40378.dat
