9 0 -0.000000 0.000000 1.000000 1.000000 0.000000 0.000000 0.000000 1.000000 -0.000000 -9.893750 70.750008 22.726252 22.476250 9.643750 1.000000 40374.dat
9 0 -0.000000 0.000000 1.000000 1.000000 0.000000 0.000000 0.000000 1.000000 -0.000000 -37.700001 26.557001 25.998751 25.748751 1.625000 24.498051 40374.dat
9 0 0.000000 0.977366 -0.211557 1.000000 -0.000000 -0.000000 -0.000000 -0.211557 -0.977366 -37.700001 47.141254 31.171074 9.196850 1.625000 29.078001 40374.dat
9 0 -0.000001 0.241921 0.970296 1.000000 0.000000 0.000001 0.000000 0.970296 -0.241921 -37.700001 37.523754 75.625252 7.575425 1.625000 16.325550 40374.dat
9 0 -0.000000 -0.970296 0.241922 1.000000 -0.000000 0.000000 -0.000000 0.241922 0.970296 -37.700001 13.333755 48.826675 8.768700 1.625000 29.900000 40374.dat
9 0 -0.000000 0.000000 1.000000 1.000000 0.000000 0.000000 0.000000 1.000000 -0.000000 -10.011250 -9.898746 22.112501 1.361375 9.761250 11.605750 40374.dat
9 0 0.000001 -0.926896 0.375320 1.000000 0.000000 -0.000001 0.000000 0.375320 0.926896 -10.011250 -14.235746 42.929901 0.940150 9.761250 20.668276 40374.dat
9 0 -0.000000 0.000000 1.000000 1.000000 0.000001 0.000000 -0.000001 1.000000 -0.000000 -1.875000 36.045002 9.868752 9.618751 1.625050 35.705002 40374.dat
9 0 -0.000000 0.000000 1.000000 1.000000 0.000000 0.000000 0.000000 1.000000 -0.000000 -9.897075 36.045002 18.670176 1.110900 9.647099 35.705002 40374.dat
9 0 -0.000000 0.000000 1.000000 1.000000 0.000000 0.000000 0.000000 1.000000 -0.000000 -19.787498 26.011503 18.670176 1.110900 19.537500 25.671751 40374.dat
9 0 -0.000000 0.000000 1.000000 1.000000 0.000000 0.000000 0.000000 1.000000 -0.000000 -19.787498 1.965004 10.118752 9.868750 19.537500 1.625000 40374.dat
9 0 -0.000000 0.000000 1.000000 0.725375 -0.688354 0.000000 0.688354 0.725375 -0.000000 -30.153326 59.382675 14.758677 14.508675 0.963825 7.224675 40374.dat
9 0 -0.072093 0.003877 0.997390 0.632433 -0.773081 0.048718 0.771253 0.634295 0.053282 -29.183023 63.588680 50.686825 14.198899 1.215600 9.914750 40374.dat
9 0 0.011632 -0.200224 0.979681 0.475922 -0.860550 -0.181527 0.879411 0.468363 0.085282 -29.560699 62.638401 66.473755 12.250000 0.672225 9.730225 40374.dat
9 0 -0.018176 -0.710744 0.703216 0.441153 -0.636868 -0.632284 0.897248 0.298733 0.325122 -29.458824 54.400753 82.063255 12.250000 0.685350 9.534225 40374.dat
9 0 0.007906 -0.995675 0.092571 0.424972 -0.080453 -0.901624 0.905172 0.046468 0.422497 -29.634050 36.489754 90.082001 12.250000 0.834450 9.507225 40374.dat
9 0 -0.009062 -0.816468 -0.577320 0.451204 0.511889 -0.731016 0.892375 -0.267113 0.363755 -29.556400 15.610754 84.992256 12.250000 0.360075 9.520875 40374.dat
9 0 0.042557 -0.363420 -0.930653 0.454179 0.836721 -0.305971 0.889893 -0.409662 0.200666 -29.368675 1.749754 66.321754 12.250000 0.688975 9.604775 40374.dat
9 0 -0.074017 -0.188931 -0.979197 0.673003 0.715124 -0.188851 0.735927 -0.672981 0.074220 -29.756502 -7.382494 36.968250 14.371300 1.289300 9.493925 40374.dat
9 0 -0.000000 0.000000 1.000000 0.741814 -0.670606 0.000000 0.670606 0.741814 -0.000000 -24.619701 -8.067245 22.112501 1.324150 13.206824 6.947300 40374.dat
9 0 -0.000000 0.000000 1.000000 0.738145 0.674642 0.000000 -0.674642 0.738145 -0.000000 -21.707851 53.636204 18.670176 1.110900 13.880976 9.039925 40374.dat
9 0 -0.000000 -0.000000 1.000000 -1.000000 0.000000 -0.000000 0.000000 -1.000000 -0.000000 -19.789999 33.560001 8.862501 8.125000 15.785000 1.082500 40374.dat
9 0 0.001572 -0.472202 0.881489 -0.999999 -0.001158 0.001163 0.000472 -0.881490 -0.472203 -11.589250 0.398254 36.103474 18.585651 11.378900 0.628725 40374.dat
9 0 -0.000001 0.819362 0.573277 -1.000000 -0.000000 -0.000001 -0.000000 -0.573277 0.819362 -11.677650 57.262005 27.123127 16.071075 11.427649 0.318400 40374.dat
9 0 0.000000 0.000000 -1.000000 1.000000 -0.000000 0.000000 -0.000000 -1.000000 -0.000000 -24.693752 41.637505 60.000004 4.743100 14.631250 0.137500 40374.dat
9 0 -0.000000 0.000000 1.000000 1.000000 0.000000 0.000000 0.000000 1.000000 -0.000000 -24.693752 25.362503 60.000004 4.743100 14.631250 0.137500 40374.dat
9 0 0.000000 0.000000 -1.000000 0.707107 0.707107 0.000000 0.707107 -0.707107 0.000000 -19.787498 33.560001 -8.425247 10.974674 3.311950 3.311950 40374.dat
9 0 1.000000 0.000000 -0.000000 0.000000 0.707106 0.707107 0.000000 -0.707107 0.707106 8.906575 57.529831 10.062501 10.843425 3.311950 3.311950 40374.dat
9 0 1.000000 0.000000 -0.000000 0.000000 0.707106 0.707107 0.000000 -0.707107 0.707106 8.906575 9.589756 10.062501 10.843425 3.311950 3.311950 40374.dat
9 0 0.000000 -0.866026 -0.500000 1.000000 0.000000 -0.000000 0.000000 -0.500000 0.866026 -24.693752 37.623753 52.961506 4.743100 14.631250 0.137500 40374.dat
9 0 0.000001 -0.866025 0.500001 1.000000 0.000001 -0.000001 0.000001 0.500001 0.866025 -24.693752 29.469252 52.914577 4.743100 14.631250 0.137500 40374.dat
9 0 -0.000000 0.866026 -0.500000 1.000000 0.000000 0.000000 0.000000 -0.500000 -0.866026 -24.693752 37.623753 67.038498 4.743100 14.631250 0.137500 40374.dat
9 0 -0.000001 0.866025 0.500001 1.000000 0.000001 0.000001 0.000001 0.500001 -0.866025 -24.693752 29.469004 67.085754 4.743100 14.631250 0.137500 40374.dat
10 0 -68.146996 0.000000 -30.000002 50.000000 95.190002 30.000002 40374.dat
3 23 0.000000 0.000000 -1.000000 0.000000 1.000000 0.000000 1.000000 0.000000 0.000000 0.000000 0.000000 20.000002 4 2 29:0:1,23:4:1,18:1:1,23:4:1,1:4:0,23:4:1,29:0:1,23:4:1,18:2:1,23:4:1,1:4:0,23:4:1,29:0:1,23:4:1,18:1:1, 40374.dat
2 22 0.000000 0.000000 -1.000000 0.000000 1.000000 0.000000 1.000000 0.000000 0.000000 0.000000 72.000000 40.000000 2 4 22:1:1,22:2:1,22:2:1,22:2:1,22:1:1,22:2:1,15:4:1,9:4:1,15:4:1,22:2:1,22:1:1,22:2:1,22:2:1,22:2:1,22:1:1, 40374.dat
0 3 0.000000 1.000000 0.000000 1.000000 -0.000000 -0.000000 -0.000000 0.000000 -1.000000 20.000002 9.589756 10.062501 0 1 0.800000 0 0 40374.dat
0 3 0.000000 1.000000 0.000000 1.000000 -0.000000 -0.000000 -0.000000 0.000000 -1.000000 20.000002 57.529831 10.062501 0 1 0.800000 0 0 40374.dat
0 3 -0.000000 1.000000 -0.000000 0.000000 0.000000 -1.000000 -1.000000 -0.000000 -0.000000 -19.999998 33.500004 -19.999998 0 1 0.800000 0 0 40374.dat
0 2 -0.000000 1.000000 0.000000 -1.000000 -0.000000 -0.000000 -0.000000 0.000000 1.000000 -40.000000 33.500004 60.000004 0 0 0.800000 0 0 40374.dat
