9 0 -1.000000 0.000000 -0.000000 0.000000 1.000000 0.000000 0.000000 0.000000 -1.000000 14.787399 -29.497000 -0.093295 2.030100 4.021275 8.141550 40384.dat
9 0 -1.000000 0.000000 -0.000000 0.000000 -0.000000 -1.000000 -0.000000 -1.000000 0.000000 14.787396 -21.877800 9.666254 2.030100 5.117100 7.999675 40384.dat
9 0 -1.000000 0.000000 -0.000000 0.000000 1.000000 0.000000 0.000000 0.000000 -1.000000 14.787399 -13.395150 -0.093295 2.030100 3.979150 8.141550 40384.dat
9 0 -1.000000 0.000000 -0.000000 0.000000 -0.000000 -1.000000 -0.000000 -1.000000 0.000000 14.787403 -21.877800 -9.741345 2.030100 5.192225 7.999675 40384.dat
9 0 -1.000000 0.000000 -0.000000 0.000000 1.000000 0.000000 0.000000 0.000000 -1.000000 -15.211925 -7.583724 -0.000005 23.263199 0.922400 12.250000 40384.dat
9 0 -0.940534 0.339699 -0.000000 0.339699 0.940534 0.000000 0.000000 0.000000 -1.000000 -1.618050 -2.665275 -0.000001 7.810475 2.800550 9.458375 40384.dat
9 0 -1.000000 0.000000 -0.000000 0.000000 1.000000 0.000000 0.000000 0.000000 -1.000000 5.414545 -22.441900 14.392977 6.337050 11.972950 1.739150 40384.dat
9 0 -1.000000 0.000000 -0.000000 0.000000 1.000000 0.000000 0.000000 0.000000 -1.000000 5.414555 -22.441900 -14.452824 6.337050 11.972950 1.679300 40384.dat
9 0 -1.000000 0.000000 -0.000000 0.000000 1.000000 0.000000 0.000000 0.000000 -1.000000 -5.437570 -27.405750 -14.323452 6.464975 7.645600 1.808675 40384.dat
9 0 -0.939693 0.342020 -0.000000 0.342020 0.939693 0.000000 0.000000 0.000000 -1.000000 1.769600 4.787400 0.000001 2.566800 4.845600 2.568300 40384.dat
9 0 -0.922361 -0.383590 0.045929 0.042407 0.017637 0.998945 -0.383995 0.923335 -0.000000 -23.576595 -27.357752 -14.635308 14.507575 2.808850 2.633950 40384.dat
9 0 0.922361 0.383589 0.045929 -0.042408 -0.017637 0.998945 0.383994 -0.923336 -0.000001 -23.576603 -27.357752 14.635293 14.507575 2.808850 2.633950 40384.dat
9 0 1.000000 0.000000 0.000000 0.000000 -0.985651 0.168797 0.000000 -0.168797 -0.985651 -10.527177 -35.984001 6.128497 22.892176 2.905200 5.427375 40384.dat
9 0 0.998892 0.038861 0.026538 0.007740 -0.691935 0.721919 0.046417 -0.720913 -0.691469 -10.643753 -31.455002 10.144696 22.892151 1.589725 3.120625 40384.dat
9 0 1.000000 -0.000000 0.000000 -0.000000 0.463275 0.886215 -0.000000 -0.886215 0.463275 1.696821 -15.762825 13.153000 2.528250 1.589725 5.427375 40384.dat
9 0 -1.000000 0.000000 -0.000000 0.000000 1.000000 0.000000 0.000000 0.000000 -1.000000 -14.517503 -9.624926 10.985246 10.777500 1.574375 3.162750 40384.dat
9 0 -1.000000 0.000000 -0.000000 0.000000 1.000000 0.000000 0.000000 0.000000 -1.000000 -14.517496 -9.624926 -10.987505 10.777500 1.574375 3.165000 40384.dat
9 0 1.000000 0.000000 0.000000 0.000000 0.463275 -0.886215 -0.000000 0.886215 0.463275 1.696829 -15.762825 -13.153000 2.528250 1.589725 5.427375 40384.dat
9 0 0.998892 0.038861 -0.026538 0.007740 -0.691935 -0.721919 -0.046417 0.720913 -0.691469 -10.643746 -31.455002 -10.144704 22.892151 1.589725 3.120625 40384.dat
9 0 1.000000 0.000000 0.000000 0.000000 -0.985651 -0.168797 0.000000 0.168797 -0.985651 -10.527173 -35.984001 -6.128503 22.892176 2.905200 5.427375 40384.dat
9 0 -1.000000 0.000000 -0.000000 0.000000 1.000000 0.000000 0.000000 0.000000 -1.000000 -5.437580 -27.405750 14.323449 6.464975 7.645600 1.808675 40384.dat
10 0 -17.365000 -10.956750 -18.107500 38.962502 43.829250 18.107500 40384.dat
2 22 -0.939693 0.342020 -0.000000 0.342020 0.939693 0.000000 0.000000 0.000000 -1.000000 12.887803 6.168550 -9.999995 2 2 29:0:0,29:0:0,29:0:0,29:0:0,9:4:32,29:0:0,29:0:0,29:0:0,29:0:0, 40384.dat
3 23 0.000000 1.000000 0.000000 1.000000 -0.000000 0.000000 0.000000 0.000000 -1.000000 12.615003 -31.240002 -9.999995 2 2 29:0:0,29:0:0,29:0:0,29:0:0,1:4:36,29:0:0,29:0:0,29:0:0,29:0:0, 40384.dat
0 6 0.000000 1.000000 0.000000 1.000000 -0.000000 0.000000 0.000000 0.000000 -1.000000 17.067499 -21.424999 0.000006 0 0 0.356100 0 0 40384.dat
0 6 1.000000 0.000000 0.000000 -0.000000 0.000000 1.000000 0.000000 -1.000000 0.000000 -5.250005 -15.250000 17.249998 0 0 0.200000 1 0 40384.dat
0 6 1.000000 0.000000 0.000000 0.000000 0.000000 -1.000000 -0.000000 1.000000 -0.000000 -5.249994 -15.250000 -17.250002 0 0 0.200000 1 0 40384.dat
0 7 -0.000000 -0.000000 1.000000 -0.342020 -0.939693 -0.000000 0.939693 -0.342020 0.000000 0.000000 0.000000 0.000000 1 0 0.408177 0 0 40384.dat
