9 0 -1.000000 0.000000 -0.000000 0.000000 1.000000 0.000000 0.000000 0.000000 -1.000000 19.972105 -15.553326 -18.198719 7.334175 23.603775 1.625000 40388.dat
9 0 0.000000 0.000000 -1.000000 0.000000 1.000000 0.000000 1.000000 0.000000 0.000000 -172.280731 -32.048752 -60.590805 14.045051 4.436900 1.625000 40388.dat
9 0 -0.997149 -0.075452 -0.000000 -0.000000 -0.000000 1.000000 -0.075452 0.997149 0.000000 -33.590229 12.352325 -59.915764 16.180176 41.163750 1.567100 40388.dat
9 0 -1.000000 0.000000 -0.000000 0.000000 1.000000 0.000000 0.000000 0.000000 -1.000000 -47.814228 6.356925 -60.598766 1.250000 3.117650 37.725498 40388.dat
9 0 -1.000000 0.000000 -0.000000 0.000000 1.000000 0.000000 0.000000 0.000000 -1.000000 19.972134 -15.439751 -102.998734 7.334175 23.490175 1.625000 40388.dat
9 0 0.000000 1.000000 0.000000 1.000000 -0.000000 0.000000 0.000000 0.000000 -1.000000 2.802134 -29.035500 -102.998749 20.562775 10.759975 1.625000 40388.dat
9 0 -0.955027 -0.296517 -0.000000 -0.002086 0.006719 -0.999975 0.296510 -0.955004 -0.007035 -126.463470 -12.522400 -60.610546 44.845249 10.819825 1.625000 40388.dat
9 0 -1.000000 0.000000 -0.000000 0.000000 1.000000 0.000000 0.000000 0.000000 -1.000000 2.758053 -7.040325 -9.398725 5.865975 0.137500 8.550000 40388.dat
9 0 -0.966161 -0.175394 0.189132 -0.183292 0.982741 -0.024975 -0.181487 -0.058796 -0.981634 -99.197472 -15.390700 -90.869026 73.005745 11.266875 1.625000 40388.dat
9 0 -0.966160 -0.175394 -0.189132 -0.183293 0.982741 0.024975 0.181488 0.058796 -0.981634 -100.075981 -15.347401 -30.488283 72.134247 10.823000 1.625000 40388.dat
9 0 -0.941262 -0.292244 0.169169 -0.163643 -0.043442 -0.985563 0.295374 -0.955356 -0.006934 -115.563477 -8.021775 -79.847786 60.873001 7.681100 1.625000 40388.dat
9 0 -0.941262 -0.292244 -0.169170 -0.163644 -0.043442 0.985562 -0.295374 0.955356 -0.006934 -116.127991 -8.197000 -41.451038 60.273499 7.681100 1.625000 40388.dat
9 0 0.000000 1.000000 0.000000 1.000000 -0.000000 0.000000 0.000000 0.000000 -1.000000 -5.419872 1.152175 -9.398726 5.865975 0.137500 8.550000 40388.dat
9 0 1.000000 0.000000 0.000000 0.000000 -1.000000 0.000000 0.000000 0.000000 -1.000000 2.758053 9.331075 -9.398725 5.865975 0.137500 8.550000 40388.dat
9 0 0.000000 -1.000000 0.000000 -1.000000 -0.000000 -0.000000 0.000000 0.000000 -1.000000 10.916728 1.152175 -9.254046 5.865975 0.137500 8.598225 40388.dat
9 0 -1.000000 0.000000 -0.000000 0.000000 1.000000 0.000000 0.000000 0.000000 -1.000000 2.758086 -7.040325 -112.039742 5.865975 0.137500 8.598225 40388.dat
9 0 0.000000 1.000000 0.000000 1.000000 -0.000000 0.000000 0.000000 0.000000 -1.000000 -5.419838 1.152175 -112.039742 5.865975 0.137500 8.598225 40388.dat
9 0 1.000000 0.000000 0.000000 0.000000 -1.000000 0.000000 0.000000 0.000000 -1.000000 2.758086 9.331075 -112.039742 5.865975 0.137500 8.598225 40388.dat
9 0 0.000000 -1.000000 0.000000 -1.000000 -0.000000 -0.000000 0.000000 0.000000 -1.000000 10.916761 1.152175 -111.846992 5.865975 0.137500 8.598225 40388.dat
9 0 0.000000 1.000000 0.000000 1.000000 -0.000000 0.000000 0.000000 0.000000 -1.000000 2.802106 -29.254250 -18.198725 20.478476 10.759975 1.625000 40388.dat
9 0 -1.000000 0.000000 -0.000000 0.000000 1.000000 0.000000 0.000000 0.000000 -1.000000 -0.675616 11.537175 -103.936256 19.579599 3.885000 0.687500 40388.dat
9 0 -1.000000 0.000000 -0.000000 0.000000 1.000000 0.000000 0.000000 0.000000 -1.000000 -0.675644 11.537175 -17.261225 19.579599 3.885000 0.687500 40388.dat
9 0 -0.819152 -0.573576 -0.000000 -0.573576 0.819152 -0.000000 0.000000 0.000000 -1.000000 -17.903215 -14.345975 -102.998749 16.281075 23.584124 1.625000 40388.dat
9 0 -0.819152 -0.573576 -0.000000 -0.573576 0.819152 -0.000000 0.000000 0.000000 -1.000000 -18.233219 -14.508399 -18.198732 16.312475 23.527899 1.625000 40388.dat
9 0 -0.975196 -0.221343 -0.000000 -0.000000 0.000000 1.000000 -0.221343 0.975196 -0.000000 -54.845482 9.263300 -59.915768 14.068476 35.263248 1.875950 40388.dat
9 0 -1.000000 0.000000 -0.000000 0.000000 -0.000000 -1.000000 -0.000000 -1.000000 0.000000 -75.504227 -4.430325 -76.086029 5.062075 0.645825 7.022500 40388.dat
9 0 -0.000000 0.000000 1.000000 -1.000000 -0.000000 -0.000000 0.000000 -1.000000 0.000000 -82.342476 -4.430325 -70.715279 2.617450 0.645825 7.022500 40388.dat
9 0 0.000000 -0.000000 -1.000000 1.000000 -0.000000 0.000000 -0.000000 -1.000000 0.000000 -72.257980 -4.430325 -72.364273 5.200950 0.645825 7.022500 40388.dat
9 0 -1.000000 0.000000 -0.000000 0.000000 -0.000000 -1.000000 -0.000000 -1.000000 0.000000 -77.102730 -9.179601 -64.776268 4.320225 0.950725 11.771800 40388.dat
9 0 -1.000000 0.000000 -0.000000 -0.000000 -0.000000 1.000000 -0.000000 1.000000 0.000000 -75.504234 -4.430325 -45.111526 5.062075 0.645825 7.022500 40388.dat
9 0 0.000000 0.000000 -1.000000 -1.000000 -0.000000 -0.000000 -0.000000 1.000000 0.000000 -82.342484 -4.430325 -50.482281 2.617450 0.645825 7.022500 40388.dat
9 0 -0.000000 -0.000000 1.000000 1.000000 -0.000000 0.000000 0.000000 1.000000 0.000000 -72.257980 -4.430325 -48.833275 5.200950 0.645825 7.022500 40388.dat
9 0 -1.000000 0.000000 -0.000000 -0.000000 -0.000000 1.000000 -0.000000 1.000000 0.000000 -77.102730 -9.179601 -56.421024 4.320225 0.950725 11.771800 40388.dat
9 0 -0.998474 -0.055223 0.000567 0.000023 -0.010679 -0.999943 0.055226 -0.998417 0.010664 -75.565979 0.610500 -60.524273 7.283175 5.533600 1.625000 40388.dat
10 0 -32.757999 -15.672175 -120.638000 175.328506 51.317753 -0.598700 40388.dat
0 6 -0.000000 -0.000000 1.000000 -0.000000 -1.000000 -0.000000 1.000000 -0.000000 0.000000 -77.241982 -7.577826 -50.598778 1 0 0.416800 0 0 40388.dat
0 6 -0.000000 -0.000000 1.000000 -0.000000 -1.000000 -0.000000 1.000000 -0.000000 0.000000 -77.241974 -7.577826 -70.598778 1 0 0.416800 0 0 40388.dat
0 6 -0.000000 -0.000000 1.000000 -0.000000 -1.000000 -0.000000 1.000000 -0.000000 0.000000 -157.241974 -30.847750 -60.598801 0 1 0.173200 0 0 40388.dat
0 2 0.000000 1.000000 0.000000 -0.000000 -0.000000 1.000000 1.000000 0.000000 0.000000 2.758050 1.152175 -0.598699 0 0 0.800000 0 0 40388.dat
0 2 0.000000 1.000000 0.000000 -0.000000 -0.000000 1.000000 1.000000 0.000000 0.000000 2.758083 1.152175 -100.598755 0 0 0.800000 0 0 40388.dat
0 3 0.000000 1.000000 0.000000 -0.000000 -0.000000 1.000000 1.000000 0.000000 0.000000 2.758076 -22.847826 -80.598747 0 1 0.800000 0 0 40388.dat
0 3 0.000000 1.000000 0.000000 -0.000000 -0.000000 1.000000 1.000000 0.000000 0.000000 2.758057 -22.847826 -20.598700 1 0 0.800000 0 0 40388.dat
6 94 0.000000 1.000000 0.000000 -0.000000 -0.000000 1.000000 1.000000 0.000000 0.000000 -77.241982 -17.307177 -60.598774 0.000000 0.000000 0.000000 0.000000 0 40388.dat
3 23 -1.000000 0.000000 -0.000000 0.000000 1.000000 0.000000 0.000000 0.000000 -1.000000 -147.241974 -26.517750 -70.598801 2 2 29:0:0,29:0:0,29:0:0,29:0:0,1:4:34,29:0:0,29:0:0,29:0:0,29:0:0, 40388.dat
