9 0 -1.000000 0.000000 -0.000000 0.000000 1.000000 0.000000 0.000000 0.000000 -1.000000 -0.001523 -36.274750 -82.855499 29.000750 6.725350 10.925425 40389.dat
9 0 -1.000000 0.000000 -0.000000 0.000000 1.000000 0.000000 0.000000 0.000000 -1.000000 -0.001509 -21.568399 -126.484505 14.311775 11.790475 32.867752 40389.dat
9 0 -1.000000 0.000000 -0.000000 0.000000 0.993594 -0.113008 0.000000 -0.113008 -0.993594 -0.001498 -19.074575 -160.044998 7.271550 14.271125 4.148550 40389.dat
9 0 -1.000000 0.000000 -0.000000 -0.000000 0.992220 0.124495 0.000000 0.124495 -0.992220 -0.001500 -45.133251 -153.823502 4.244100 23.191000 3.861150 40389.dat
9 0 -1.000000 0.000000 -0.000000 -0.000000 0.891180 0.453651 0.000000 0.453651 -0.891180 -0.001523 -13.226875 -82.235497 32.150997 11.790475 19.896500 40389.dat
9 0 0.000000 1.000000 0.000000 1.000000 -0.000000 0.000000 0.000000 0.000000 -1.000000 -0.001554 -2.189200 -64.935753 4.250000 4.250800 42.597752 40389.dat
9 0 -1.000000 0.000000 -0.000000 -0.000000 0.848369 0.529406 0.000000 0.529406 -0.848369 -0.001535 -57.204502 -47.013752 14.666100 1.376425 45.201500 40389.dat
9 0 -0.979224 -0.189179 -0.073022 -0.194577 0.775165 0.601048 -0.057102 0.602769 -0.795870 21.025940 -53.544498 -44.051743 8.703424 0.241450 44.588749 40389.dat
9 0 -0.830997 -0.452830 -0.323093 -0.549030 0.574200 0.607339 -0.089501 0.682085 -0.725775 38.433006 -61.178749 -22.575714 8.703424 0.163650 21.923225 40389.dat
9 0 -0.698011 -0.590137 -0.405610 -0.690695 0.405343 0.598863 -0.189000 0.698166 -0.690538 29.866270 -28.705498 -52.303989 8.703424 1.809200 21.923225 40389.dat
9 0 -0.371748 -0.594423 -0.713067 -0.925214 0.174319 0.337033 -0.076039 0.785031 -0.614772 45.938759 -45.307999 -18.337309 8.703424 1.809200 13.130525 40389.dat
9 0 -0.178149 -0.883999 -0.432214 -0.898143 -0.033365 0.438436 -0.401998 0.466296 -0.788013 36.064014 -25.720501 -43.299488 8.703424 1.809200 22.813400 40389.dat
9 0 -1.000000 0.000000 -0.000000 0.000000 1.000000 0.000000 0.000000 0.000000 -1.000000 -34.902473 -49.294498 -80.581261 5.650150 3.444550 8.495251 40389.dat
9 0 -1.000000 0.000000 -0.000000 -0.000000 0.965634 0.259907 0.000000 0.259907 -0.965634 -0.001549 -82.219246 -3.789150 31.461752 1.519550 5.910700 40389.dat
9 0 -1.000000 0.000000 -0.000000 0.000000 1.000000 0.000000 0.000000 0.000000 -1.000000 -0.001521 10.765100 -89.795502 11.974900 7.595375 29.026751 40389.dat
9 0 -1.000000 0.000000 -0.000000 -0.000000 0.946873 0.321607 0.000000 0.321607 -0.946873 -0.001508 10.849774 -130.146500 11.114600 3.549150 14.614025 40389.dat
9 0 -1.000000 0.000000 -0.000000 0.000000 1.000000 0.000000 0.000000 0.000000 -1.000000 -0.001526 19.531099 -74.216751 7.191350 6.712050 13.448074 40389.dat
9 0 -0.942419 -0.333424 -0.025962 -0.334434 0.939575 0.073157 0.000000 0.077627 -0.996982 15.429502 1.460500 -81.431747 6.182950 14.963250 19.800224 40389.dat
9 0 -1.000000 0.000000 -0.000000 0.000000 0.986764 -0.162163 0.000000 -0.162163 -0.986764 -0.001508 16.021900 -129.055756 8.337049 2.129325 14.614025 40389.dat
9 0 0.979226 -0.189166 -0.073019 0.194565 0.775165 0.601052 -0.057097 -0.602773 0.795868 -21.025909 -53.544498 -44.051754 8.703424 0.241450 44.588749 40389.dat
9 0 0.830997 -0.452830 -0.323092 0.549030 0.574200 0.607339 -0.089502 -0.682084 0.725776 -38.432995 -61.178749 -22.575737 8.703424 0.163650 21.923225 40389.dat
9 0 0.371748 -0.594425 -0.713066 0.925215 0.174319 0.337033 -0.076039 -0.785030 0.614773 -45.938744 -45.307999 -18.337339 8.703424 1.809200 13.130525 40389.dat
9 0 0.178150 -0.884000 -0.432211 0.898143 -0.033363 0.438437 -0.401998 -0.466295 0.788015 -36.063984 -25.720501 -43.299511 8.703424 1.809200 22.813400 40389.dat
9 0 0.698012 -0.590136 -0.405609 0.690694 0.405344 0.598864 -0.189001 -0.698166 0.690538 -29.866234 -28.705498 -52.304012 8.703424 1.809200 21.923225 40389.dat
9 0 0.942419 -0.333425 -0.025964 0.334434 0.939575 0.073164 0.000001 -0.077634 0.996982 -15.429447 1.460500 -81.431755 6.182950 14.963250 19.800224 40389.dat
9 0 -1.000000 0.000000 -0.000000 -0.000000 0.925229 0.379410 0.000000 0.379410 -0.925229 -0.001519 -36.529999 -95.482246 22.828825 8.341475 10.925425 40389.dat
9 0 -1.000000 0.000000 -0.000000 0.000000 1.000000 0.000000 0.000000 0.000000 -1.000000 37.926998 -69.862747 -2.778588 9.177775 0.887325 6.216400 40389.dat
9 0 -1.000000 0.000000 -0.000000 0.000000 1.000000 0.000000 0.000000 0.000000 -1.000000 29.374250 -75.985497 -2.778590 0.625000 7.010250 6.216400 40389.dat
9 0 -1.000000 0.000000 -0.000000 0.000000 1.000000 0.000000 0.000000 0.000000 -1.000000 14.374237 -54.922997 -36.528496 0.625000 5.124900 6.216400 40389.dat
9 0 -1.000000 0.000000 -0.000000 0.000000 1.000000 0.000000 0.000000 0.000000 -1.000000 25.624264 -54.922997 -36.528492 0.625000 5.124900 6.216400 40389.dat
9 0 -1.000000 0.000000 -0.000000 0.000000 1.000000 0.000000 0.000000 0.000000 -1.000000 19.999237 -50.423004 -38.077244 6.250000 0.625000 7.765150 40389.dat
9 0 1.000000 0.000000 0.000000 0.000000 1.000000 0.000000 -0.000000 0.000000 1.000000 -14.374213 -54.922997 -36.528507 0.625000 5.124900 6.216400 40389.dat
9 0 1.000000 0.000000 0.000000 0.000000 1.000000 0.000000 -0.000000 0.000000 1.000000 -25.624239 -54.922997 -36.528511 0.625000 5.124900 6.216400 40389.dat
9 0 1.000000 0.000000 0.000000 0.000000 1.000000 0.000000 -0.000000 0.000000 1.000000 -19.999214 -50.423004 -38.077255 6.250000 0.625000 7.765150 40389.dat
9 0 1.000000 0.000000 0.000000 0.000000 1.000000 0.000000 -0.000000 0.000000 1.000000 -37.926998 -69.862747 -2.778612 9.177775 0.887325 6.216400 40389.dat
9 0 1.000000 0.000000 0.000000 0.000000 1.000000 0.000000 -0.000000 0.000000 1.000000 -29.374250 -75.985497 -2.778610 0.625000 7.010250 6.216400 40389.dat
9 0 -1.000000 0.000000 -0.000000 0.000000 1.000000 0.000000 0.000000 0.000000 -1.000000 -0.001528 -14.648575 -69.007500 1.313300 6.040625 24.237774 40389.dat
9 0 -1.000000 0.000000 -0.000000 0.000000 1.000000 0.000000 0.000000 0.000000 -1.000000 -0.001528 8.046724 -69.007500 1.313300 5.462525 24.237774 40389.dat
9 0 0.000000 1.000000 0.000000 1.000000 -0.000000 0.000000 0.000000 0.000000 -1.000000 12.776748 -2.189175 -69.007492 1.611525 5.462525 24.237774 40389.dat
9 0 0.000000 1.000000 0.000000 1.000000 -0.000000 0.000000 0.000000 0.000000 -1.000000 -12.779827 -2.189175 -69.007507 1.611525 5.462525 24.237774 40389.dat
9 0 -1.000000 0.000000 -0.000000 0.000000 1.000000 0.000000 0.000000 0.000000 -1.000000 0.391428 -46.957500 -86.058998 28.607750 5.781600 3.496825 40389.dat
9 0 -1.000000 0.000000 -0.000000 0.000000 1.000000 0.000000 0.000000 0.000000 -1.000000 0.391423 -46.957500 -70.565498 28.607750 5.781600 3.496825 40389.dat
9 0 -1.000000 0.000000 -0.000000 0.000000 1.000000 0.000000 0.000000 0.000000 -1.000000 0.098126 -46.957500 -78.312248 20.850424 5.781600 3.750000 40389.dat
9 0 -1.000000 0.000000 -0.000000 0.000000 1.000000 0.000000 0.000000 0.000000 -1.000000 35.039528 -49.294498 -80.581238 5.790200 3.444550 8.495251 40389.dat
9 0 -1.000000 0.000000 -0.000000 0.000000 -0.000000 -1.000000 -0.000000 -1.000000 0.000000 0.138499 -37.449749 -72.616501 36.932251 1.645000 7.900325 40389.dat
9 0 -1.000000 0.000000 -0.000000 -0.000000 -1.000000 0.000000 -0.000000 0.000000 1.000000 0.138502 -27.167248 -83.287254 36.932251 1.982850 7.850000 40389.dat
9 0 -1.000000 0.000000 -0.000000 -0.000000 -0.000000 1.000000 -0.000000 1.000000 0.000000 0.138506 -37.550251 -93.620003 36.932251 1.982850 7.900325 40389.dat
9 0 -1.000000 0.000000 -0.000000 -0.000000 0.707107 0.707107 0.000000 0.707107 -0.707107 -2.251571 -44.312000 -90.028000 31.250751 2.732300 7.900325 40389.dat
9 0 -1.000000 0.000000 -0.000000 0.000000 -0.707107 -0.707107 -0.000000 -0.707107 0.707107 -2.251575 -31.664249 -77.522751 31.250751 4.113050 7.900325 40389.dat
9 0 -1.000000 0.000000 -0.000000 0.000000 1.000000 0.000000 0.000000 0.000000 -1.000000 -43.580746 -53.451252 -8.385214 6.578300 1.060600 3.844225 40389.dat
9 0 -1.000000 0.000000 -0.000000 -0.000000 -0.000000 1.000000 -0.000000 1.000000 0.000000 -44.830750 -58.674995 -1.568115 5.328300 1.255875 4.750000 40389.dat
9 0 -1.000000 0.000000 -0.000000 -0.000000 -1.000000 0.000000 -0.000000 0.000000 1.000000 -43.580746 -64.048752 -8.385214 6.578300 1.060600 3.844225 40389.dat
9 0 -1.000000 0.000000 -0.000000 0.000000 1.000000 0.000000 0.000000 0.000000 -1.000000 43.604252 -53.451252 -8.385186 6.578300 1.060600 3.844225 40389.dat
9 0 -1.000000 0.000000 -0.000000 -0.000000 -0.000000 1.000000 -0.000000 1.000000 0.000000 44.840752 -58.674995 -1.568086 5.341625 1.255875 4.750000 40389.dat
9 0 -1.000000 0.000000 -0.000000 -0.000000 -1.000000 0.000000 -0.000000 0.000000 1.000000 43.604252 -64.048752 -8.385186 6.578300 1.060600 3.844225 40389.dat
9 0 -1.000000 0.000000 -0.000000 -0.000000 -0.000000 1.000000 -0.000000 1.000000 0.000000 -38.488995 -58.674995 -10.589063 1.486700 7.265050 4.750000 40389.dat
9 0 -1.000000 0.000000 -0.000000 -0.000000 0.447580 0.894244 0.000000 0.894244 -0.447580 -0.001515 -7.270125 -106.308746 26.175249 16.058426 8.811600 40389.dat
9 0 -0.877204 -0.480089 -0.005205 -0.470279 0.856995 0.210703 -0.096696 0.187278 -0.977536 39.986000 -79.248749 -2.699462 8.544375 0.182075 5.910700 40389.dat
9 0 0.877205 -0.480089 -0.005206 0.470279 0.856996 0.210704 -0.096695 -0.187278 0.977536 -39.976997 -79.232254 -2.695413 8.544375 0.201425 5.910700 40389.dat
10 0 -51.846497 -30.576250 -167.544250 51.846497 85.767502 3.687775 40389.dat
0 3 0.000000 1.000000 0.000000 -0.000000 -0.000000 1.000000 1.000000 0.000000 0.000000 -0.001568 -2.189200 -22.088100 0 1 0.800000 0 0 40389.dat
0 6 0.000000 1.000000 -0.000000 -1.000000 0.000000 -0.000000 -0.000000 0.000000 1.000000 -29.999962 0.000000 -121.960007 0 0 1.644370 0 0 40389.dat
0 6 0.000000 1.000000 0.000000 1.000000 -0.000000 0.000000 0.000000 0.000000 -1.000000 -29.252222 -37.500000 -83.287262 1 0 0.180000 0 0 40389.dat
0 6 0.000000 1.000000 0.000000 1.000000 -0.000000 0.000000 0.000000 0.000000 -1.000000 33.749275 -37.500000 -83.287239 0 1 0.180000 0 0 40389.dat
0 6 0.000000 1.000000 0.000000 1.000000 -0.000000 0.000000 0.000000 0.000000 -1.000000 50.215500 -58.749996 -7.062209 0 1 0.400000 0 0 40389.dat
0 6 0.000000 1.000000 0.000000 1.000000 -0.000000 0.000000 0.000000 0.000000 -1.000000 -40.252247 -58.749996 -7.062239 1 0 0.400000 0 0 40389.dat
0 6 -1.000000 0.000000 -0.000000 0.000000 1.000000 0.000000 0.000000 0.000000 -1.000000 24.999250 -43.250000 -78.312241 1 0 0.389563 0 0 40389.dat
0 6 -1.000000 0.000000 -0.000000 0.000000 1.000000 0.000000 0.000000 0.000000 -1.000000 -25.002224 -43.250000 -78.312256 1 0 0.389563 0 0 40389.dat
0 6 -1.000000 0.000000 -0.000000 0.000000 -0.000000 -1.000000 -0.000000 -1.000000 0.000000 -35.002247 -75.750000 -5.722112 1 0 0.376395 0 0 40389.dat
0 6 -1.000000 0.000000 -0.000000 0.000000 -0.000000 -1.000000 -0.000000 -1.000000 0.000000 34.999256 -75.750000 -5.722088 1 0 0.376395 0 0 40389.dat
