9 0 -1.000000 0.000000 -0.000000 0.000000 1.000000 0.000000 0.000000 0.000000 -1.000000 0.000005 0.000000 -14.279474 4.225950 4.225950 14.029474 40390.dat
9 0 -1.000000 0.000000 -0.000000 0.000000 1.000000 0.000000 0.000000 0.000000 -1.000000 0.000018 -10.676050 -55.798000 9.576825 3.154250 16.700500 40390.dat
9 0 -1.000000 0.000000 -0.000000 -0.000000 -0.835148 0.550025 -0.000000 0.550025 0.835148 0.356247 29.837999 -68.708000 13.222900 33.933498 1.230975 40390.dat
9 0 -1.000000 0.000000 -0.000000 -0.000000 -0.921988 0.387219 -0.000000 0.387219 0.921988 0.000020 9.899575 -62.639248 29.299751 13.121925 2.985925 40390.dat
9 0 -1.000000 0.000000 -0.000000 -0.000000 -0.921988 0.387219 -0.000000 0.387219 0.921988 0.000024 34.755249 -73.078247 20.893326 13.121925 2.985925 40390.dat
9 0 -1.000000 0.000000 -0.000000 -0.000000 0.035601 0.999366 0.000000 0.999366 -0.035601 0.356256 58.062248 -94.736000 13.222900 6.274450 1.601775 40390.dat
9 0 -1.000000 0.000000 -0.000000 -0.000000 -0.000000 1.000000 -0.000000 1.000000 0.000000 0.157701 -18.409550 -78.868996 17.907875 24.222300 1.601775 40390.dat
9 0 -1.000000 0.000000 -0.000000 -0.000000 -0.914007 0.405699 -0.000000 0.405699 0.914007 0.157706 -29.342751 -94.722496 17.907875 11.547175 3.943450 40390.dat
9 0 -1.000000 0.000000 -0.000000 -0.000000 -0.306189 0.951971 -0.000000 0.951971 0.306189 0.157702 -38.556747 -81.754997 17.907875 11.547199 5.017175 40390.dat
9 0 -1.000000 0.000000 -0.000000 -0.000000 0.314044 0.949408 0.000000 0.949408 -0.314044 0.157697 -40.807251 -66.948746 17.907875 7.233575 4.173850 40390.dat
9 0 -0.997227 0.023372 0.070656 0.074421 0.313174 0.946775 0.000001 0.949408 -0.314045 17.373295 -17.118475 -65.480247 6.057600 6.403425 1.978825 40390.dat
9 0 -0.937962 0.342474 0.054211 0.346055 0.914787 0.208352 0.021764 0.214187 -0.976550 25.552521 -7.346425 -60.029243 1.805850 8.862900 2.849650 40390.dat
9 0 -0.999746 -0.001138 -0.022527 -0.001362 0.999950 0.009907 0.022515 0.009935 -0.999697 27.555025 6.821425 -70.643494 1.805850 8.862900 10.358026 40390.dat
9 0 -0.875482 -0.435469 0.209519 -0.482817 0.769855 -0.417385 0.020459 -0.466573 -0.884246 23.492275 25.465500 -78.223747 1.805850 8.862900 9.947225 40390.dat
9 0 -0.993171 0.116618 -0.003336 0.114598 0.969811 -0.215255 -0.021867 -0.214167 -0.976552 20.113228 38.020500 -85.027992 1.805850 7.367200 8.037700 40390.dat
9 0 -0.878818 -0.432301 0.201975 -0.470873 0.717250 -0.513645 0.077183 -0.546506 -0.833891 16.699755 51.943249 -93.021240 1.805850 7.886900 6.342225 40390.dat
9 0 0.878818 -0.432301 0.201975 0.470873 0.717250 -0.513645 0.077182 0.546505 0.833892 -16.699696 51.943249 -93.021255 1.805850 7.886900 6.342225 40390.dat
9 0 0.993172 0.116615 -0.003337 -0.114595 0.969811 -0.215254 -0.021866 0.214166 0.976552 -20.113173 38.020500 -85.028008 1.805850 7.367200 8.037700 40390.dat
9 0 0.875482 -0.435469 0.209520 0.482818 0.769855 -0.417385 0.020459 0.466573 0.884246 -23.492224 25.465500 -78.223763 1.805850 8.862900 9.947225 40390.dat
9 0 0.999746 -0.001138 -0.022529 0.001362 0.999950 0.009909 0.022516 -0.009937 0.999697 -27.554977 6.821425 -70.643517 1.805850 8.862900 10.358026 40390.dat
9 0 0.937962 0.342474 0.054210 -0.346055 0.914787 0.208352 0.021765 -0.214186 0.976550 -25.552479 -7.346425 -60.029255 1.805850 8.862900 2.849650 40390.dat
9 0 0.997227 0.023372 0.070657 -0.074422 0.313174 0.946775 -0.000000 -0.949408 0.314045 -17.373253 -17.118475 -65.480255 6.057600 6.403425 1.978825 40390.dat
9 0 -1.000000 0.000000 -0.000000 -0.000000 0.854267 0.519835 0.000000 0.519835 -0.854267 0.000019 -26.650249 -56.889748 12.265224 12.903250 6.659275 40390.dat
9 0 -1.000000 0.000000 -0.000000 -0.000000 0.923880 0.382683 0.000000 0.382683 -0.923880 0.000024 -36.250000 -74.375748 19.750000 1.352000 3.353675 40390.dat
9 0 -1.000000 0.000000 -0.000000 -0.000000 -0.382683 0.923880 -0.000000 0.923880 0.382683 0.000025 -29.124250 -76.750000 19.750000 1.352000 3.353675 40390.dat
9 0 -1.000000 0.000000 -0.000000 0.000000 -0.923880 -0.382683 -0.000000 -0.382683 0.923880 0.000023 -26.750002 -69.624252 19.750000 1.352000 3.353675 40390.dat
9 0 -1.000000 0.000000 -0.000000 0.000000 0.382683 -0.923880 0.000000 -0.923880 -0.382683 0.000022 -33.875748 -67.250000 19.750000 1.352000 3.353675 40390.dat
10 0 -30.375498 -61.846752 -103.730751 30.375498 48.214252 0.000000 40390.dat
3 23 -1.000000 0.000000 -0.000000 -0.000000 -0.000000 1.000000 -0.000000 1.000000 0.000000 10.000028 50.000000 -85.000000 2 2 29:0:0,29:0:0,29:0:0,29:0:0,1:4:34,29:0:0,29:0:0,29:0:0,29:0:0, 40390.dat
6 94 -0.000000 -0.000000 1.000000 1.000000 -0.000000 0.000000 0.000000 1.000000 0.000000 0.000022 -9.948100 -69.000000 0.000000 0.000000 0.000000 0.000000 0 40390.dat
0 3 0.000000 1.000000 0.000000 -0.000000 -0.000000 1.000000 1.000000 0.000000 0.000000 0.000000 0.000000 0.000000 0 1 0.800000 0 0 40390.dat
0 13 0.000000 1.000000 0.000000 1.000000 -0.000000 0.000000 0.000000 0.000000 -1.000000 20.000025 -31.500000 -72.000000 0 0 1.600000 0 0 40390.dat
3 23 0.000000 1.000000 0.000000 1.000000 -0.000000 0.000000 0.000000 0.000000 -1.000000 -19.999973 -41.500000 -82.000008 2 2 29:0:0,29:0:0,29:0:0,29:0:0,1:4:32,29:0:0,29:0:0,29:0:0,29:0:0, 40390.dat
3 23 0.000000 -1.000000 0.000000 -1.000000 -0.000000 -0.000000 0.000000 0.000000 -1.000000 20.000027 -21.500000 -81.999992 2 2 29:0:0,29:0:0,29:0:0,29:0:0,1:4:32,29:0:0,29:0:0,29:0:0,29:0:0, 40390.dat
6 115 -0.000000 -0.000000 1.000000 1.000000 -0.000000 0.000000 0.000000 1.000000 0.000000 0.000027 -20.750000 -82.992249 0.000000 0.000000 0.000000 0.000000 1 40390.dat
