9 0 0.740267 -0.560191 -0.371741 0.500615 0.828364 -0.251394 0.448765 0.000000 0.893650 16.868799 0.000000 76.470757 10.812350 11.520525 25.615002 40395.dat
9 0 0.333897 0.881830 -0.333000 -0.623644 0.471567 0.623451 0.706810 -0.000495 0.707403 48.172249 4.224075 137.375748 3.019950 0.310750 9.058675 40395.dat
9 0 -0.329659 0.884945 0.328932 -0.624850 -0.465694 0.626651 0.707734 0.001048 0.706479 48.155251 -4.096950 137.394501 3.019950 0.310750 9.058675 40395.dat
9 0 -0.354786 -0.866025 0.352317 0.614507 -0.500000 -0.610231 0.704634 -0.000000 0.709571 58.484001 -4.301925 127.155006 3.019950 0.310750 9.058675 40395.dat
9 0 0.354785 -0.866025 -0.352318 0.614506 0.500000 -0.610231 0.704634 -0.000000 0.709571 58.442749 4.268300 127.195999 3.019950 0.310750 9.058675 40395.dat
9 0 -0.709571 0.000000 0.704634 -0.000000 -1.000000 0.000000 0.704634 -0.000000 0.709571 53.196751 -8.331275 132.405258 3.019950 0.310750 9.058675 40395.dat
9 0 0.709571 0.000000 -0.704634 0.000000 1.000000 0.000000 0.704634 0.000000 0.709571 53.196751 8.346150 132.405258 3.019950 0.310750 9.058675 40395.dat
9 0 1.000000 0.000000 0.000000 0.000000 1.000000 0.000000 0.000000 0.000000 1.000000 0.000000 0.000000 -19.000002 4.869375 4.869375 2.750000 40395.dat
9 0 1.000000 0.000000 0.000000 0.000000 1.000000 0.000000 0.000000 0.000000 1.000000 0.000000 0.000000 -25.500000 3.768925 3.768925 14.250000 40395.dat
9 0 0.541414 0.759607 -0.360374 -0.632337 0.650383 0.420894 0.554095 0.000000 0.832454 34.321751 0.422225 107.271507 7.809975 7.809975 19.198675 40395.dat
9 0 0.579429 -0.806408 -0.118187 0.790139 0.591360 -0.161165 0.199855 -0.000000 0.979825 3.486850 0.000000 29.931000 11.965925 12.747950 28.312250 40395.dat
10 0 -19.775000 -19.775000 -185.894257 66.908005 19.775000 0.000000 40395.dat
0 3 -0.000000 1.000000 -0.000000 0.000000 -0.000000 -1.000000 -1.000000 0.000000 -0.000000 0.000000 0.000000 -40.000000 0 1 0.800000 0 0 40395.dat
0 2 0.000000 1.000000 0.000000 -0.707106 0.000000 -0.707107 -0.707107 0.000000 0.707106 45.894001 0.000000 124.854752 1 0 0.800000 0 0 40395.dat
