9 0 -0.000000 0.000000 1.000000 0.000000 1.000000 0.000000 -1.000000 0.000000 -0.000000 49.929001 88.236122 10.000002 13.600000 5.013875 13.600000 40397.dat
9 0 -0.131072 -0.062186 0.989421 0.251943 0.963175 0.093913 -0.958825 0.261587 -0.110578 47.920502 64.561249 7.130977 10.787075 19.117075 12.419700 40397.dat
9 0 -0.000000 0.148281 0.988945 0.000000 0.988945 -0.148281 -1.000000 -0.000000 -0.000000 49.313248 12.489247 2.752401 16.397499 26.110750 8.795925 40397.dat
9 0 -0.000000 0.774129 0.633028 0.000000 0.633028 -0.774129 -1.000000 -0.000000 -0.000000 45.889496 -9.227997 2.330601 16.793175 15.409624 5.380350 40397.dat
9 0 0.000000 0.684442 -0.729067 -0.000000 0.729067 0.684442 1.000000 0.000000 0.000000 -45.913879 -4.516750 -0.614575 16.602850 18.633600 5.380350 40397.dat
9 0 0.000000 0.000000 -1.000000 0.000000 1.000000 0.000000 1.000000 0.000000 0.000000 -49.687752 18.134249 -3.620425 17.880701 28.268501 8.130025 40397.dat
9 0 -0.031419 -0.502612 0.863941 0.000000 0.864368 0.502860 -0.999506 0.015799 -0.027157 -1.303750 45.054501 -19.553675 1.572150 3.272725 39.674500 40397.dat
9 0 0.000000 0.000000 -1.000000 0.000000 1.000000 0.000000 1.000000 0.000000 0.000000 -49.933552 87.447502 -9.974999 13.600000 5.802500 13.600000 40397.dat
9 0 0.000000 0.000000 -1.000000 -0.253061 0.967450 -0.000000 0.967450 0.253061 0.000000 -47.068752 65.612999 -8.303375 12.260525 18.920799 14.714025 40397.dat
9 0 0.637601 0.770367 0.000001 0.000001 0.000001 -1.000000 -0.770367 0.637601 0.000000 36.558998 36.140503 -2.965599 1.361100 20.233776 10.444449 40397.dat
9 0 -0.000000 -1.000000 -0.000000 -0.000000 0.000000 1.000000 -1.000000 0.000000 -0.000000 -0.020254 45.040501 -1.816424 3.677075 14.374600 41.606750 40397.dat
9 0 -0.460896 -0.401635 0.791369 -0.000000 0.891729 0.452570 -0.887454 0.208587 -0.410994 46.525253 41.556000 -12.631674 2.537775 13.959324 10.235350 40397.dat
9 0 -0.006397 -0.990748 0.135563 0.009555 -0.135620 -0.990715 0.999934 -0.005043 0.010335 1.283997 42.179501 14.611825 1.572150 3.272725 37.031998 40397.dat
9 0 0.000000 0.999502 -0.031550 -0.000000 0.031550 0.999502 1.000000 0.000000 0.000000 -45.913879 -4.516750 -0.614575 16.602850 18.633600 5.380350 40397.dat
9 0 0.000000 0.995010 -0.099771 -0.000000 -0.099771 -0.995010 -1.000000 0.000000 0.000000 45.889496 -10.463995 0.413276 16.793175 16.290001 5.380350 40397.dat
9 0 0.000000 0.000000 -1.000000 0.000000 1.000000 0.000000 1.000000 0.000000 0.000000 2.101249 54.577499 -5.088249 5.016525 2.582125 31.929001 40397.dat
10 0 -30.642000 0.000000 -130.000000 34.654503 125.482750 10.000000 40397.dat
2 22 0.000000 0.000000 -1.000000 0.000000 1.000000 0.000000 1.000000 0.000000 0.000000 -30.000002 93.500000 10.000000 4 4 29:0:1,22:2:1,29:0:1,22:2:1,29:0:1,22:2:1,15:4:1,23:4:1,15:4:1,22:2:1,29:0:1,23:4:1,7:4:2,23:4:1,29:0:1,22:2:1,15:4:1,23:4:1,15:4:1,22:2:1,29:0:1,22:2:1,29:0:1,22:2:1,29:0:1, 40397.dat
2 22 0.000000 0.000000 -1.000000 0.000000 1.000000 0.000000 1.000000 0.000000 0.000000 69.999992 93.500000 30.000004 4 4 29:0:1,22:2:1,29:0:1,22:2:1,29:0:1,22:2:1,15:4:1,23:4:1,15:4:1,22:2:1,29:0:1,23:4:1,7:4:2,23:4:1,29:0:1,22:2:1,15:4:1,23:4:1,15:4:1,22:2:1,29:0:1,22:2:1,29:0:1,22:2:1,29:0:1, 40397.dat
0 3 -0.000000 1.000000 0.000000 -1.000000 -0.000000 -0.000000 -0.000000 0.000000 1.000000 19.974249 -1.347750 -0.102349 0 1 0.800000 0 0 40397.dat
0 3 -0.000000 1.000000 0.000000 -1.000000 -0.000000 -0.000000 -0.000000 0.000000 1.000000 -40.025703 -1.347750 -0.102350 1 0 0.800000 0 0 40397.dat
