9 0 -0.000000 -0.000000 1.000000 -0.000000 -1.000000 -0.000000 1.000000 -0.000000 0.000000 8.487512 0.000004 0.082254 79.750000 9.750000 0.487500 40490.dat
9 0 -0.000000 -0.000000 1.000000 -0.000000 -1.000000 -0.000000 1.000000 -0.000000 0.000000 -8.512488 0.000005 0.082254 79.750000 9.750000 0.487500 40490.dat
9 0 -1.000000 0.000000 -0.000000 -0.000000 -1.000000 -0.000000 -0.000000 -0.000000 1.000000 -0.024998 0.000001 70.000008 8.975000 9.750000 2.000000 40490.dat
9 0 -1.000000 0.000000 -0.000000 -0.000000 -1.000000 -0.000000 -0.000000 -0.000000 1.000000 -0.024995 0.000001 50.000000 8.975000 9.750000 2.000000 40490.dat
9 0 -1.000000 0.000000 -0.000000 -0.000000 -1.000000 -0.000000 -0.000000 -0.000000 1.000000 -0.024993 0.000003 30.000004 8.975000 9.750000 2.000000 40490.dat
9 0 -1.000000 0.000000 -0.000000 -0.000000 -1.000000 -0.000000 -0.000000 -0.000000 1.000000 -0.024990 0.000004 10.000009 8.975000 9.750000 2.000000 40490.dat
9 0 -1.000000 0.000000 -0.000000 -0.000000 -1.000000 -0.000000 -0.000000 -0.000000 1.000000 -0.024988 0.000005 -9.999990 8.975000 9.750000 2.000000 40490.dat
9 0 -1.000000 0.000000 -0.000000 -0.000000 -1.000000 -0.000000 -0.000000 -0.000000 1.000000 -0.024986 0.000007 -29.999989 8.975000 9.750000 2.000000 40490.dat
9 0 -1.000000 0.000000 -0.000000 -0.000000 -1.000000 -0.000000 -0.000000 -0.000000 1.000000 -0.024983 0.000007 -49.999981 8.975000 9.750000 2.000000 40490.dat
9 0 -1.000000 0.000000 -0.000000 -0.000000 -1.000000 -0.000000 -0.000000 -0.000000 1.000000 -0.024981 0.000009 -69.999985 8.975000 9.750000 2.000000 40490.dat
9 0 0.000000 0.000000 -1.000000 -1.000000 0.000000 -0.000000 0.000000 1.000000 0.000000 0.000000 -0.000001 88.137505 0.137500 2.448725 9.750000 40490.dat
9 0 -0.642787 0.000000 -0.766044 -0.766044 0.000000 0.642787 0.000000 1.000000 0.000000 5.230675 -0.000001 86.233673 0.137500 2.448725 9.750000 40490.dat
9 0 0.642788 0.000000 -0.766044 -0.766044 0.000000 -0.642788 0.000000 1.000000 0.000000 -5.230675 0.000000 86.233673 0.137500 2.448725 9.750000 40490.dat
9 0 -0.000000 -0.000000 1.000000 1.000000 -0.000000 0.000000 0.000000 1.000000 0.000000 0.000021 0.000010 -88.137489 0.137500 2.448725 9.750000 40490.dat
9 0 0.642788 -0.000000 0.766044 0.766044 -0.000000 -0.642787 0.000000 1.000000 0.000000 -5.230654 0.000010 -86.233742 0.137500 2.448725 9.750000 40490.dat
9 0 -0.642788 -0.000000 0.766044 0.766044 -0.000000 0.642788 0.000000 1.000000 0.000000 5.230696 0.000010 -86.233742 0.137500 2.448725 9.750000 40490.dat
9 0 0.000000 0.000000 -1.000000 -1.000000 0.000000 -0.000000 0.000000 1.000000 0.000000 -6.999989 0.000005 0.000006 84.375000 0.500000 7.750000 40490.dat
9 0 0.000000 0.000000 -1.000000 -1.000000 0.000000 -0.000000 0.000000 1.000000 0.000000 7.000011 0.000004 0.000006 84.375000 0.500000 7.750000 40490.dat
10 0 -10.000000 -10.000000 -20.000000 170.000000 10.000000 0.000000 40490.dat
0 2 0.000000 0.000000 -1.000000 -0.000000 -1.000000 -0.000000 -1.000000 0.000000 -0.000000 0.000000 -10.000000 80.000000 0 0 0.800000 0 0 40490.dat
0 2 0.000000 0.000000 -1.000000 -0.000000 -1.000000 -0.000000 -1.000000 0.000000 -0.000000 0.000002 -9.999999 60.000004 0 0 0.800000 0 0 40490.dat
0 2 0.000000 0.000000 -1.000000 -0.000000 -1.000000 -0.000000 -1.000000 0.000000 -0.000000 0.000005 -9.999998 40.000004 0 0 0.800000 0 0 40490.dat
0 2 0.000000 0.000000 -1.000000 -0.000000 -1.000000 -0.000000 -1.000000 0.000000 -0.000000 0.000007 -9.999996 20.000004 0 0 0.800000 0 0 40490.dat
0 2 0.000000 0.000000 -1.000000 -0.000000 -1.000000 -0.000000 -1.000000 0.000000 -0.000000 0.000010 -9.999995 0.000006 0 0 0.800000 0 0 40490.dat
0 2 0.000000 0.000000 -1.000000 -0.000000 -1.000000 -0.000000 -1.000000 0.000000 -0.000000 0.000012 -9.999994 -19.999992 0 0 0.800000 0 0 40490.dat
0 2 0.000000 0.000000 -1.000000 -0.000000 -1.000000 -0.000000 -1.000000 0.000000 -0.000000 0.000014 -9.999992 -39.999992 0 0 0.800000 0 0 40490.dat
0 2 0.000000 0.000000 -1.000000 -0.000000 -1.000000 -0.000000 -1.000000 0.000000 -0.000000 0.000017 -9.999992 -59.999985 0 0 0.800000 0 0 40490.dat
0 2 0.000000 0.000000 -1.000000 -0.000000 -1.000000 -0.000000 -1.000000 0.000000 -0.000000 0.000019 -9.999990 -79.999992 0 0 0.800000 0 0 40490.dat
2 22 0.000000 0.000000 -1.000000 -0.000000 -1.000000 -0.000000 -1.000000 0.000000 -0.000000 -10.000002 -10.000000 90.000000 2 18 22:1:1,22:2:1,22:2:1,22:2:1,22:2:1,22:2:1,22:2:1,22:2:1,22:2:1,22:2:1,22:2:1,22:2:1,22:2:1,22:2:1,22:2:1,22:2:1,22:2:1,22:2:1,22:1:1,22:2:1,16:4:64,22:2:1,16:4:64,22:2:1,16:4:64,22:2:1,16:4:64,22:2:1,16:4:64,22:2:1,16:4:64,22:2:1,16:4:64,22:2:1,16:4:64,22:2:1,16:4:64,22:2:1,22:1:1,22:2:1,22:2:1,22:2:1,22:2:1,22:2:1,22:2:1,22:2:1,22:2:1,22:2:1,22:2:1,22:2:1,22:2:1,22:2:1,22:2:1,22:2:1,22:2:1,22:2:1,22:1:1, 40490.dat
2 22 0.000000 0.000000 -1.000000 0.000000 1.000000 0.000000 1.000000 -0.000000 0.000000 10.000001 9.999999 90.000000 2 18 22:1:1,22:2:1,22:2:1,22:2:1,22:2:1,22:2:1,22:2:1,22:2:1,22:2:1,22:2:1,22:2:1,22:2:1,22:2:1,22:2:1,22:2:1,22:2:1,22:2:1,22:2:1,22:1:1,22:2:1,16:4:64,22:2:1,16:4:64,22:2:1,16:4:64,22:2:1,16:4:64,22:2:1,16:4:64,22:2:1,16:4:64,22:2:1,16:4:64,22:2:1,16:4:64,22:2:1,16:4:64,22:2:1,22:1:1,22:2:1,22:2:1,22:2:1,22:2:1,22:2:1,22:2:1,22:2:1,22:2:1,22:2:1,22:2:1,22:2:1,22:2:1,22:2:1,22:2:1,22:2:1,22:2:1,22:2:1,22:1:1, 40490.dat
