9 0 1.000000 0.000000 0.000000 0.000000 1.000000 0.000000 0.000000 0.000000 1.000000 0.000000 5.274550 14.294399 7.082875 4.734200 1.110225 41334.dat
9 0 0.707107 0.000000 0.707107 0.000000 1.000000 0.000000 -0.707107 0.000000 0.707107 -10.107676 4.665450 10.107676 7.082875 4.125100 1.110225 41334.dat
9 0 -0.000000 0.000000 1.000000 0.000000 1.000000 0.000000 -1.000000 0.000000 -0.000000 -14.294399 3.887925 0.000000 7.082875 3.347600 1.110225 41334.dat
9 0 -0.707107 0.000000 0.707107 0.000000 1.000000 0.000000 -0.707107 0.000000 -0.707107 -10.107676 3.603400 -10.107676 7.082875 3.063050 1.110225 41334.dat
9 0 -1.000000 0.000000 -0.000000 0.000000 1.000000 0.000000 0.000000 0.000000 -1.000000 0.000000 3.335750 -14.294399 7.082875 2.795425 1.110225 41334.dat
9 0 -0.707107 0.000000 -0.707107 0.000000 1.000000 0.000000 0.707107 0.000000 -0.707107 10.107676 3.603400 -10.107676 7.082875 3.063050 1.110225 41334.dat
9 0 -0.000000 0.000000 -1.000000 0.000000 1.000000 0.000000 1.000000 0.000000 -0.000000 14.294399 3.887925 0.000000 7.082875 3.347600 1.110225 41334.dat
9 0 0.707107 0.000000 -0.707107 0.000000 1.000000 0.000000 0.707107 0.000000 0.707107 10.107676 4.665450 10.107676 7.082875 4.125100 1.110225 41334.dat
9 0 1.000000 0.000000 0.000000 0.000000 1.000000 0.000000 0.000000 0.000000 1.000000 0.000000 -4.544875 -0.044975 11.605175 4.294875 11.199975 41334.dat
10 0 -16.873724 -10.311300 -16.852251 16.873724 9.089725 16.856600 41334.dat
2 22 1.000000 0.000000 0.000000 0.000000 1.000000 0.000000 0.000000 0.000000 1.000000 -10.000000 0.000000 10.000000 2 2 29:0:0,29:0:0,29:0:0,29:0:0,15:4:34,29:0:0,29:0:0,29:0:0,29:0:0, 41334.dat
