9 0 -1.000000 -0.000000 0.000000 -0.000000 -0.000000 -1.000000 0.000000 -1.000000 0.000000 20.145523 10.000000 -6.375000 4.949750 2.125000 1.812500 41529.dat
9 0 -1.000000 -0.000000 0.000000 -0.000000 -0.000000 -1.000000 0.000000 -1.000000 0.000000 20.145529 10.000000 6.369525 4.949750 2.125000 1.812500 41529.dat
9 0 -0.707107 -0.707106 -0.000000 0.000000 -0.000000 -1.000000 0.707106 -0.707107 0.000000 19.767103 9.621575 6.369525 5.484900 2.125000 1.812500 41529.dat
9 0 -0.707107 0.707106 0.000000 -0.000000 0.000000 -1.000000 -0.707106 -0.707107 0.000000 19.759298 10.386225 -6.375000 5.495950 2.125000 1.812500 41529.dat
9 0 -0.707107 -0.707106 -0.000000 0.000000 -0.000000 -1.000000 0.707106 -0.707107 0.000000 19.767097 9.621575 -6.375000 5.484900 2.125000 1.812500 41529.dat
9 0 -0.707107 0.707106 0.000000 -0.000000 0.000000 -1.000000 -0.707106 -0.707107 0.000000 19.759302 10.386225 6.369525 5.495950 2.125000 1.812500 41529.dat
9 0 0.000000 -1.000000 -0.000000 -0.000000 0.000000 -1.000000 1.000000 0.000000 -0.000000 16.103998 10.000000 -6.374999 4.960700 2.125000 5.854000 41529.dat
9 0 0.000000 -1.000000 -0.000000 -0.000000 0.000000 -1.000000 1.000000 0.000000 -0.000000 16.104002 10.000000 6.369527 4.960700 2.125000 5.854000 41529.dat
9 0 -1.000000 0.000000 0.000000 0.000000 1.000000 0.000000 -0.000000 0.000000 -1.000000 7.000001 10.000000 0.000004 2.750000 9.750000 9.750000 41529.dat
9 0 -0.990776 0.000000 -0.135507 0.000000 1.000000 0.000000 0.135507 0.000000 -0.990776 -5.352746 10.000000 8.009858 11.309225 9.750000 4.448200 41529.dat
9 0 -1.000000 0.000000 0.000000 0.000000 1.000000 0.000000 -0.000000 0.000000 -1.000000 -23.099997 10.000000 6.342788 6.649950 9.750000 2.292075 41529.dat
9 0 -1.000000 0.000000 0.000000 0.000000 1.000000 0.000000 -0.000000 0.000000 -1.000000 -23.100002 10.000000 -6.342761 6.649950 9.750000 2.292075 41529.dat
9 0 -0.988495 0.000000 0.151252 0.000000 1.000000 0.000000 -0.151252 0.000000 -0.988495 -4.994153 10.000000 -8.003317 11.339049 9.750000 4.462650 41529.dat
9 0 -1.000000 0.000000 0.000000 0.000000 1.000000 0.000000 -0.000000 0.000000 -1.000000 1.176876 2.625000 0.000006 8.573125 2.375000 9.750000 41529.dat
10 0 -14.424150 -14.450000 -50.000000 14.416374 14.450000 6.173075 41529.dat
6 2 -1.000000 -0.000000 0.000000 -0.000000 -0.000000 -1.000000 0.000000 -1.000000 0.000000 20.000000 10.000000 0.005475 1.570796 -1.570796 1.570796 -1.570796 0 41529.dat
3 23 0.000000 0.000000 1.000000 0.000000 1.000000 0.000000 -1.000000 0.000000 0.000000 -10.000004 0.000000 -9.999990 2 2 29:0:0,29:0:0,29:0:0,29:0:0,1:4:32,29:0:0,29:0:0,29:0:0,29:0:0, 41529.dat
3 23 -0.000000 0.000000 -1.000000 -0.000000 -1.000000 -0.000000 -1.000000 0.000000 0.000000 -9.999998 20.000000 10.000010 2 2 29:0:0,29:0:0,29:0:0,29:0:0,1:4:36,29:0:0,29:0:0,29:0:0,29:0:0, 41529.dat
0 6 1.000000 -0.000000 -0.000000 -0.000000 -1.000000 0.000000 -0.000000 -0.000000 -1.000000 0.000000 5.250000 0.000006 0 0 0.768000 0 0 41529.dat
0 6 1.000000 -0.000000 -0.000000 -0.000000 -1.000000 0.000000 -0.000000 -0.000000 -1.000000 -20.000000 0.000000 0.000013 0 0 0.800000 1 0 41529.dat
