9 0 1.000000 0.000000 0.000000 0.000000 1.000000 0.000000 0.000000 0.000000 1.000000 0.000000 10.778050 0.000000 3.724900 4.329300 9.750000 41530.dat
9 0 0.866025 -0.500000 0.000000 0.500000 0.866025 0.000000 0.000000 0.000000 1.000000 5.389025 9.334075 0.000000 3.724900 4.329300 9.750000 41530.dat
9 0 0.500000 -0.866025 0.000000 0.866025 0.500000 0.000000 0.000000 0.000000 1.000000 9.334075 5.389025 0.000000 3.724900 4.329300 9.750000 41530.dat
9 0 -0.000000 -1.000000 0.000000 1.000000 -0.000000 0.000000 0.000000 0.000000 1.000000 10.778050 0.000000 0.000000 3.724900 4.329300 9.750000 41530.dat
9 0 -0.500000 -0.866025 0.000000 0.866025 -0.500000 0.000000 0.000000 0.000000 1.000000 9.334075 -5.389025 0.000000 3.724900 4.329300 9.750000 41530.dat
9 0 -0.866025 -0.500000 0.000000 0.500000 -0.866025 0.000000 0.000000 0.000000 1.000000 5.389025 -9.334075 0.000000 3.724900 4.329300 9.750000 41530.dat
9 0 -1.000000 0.000000 0.000000 -0.000000 -1.000000 0.000000 0.000000 0.000000 1.000000 0.000000 -10.778050 0.000000 3.724900 4.329300 9.750000 41530.dat
9 0 -0.866025 0.500000 0.000000 -0.500000 -0.866025 0.000000 0.000000 0.000000 1.000000 -5.389025 -9.334075 0.000000 3.724900 4.329300 9.750000 41530.dat
9 0 -0.500000 0.866025 0.000000 -0.866025 -0.500000 0.000000 0.000000 0.000000 1.000000 -9.334075 -5.389025 0.000000 3.724900 4.329300 9.750000 41530.dat
9 0 -0.000000 1.000000 0.000000 -1.000000 -0.000000 0.000000 0.000000 0.000000 1.000000 -10.778050 0.000000 0.000000 3.724900 4.329300 9.750000 41530.dat
9 0 0.500000 0.866025 0.000000 -0.866025 0.500000 0.000000 0.000000 0.000000 1.000000 -9.334075 5.389025 0.000000 3.724900 4.329300 9.750000 41530.dat
9 0 0.866025 0.500000 0.000000 -0.500000 0.866025 0.000000 0.000000 0.000000 1.000000 -5.389025 9.334075 0.000000 3.724900 4.329300 9.750000 41530.dat
9 0 0.923880 -0.382683 0.000000 0.382683 0.923880 0.000000 0.000000 0.000000 1.000000 -7.437150 -17.954876 0.000000 3.864650 6.041650 7.586425 41530.dat
9 0 0.979991 0.199039 0.000000 -0.199039 0.979991 0.000000 0.000000 0.000000 1.000000 -9.717425 -33.026497 0.000000 3.967600 11.960275 4.473650 41530.dat
9 0 0.979991 0.199039 0.000000 -0.199039 0.979991 0.000000 0.000000 0.000000 1.000000 -9.717425 -33.026497 0.000000 3.967600 11.960275 4.473650 41530.dat
9 0 0.923880 -0.382683 0.000000 0.382683 0.923880 0.000000 0.000000 0.000000 1.000000 -7.437150 -17.954876 0.000000 3.864650 6.041650 7.586425 41530.dat
9 0 0.833701 -0.552216 0.000000 0.552216 0.833701 0.000000 0.000000 0.000000 1.000000 -30.224499 -16.481976 0.000000 3.967600 11.960275 4.473650 41530.dat
9 0 0.382683 -0.923880 0.000000 0.923880 0.382683 0.000000 0.000000 0.000000 1.000000 -17.954876 -7.437150 0.000000 3.864650 6.041650 7.586425 41530.dat
9 0 0.199040 -0.979991 0.000000 0.979991 0.199040 0.000000 0.000000 0.000000 1.000000 -33.026497 9.717425 0.000000 3.967600 11.960275 4.473650 41530.dat
9 0 -0.382683 -0.923880 0.000000 0.923880 -0.382683 0.000000 0.000000 0.000000 1.000000 -17.954876 7.437150 0.000000 3.864650 6.041650 7.586425 41530.dat
9 0 -0.552216 -0.833701 0.000000 0.833701 -0.552216 0.000000 0.000000 0.000000 1.000000 -16.481976 30.224499 0.000000 3.967600 11.960275 4.473650 41530.dat
9 0 -0.923880 -0.382683 0.000000 0.382683 -0.923880 0.000000 0.000000 0.000000 1.000000 -7.437150 17.954876 0.000000 3.864650 6.041650 7.586425 41530.dat
9 0 -0.979991 -0.199039 0.000000 0.199039 -0.979991 0.000000 0.000000 0.000000 1.000000 9.717425 33.026497 0.000000 3.967600 11.960275 4.473650 41530.dat
9 0 -0.923880 0.382683 0.000000 -0.382683 -0.923880 0.000000 0.000000 0.000000 1.000000 7.437150 17.954876 0.000000 3.864650 6.041650 7.586425 41530.dat
9 0 -0.833701 0.552216 0.000000 -0.552216 -0.833701 0.000000 0.000000 0.000000 1.000000 30.224499 16.481976 0.000000 3.967600 11.960275 4.473650 41530.dat
9 0 -0.382683 0.923880 0.000000 -0.923880 -0.382683 0.000000 0.000000 0.000000 1.000000 17.954876 7.437150 0.000000 3.864650 6.041650 7.586425 41530.dat
9 0 -0.199040 0.979991 0.000000 -0.979991 -0.199040 0.000000 0.000000 0.000000 1.000000 33.026497 -9.717425 0.000000 3.967600 11.960275 4.473650 41530.dat
9 0 0.382683 0.923880 0.000000 -0.923880 0.382683 0.000000 0.000000 0.000000 1.000000 17.954876 -7.437150 0.000000 3.864650 6.041650 7.586425 41530.dat
9 0 0.552216 0.833701 0.000000 -0.833701 0.552216 0.000000 0.000000 0.000000 1.000000 16.481976 -30.224499 0.000000 3.967600 11.960275 4.473650 41530.dat
9 0 0.923880 0.382683 0.000000 -0.382683 0.923880 0.000000 0.000000 0.000000 1.000000 7.437150 -17.954876 0.000000 3.864650 6.041650 7.586425 41530.dat
9 0 0.707107 -0.707107 0.000000 0.707107 0.707107 0.000000 0.000000 0.000000 1.000000 3.674075 3.674075 0.000000 0.757625 0.756325 9.750000 41530.dat
9 0 1.000000 0.000000 0.000000 0.000000 1.000000 0.000000 0.000000 0.000000 1.000000 6.779875 -6.779875 0.000000 4.279875 4.279875 9.750000 41530.dat
9 0 -0.707107 0.707107 0.000000 -0.707107 -0.707107 0.000000 0.000000 0.000000 1.000000 -3.674075 -3.674075 0.000000 0.757625 0.756325 9.750000 41530.dat
9 0 -1.000000 0.000000 0.000000 -0.000000 -1.000000 0.000000 0.000000 0.000000 1.000000 -6.779875 6.779875 0.000000 4.279875 4.279875 9.750000 41530.dat
10 0 -46.073498 -46.073498 -20.000000 46.073498 46.073498 0.000000 41530.dat
0 4 -0.000000 1.000000 -0.000000 0.000000 -0.000000 -1.000000 -1.000000 0.000000 -0.000000 0.000000 0.000000 -10.000000 0 0 0.800000 0 0 41530.dat
