9 0 1.000000 0.000000 0.000000 0.000000 1.000000 0.000000 0.000000 0.000000 1.000000 0.000000 -4.309000 0.000000 11.234725 4.059000 12.940500 4156.dat
9 0 0.866026 0.000000 0.500000 0.000000 1.000000 0.000000 -0.500000 0.000000 0.866026 -12.101800 -2.204925 -6.986975 0.778525 6.060300 6.839750 4156.dat
9 0 -0.000000 0.000000 1.000000 0.000000 1.000000 0.000000 -1.000000 0.000000 -0.000000 0.000000 -2.852100 -15.101001 1.905575 6.707475 4.485400 4156.dat
9 0 -0.866025 0.000000 -0.500000 0.000000 1.000000 0.000000 0.500000 0.000000 -0.866025 12.101800 -2.204925 6.986975 0.778525 6.060300 6.839750 4156.dat
9 0 -0.000000 0.000000 -1.000000 0.000000 1.000000 0.000000 1.000000 0.000000 -0.000000 0.000000 -2.852100 15.104575 1.909150 6.707475 4.485400 4156.dat
9 0 -0.866025 0.000000 0.500000 0.000000 1.000000 0.000000 -0.500000 0.000000 -0.866025 12.101800 -2.204925 -6.986975 0.778525 6.060300 6.839750 4156.dat
9 0 0.866026 0.000000 -0.500000 0.000000 1.000000 0.000000 0.500000 0.000000 0.866026 -12.101800 -2.204925 6.986975 0.778525 6.060300 6.839750 4156.dat
10 0 -16.195900 -4.105375 -18.127649 16.195900 10.070701 18.127649 4156.dat
2 22 1.000000 0.000000 0.000000 0.000000 1.000000 0.000000 0.000000 0.000000 1.000000 -10.000000 0.000000 10.000000 2 2 29:0:0,29:0:0,29:0:0,29:0:0,5:4:34,29:0:0,29:0:0,29:0:0,29:0:0, 4156.dat
