9 0 0.705888 0.000000 -0.708324 0.000000 1.000000 0.000000 0.708324 0.000000 0.705888 3.752800 0.000000 -3.750025 0.875025 7.250000 0.746100 41669.dat
9 0 0.705888 0.000000 -0.708324 0.000000 1.000000 0.000000 0.708324 0.000000 0.705888 -3.729275 0.000000 3.732050 0.875025 7.250000 0.746100 41669.dat
9 0 0.000000 0.000000 -1.000000 0.000000 1.000000 0.000000 1.000000 0.000000 0.000000 4.244925 0.000000 4.223400 1.723275 7.250000 1.745050 41669.dat
9 0 0.000000 0.000000 -1.000000 0.000000 1.000000 0.000000 1.000000 0.000000 0.000000 -4.244925 0.000000 -4.223400 1.723275 7.250000 1.745050 41669.dat
9 0 -0.111226 0.118749 -0.986675 0.309275 0.947670 0.079190 0.944446 -0.296345 -0.142131 5.641525 4.357950 -22.055925 5.595100 4.755275 0.297425 41669.dat
9 0 -0.019244 0.280164 -0.959759 0.582310 0.783464 0.217025 0.812739 -0.554701 -0.178219 1.932350 -3.627100 -22.369150 5.327775 3.368875 0.234900 41669.dat
9 0 -0.067474 0.350530 -0.934118 0.464436 0.839664 0.281539 0.883032 -0.414842 -0.219454 2.817425 2.367750 -31.422499 4.886625 5.384250 0.297425 41669.dat
9 0 -0.120348 0.360862 -0.924822 0.571891 0.786681 0.232539 0.811454 -0.500911 -0.301049 1.845325 4.396450 -39.746750 5.006550 2.645700 0.297425 41669.dat
9 0 0.000000 0.000000 -1.000000 0.000000 1.000000 0.000000 1.000000 0.000000 0.000000 0.000000 8.997875 -27.062500 20.187500 0.752125 2.365525 41669.dat
9 0 -0.147964 0.000000 -0.988993 0.000000 1.000000 0.000000 0.988993 0.000000 -0.147964 3.007125 8.997875 -26.420000 20.655874 0.752125 2.481800 41669.dat
9 0 0.000000 0.000000 -1.000000 0.000000 1.000000 0.000000 1.000000 0.000000 0.000000 -0.000000 0.000000 7.475975 0.600975 9.750000 3.062500 41669.dat
9 0 0.707107 0.000000 -0.707107 0.000000 1.000000 0.000000 0.707107 0.000000 0.707107 -5.286325 0.000000 5.286325 0.600975 9.750000 3.062500 41669.dat
9 0 1.000000 0.000000 0.000000 0.000000 1.000000 0.000000 -0.000000 0.000000 1.000000 -7.475975 0.000000 -0.000000 0.600975 9.750000 3.062500 41669.dat
9 0 -0.707107 0.000000 -0.707107 0.000000 1.000000 0.000000 0.707107 0.000000 -0.707107 5.286325 0.000000 5.286325 0.600975 9.750000 3.062500 41669.dat
9 0 -1.000000 0.000000 0.000000 0.000000 1.000000 0.000000 -0.000000 0.000000 -1.000000 7.475975 0.000000 0.000000 0.600975 9.750000 3.062500 41669.dat
9 0 -0.707107 0.000000 0.707107 0.000000 1.000000 0.000000 -0.707107 0.000000 -0.707107 5.286325 0.000000 -5.286325 0.600975 9.750000 3.062500 41669.dat
9 0 0.707107 0.000000 0.707107 0.000000 1.000000 0.000000 -0.707107 0.000000 0.707107 -5.286325 0.000000 -5.286325 0.600975 9.750000 3.062500 41669.dat
9 0 -0.000000 0.000000 1.000000 0.000000 1.000000 0.000000 -1.000000 0.000000 -0.000000 0.000000 0.000000 -7.475975 0.600975 9.750000 3.062500 41669.dat
9 0 -0.005939 0.213835 -0.976852 0.369400 0.908242 0.196570 0.929251 -0.359682 -0.084385 5.024975 2.193975 -11.932674 4.886625 5.670250 0.967125 41669.dat
9 0 -0.051890 0.157314 -0.986184 0.562103 0.820833 0.101361 0.825438 -0.549078 -0.131020 1.586475 -6.188749 -12.300375 5.708175 2.672250 0.234900 41669.dat
9 0 0.111226 0.118749 -0.986675 -0.309275 0.947670 0.079190 0.944446 0.296345 0.142131 -5.641524 4.357950 -22.055925 5.595100 4.755275 0.297425 41669.dat
9 0 0.019244 0.280164 -0.959759 -0.582310 0.783464 0.217025 0.812739 0.554701 0.178219 -1.932350 -3.627100 -22.369150 5.327775 3.368875 0.234900 41669.dat
9 0 0.067474 0.350530 -0.934118 -0.464436 0.839664 0.281539 0.883032 0.414842 0.219454 -2.817425 2.367750 -31.422499 4.886625 5.384250 0.297425 41669.dat
9 0 0.120348 0.360862 -0.924822 -0.571891 0.786681 0.232539 0.811454 0.500911 0.301049 -1.845324 4.396450 -39.746750 5.006550 2.645700 0.297425 41669.dat
9 0 0.147964 0.000000 -0.988993 0.000000 1.000000 0.000000 0.988993 0.000000 0.147964 -3.007100 8.997875 -26.420000 20.655874 0.752125 2.481800 41669.dat
9 0 0.005939 0.213835 -0.976852 -0.369400 0.908242 0.196570 0.929251 0.359682 0.084385 -5.024975 2.193975 -11.932674 4.886625 5.670250 0.967125 41669.dat
9 0 0.051890 0.157314 -0.986184 -0.562103 0.820833 0.101361 0.825438 0.549078 0.131020 -1.586475 -6.188749 -12.300375 5.708175 2.672250 0.234900 41669.dat
10 0 -9.250000 0.000000 -9.250000 47.500000 20.000000 9.250000 41669.dat
0 4 1.000000 0.000000 0.000000 0.000000 1.000000 0.000000 -0.000000 0.000000 1.000000 0.000000 10.000000 0.000000 0 0 0.800000 0 0 41669.dat
