9 0 -1.000000 -0.000000 0.000000 0.000000 -1.000000 -0.000000 0.000000 -0.000000 1.000000 -15.012500 0.004492 6.906251 4.737500 4.749050 0.531150 41678.dat
9 0 -1.000000 -0.000000 0.000000 0.000000 -1.000000 -0.000000 0.000000 -0.000000 1.000000 15.012500 0.004492 6.906251 4.737500 4.749050 0.531150 41678.dat
9 0 -1.000000 0.000000 -0.000000 -0.000000 -1.000000 -0.000000 -0.000000 -0.000000 1.000000 0.000000 -0.000003 -11.499997 9.775000 1.750000 0.500000 41678.dat
9 0 -1.000000 -0.000000 0.000000 0.000000 -0.406737 -0.913546 0.000000 -0.913546 0.406737 -15.012500 -6.521332 2.908401 4.737500 4.749050 0.296800 41678.dat
9 0 -1.000000 0.000000 -0.000000 -0.000000 -0.406737 0.913545 -0.000000 0.913545 0.406737 -15.012500 6.524967 2.900204 4.737500 4.749050 0.296800 41678.dat
9 0 -1.000000 -0.000000 0.000000 0.000000 -0.406737 -0.913546 0.000000 -0.913546 0.406737 15.012500 -6.521332 2.908401 4.737500 4.749050 0.296800 41678.dat
9 0 -1.000000 0.000000 -0.000000 -0.000000 -0.406737 0.913545 -0.000000 0.913545 0.406737 15.012500 6.524967 2.900204 4.737500 4.749050 0.296800 41678.dat
9 0 -1.000000 0.000000 -0.000000 -0.000000 -1.000000 -0.000000 -0.000000 -0.000000 1.000000 12.297250 -0.012502 -12.772597 6.672225 7.737500 0.533350 41678.dat
9 0 0.000000 -0.000000 1.000000 -1.000000 -0.000000 -0.000000 0.000000 -1.000000 -0.000000 -15.012500 4.282392 4.187503 1.687500 4.737500 1.782375 41678.dat
9 0 0.000000 -0.000000 1.000000 -1.000000 -0.000000 -0.000000 0.000000 -1.000000 -0.000000 -15.012500 -4.282683 4.187500 1.687500 4.737500 1.782700 41678.dat
9 0 -0.000000 -0.000000 1.000000 1.000000 -0.000000 0.000000 0.000000 1.000000 0.000000 15.012500 4.282392 4.187503 1.687500 4.737500 1.782375 41678.dat
9 0 -0.000000 -0.000000 1.000000 1.000000 -0.000000 0.000000 0.000000 1.000000 0.000000 15.012500 -4.282683 4.187500 1.687500 4.737500 1.782700 41678.dat
9 0 0.000000 -0.000000 1.000000 -1.000000 -0.000000 -0.000000 0.000000 -1.000000 -0.000000 -15.012500 -5.750004 -6.400499 3.900500 4.737500 3.250000 41678.dat
9 0 0.000000 -0.000000 1.000000 -1.000000 -0.000000 -0.000000 0.000000 -1.000000 -0.000000 -15.012500 5.750021 -6.400496 3.900500 4.737500 3.250000 41678.dat
9 0 -0.000000 -0.000000 1.000000 1.000000 -0.000000 0.000000 0.000000 1.000000 0.000000 15.012500 -5.750004 -6.400499 3.900500 4.737500 3.250000 41678.dat
9 0 -0.000000 -0.000000 1.000000 1.000000 -0.000000 0.000000 0.000000 1.000000 0.000000 15.012500 5.750021 -6.400496 3.900500 4.737500 3.250000 41678.dat
9 0 -1.000000 0.000000 -0.000000 -0.000000 -1.000000 -0.000000 -0.000000 -0.000000 1.000000 0.000000 0.000002 -27.809196 9.775000 1.750000 1.190800 41678.dat
9 0 -0.500001 -0.000001 0.866025 0.000001 -1.000000 -0.000001 0.866025 0.000000 0.500001 -17.044649 0.000001 -24.106598 2.360700 9.750000 0.137500 41678.dat
9 0 -0.996873 0.000000 -0.079024 -0.000000 -1.000000 -0.000000 -0.079024 -0.000000 0.996873 -18.943001 -0.000001 -15.343073 0.506375 9.000000 4.360125 41678.dat
9 0 0.500000 -0.000000 0.866026 0.000000 -1.000000 -0.000001 0.866026 0.000000 -0.500000 -1.902700 0.000001 -22.381348 4.390800 9.750000 0.186500 41678.dat
9 0 -0.965926 0.000000 0.258820 -0.000000 -1.000000 -0.000000 0.258820 -0.000000 0.965926 -12.077525 0.000002 -27.885120 2.360700 9.750000 0.137500 41678.dat
9 0 -0.906308 0.000001 -0.422618 -0.000001 -1.000000 -0.000000 -0.422618 -0.000000 0.906308 -6.523000 0.000002 -27.375746 2.360700 9.750000 0.137500 41678.dat
9 0 0.500000 -0.000000 0.866026 0.000000 1.000000 0.000000 -0.866026 -0.000000 0.500000 17.066002 0.000001 -24.106598 2.360700 9.750000 0.137500 41678.dat
9 0 0.996873 0.000000 -0.079024 0.000000 1.000000 0.000000 0.079024 -0.000000 0.996873 18.881750 -0.000001 -15.336497 0.506375 9.000000 4.360125 41678.dat
9 0 -0.500001 0.000001 0.866025 0.000001 1.000000 -0.000000 -0.866025 0.000001 -0.500001 1.885075 0.000001 -22.401648 4.392750 9.750000 0.186500 41678.dat
9 0 0.965926 -0.000000 0.258818 -0.000000 1.000000 0.000000 -0.258818 -0.000000 0.965926 12.098900 0.000002 -27.885120 2.360700 9.750000 0.137500 41678.dat
9 0 0.906308 0.000000 -0.422617 0.000000 1.000000 0.000000 0.422617 -0.000000 0.906308 6.544400 0.000002 -27.375746 2.360700 9.750000 0.137500 41678.dat
9 0 1.000000 0.000000 0.000000 0.000000 0.000000 -1.000000 0.000000 1.000000 0.000000 -10.000000 0.000002 -26.999998 4.375000 0.500000 7.750000 41678.dat
9 0 1.000000 0.000000 0.000000 0.000000 0.000000 -1.000000 0.000000 1.000000 0.000000 -10.000000 -0.000002 -12.999996 4.375000 0.500000 7.750000 41678.dat
9 0 1.000000 0.000000 0.000000 0.000000 0.000000 -1.000000 0.000000 1.000000 0.000000 10.000000 0.000002 -26.999998 4.375000 0.500000 7.750000 41678.dat
9 0 -0.965926 0.000001 -0.258819 0.000001 1.000000 0.000000 0.258819 0.000000 -0.965926 7.839400 -0.000002 -11.936472 2.144075 9.750000 0.336850 41678.dat
9 0 -0.707106 0.000001 -0.707107 0.000001 1.000000 0.000001 0.707107 -0.000000 -0.707106 4.100475 -0.000001 -14.100472 2.144075 9.750000 0.341650 41678.dat
9 0 0.965926 0.000000 -0.258818 0.000000 -1.000000 -0.000000 -0.258818 0.000000 -0.965926 -7.806076 -0.000002 -11.942548 2.177825 9.750000 0.334075 41678.dat
9 0 0.707106 0.000000 -0.707107 -0.000000 -1.000000 -0.000000 -0.707107 0.000000 -0.707106 -4.095150 -0.000001 -14.095147 2.144075 9.750000 0.334075 41678.dat
10 0 -10.000000 -10.000000 -20.000000 30.000002 29.249998 0.000000 41678.dat
0 2 1.000000 0.000000 0.000000 0.000000 -1.000000 -0.000000 0.000000 0.000000 -1.000000 -10.000000 -10.000000 -20.000000 0 0 0.800000 0 0 41678.dat
0 2 1.000000 0.000000 0.000000 0.000000 -1.000000 -0.000000 0.000000 0.000000 -1.000000 10.000000 -10.000000 -20.000000 0 0 0.800000 0 0 41678.dat
0 4 -0.000000 -1.000000 -0.000000 -1.000000 -0.000000 0.000000 -0.000000 0.000000 -1.000000 -20.000000 -0.000006 0.000003 0 0 0.400000 0 0 41678.dat
0 4 -0.000000 -1.000000 -0.000000 -1.000000 -0.000000 0.000000 -0.000000 0.000000 -1.000000 10.000000 -0.000006 0.000003 0 0 0.400000 0 0 41678.dat
2 22 1.000000 0.000000 0.000000 0.000000 -1.000000 -0.000000 0.000000 0.000000 -1.000000 -20.000000 -9.999997 -30.000002 2 4 22:1:1,22:2:1,22:2:1,22:2:1,22:1:1,22:2:1,16:4:64,22:2:1,16:4:64,22:2:1,22:1:1,22:2:1,22:2:1,22:2:1,22:1:1, 41678.dat
2 22 1.000000 0.000000 0.000000 0.000000 1.000000 0.000000 0.000000 -0.000000 1.000000 -20.000000 9.999997 -9.999994 2 4 22:1:1,22:2:1,22:2:1,22:2:1,22:1:1,22:2:1,16:4:64,22:2:1,16:4:64,22:2:1,22:1:1,22:2:1,22:2:1,22:2:1,22:1:1, 41678.dat
