9 0 -0.706132 0.000001 -0.708080 0.708080 0.000000 -0.706132 -0.000000 -1.000000 -0.000001 -28.936996 45.500000 -118.934013 1.216475 7.642125 2.250000 41749.dat
9 0 -0.507882 0.694934 -0.509040 0.694384 -0.019439 -0.719342 -0.509790 -0.718810 -0.472679 -22.031796 35.668148 -115.410889 9.277451 11.455000 0.192700 41749.dat
9 0 -0.706132 0.000001 -0.708080 0.708080 0.000000 -0.706132 -0.000000 -1.000000 -0.000001 -11.705353 45.500000 -136.118225 1.216475 3.693525 2.250000 41749.dat
9 0 -0.999996 -0.000365 0.002862 -0.002885 0.126726 -0.991933 -0.000000 -0.991938 -0.126727 -0.079948 5.501249 -43.332493 9.761125 23.620424 2.250000 41749.dat
9 0 -0.999996 -0.001063 0.002683 -0.002886 0.368053 -0.929800 0.000000 -0.929804 -0.368055 -0.218387 17.236498 -88.822998 9.761125 23.856625 2.250000 41749.dat
9 0 -0.911449 0.398851 0.100887 -0.052519 0.130416 -0.990067 -0.408047 -0.907695 -0.097921 -28.283724 14.860749 -44.049992 21.376625 21.440449 1.028275 41749.dat
9 0 -0.885416 0.433213 0.168422 0.010801 0.381433 -0.924333 -0.464675 -0.816600 -0.342406 -29.509485 24.609650 -84.618736 21.376625 18.660950 0.441000 41749.dat
9 0 -0.000000 0.000000 -1.000000 1.000000 0.000000 -0.000000 -0.000000 -1.000000 -0.000000 0.000041 11.999997 0.316751 19.433174 9.750025 11.750000 41749.dat
9 0 -0.000000 0.000000 -1.000000 1.000000 0.000000 -0.000000 -0.000000 -1.000000 -0.000000 -29.999960 21.599998 0.000012 19.749975 19.750000 2.149900 41749.dat
9 0 -0.000000 0.000000 -1.000000 0.906017 -0.423242 -0.000000 -0.423242 -0.906017 0.000000 -28.547209 11.627248 0.000012 19.750025 22.306950 2.149900 41749.dat
9 0 -0.000000 0.000000 -1.000000 1.000000 0.000000 -0.000000 -0.000000 -1.000000 -0.000000 -20.159885 16.965250 0.345516 19.404551 9.750000 6.784700 41749.dat
9 0 -0.000001 0.215397 -0.976526 1.000000 0.000000 -0.000001 -0.000000 -0.976526 -0.215397 0.000005 37.628448 -113.485023 10.781549 9.750000 6.709800 41749.dat
9 0 -0.002841 0.102726 -0.994706 0.999955 -0.008761 -0.003761 -0.009101 -0.994671 -0.102697 8.175453 14.743000 -40.281742 22.074375 1.625000 9.797150 41749.dat
9 0 -0.000052 0.389440 -0.921052 0.999954 -0.008760 -0.003760 -0.009533 -0.921010 -0.389422 8.105089 26.215149 -85.720001 28.382250 1.625000 9.220950 41749.dat
9 0 -0.000000 0.000000 -1.000000 1.000000 0.000000 -0.000000 -0.000000 -1.000000 -0.000000 0.000003 45.500000 -120.000015 19.750025 9.750000 2.250000 41749.dat
9 0 -0.999996 -0.001057 0.002685 -0.002810 0.568781 -0.822484 -0.000658 -0.822488 -0.568782 0.038452 35.796299 -124.351669 9.761125 16.689850 2.718950 41749.dat
9 0 -0.706132 0.000001 -0.708080 0.708080 0.000000 -0.706132 -0.000000 -1.000000 -0.000001 -44.797241 45.500000 -103.062225 1.216475 1.795875 2.250000 41749.dat
9 0 -0.000000 0.000000 -1.000000 1.000000 0.000000 -0.000000 -0.000000 -1.000000 -0.000000 -13.553890 42.861073 -101.874992 1.625000 23.303900 4.888950 41749.dat
10 0 -10.000000 0.000000 -50.000000 150.000000 52.452499 10.000000 41749.dat
3 23 0.000000 0.000000 1.000000 0.000000 1.000000 0.000000 -1.000000 0.000000 0.000000 -9.999966 0.000000 -19.999992 2 4 18:1:1,23:4:1,18:2:1,23:4:1,18:1:1,23:4:1,0:4:1,23:4:1,0:4:1,23:4:1,18:1:1,23:4:1,18:2:1,23:4:1,18:1:1, 41749.dat
2 22 0.000000 0.000000 1.000000 0.000000 1.000000 0.000000 -1.000000 0.000000 0.000000 -49.999966 24.000000 -19.999981 6 4 22:1:1,22:2:1,22:2:1,22:2:1,22:1:1,22:2:1,15:4:1,23:4:1,15:4:1,22:2:1,22:2:1,23:4:1,7:4:2,23:4:1,22:2:1,22:2:1,15:4:1,23:4:1,15:4:1,22:2:1,22:2:1,23:4:1,7:4:2,23:4:1,22:2:1,22:2:1,15:4:1,23:4:1,15:4:1,22:2:1,22:1:1,22:2:1,22:2:1,22:2:1,22:1:1, 41749.dat
2 22 0.000000 0.000000 1.000000 0.000000 1.000000 0.000000 -1.000000 0.000000 0.000000 -50.000008 48.000000 -139.999985 6 4 29:0:1,29:0:1,29:0:1,29:0:1,22:1:1,29:0:1,29:0:1,29:0:1,29:0:1,22:2:1,29:0:1,29:0:1,22:2:1,29:0:1,22:2:1,29:0:1,29:0:1,29:0:1,29:0:1,22:2:1,22:1:1,22:2:1,22:2:1,22:2:1,22:2:1,22:2:1,15:4:1,23:4:1,15:4:1,22:2:1,22:1:1,22:2:1,22:2:1,22:2:1,22:1:1, 41749.dat
