9 0 0.000000 0.000000 1.000000 0.688198 0.725523 -0.000000 -0.725523 0.688198 0.000000 -19.141472 10.456100 0.000006 19.750000 1.044975 13.578250 41747.dat
9 0 0.000000 0.000000 1.000000 0.000000 1.000000 0.000000 -1.000000 0.000000 0.000000 -0.000003 21.499998 -98.125000 1.625000 2.250000 9.750000 41747.dat
9 0 0.000000 -0.221621 0.975133 0.000000 0.975133 0.221621 -1.000000 0.000000 0.000000 0.000010 6.651150 -58.975994 13.593849 1.250000 9.750000 41747.dat
9 0 0.000000 -0.372251 0.928132 0.000000 0.928132 0.372251 -1.000000 0.000000 0.000000 0.000001 15.188299 -86.085945 14.057800 1.250000 9.750000 41747.dat
9 0 0.000000 0.000000 1.000000 0.000000 1.000000 0.000000 -1.000000 0.000000 0.000000 -9.999971 21.499998 0.000006 19.750000 2.250000 19.750000 41747.dat
9 0 0.000000 -0.074613 0.997213 0.000000 0.997213 0.074613 -1.000000 0.000000 0.000000 0.000018 2.576950 -32.691246 12.403725 1.250000 9.750000 41747.dat
9 0 0.000000 0.000000 1.000000 0.000000 1.000000 0.000000 -1.000000 0.000000 0.000000 0.000028 12.000000 0.000000 19.750000 11.750000 9.750000 41747.dat
9 0 0.000000 0.000000 1.000000 0.000000 1.000000 0.000000 -1.000000 0.000000 0.000000 8.125015 16.174873 -40.000000 19.750000 7.575125 1.625000 41747.dat
9 0 0.000000 0.000000 1.000000 0.000000 1.000000 0.000000 -1.000000 0.000000 0.000000 8.125004 21.490074 -78.125000 17.875000 2.259925 1.625000 41747.dat
9 0 0.000000 0.000000 1.000000 0.688824 0.724928 -0.000000 -0.724928 0.688824 0.000000 -14.911890 14.147750 18.124998 1.625000 4.482875 8.964800 41747.dat
9 0 0.000000 -0.117044 0.993127 0.000000 0.993127 0.117044 -1.000000 0.000000 0.000000 8.125015 7.437375 -39.962746 19.750000 3.648975 1.625000 41747.dat
9 0 0.000000 -0.188386 0.982095 0.000000 0.982095 0.188386 -1.000000 0.000000 0.000000 8.125005 16.192324 -73.171501 16.486650 4.227750 1.625000 41747.dat
9 0 -0.971007 0.000000 -0.239053 0.000000 1.000000 0.000000 0.239053 0.000000 -0.971007 -11.255224 21.499998 -87.317444 1.562975 2.250000 12.364901 41747.dat
9 0 -0.971007 0.000000 -0.239053 0.000000 1.000000 0.000000 0.239053 0.000000 -0.971007 -18.184715 21.499998 -59.788490 1.562975 2.250000 2.971575 41747.dat
9 0 -0.971007 0.000000 -0.239053 0.000000 1.000000 0.000000 0.239053 0.000000 -0.971007 -22.853786 21.499998 -40.955742 1.594825 2.250000 2.971575 41747.dat
9 0 -0.971007 0.000000 -0.239053 0.000000 1.000000 0.000000 0.239053 0.000000 -0.971007 -27.483728 21.499998 -22.415489 1.594825 2.250000 2.678350 41747.dat
9 0 -0.124929 -0.011597 0.992098 0.723303 0.683387 0.099069 -0.679136 0.729964 -0.076987 -15.956408 9.092824 -31.697744 10.629826 0.319100 9.581500 41747.dat
9 0 -0.185683 -0.071177 0.980028 0.760635 0.620993 0.189216 -0.622058 0.780578 -0.061169 -15.097713 11.669600 -52.375996 9.882800 0.189625 8.004275 41747.dat
9 0 -0.147728 -0.143315 0.978589 0.840821 0.502787 0.200564 -0.520765 0.852447 0.046227 -12.599145 14.339524 -73.749451 9.882800 0.142475 3.765325 41747.dat
10 0 -10.000000 0.000000 -30.000002 110.000000 28.450001 10.000000 41747.dat
3 23 0.000000 0.000000 1.000000 0.000000 1.000000 0.000000 -1.000000 0.000000 0.000000 -9.999979 0.000000 -19.999992 2 4 29:0:1,23:4:1,29:0:1,23:4:1,18:1:1,23:4:1,0:4:1,23:4:1,0:4:1,23:4:1,18:1:1,23:4:1,18:2:1,23:4:1,18:1:1, 41747.dat
2 22 0.000000 0.000000 1.000000 0.000000 1.000000 0.000000 -1.000000 0.000000 0.000000 -30.000004 24.000000 -99.999985 4 12 29:0:1,29:0:1,29:0:1,29:0:1,29:0:1,29:0:1,29:0:1,29:0:1,22:2:1,22:2:1,22:2:1,22:2:1,22:1:1,29:0:1,29:0:1,29:0:1,29:0:1,22:2:1,29:0:1,22:2:1,29:0:1,23:4:1,15:4:0,23:4:1,15:4:1,22:2:1,22:1:1,22:2:1,22:2:1,23:4:1,7:4:2,23:4:1,7:4:2,23:4:1,7:4:2,23:4:1,7:4:2,23:4:1,22:2:1,22:2:1,15:4:1,23:4:1,15:4:0,23:4:1,15:4:0,23:4:1,15:4:0,23:4:1,15:4:1,23:4:1,15:4:1,22:2:1,22:1:1,22:2:1,22:2:1,22:2:1,22:2:1,22:2:1,22:2:1,22:2:1,22:2:1,22:2:1,22:2:1,22:2:1,22:1:1, 41747.dat
