9 0 0.000000 0.000000 1.000000 0.000000 1.000000 0.000000 -1.000000 0.000000 0.000000 -10.000016 1.625000 -19.368999 40.381001 1.375000 9.750000 41765.dat
9 0 0.000000 0.000000 1.000000 0.000000 1.000000 0.000000 -1.000000 0.000000 0.000000 -9.999997 12.000000 39.999874 19.750126 11.750000 9.750000 41765.dat
9 0 0.000000 0.000000 1.000000 0.719782 0.694200 -0.000000 -0.694200 0.719782 0.000000 8.327477 12.011250 39.999996 19.750000 2.078625 14.160225 41765.dat
9 0 0.000000 0.000000 1.000000 0.000000 1.000000 0.000000 -1.000000 0.000000 0.000000 10.000003 1.625000 39.999996 19.750000 1.375000 9.750000 41765.dat
9 0 0.241963 0.000000 0.970285 0.000000 1.000000 0.000000 -0.970285 0.000000 0.241963 0.331235 1.625000 -17.544252 40.937748 1.375000 9.750000 41765.dat
9 0 0.000000 0.263420 0.964681 -0.000000 0.964681 -0.263420 -1.000000 0.000000 0.000000 -10.000017 11.737675 -23.525249 8.399675 5.356250 9.750000 41765.dat
9 0 0.023697 0.206197 0.978224 0.797901 0.585636 -0.142774 -0.602323 0.783908 -0.150647 4.865714 11.920875 -2.482006 6.651650 1.402550 10.714375 41765.dat
9 0 0.024225 0.229647 0.972973 0.824595 0.545661 -0.149321 -0.565204 0.805926 -0.176147 3.284434 11.073199 -17.235752 6.669826 1.117250 8.438550 41765.dat
9 0 -0.017828 0.324885 0.945586 0.848063 0.505850 -0.157811 -0.529595 0.799103 -0.284541 1.677531 9.228425 -29.609507 5.176975 1.550050 6.058100 41765.dat
9 0 0.012241 0.403829 0.914752 0.842618 0.488385 -0.226880 -0.538373 0.773564 -0.334295 0.535277 7.582225 -40.583252 5.519425 1.178225 3.611350 41765.dat
9 0 0.121951 0.105499 0.986913 0.719527 0.675515 -0.161121 -0.683673 0.729760 0.006470 7.071594 12.592324 13.156070 6.845475 1.265150 12.953800 41765.dat
9 0 0.000000 0.071908 0.997411 -0.000000 0.997411 -0.071908 -1.000000 0.000000 0.000000 -18.125006 12.953800 11.128929 9.392275 10.129675 1.625000 41765.dat
9 0 0.000000 0.193569 0.981087 -0.000000 0.981087 -0.193569 -1.000000 0.000000 0.000000 -18.125013 11.403574 -6.825745 9.392275 9.307450 1.625000 41765.dat
9 0 0.000000 0.401103 0.916033 -0.000000 0.916033 -0.401103 -1.000000 0.000000 0.000000 -10.000024 7.628425 -45.306248 14.227525 1.599750 9.750000 41765.dat
10 0 -90.000000 0.000000 -10.000000 30.000002 28.450001 30.000002 41765.dat
2 22 0.000000 0.000000 1.000000 0.000000 1.000000 0.000000 -1.000000 0.000000 0.000000 -20.000004 24.000000 20.000004 2 4 22:2:1,22:2:1,22:2:1,22:2:1,22:1:1,22:2:1,15:4:1,9:4:1,15:4:1,22:2:1,22:2:1,22:2:1,22:2:1,22:2:1,22:1:1, 41765.dat
3 23 0.000000 0.000000 1.000000 0.000000 1.000000 0.000000 -1.000000 0.000000 0.000000 -20.000029 0.000000 -59.999992 4 12 18:1:1,23:4:1,18:2:1,23:4:1,18:2:1,23:4:1,18:2:1,23:4:1,18:2:1,23:4:1,18:2:1,23:4:1,18:1:1,23:4:1,1:4:0,23:4:1,1:4:0,23:4:1,0:4:1,23:4:1,0:4:1,23:4:1,0:4:1,23:4:1,0:4:1,23:4:1,18:1:1,23:4:1,29:0:1,23:4:1,29:0:1,23:4:1,29:0:1,23:4:1,18:3:1,23:4:1,18:4:1,23:4:1,18:2:1,29:0:1,29:0:1,29:0:1,29:0:1,29:0:1,29:0:1,29:0:1,29:0:1,23:4:1,1:4:0,23:4:1,1:4:0,23:4:1,29:0:1,29:0:1,29:0:1,29:0:1,29:0:1,29:0:1,29:0:1,29:0:1,18:1:1,23:4:1,18:2:1,23:4:1,18:1:1, 41765.dat
