9 0 1.000000 0.000000 0.000000 0.000000 1.000000 0.000000 0.000000 0.000000 1.000000 0.000000 1.874998 5.000000 56.000000 1.625000 4.750000 4176.dat
9 0 1.000000 0.000000 0.000000 0.000000 1.000000 0.000000 0.000000 0.000000 1.000000 50.000000 44.000000 -4.216275 9.750000 3.750000 13.966274 4176.dat
9 0 1.000000 0.000000 0.000000 0.000000 1.000000 0.000000 0.000000 0.000000 1.000000 0.000000 44.000000 -19.205275 49.750000 3.750000 8.955276 4176.dat
9 0 1.000000 0.000000 0.000000 0.000000 0.906721 -0.421731 0.000000 0.421731 0.906721 0.000000 21.756750 -18.051575 49.750000 22.815401 1.625000 4176.dat
9 0 -0.682310 0.307515 0.663240 -0.005184 0.905169 -0.425020 -0.731044 -0.293433 -0.616012 54.601254 22.735500 -15.309900 1.603200 22.775974 4.121825 4176.dat
9 0 1.000000 0.000000 0.000000 0.000000 1.000000 0.000000 0.000000 0.000000 1.000000 -50.000000 44.000000 -4.216275 9.750000 3.750000 13.966274 4176.dat
9 0 1.000000 0.000000 0.000000 0.000000 1.000000 0.000000 0.000000 0.000000 1.000000 0.000000 1.874998 -5.000000 49.750000 1.625000 4.750000 4176.dat
9 0 1.000000 0.000000 0.000000 0.000000 1.000000 0.000000 0.000000 0.000000 1.000000 -58.103199 24.000000 5.000000 1.603200 23.750000 4.750000 4176.dat
9 0 1.000000 0.000000 0.000000 0.000000 0.907945 -0.419090 0.000000 0.419090 0.907945 -58.103199 23.886124 -5.518426 1.603200 23.750000 4.750000 4176.dat
9 0 1.000000 0.000000 0.000000 0.000000 1.000000 0.000000 0.000000 0.000000 1.000000 58.103252 24.000000 5.000000 1.603200 23.750000 4.750000 4176.dat
9 0 1.000000 0.000000 0.000000 0.000000 0.907945 -0.419090 0.000000 0.419090 0.907945 58.103252 23.886124 -5.518426 1.603200 23.750000 4.750000 4176.dat
9 0 0.682310 0.307514 0.663240 0.005184 0.905169 -0.425019 -0.731044 0.293433 0.616012 -54.679226 22.735500 -15.309900 1.603200 22.775974 4.121825 4176.dat
10 0 -10.000000 0.000000 -30.000002 110.000000 52.474998 10.000000 4176.dat
3 23 1.000000 0.000000 0.000000 0.000000 1.000000 0.000000 0.000000 0.000000 1.000000 -60.000004 0.000000 10.000001 2 12 18:1:1,23:4:1,18:2:1,23:4:1,18:2:1,23:4:1,18:2:1,23:4:1,18:2:1,23:4:1,18:2:1,23:4:1,18:1:1,23:4:1,1:4:2,23:4:1,1:4:1,23:4:1,1:4:1,23:4:1,1:4:1,23:4:1,1:4:1,23:4:1,1:4:2,23:4:1,18:1:1,23:4:1,29:0:1,23:4:1,29:0:1,23:4:1,29:0:1,23:4:1,29:0:1,23:4:1,29:0:1,23:4:1,18:1:1, 4176.dat
2 22 1.000000 0.000000 0.000000 0.000000 1.000000 0.000000 0.000000 0.000000 1.000000 -60.000004 48.000000 10.000001 4 12 22:1:1,22:2:1,22:1:1,29:0:1,29:0:1,29:0:1,29:0:1,29:0:1,29:0:1,29:0:1,22:1:1,22:2:1,22:1:1,22:2:1,15:4:1,22:2:1,29:0:1,29:0:1,29:0:1,29:0:1,29:0:1,29:0:1,29:0:1,22:2:1,15:4:1,22:2:1,22:2:1,9:4:1,22:3:1,22:2:1,22:2:1,22:2:1,22:2:1,22:2:1,22:2:1,22:2:1,22:3:1,9:4:1,22:2:1,22:2:1,15:4:2,9:4:1,15:4:1,9:4:1,15:4:1,9:4:1,15:4:1,9:4:1,15:4:1,9:4:1,15:4:2,22:2:1,22:1:1,22:2:1,22:2:1,22:2:1,22:2:1,22:2:1,22:2:1,22:2:1,22:2:1,22:2:1,22:2:1,22:2:1,22:1:1, 4176.dat
