9 0 -0.000000 -0.000000 -1.000000 1.000000 0.000000 -0.000000 0.000000 -1.000000 0.000000 10.000010 12.000000 0.000000 39.750000 9.750000 11.750000 41767.dat
9 0 0.241534 0.000001 -0.970392 0.970393 -0.000000 0.241534 0.000000 -1.000000 -0.000001 -7.971291 9.500000 -0.709495 39.750000 1.529325 9.250050 41767.dat
9 0 0.241532 0.000000 -0.970393 0.970393 -0.000000 0.241532 0.000000 -1.000000 -0.000000 -1.298174 12.000000 -26.783773 12.804225 1.640200 11.750000 41767.dat
9 0 0.241532 0.000000 -0.970393 0.970393 -0.000000 0.241532 0.000000 -1.000000 -0.000000 -8.164492 12.000000 0.466755 3.067550 1.640200 11.750000 41767.dat
9 0 0.241532 0.000000 -0.970393 0.970393 -0.000000 0.241532 0.000000 -1.000000 -0.000000 -12.844110 12.000000 19.348755 3.233125 1.640200 11.750000 41767.dat
9 0 0.241531 -0.000001 -0.970393 0.970393 0.000000 0.241531 -0.000000 -1.000000 0.000001 -17.346731 12.000000 37.089752 2.130350 1.623600 11.750000 41767.dat
9 0 -0.000000 -0.000000 -1.000000 1.000000 0.000000 -0.000000 0.000000 -1.000000 0.000000 0.561172 12.000000 38.124996 1.625000 19.188850 11.750000 41767.dat
9 0 0.241532 0.000000 -0.970393 0.970393 -0.000000 0.241532 0.000000 -1.000000 -0.000000 -0.887138 2.528174 7.232752 31.357750 8.264575 2.278175 41767.dat
10 0 -10.000000 0.000000 -30.000002 70.000000 28.450001 10.000000 41767.dat
2 22 0.000000 0.000000 1.000000 0.000000 1.000000 0.000000 -1.000000 0.000000 0.000000 -20.000004 24.000000 -39.999992 4 8 29:0:1,29:0:1,29:0:1,29:0:1,29:0:1,29:0:1,29:0:1,29:0:1,22:1:1,29:0:1,29:0:1,29:0:1,29:0:1,22:2:1,29:0:1,22:2:1,29:0:1,22:2:1,22:1:1,22:2:1,22:2:1,23:4:1,7:4:2,23:4:1,7:4:2,23:4:1,22:2:1,22:2:1,15:4:1,23:4:1,15:4:1,23:4:1,15:4:1,23:4:1,15:4:1,22:2:1,22:1:1,22:2:1,22:2:1,22:2:1,22:2:1,22:2:1,22:2:1,22:2:1,22:1:1, 41767.dat
3 23 0.000000 0.000000 1.000000 0.000000 1.000000 0.000000 -1.000000 0.000000 0.000000 -0.000003 0.000000 -39.999996 2 8 18:1:1,23:4:1,29:0:1,23:4:1,29:0:1,23:4:1,29:0:1,23:4:1,18:1:1,23:4:1,0:4:1,23:4:1,0:4:1,23:4:1,0:4:1,23:4:1,0:4:1,23:4:1,18:1:1,23:4:1,18:2:1,23:4:1,18:2:1,23:4:1,18:2:1,23:4:1,18:1:1, 41767.dat
