9 0 0.000000 0.000000 -1.000000 0.000000 1.000000 0.000000 1.000000 0.000000 0.000000 10.000000 33.375000 130.374985 9.375000 9.125000 2.000000 41761.dat
9 0 0.000000 0.000000 -1.000000 0.000000 1.000000 0.000000 1.000000 0.000000 0.000000 33.875000 30.555773 131.000000 8.750000 6.305775 5.875000 41761.dat
9 0 0.000000 0.000000 -1.000000 0.000000 1.000000 0.000000 1.000000 0.000000 0.000000 0.000000 24.875074 131.000000 8.750000 0.625050 39.750000 41761.dat
9 0 0.000000 0.000000 -1.000000 0.000000 1.000000 0.000000 1.000000 0.000000 0.000000 0.000000 44.625072 138.500000 1.250000 3.124950 19.750000 41761.dat
9 0 0.000000 -0.360417 -0.932791 0.000000 0.932791 -0.360417 1.000000 0.000000 0.000000 0.000001 34.029301 37.596245 21.796299 0.611500 19.841650 41761.dat
9 0 0.000000 -0.550955 -0.834535 0.000000 0.834535 -0.550955 1.000000 0.000000 0.000000 0.000001 13.544997 -0.718510 21.482826 1.827475 19.752550 41761.dat
9 0 0.000000 0.000000 -1.000000 -0.461721 -0.887025 -0.000000 -0.887025 0.461721 -0.000000 44.391998 33.714973 119.999992 19.750000 1.158925 16.568201 41761.dat
9 0 0.000000 0.000000 -1.000000 0.000000 1.000000 0.000000 1.000000 0.000000 0.000000 50.000000 25.637499 119.999992 19.750000 1.387500 9.750000 41761.dat
9 0 -0.000000 -1.000000 0.000000 0.000000 -0.000000 -1.000000 1.000000 0.000000 0.000000 0.000001 13.670498 18.874990 13.420500 0.875000 19.752550 41761.dat
9 0 0.000000 0.000000 -1.000000 0.000000 1.000000 0.000000 1.000000 0.000000 0.000000 0.000001 1.652500 -0.050509 19.800425 1.402500 19.750000 41761.dat
9 0 -0.707107 0.000000 -0.707107 0.000000 1.000000 0.000000 0.707107 0.000000 -0.707107 37.373253 1.817498 -0.379002 25.980249 1.567425 1.410650 41761.dat
9 0 0.000000 0.000000 -1.000000 0.000000 1.000000 0.000000 1.000000 0.000000 0.000000 0.000000 42.000072 110.062492 3.562500 0.499925 19.750000 41761.dat
9 0 0.000000 0.000000 -1.000000 0.000000 1.000000 0.000000 1.000000 0.000000 0.000000 13.124999 42.000072 98.874245 40.875751 0.499925 6.625000 41761.dat
9 0 -0.000000 -1.000000 0.000000 0.000000 -0.000000 -1.000000 1.000000 0.000000 0.000000 0.004952 2.377498 18.824493 2.127500 0.925500 57.231499 41761.dat
9 0 0.000000 0.000000 -1.000000 0.000000 1.000000 0.000000 1.000000 0.000000 0.000000 -0.099125 42.000072 65.749245 7.750825 0.499925 19.742525 41761.dat
9 0 0.000000 0.000000 -1.000000 -0.000000 -1.000000 -0.000000 -1.000000 0.000000 -0.000000 25.049252 41.976574 116.722252 19.936100 0.477100 4.707600 41761.dat
9 0 -0.038399 -0.034658 -0.998661 -0.135777 -0.989949 0.039576 -0.989995 0.137115 0.033307 23.055750 41.182774 82.326492 15.451699 0.167000 4.707600 41761.dat
9 0 0.000000 0.000000 -1.000000 -0.461218 0.887287 -0.000000 0.887287 0.461218 0.000000 -36.601498 36.574173 138.500000 1.250000 2.231125 19.750000 41761.dat
9 0 -0.040514 -0.124141 -0.991437 -0.453770 -0.881740 0.128948 -0.890197 0.455109 -0.020609 43.586002 31.607496 79.337746 19.451250 0.823325 16.568201 41761.dat
9 0 -0.010684 -0.348036 -0.937420 -0.464378 -0.828521 0.312898 -0.885572 0.438661 -0.152769 43.736000 22.169498 41.896744 19.754150 0.274075 16.568201 41761.dat
9 0 0.013003 -0.355203 -0.934699 -0.438325 -0.842202 0.313954 -0.898723 0.405619 -0.166646 24.901251 31.744623 39.388496 23.247074 0.461975 4.707600 41761.dat
9 0 -0.038399 -0.034658 -0.998661 -0.351536 -0.935045 0.045967 -0.935387 0.352830 0.023721 23.758501 40.061550 63.433743 4.813150 0.171525 4.707600 41761.dat
9 0 -0.704966 0.017852 -0.709017 -0.456778 -0.776180 0.434625 -0.542566 0.630259 0.555335 36.154251 13.372249 15.270746 18.021250 0.274075 14.744226 41761.dat
9 0 -0.010896 -0.564815 -0.825145 -0.430261 -0.742248 0.513754 -0.902639 0.360626 -0.234930 25.718754 13.551748 4.332244 15.966725 0.461975 6.543050 41761.dat
9 0 0.027930 -0.464048 -0.885370 -0.392214 -0.819776 0.417295 -0.919450 0.335599 -0.204903 54.803246 10.098499 27.164995 8.893451 0.182800 4.707600 41761.dat
9 0 0.000000 0.000000 -1.000000 0.000000 1.000000 0.000000 1.000000 0.000000 0.000000 0.000001 42.000072 90.000000 3.500000 0.499925 19.750000 41761.dat
9 0 0.000000 0.000000 -1.000000 0.000000 1.000000 0.000000 1.000000 0.000000 0.000000 -10.000000 33.375000 130.374985 9.375000 9.125000 2.000000 41761.dat
9 0 0.000000 0.000000 -1.000000 0.000000 1.000000 0.000000 1.000000 0.000000 0.000000 -33.875000 30.555773 131.000000 8.750000 6.305775 5.875000 41761.dat
9 0 0.000000 0.000000 -1.000000 0.461721 -0.887025 0.000000 -0.887025 -0.461721 -0.000000 -44.391998 33.714973 119.999992 19.750000 1.158925 16.568201 41761.dat
9 0 0.000000 0.000000 -1.000000 0.000000 1.000000 0.000000 1.000000 0.000000 0.000000 -50.000000 25.637499 119.999992 19.750000 1.387500 9.750000 41761.dat
9 0 0.707107 0.000000 -0.707107 0.000000 1.000000 0.000000 0.707107 0.000000 0.707107 -37.373249 1.817498 -0.379002 25.980249 1.567425 1.410650 41761.dat
9 0 0.000000 0.000000 -1.000000 0.000000 1.000000 0.000000 1.000000 0.000000 0.000000 -13.170825 42.000072 98.874245 40.875751 0.499925 6.670825 41761.dat
9 0 0.000000 0.000000 -1.000000 -0.000000 -1.000000 -0.000000 -1.000000 0.000000 -0.000000 -25.049252 42.000050 116.722252 19.936100 0.499950 4.707600 41761.dat
9 0 0.038399 -0.034658 -0.998661 0.135777 -0.989949 0.039576 -0.989995 -0.137115 -0.033307 -23.055775 41.182774 82.326492 15.451699 0.262525 4.707600 41761.dat
9 0 0.040514 -0.124141 -0.991437 0.453770 -0.881740 0.128948 -0.890197 -0.455109 0.020609 -43.586002 31.607496 79.337746 19.451250 0.823325 16.568201 41761.dat
9 0 0.010684 -0.348036 -0.937420 0.464378 -0.828521 0.312898 -0.885572 -0.438661 0.152769 -43.736000 22.169498 41.896744 19.754150 0.274075 16.568201 41761.dat
9 0 -0.013003 -0.355203 -0.934699 0.438325 -0.842202 0.313954 -0.898723 -0.405619 0.166646 -24.901199 31.744623 39.388496 23.247074 0.461975 4.707600 41761.dat
9 0 0.038399 -0.034658 -0.998661 0.351536 -0.935045 0.045967 -0.935387 -0.352830 -0.023721 -23.758524 40.061550 63.433743 4.813150 0.205000 4.707600 41761.dat
9 0 0.704966 0.017852 -0.709017 0.456778 -0.776180 0.434625 -0.542566 -0.630259 -0.555335 -36.154251 13.372249 15.270746 18.021250 0.274075 14.744226 41761.dat
9 0 0.010896 -0.564815 -0.825145 0.430261 -0.742248 0.513754 -0.902639 -0.360626 0.234930 -25.718748 13.551748 4.332244 15.966725 0.461975 6.543050 41761.dat
9 0 -0.027930 -0.464048 -0.885370 0.392214 -0.819776 0.417295 -0.919450 -0.335599 0.204903 -54.803253 10.098499 27.164995 8.893451 0.171400 4.707600 41761.dat
9 0 0.000000 0.000000 -1.000000 0.461218 0.887287 0.000000 0.887287 -0.461218 0.000000 36.601501 36.574173 138.500000 1.250000 2.231125 19.750000 41761.dat
10 0 -10.000000 0.000000 -70.000000 150.000000 52.450001 50.000000 41761.dat
3 23 0.000000 0.000000 -1.000000 0.000000 1.000000 0.000000 1.000000 0.000000 0.000000 59.999996 24.000000 140.000000 12 4 18:1:1,23:4:1,18:2:1,23:4:1,18:1:1,23:4:1,1:4:1,23:4:1,1:4:1,23:4:1,18:2:1,23:4:1,18:3:1,23:4:1,18:1:1,23:4:1,1:4:1,23:4:1,29:0:1,29:0:1,18:2:1,23:4:1,18:2:1,29:0:1,29:0:1,23:4:1,1:4:1,23:4:1,29:0:1,29:0:1,18:2:1,23:4:1,18:2:1,29:0:1,29:0:1,23:4:1,1:4:1,23:4:1,29:0:1,29:0:1,18:2:1,23:4:1,18:2:1,29:0:1,29:0:1,23:4:1,1:4:1,23:4:1,29:0:1,29:0:1,18:2:1,23:4:1,18:3:1,23:4:1,18:1:1,23:4:1,1:4:1,23:4:1,1:4:1,23:4:1,18:1:1,23:4:1,18:2:1,23:4:1,18:1:1, 41761.dat
3 23 0.000000 0.000000 -1.000000 0.000000 1.000000 0.000000 1.000000 0.000000 0.000000 20.000002 39.999996 119.999992 4 6 29:0:1,23:4:1,29:0:1,23:4:1,29:0:1,23:4:1,29:0:1,23:4:1,0:4:1,23:4:1,0:4:2,23:4:1,0:4:2,23:4:1,29:0:1,23:4:1,18:4:1,23:4:1,18:4:1,23:4:1,29:0:1,23:4:1,0:4:1,23:4:1,0:4:2,23:4:1,0:4:2,23:4:1,29:0:1,23:4:1,29:0:1,23:4:1,29:0:1,23:4:1,29:0:1, 41761.dat
3 23 0.000000 0.000000 -1.000000 0.000000 1.000000 0.000000 1.000000 0.000000 0.000000 20.000002 0.000000 19.999992 4 4 18:1:1,23:4:1,18:2:1,23:4:1,18:1:1,23:4:1,1:4:1,23:4:1,1:4:1,23:4:1,18:2:1,23:4:1,18:4:1,23:4:1,18:2:1,23:4:1,1:4:1,23:4:1,1:4:1,23:4:1,18:1:1,23:4:1,18:2:1,23:4:1,18:1:1, 41761.dat
0 2 -1.000000 -0.000000 0.000000 -0.000000 -0.000000 1.000000 -0.000000 1.000000 0.000000 20.000002 33.500122 140.000000 0 0 0.800000 0 0 41761.dat
0 2 -1.000000 -0.000000 0.000000 -0.000000 -0.000000 1.000000 -0.000000 1.000000 0.000000 0.000000 33.500122 140.000000 0 0 0.800000 0 0 41761.dat
0 2 -1.000000 -0.000000 0.000000 -0.000000 -0.000000 1.000000 -0.000000 1.000000 0.000000 -20.000000 33.500122 140.000000 0 0 0.800000 0 0 41761.dat
2 22 0.000000 0.000000 -1.000000 0.000000 1.000000 0.000000 1.000000 0.000000 0.000000 20.000002 48.000000 140.000000 4 6 22:1:1,22:2:1,22:2:1,22:2:1,22:2:1,29:0:1,29:0:1,22:2:1,15:4:1,23:4:1,15:4:1,23:4:1,29:0:1,29:0:1,22:2:1,23:4:1,7:4:2,23:4:1,7:4:0,29:0:1,29:0:1,22:2:1,15:4:1,23:4:1,15:4:1,23:4:1,29:0:1,29:0:1,22:1:1,22:2:1,22:2:1,22:2:1,22:2:1,29:0:1,29:0:1, 41761.dat
0 8 0.000000 0.000000 -1.000000 0.000000 1.000000 0.000000 1.000000 0.000000 0.000000 0.000000 48.000000 99.999992 0 0 0.320000 0 0 41761.dat
0 12 0.000000 0.000000 -1.000000 0.000000 1.000000 0.000000 1.000000 0.000000 0.000000 0.000001 42.749996 79.999992 0 0 0.110000 0 0 41761.dat
2 22 -1.000000 -0.000000 0.000000 -0.000000 -0.000000 1.000000 -0.000000 1.000000 0.000000 30.000002 43.500000 140.000000 2 6 22:1:1,22:2:1,22:2:1,22:2:1,22:2:1,22:2:1,22:1:1,22:2:1,16:4:64,22:2:1,16:4:64,22:2:1,16:4:64,22:2:1,22:1:1,22:2:1,22:2:1,22:2:1,22:2:1,22:2:1,22:1:1, 41761.dat
6 28 0.000000 0.000000 -1.000000 0.000000 1.000000 0.000000 1.000000 0.000000 0.000000 0.000000 44.000000 99.999992 0.000000 0.000000 0.000000 0.000000 0 41761.dat
