9 0 -0.980785 -0.195090 0.000000 0.195090 -0.980785 0.000000 0.000000 0.000000 1.000000 -5.549425 27.898750 -0.014150 5.617000 0.800025 3.919000 4185.dat
9 0 -0.980785 0.195090 0.000000 -0.195090 -0.980785 0.000000 0.000000 0.000000 1.000000 5.547625 27.889999 -0.014150 5.617000 0.809075 3.919000 4185.dat
9 0 -0.555570 -0.831470 0.000000 0.831470 -0.555570 0.000000 0.000000 0.000000 1.000000 -23.856525 15.940399 -0.014150 5.617000 0.553375 3.919000 4185.dat
9 0 -0.831470 -0.555570 0.000000 0.555570 -0.831470 0.000000 0.000000 0.000000 1.000000 -15.792225 23.634701 -0.014150 5.617000 0.820125 3.919000 4185.dat
9 0 -0.831470 0.555570 0.000000 -0.555570 -0.831470 0.000000 0.000000 0.000000 1.000000 15.792200 23.634724 -0.014150 5.617000 0.820125 3.919000 4185.dat
9 0 -0.555570 0.831470 0.000000 -0.831470 -0.555570 0.000000 0.000000 0.000000 1.000000 23.866976 15.947426 -0.014150 5.617000 0.540775 3.919000 4185.dat
9 0 0.831470 -0.555570 0.000000 0.555570 0.831470 0.000000 0.000000 0.000000 1.000000 -15.792200 -23.634724 -0.014150 5.617000 0.820125 3.919000 4185.dat
9 0 0.555570 -0.831470 0.000000 0.831470 0.555570 0.000000 0.000000 0.000000 1.000000 -23.856174 -15.940200 -0.014150 5.617000 0.553775 3.919000 4185.dat
9 0 0.195090 -0.980785 0.000000 0.980785 0.195090 0.000000 0.000000 0.000000 1.000000 -27.879000 -5.545500 -0.014150 5.617000 0.820125 3.919000 4185.dat
9 0 -0.195090 -0.980785 0.000000 0.980785 -0.195090 0.000000 0.000000 0.000000 1.000000 -27.879000 5.545475 -0.014150 5.617000 0.820125 3.919000 4185.dat
9 0 -0.195090 0.980785 0.000000 -0.980785 -0.195090 0.000000 0.000000 0.000000 1.000000 27.879000 5.545500 -0.014150 5.617000 0.820125 3.919000 4185.dat
9 0 0.195090 0.980785 0.000000 -0.980785 0.195090 0.000000 0.000000 0.000000 1.000000 27.879000 -5.545475 -0.014150 5.617000 0.820125 3.919000 4185.dat
9 0 0.555570 0.831470 0.000000 -0.831470 0.555570 0.000000 0.000000 0.000000 1.000000 23.867599 -15.947824 -0.014150 5.617000 0.540050 3.919000 4185.dat
9 0 0.831470 0.555570 0.000000 -0.555570 0.831470 0.000000 0.000000 0.000000 1.000000 15.792225 -23.634701 -0.014150 5.617000 0.820125 3.919000 4185.dat
9 0 0.980785 0.195090 0.000000 -0.195090 0.980785 0.000000 0.000000 0.000000 1.000000 5.549650 -27.900002 -0.014150 5.617000 0.798850 3.919000 4185.dat
9 0 0.980785 -0.195090 0.000000 0.195090 0.980785 0.000000 0.000000 0.000000 1.000000 -5.549150 -27.897501 -0.014150 5.617000 0.801350 3.919000 4185.dat
9 0 -0.866025 -0.500000 0.000000 0.000000 0.000000 -1.000000 0.500000 -0.866025 0.000000 8.199475 -14.043599 0.003400 3.529950 2.280400 9.593676 4185.dat
9 0 -0.866025 0.500000 -0.000000 0.000000 0.000000 -1.000000 -0.500000 -0.866025 0.000000 -8.191751 -14.048076 -0.000100 3.530725 2.276900 9.593676 4185.dat
9 0 0.866025 0.500000 0.000000 0.000000 -0.000000 -1.000000 -0.500000 0.866025 0.000000 -8.204724 14.040574 0.003400 3.528675 2.280400 9.593676 4185.dat
9 0 0.866025 -0.500000 -0.000000 0.000000 0.000000 -1.000000 0.500000 0.866025 0.000000 8.199551 14.043575 0.003400 3.538175 2.280400 9.593676 4185.dat
9 0 -0.000000 1.000000 -0.000000 0.000000 -0.000000 -1.000000 -1.000000 0.000000 -0.000000 -16.261850 0.008925 0.003425 3.426850 2.280400 9.593676 4185.dat
9 0 -0.000000 -1.000000 0.000000 -0.000000 -0.000000 -1.000000 1.000000 0.000000 -0.000000 16.261850 -0.008400 0.003400 3.469750 2.280400 9.593676 4185.dat
9 0 -1.000000 0.000000 0.000000 -0.000000 -1.000000 0.000000 0.000000 0.000000 1.000000 -3.976125 4.339925 0.003400 1.398850 1.687500 4.772550 4185.dat
9 0 1.000000 0.000000 0.000000 0.000000 -1.000000 -0.000000 0.000000 0.000000 -1.000000 3.976150 4.339925 0.003400 1.398850 1.687500 4.772550 4185.dat
9 0 -1.000000 0.000000 -0.000000 0.000000 1.000000 0.000000 0.000000 0.000000 -1.000000 -3.976125 -4.339925 0.003400 1.398850 1.687500 4.772550 4185.dat
9 0 1.000000 0.000000 0.000000 0.000000 1.000000 0.000000 0.000000 0.000000 1.000000 3.976150 -4.339925 0.003400 1.398850 1.687500 4.772550 4185.dat
10 0 -30.073250 -30.073250 -10.102800 30.073250 30.073250 0.039350 4185.dat
4 11 1.000000 0.000000 0.000000 0.000000 -0.000000 1.000000 0.000000 -1.000000 -0.000000 0.000000 0.000000 0.000000 1 4185.dat
0 4 -0.000000 1.000000 -0.000000 0.000000 -0.000000 -1.000000 -1.000000 0.000000 -0.000000 0.000000 0.000000 -5.000000 0 0 0.400000 0 0 4185.dat
0 2 -0.000000 1.000000 -0.000000 0.000000 -0.000000 -1.000000 -1.000000 0.000000 -0.000000 0.000000 -20.000000 -5.000000 0 0 0.400000 0 0 4185.dat
0 2 -0.000000 1.000000 -0.000000 0.000000 -0.000000 -1.000000 -1.000000 0.000000 -0.000000 -17.500000 10.000000 -5.000000 0 0 0.400000 0 0 4185.dat
0 2 -0.000000 1.000000 -0.000000 0.000000 -0.000000 -1.000000 -1.000000 0.000000 -0.000000 0.000000 20.000000 -5.000000 0 0 0.400000 0 0 4185.dat
0 2 -0.000000 1.000000 -0.000000 0.000000 -0.000000 -1.000000 -1.000000 0.000000 -0.000000 17.500000 10.000000 -5.000000 0 0 0.400000 0 0 4185.dat
0 2 -0.000000 1.000000 -0.000000 0.000000 -0.000000 -1.000000 -1.000000 0.000000 -0.000000 17.500000 -10.000000 -5.000000 0 0 0.400000 0 0 4185.dat
0 2 -0.000000 1.000000 -0.000000 0.000000 -0.000000 -1.000000 -1.000000 0.000000 -0.000000 -17.500000 -10.000000 -5.000000 0 0 0.400000 0 0 4185.dat
4 11 1.000000 0.000000 0.000000 0.000000 0.000000 -1.000000 0.000000 1.000000 0.000000 0.000000 0.000000 0.000000 1 4185.dat
