9 0 -1.000000 -0.000000 -0.000000 0.000000 0.000000 -1.000000 0.000000 -1.000000 0.000000 -0.008725 4.000000 0.007225 19.757401 19.755026 3.750000 41854.dat
9 0 -1.000000 -0.000000 -0.000000 0.000000 0.000000 -1.000000 0.000000 -1.000000 0.000000 -21.880375 -2.387425 -7.810925 1.618300 7.945625 4.002425 41854.dat
9 0 0.000000 0.982018 0.188790 0.000000 0.188790 -0.982017 -1.000000 0.000000 0.000000 -29.862700 -13.042974 9.802751 0.727050 9.631300 9.614050 41854.dat
9 0 -0.000000 0.982018 0.188790 0.000000 0.188790 -0.982018 -1.000000 -0.000000 -0.000000 29.862749 -13.042974 9.802774 0.727075 9.631300 9.614025 41854.dat
9 0 -1.000000 -0.000000 -0.000000 0.000000 0.000000 -1.000000 0.000000 -1.000000 0.000000 21.884501 -2.433175 -7.813800 1.618300 7.945625 4.048175 41854.dat
9 0 0.000000 0.909248 0.416255 -0.000000 0.416255 -0.909248 -1.000000 0.000000 0.000000 -25.404325 -9.091425 -4.236725 0.727050 4.819875 5.155650 41854.dat
9 0 -0.000000 0.909248 0.416254 0.000000 0.416254 -0.909248 -1.000000 -0.000000 -0.000000 25.279251 -9.088924 -4.242150 0.727075 4.825825 5.030575 41854.dat
9 0 -1.000000 -0.000000 -0.000000 0.000000 0.000000 -1.000000 0.000000 -1.000000 0.000000 -21.880375 -5.421625 10.202675 1.618300 9.558575 7.036625 41854.dat
9 0 -1.000000 -0.000000 -0.000000 0.000000 0.000000 -1.000000 0.000000 -1.000000 0.000000 21.884501 -5.421625 10.201500 1.618300 9.558575 7.036625 41854.dat
10 0 -30.006001 0.000000 -30.017502 50.006001 24.000000 10.000000 41854.dat
3 23 1.000000 0.000000 0.000000 0.000000 1.000000 0.000000 0.000000 0.000000 1.000000 -20.000000 0.000000 20.000002 4 4 29:0:1,23:4:1,18:2:1,23:4:1,29:0:1,23:4:1,0:4:1,23:4:1,0:4:1,23:4:1,29:0:1,23:4:1,18:4:1,23:4:1,29:0:1,23:4:1,0:4:1,23:4:1,0:4:1,23:4:1,29:0:1,23:4:1,18:2:1,23:4:1,29:0:1, 41854.dat
2 22 1.000000 0.000000 0.000000 0.000000 1.000000 0.000000 0.000000 0.000000 1.000000 -20.000000 8.000000 20.000002 4 4 22:1:1,22:2:1,22:2:1,22:2:1,22:1:1,22:2:1,15:4:1,23:4:1,15:4:1,22:2:1,22:2:1,23:4:1,7:4:2,23:4:1,22:2:1,22:2:1,15:4:1,23:4:1,15:4:1,22:2:1,22:1:1,22:2:1,22:2:1,22:2:1,22:1:1, 41854.dat
