9 0 0.000000 0.000000 -1.000000 0.000000 1.000000 0.000000 1.000000 0.000000 0.000000 -50.000000 63.000000 11.875001 7.875000 1.250000 6.000000 41881.dat
9 0 0.000000 0.000000 -1.000000 1.000000 -0.000000 0.000000 -0.000000 -1.000000 -0.000000 -41.875000 46.500004 10.000000 9.750000 1.625000 25.250000 41881.dat
9 0 0.000000 0.000000 -1.000000 1.000000 -0.000000 0.000000 -0.000000 -1.000000 -0.000000 -58.125000 45.511253 0.000000 19.750000 1.625000 26.238750 41881.dat
9 0 0.000000 0.000000 -1.000000 1.000000 -0.000000 0.000000 -0.000000 -1.000000 -0.000000 0.000000 20.625002 11.000001 8.750000 39.750000 3.125000 41881.dat
9 0 0.000000 0.000000 -1.000000 1.000000 -0.000000 0.000000 -0.000000 -1.000000 -0.000000 -50.000000 44.809002 1.875000 1.625000 6.000000 26.941002 41881.dat
9 0 0.000000 0.000000 -1.000000 1.000000 -0.000000 0.000000 -0.000000 -1.000000 -0.000000 -33.381252 13.375002 10.000000 9.750000 5.381250 3.625000 41881.dat
9 0 -0.707107 -0.000000 -0.707106 0.707106 0.000000 -0.707107 0.000000 -1.000000 -0.000000 -21.429747 141.500000 -215.847748 1.625000 3.695025 2.250000 41881.dat
9 0 0.000000 0.000000 -1.000000 1.000000 -0.000000 0.000000 -0.000000 -1.000000 -0.000000 -58.124996 141.500000 -160.250992 19.498924 1.625000 2.250000 41881.dat
9 0 0.000000 0.000000 -1.000000 1.000000 -0.000000 0.000000 -0.000000 -1.000000 -0.000000 0.000000 0.875002 0.000001 19.750000 19.750000 0.625025 41881.dat
9 0 -0.000000 0.174735 -0.984616 1.000000 0.000000 0.000000 0.000000 -0.984616 -0.174735 0.000000 6.924754 -54.779999 34.966747 19.750000 0.429350 41881.dat
9 0 -0.000000 0.893224 -0.449612 1.000000 0.000000 0.000000 0.000000 -0.449612 -0.893224 -0.114498 120.681000 -208.744995 21.762775 20.145901 1.257000 41881.dat
9 0 1.000000 -0.000000 0.000000 -0.000000 -0.000000 1.000000 -0.000000 -1.000000 -0.000000 0.055748 141.500000 -199.944244 19.694300 19.694300 2.250000 41881.dat
9 0 0.000042 0.000082 -1.000000 0.903899 -0.427745 0.000003 -0.427745 -0.903899 -0.000092 -43.633549 12.848001 -0.004425 19.754576 17.175076 1.188050 41881.dat
9 0 -0.210229 0.954932 -0.209546 0.704395 -0.000684 -0.709808 -0.677961 -0.296825 -0.672505 -38.851421 125.069763 -191.516510 13.993725 22.846899 0.807375 41881.dat
9 0 0.000000 0.000000 -1.000000 0.000000 1.000000 0.000000 1.000000 0.000000 0.000000 0.055748 112.149002 -181.875000 1.625000 31.588751 19.694324 41881.dat
9 0 0.000000 0.000000 -1.000000 0.000000 1.000000 0.000000 1.000000 0.000000 0.000000 0.015497 137.420746 -181.875000 1.625000 6.328450 52.446503 41881.dat
9 0 0.000000 0.000000 -1.000000 -0.896451 0.443143 -0.000000 0.443143 0.896451 0.000000 -24.122751 2.440006 -0.023875 19.756775 4.481825 0.146050 41881.dat
9 0 1.000000 0.000000 0.000000 -0.000000 0.605785 0.795629 -0.000000 -0.795629 0.605784 -18.265999 128.174500 -196.091766 1.484100 10.345950 11.428225 41881.dat
9 0 0.000000 0.000000 -1.000000 1.000000 -0.000000 0.000000 -0.000000 -1.000000 -0.000000 -9.999999 8.625001 10.000001 9.750000 2.000000 8.375000 41881.dat
9 0 -0.707107 -0.000000 -0.707106 0.707106 0.000000 -0.707107 0.000000 -1.000000 -0.000000 -38.674171 141.500000 -198.674240 1.625000 7.642125 2.250000 41881.dat
9 0 0.000000 0.000000 -1.000000 0.551577 0.834124 0.000000 0.834124 -0.551577 0.000000 23.868502 114.471748 -181.875000 1.625000 24.242926 16.148600 41881.dat
9 0 0.054272 0.851368 -0.521754 -0.782376 -0.288415 -0.552000 -0.620437 0.438166 0.650437 38.451248 100.552002 -177.820251 15.742400 23.075726 1.305525 41881.dat
9 0 0.033185 0.723307 -0.689729 -0.814183 -0.380684 -0.438389 -0.579659 0.576114 0.576271 38.897503 70.348976 -152.454742 22.813974 22.432150 1.305525 41881.dat
9 0 -0.013838 0.543100 -0.839554 -0.864350 -0.428622 -0.263026 -0.502701 0.722028 0.475360 38.339001 43.000256 -119.977501 23.069801 22.116652 1.305525 41881.dat
9 0 0.014161 0.343344 -0.939103 -0.886308 -0.430469 -0.170748 -0.462880 0.834752 0.298213 39.218498 24.192003 -82.705498 21.163050 21.661900 1.305525 41881.dat
9 0 0.018397 0.139289 -0.990081 -0.903612 -0.421539 -0.076094 -0.427957 0.896049 0.118109 38.727997 14.211005 -40.581505 22.406775 21.909325 1.305525 41881.dat
9 0 0.000000 0.000000 -1.000000 -1.000000 -0.000000 -0.000000 -0.000000 1.000000 -0.000000 58.124996 129.581268 -155.467743 14.715500 1.625000 14.168800 41881.dat
9 0 -0.000000 0.887474 -0.460858 -1.000000 -0.000000 -0.000000 -0.000000 0.460858 0.887474 58.124996 117.729500 -156.874252 22.943600 1.625000 11.258975 41881.dat
9 0 0.000000 0.580938 -0.813948 -1.000000 0.000000 -0.000000 -0.000000 0.813948 0.580938 58.124996 95.611404 -137.375244 13.003551 1.625000 13.720350 41881.dat
9 0 0.000000 0.491198 -0.871048 -1.000000 0.000000 0.000000 0.000000 0.871048 0.491198 58.124996 74.076004 -110.659492 20.663050 1.625000 17.869200 41881.dat
9 0 0.000000 0.253328 -0.967380 -1.000000 0.000000 0.000000 0.000000 0.967380 0.253328 58.124996 57.764626 -75.148499 24.073599 1.625000 21.214674 41881.dat
9 0 0.000000 0.057396 -0.998351 -1.000000 -0.000000 -0.000000 -0.000000 0.998351 0.057396 58.124996 48.519379 -34.150253 26.157999 1.625000 24.004101 41881.dat
9 0 0.707107 -0.000000 -0.707106 -0.707106 0.000000 -0.707107 0.000000 1.000000 0.000000 55.883755 141.500000 -181.464493 1.625000 3.696050 2.250000 41881.dat
9 0 0.707107 -0.000000 -0.707106 -0.707106 0.000000 -0.707107 0.000000 1.000000 0.000000 38.674248 141.500000 -198.674240 1.625000 7.642125 2.250000 41881.dat
9 0 1.000000 0.000000 0.000000 -0.000000 0.605785 0.795629 -0.000000 -0.795629 0.605784 18.265999 128.174500 -196.091766 1.484100 10.345950 11.428225 41881.dat
9 0 0.000000 0.000000 -1.000000 0.896451 0.443143 0.000000 0.443143 -0.896451 0.000000 24.122250 2.441251 -0.023874 19.756775 4.481825 0.140000 41881.dat
9 0 0.210229 0.954932 -0.209546 -0.704395 -0.000684 -0.709808 -0.677961 0.296825 0.672505 38.851501 125.069763 -191.516510 13.993725 22.846899 0.807375 41881.dat
9 0 -0.000042 0.000082 -1.000000 -0.903899 -0.427745 0.000002 -0.427745 0.903899 0.000092 43.667751 12.908751 -0.004399 19.754576 17.118151 1.228225 41881.dat
9 0 0.000000 0.000000 -1.000000 -1.000000 -0.000000 -0.000000 -0.000000 1.000000 -0.000000 58.124996 141.500000 -160.250992 19.498924 1.625000 2.250000 41881.dat
9 0 0.707107 -0.000000 -0.707106 -0.707106 0.000000 -0.707107 0.000000 1.000000 0.000000 21.429747 141.500000 -215.847748 1.625000 3.695025 2.250000 41881.dat
9 0 0.000000 0.000000 -1.000000 -1.000000 -0.000000 -0.000000 -0.000000 1.000000 -0.000000 33.381248 13.375002 10.000001 9.750000 5.381250 3.625000 41881.dat
9 0 0.000000 0.000000 -1.000000 -1.000000 -0.000000 -0.000000 -0.000000 1.000000 -0.000000 50.000000 44.809002 1.875002 1.625000 6.000000 26.941002 41881.dat
9 0 0.000000 0.000000 -1.000000 -1.000000 -0.000000 -0.000000 -0.000000 1.000000 -0.000000 58.124996 45.511253 0.000001 19.750000 1.625000 26.238750 41881.dat
9 0 0.000000 0.000000 -1.000000 -1.000000 -0.000000 -0.000000 -0.000000 1.000000 -0.000000 41.875000 46.500004 10.000001 9.750000 1.625000 25.250000 41881.dat
9 0 0.000000 0.000000 -1.000000 0.000000 1.000000 0.000000 1.000000 0.000000 0.000000 50.000000 63.000000 11.875001 7.875000 1.250000 6.000000 41881.dat
9 0 -0.707107 -0.000000 -0.707106 0.707106 0.000000 -0.707107 0.000000 -1.000000 -0.000000 -55.883873 141.500000 -181.464493 1.625000 3.696050 2.250000 41881.dat
9 0 0.000000 0.057396 -0.998351 1.000000 -0.000000 0.000000 -0.000000 -0.998351 -0.057396 -58.125000 48.519379 -34.150253 26.157999 1.625000 24.004101 41881.dat
9 0 -0.000000 0.253328 -0.967380 1.000000 0.000000 0.000000 0.000000 -0.967380 -0.253328 -58.125000 57.764626 -75.148499 24.073599 1.625000 21.214674 41881.dat
9 0 -0.000000 0.491198 -0.871048 1.000000 0.000000 0.000000 0.000000 -0.871048 -0.491198 -58.124996 74.076004 -110.659492 20.663050 1.625000 17.869200 41881.dat
9 0 0.000000 0.580938 -0.813948 1.000000 0.000000 0.000000 -0.000000 -0.813948 -0.580938 -58.124996 95.611404 -137.375244 13.003551 1.625000 13.720350 41881.dat
9 0 0.000000 0.887474 -0.460858 1.000000 -0.000000 -0.000000 -0.000000 -0.460858 -0.887474 -58.124996 117.729500 -156.874252 22.943600 1.625000 11.258975 41881.dat
9 0 0.000000 0.000000 -1.000000 1.000000 -0.000000 0.000000 -0.000000 -1.000000 -0.000000 -58.124996 129.581268 -155.467743 14.715500 1.625000 14.168800 41881.dat
9 0 -0.018397 0.139289 -0.990081 0.903612 -0.421539 -0.076094 -0.427957 -0.896049 -0.118109 -38.727951 14.211005 -40.581505 22.406775 21.909325 1.305525 41881.dat
9 0 -0.014161 0.343344 -0.939103 0.886308 -0.430469 -0.170748 -0.462880 -0.834752 -0.298213 -39.218525 24.192003 -82.705498 21.163050 21.661900 1.305525 41881.dat
9 0 0.013838 0.543100 -0.839554 0.864350 -0.428622 -0.263026 -0.502701 -0.722028 -0.475360 -38.338871 43.000256 -119.977501 23.069801 22.116652 1.305525 41881.dat
9 0 -0.033185 0.723307 -0.689729 0.814183 -0.380684 -0.438389 -0.579659 -0.576114 -0.576271 -38.897549 70.348976 -152.454742 22.813974 22.432150 1.305525 41881.dat
9 0 -0.054272 0.851368 -0.521754 0.782376 -0.288415 -0.552000 -0.620437 -0.438166 -0.650437 -38.451149 100.552002 -177.820251 15.742400 23.075726 1.305525 41881.dat
9 0 0.000000 0.487455 -0.873148 1.000000 -0.000000 -0.000000 -0.000000 -0.873148 -0.487455 0.000000 30.241255 -120.411743 34.966747 19.750000 0.429350 41881.dat
9 0 0.000000 0.738758 -0.673971 1.000000 -0.000000 -0.000000 0.000000 -0.673971 -0.738758 0.000000 73.621872 -174.999252 34.966747 19.750000 0.429350 41881.dat
9 0 0.000000 0.000000 -1.000000 -0.551577 0.834124 -0.000000 0.834124 0.551577 0.000000 -23.868498 114.471748 -181.875000 1.625000 24.242926 16.148600 41881.dat
10 0 -10.000000 -72.000000 -110.000000 230.000000 76.450005 10.000000 41881.dat
3 23 0.000000 0.000000 -1.000000 0.000000 1.000000 0.000000 1.000000 0.000000 0.000000 19.999998 0.000000 20.000002 4 4 29:0:1,23:4:1,29:0:1,23:4:1,29:0:1,23:4:1,1:4:1,23:4:1,1:4:1,23:4:1,18:2:1,23:4:1,18:4:1,23:4:1,29:0:1,23:4:1,1:4:1,23:4:1,1:4:1,23:4:1,29:0:1,23:4:1,29:0:1,23:4:1,29:0:1, 41881.dat
0 2 -0.000000 1.000000 0.000000 -0.000000 -0.000000 1.000000 1.000000 0.000000 0.000000 19.999998 9.500003 20.000002 0 0 0.800000 0 0 41881.dat
0 2 -0.000000 1.000000 0.000000 -0.000000 -0.000000 1.000000 1.000000 0.000000 0.000000 0.000000 9.500003 20.000002 0 0 0.800000 0 0 41881.dat
0 2 -0.000000 1.000000 0.000000 -0.000000 -0.000000 1.000000 1.000000 0.000000 0.000000 -19.999998 9.500003 20.000000 0 0 0.800000 0 0 41881.dat
2 22 0.000000 0.000000 -1.000000 0.000000 1.000000 0.000000 1.000000 0.000000 0.000000 39.999996 24.000004 20.000002 8 2 29:0:1,29:0:1,29:0:1,22:2:1,15:4:1,22:2:1,22:2:1,9:4:1,22:2:1,22:2:1,15:4:1,22:2:1,22:2:1,9:4:1,22:2:1,22:2:1,15:4:1,22:2:1,22:2:1,9:4:1,22:2:1,22:2:1,15:4:1,22:2:1,29:0:1,29:0:1,29:0:1, 41881.dat
2 22 0.000000 0.000000 -1.000000 0.000000 1.000000 0.000000 1.000000 0.000000 0.000000 60.000004 72.000000 20.000002 12 2 22:1:1,22:2:1,22:1:1,29:0:1,15:4:0,22:2:1,22:1:1,22:2:1,22:1:1,29:0:1,29:0:1,29:0:1,29:0:1,29:0:1,29:0:1,29:0:1,29:0:1,29:0:1,29:0:1,29:0:1,29:0:1,29:0:1,29:0:1,29:0:1,29:0:1,29:0:1,29:0:1,29:0:1,29:0:1,29:0:1,22:1:1,22:2:1,22:1:1,29:0:1,15:4:0,22:2:1,22:1:1,22:2:1,22:1:1, 41881.dat
2 22 0.000000 0.000000 -1.000000 0.000000 1.000000 0.000000 1.000000 0.000000 0.000000 60.000004 144.000000 -180.000000 12 4 22:1:1,29:0:1,29:0:1,29:0:1,29:0:1,22:2:1,29:0:1,29:0:1,29:0:1,29:0:1,22:2:1,29:0:1,22:2:1,29:0:1,29:0:1,22:2:1,29:0:1,29:0:1,29:0:1,29:0:1,22:2:1,22:2:1,22:2:1,22:2:1,22:2:1,22:2:1,15:4:1,23:4:1,15:4:1,22:2:1,22:2:1,23:4:1,7:4:2,23:4:1,22:2:1,22:2:1,15:4:1,23:4:1,15:4:1,22:2:1,22:2:1,22:2:1,22:2:1,22:2:1,22:2:1,22:2:1,29:0:1,29:0:1,29:0:1,29:0:1,22:2:1,29:0:1,22:2:1,29:0:1,29:0:1,22:2:1,29:0:1,29:0:1,29:0:1,29:0:1,22:1:1,29:0:1,29:0:1,29:0:1,29:0:1, 41881.dat
