9 0 0.000000 0.000000 -1.000000 0.000000 1.000000 0.000000 1.000000 0.000000 0.000000 30.537498 -7.547725 50.531250 9.218750 7.297725 9.212500 41883.dat
9 0 0.000000 0.000000 -1.000000 0.000000 1.000000 0.000000 1.000000 0.000000 0.000000 -30.537500 -7.547725 50.531250 9.218750 7.297725 9.212500 41883.dat
9 0 0.000000 0.000000 -1.000000 0.000000 1.000000 0.000000 1.000000 0.000000 0.000000 0.000000 -2.500000 -50.387501 9.362500 2.250000 19.750000 41883.dat
9 0 0.000000 0.704151 -0.710050 -0.000000 0.710050 0.704151 1.000000 0.000000 0.000000 0.000000 -15.742950 -45.616753 17.527525 2.250000 19.750000 41883.dat
9 0 0.000000 0.436754 -0.899581 -0.000000 0.899581 0.436754 1.000000 0.000000 0.000000 0.000000 -35.251503 -17.891996 17.527525 2.250000 19.750000 41883.dat
9 0 0.000000 0.068350 -0.997661 -0.000000 0.997661 0.068350 1.000000 0.000000 0.000000 0.000000 -42.694500 14.425749 17.527525 2.250000 19.750000 41883.dat
9 0 0.000000 -0.515897 -0.856651 0.000000 0.856651 -0.515897 1.000000 0.000000 0.000000 0.000000 -35.859749 43.481125 17.527525 2.250000 19.750000 41883.dat
9 0 0.000000 0.000000 -1.000000 0.000000 1.000000 0.000000 1.000000 0.000000 0.000000 38.312500 -14.005375 30.631250 10.181250 13.755375 1.437500 41883.dat
9 0 -0.238519 0.000000 -0.971138 0.000000 1.000000 0.000000 0.971138 0.000000 -0.238519 37.611244 -2.659525 17.549000 2.894200 2.409525 1.437500 41883.dat
9 0 -0.242781 0.000000 -0.970081 0.000000 1.000000 0.000000 0.970081 0.000000 -0.242781 33.824997 -20.776775 2.476749 18.442049 6.603850 1.437500 41883.dat
9 0 -0.035404 -0.541836 -0.839738 -0.677779 0.630507 -0.378255 0.734413 0.555765 -0.389567 27.572750 -29.396999 38.876301 17.527525 2.250000 13.225500 41883.dat
9 0 -0.107680 0.297938 -0.948493 -0.764962 0.584539 0.270458 0.635010 0.754684 0.164968 22.540749 -30.875502 -7.927501 30.527500 1.823750 7.762950 41883.dat
9 0 0.000000 0.000000 -1.000000 0.000000 1.000000 0.000000 1.000000 0.000000 0.000000 -38.027477 -14.005375 30.631250 10.181250 13.755375 1.437500 41883.dat
9 0 0.238519 0.000000 -0.971138 0.000000 1.000000 0.000000 0.971138 0.000000 0.238519 -37.646778 -2.655800 17.505249 2.860200 2.405800 1.437550 41883.dat
9 0 0.238519 0.000000 -0.971138 0.000000 1.000000 0.000000 0.971138 0.000000 0.238519 -33.631973 -20.884375 2.507749 18.382500 6.711450 1.437500 41883.dat
9 0 0.035404 -0.541836 -0.839738 0.677779 0.630507 -0.378255 0.734413 -0.555765 0.389567 -27.287701 -29.396999 38.876301 17.527525 2.250000 13.225500 41883.dat
9 0 0.107680 0.297938 -0.948493 0.764962 0.584539 0.270458 0.635010 -0.754684 -0.164968 -22.380075 -30.727751 -7.895249 30.527500 1.823750 7.958750 41883.dat
9 0 -0.238519 0.000000 -0.971138 0.000000 1.000000 0.000000 0.971138 0.000000 -0.238519 33.050503 -2.659525 -0.999498 3.221000 2.409525 1.437500 41883.dat
9 0 -0.238519 0.000000 -0.971138 0.000000 1.000000 0.000000 0.971138 0.000000 -0.238519 28.345753 -2.659525 -19.817251 3.161750 2.409525 1.437500 41883.dat
9 0 -0.245564 0.000000 -0.969380 0.000000 1.000000 0.000000 0.969380 0.000000 -0.245564 21.431000 -2.659525 -47.421253 12.294075 2.409525 1.397475 41883.dat
9 0 0.238519 0.000000 -0.971138 0.000000 1.000000 0.000000 0.971138 0.000000 0.238519 -33.047073 -2.655800 -1.012999 3.221000 2.405800 1.437550 41883.dat
9 0 0.238519 0.000000 -0.971138 0.000000 1.000000 0.000000 0.971138 0.000000 0.238519 -28.342476 -2.655800 -19.830751 3.175700 2.405800 1.437550 41883.dat
9 0 0.238519 0.000000 -0.971138 0.000000 1.000000 0.000000 0.971138 0.000000 0.238519 -21.415424 -2.655800 -47.430748 12.294075 2.405800 1.373450 41883.dat
9 0 -0.242781 0.000000 -0.970081 0.000000 1.000000 0.000000 0.970081 0.000000 -0.242781 30.102247 -12.172925 -12.398249 33.775749 6.603850 1.437500 41883.dat
9 0 0.238519 0.000000 -0.971138 0.000000 1.000000 0.000000 0.971138 0.000000 0.238519 -29.996002 -12.186725 -12.295998 33.626251 6.625150 1.437500 41883.dat
9 0 0.000000 0.000000 -1.000000 0.000000 1.000000 0.000000 1.000000 0.000000 0.000000 0.000000 -14.415000 58.125000 1.625000 14.165001 19.750000 41883.dat
10 0 -10.000000 0.000000 -70.000000 110.000000 47.663002 10.000000 41883.dat
2 22 0.000000 0.000000 -1.000000 0.000000 1.000000 0.000000 1.000000 0.000000 0.000000 39.999996 0.000000 60.000004 8 12 22:1:1,22:2:1,22:2:1,22:2:1,22:2:1,29:0:1,29:0:1,29:0:1,29:0:1,29:0:1,29:0:1,29:0:1,29:0:1,22:2:1,15:4:1,22:2:1,29:0:1,29:0:1,29:0:1,22:2:1,29:0:1,22:2:1,29:0:1,29:0:1,29:0:1,29:0:1,22:2:1,22:2:1,22:2:1,29:0:1,29:0:1,29:0:1,29:0:1,29:0:1,29:0:1,29:0:1,22:2:1,22:2:1,22:1:1,22:2:1,29:0:1,29:0:1,29:0:1,29:0:1,29:0:1,29:0:1,29:0:1,29:0:1,29:0:1,22:2:1,15:4:1,22:2:1,22:2:1,29:0:1,29:0:1,29:0:1,29:0:1,29:0:1,29:0:1,29:0:1,29:0:1,29:0:1,22:2:1,15:4:1,22:2:1,22:2:1,29:0:1,29:0:1,29:0:1,29:0:1,29:0:1,29:0:1,29:0:1,29:0:1,29:0:1,22:2:1,15:4:1,22:2:1,22:2:1,22:2:1,22:2:1,29:0:1,29:0:1,29:0:1,29:0:1,29:0:1,29:0:1,29:0:1,22:2:1,22:2:1,22:1:1,22:2:1,15:4:1,22:2:1,29:0:1,29:0:1,29:0:1,22:2:1,29:0:1,22:2:1,29:0:1,29:0:1,29:0:1,29:0:1,22:1:1,22:2:1,22:2:1,22:2:1,22:2:1,29:0:1,29:0:1,29:0:1,29:0:1,29:0:1,29:0:1,29:0:1,29:0:1, 41883.dat
