9 0 -1.000000 0.000000 -0.000000 0.000000 1.000000 0.000000 0.000000 0.000000 -1.000000 -4.518194 -4.518200 -0.000001 2.018200 2.018200 19.750000 41896.dat
9 0 -1.000000 0.000000 -0.000000 0.000000 1.000000 0.000000 0.000000 0.000000 -1.000000 4.518207 -4.518200 0.000001 2.018200 2.018200 19.750000 41896.dat
9 0 -1.000000 0.000000 -0.000000 0.000000 1.000000 0.000000 0.000000 0.000000 -1.000000 -4.518194 4.518200 -0.000001 2.018200 2.018200 19.750000 41896.dat
9 0 -1.000000 0.000000 -0.000000 0.000000 1.000000 0.000000 0.000000 0.000000 -1.000000 4.518207 4.518200 0.000001 2.018200 2.018200 19.750000 41896.dat
9 0 -1.000000 0.000000 -0.000000 0.000000 1.000000 0.000000 0.000000 0.000000 -1.000000 -17.321169 -18.126400 -0.063780 4.375000 0.127050 9.813749 41896.dat
9 0 -0.500000 -0.866025 -0.000000 -0.866025 0.500000 -0.000000 0.000000 0.000000 -1.000000 -10.282944 -14.062876 -0.063777 4.375000 0.127050 9.813749 41896.dat
9 0 0.500000 -0.866025 0.000000 -0.866025 -0.500000 -0.000000 0.000000 0.000000 -1.000000 -10.282944 -5.935825 -0.063777 4.375000 0.127050 9.813749 41896.dat
9 0 1.000000 0.000000 0.000000 0.000000 -1.000000 0.000000 0.000000 0.000000 -1.000000 -17.321169 -1.872300 -0.063780 4.375000 0.127050 9.813749 41896.dat
9 0 0.500000 0.866025 0.000000 0.866025 -0.500000 0.000000 0.000000 0.000000 -1.000000 -24.359394 -5.935825 -0.063781 4.375000 0.127050 9.813749 41896.dat
9 0 -0.500000 0.866025 -0.000000 0.866025 0.500000 0.000000 0.000000 0.000000 -1.000000 -24.359394 -14.062876 -0.063781 4.375000 0.127050 9.813749 41896.dat
9 0 -1.000000 0.000000 -0.000000 0.000000 1.000000 0.000000 0.000000 0.000000 -1.000000 17.321182 -18.126400 -0.063768 4.375000 0.127050 9.813749 41896.dat
9 0 -0.500000 -0.866025 -0.000000 -0.866025 0.500000 -0.000000 0.000000 0.000000 -1.000000 24.359407 -14.062876 -0.063767 4.375000 0.127050 9.813749 41896.dat
9 0 0.500000 -0.866025 0.000000 -0.866025 -0.500000 -0.000000 0.000000 0.000000 -1.000000 24.359407 -5.935825 -0.063767 4.375000 0.127050 9.813749 41896.dat
9 0 1.000000 0.000000 0.000000 0.000000 -1.000000 0.000000 0.000000 0.000000 -1.000000 17.321182 -1.872300 -0.063768 4.375000 0.127050 9.813749 41896.dat
9 0 0.500000 0.866025 0.000000 0.866025 -0.500000 0.000000 0.000000 0.000000 -1.000000 10.282957 -5.935825 -0.063771 4.375000 0.127050 9.813749 41896.dat
9 0 -0.500000 0.866025 -0.000000 0.866025 0.500000 0.000000 0.000000 0.000000 -1.000000 10.282957 -14.062876 -0.063771 4.375000 0.127050 9.813749 41896.dat
9 0 -1.000000 0.000000 -0.000000 0.000000 1.000000 0.000000 0.000000 0.000000 -1.000000 0.000007 11.872951 -0.063774 4.375000 0.127050 9.813749 41896.dat
9 0 -0.500000 -0.866025 -0.000000 -0.866025 0.500000 -0.000000 0.000000 0.000000 -1.000000 7.038232 15.936475 -0.063771 4.375000 0.127050 9.813749 41896.dat
9 0 0.500000 -0.866025 0.000000 -0.866025 -0.500000 -0.000000 0.000000 0.000000 -1.000000 7.038232 24.063524 -0.063771 4.375000 0.127050 9.813749 41896.dat
9 0 1.000000 0.000000 0.000000 0.000000 -1.000000 0.000000 0.000000 0.000000 -1.000000 0.000007 28.126999 -0.063774 4.375000 0.127050 9.813749 41896.dat
9 0 0.500000 0.866025 0.000000 0.866025 -0.500000 0.000000 0.000000 0.000000 -1.000000 -7.038218 24.063524 -0.063777 4.375000 0.127050 9.813749 41896.dat
9 0 -0.500000 0.866025 -0.000000 0.866025 0.500000 0.000000 0.000000 0.000000 -1.000000 -7.038218 15.936475 -0.063777 4.375000 0.127050 9.813749 41896.dat
9 0 -1.000000 0.000000 -0.000000 0.000000 0.298232 -0.954493 0.000000 -0.954493 -0.298232 0.000009 -30.052502 -8.994500 9.413600 1.570625 10.664425 41896.dat
9 0 0.500000 -0.866025 0.000000 -0.258276 -0.149116 -0.954493 0.826616 0.477247 -0.298232 26.026258 15.026275 -8.994492 9.413600 1.570625 10.664425 41896.dat
9 0 0.500000 0.866025 0.000000 0.258277 -0.149116 -0.954493 -0.826615 0.477247 -0.298232 -26.026239 15.026275 -8.994510 9.413600 1.570625 10.664425 41896.dat
9 0 -0.500000 -0.866026 0.000000 -0.258276 0.149116 -0.954493 0.826616 -0.477246 -0.298232 30.788258 -17.775675 -10.712491 9.413600 1.570625 4.903475 41896.dat
9 0 1.000000 0.000000 0.000000 0.000000 -0.298231 -0.954494 0.000000 0.954494 -0.298231 0.000010 35.551250 -10.712500 9.413600 1.570625 4.903475 41896.dat
9 0 -0.500000 0.866026 -0.000000 0.258277 0.149116 -0.954493 -0.826616 -0.477246 -0.298232 -30.788240 -17.775675 -10.712509 9.413600 1.570625 4.903475 41896.dat
9 0 -0.500000 0.866025 -0.000000 0.866025 0.500000 0.000000 0.000000 0.000000 -1.000000 -41.965744 -24.228901 -0.000013 12.250000 2.201225 32.250000 41896.dat
9 0 -0.866025 0.500000 -0.000000 0.500000 0.866025 0.000000 0.000000 0.000000 -1.000000 -24.228895 -41.965752 -0.000007 12.250000 2.201225 32.250000 41896.dat
9 0 -1.000000 0.000000 -0.000000 0.000000 1.000000 0.000000 0.000000 0.000000 -1.000000 0.000007 -48.457752 0.000000 12.250000 2.201225 32.250000 41896.dat
9 0 0.866025 0.500000 0.000000 0.500000 -0.866025 0.000000 0.000000 0.000000 -1.000000 -24.228895 41.965752 -0.000007 12.250000 2.201225 32.250000 41896.dat
9 0 0.500000 0.866025 0.000000 0.866025 -0.500000 0.000000 0.000000 0.000000 -1.000000 -41.965744 24.228901 -0.000013 12.250000 2.201225 32.250000 41896.dat
9 0 0.000000 1.000000 0.000000 1.000000 -0.000000 0.000000 0.000000 0.000000 -1.000000 -48.457745 0.000000 -0.000016 12.250000 2.201225 32.250000 41896.dat
9 0 0.500000 -0.866025 0.000000 -0.866025 -0.500000 -0.000000 0.000000 0.000000 -1.000000 41.965755 24.228901 0.000013 12.250000 2.201225 32.250000 41896.dat
9 0 0.866025 -0.500000 0.000000 -0.500000 -0.866025 -0.000000 0.000000 0.000000 -1.000000 24.228907 41.965752 0.000007 12.250000 2.201225 32.250000 41896.dat
9 0 1.000000 0.000000 0.000000 0.000000 -1.000000 0.000000 0.000000 0.000000 -1.000000 0.000007 48.457752 0.000000 12.250000 2.201225 32.250000 41896.dat
9 0 -0.866025 -0.500000 -0.000000 -0.500000 0.866025 -0.000000 0.000000 0.000000 -1.000000 24.228907 -41.965752 0.000007 12.250000 2.201225 32.250000 41896.dat
9 0 -0.500000 -0.866025 -0.000000 -0.866025 0.500000 -0.000000 0.000000 0.000000 -1.000000 41.965755 -24.228901 0.000013 12.250000 2.201225 32.250000 41896.dat
9 0 0.000000 -1.000000 0.000000 -1.000000 -0.000000 -0.000000 0.000000 0.000000 -1.000000 48.457756 0.000000 0.000016 12.250000 2.201225 32.250000 41896.dat
10 0 -54.000004 -54.000004 -52.499996 54.000004 54.000004 12.500000 41896.dat
0 2 0.000000 1.000000 0.000000 -0.000000 -0.000000 1.000000 1.000000 0.000000 0.000000 -17.321173 -9.999350 9.999994 0 0 0.800000 0 0 41896.dat
0 2 0.000000 1.000000 0.000000 -0.000000 -0.000000 1.000000 1.000000 0.000000 0.000000 17.321178 -9.999350 10.000006 0 0 0.800000 0 0 41896.dat
0 2 0.000000 1.000000 0.000000 -0.000000 -0.000000 1.000000 1.000000 0.000000 0.000000 0.000003 20.000000 10.000000 0 0 0.800000 0 0 41896.dat
0 4 0.000000 1.000000 0.000000 -0.000000 -0.000000 1.000000 1.000000 0.000000 0.000000 0.000000 0.000000 20.000000 0 0 1.600000 0 0 41896.dat
4 15 -1.000000 0.000000 -0.000000 -0.000000 -0.000000 1.000000 -0.000000 1.000000 0.000000 0.000006 0.000000 2.500000 1 41896.dat
4 15 -1.000000 0.000000 -0.000000 0.000000 -0.000000 -1.000000 -0.000000 -1.000000 0.000000 0.000006 0.000000 2.500000 1 41896.dat
