9 0 -1.000000 0.000000 -0.000000 0.000000 1.000000 0.000000 0.000000 0.000000 -1.000000 0.260556 59.953751 0.000025 23.718674 4.708850 34.750000 41897.dat
9 0 -0.707107 -0.707107 -0.000000 -0.707107 0.707107 -0.000000 0.000000 0.000000 -1.000000 -42.209496 42.577999 0.000012 23.718674 4.708850 34.750000 41897.dat
9 0 0.000000 -1.000000 0.000000 -1.000000 -0.000000 -0.000000 0.000000 0.000000 -1.000000 -59.953743 0.260550 0.000006 23.718674 4.708850 34.750000 41897.dat
9 0 0.707107 -0.707107 0.000000 -0.707107 -0.707107 -0.000000 0.000000 0.000000 -1.000000 -42.577995 -42.209499 0.000012 23.718674 4.708850 34.750000 41897.dat
9 0 1.000000 0.000000 0.000000 0.000000 -1.000000 0.000000 0.000000 0.000000 -1.000000 -0.260544 -59.953751 0.000025 23.718674 4.708850 34.750000 41897.dat
9 0 0.707107 0.707107 0.000000 0.707107 -0.707107 0.000000 0.000000 0.000000 -1.000000 42.209507 -42.577999 0.000039 23.718674 4.708850 34.750000 41897.dat
9 0 0.000000 1.000000 0.000000 1.000000 -0.000000 0.000000 0.000000 0.000000 -1.000000 59.953754 -0.260550 0.000045 23.718674 4.708850 34.750000 41897.dat
9 0 -0.707107 0.707107 -0.000000 0.707107 0.707107 0.000000 0.000000 0.000000 -1.000000 42.578007 42.209499 0.000039 23.718674 4.708850 34.750000 41897.dat
10 0 -69.976997 -69.976997 -52.499996 69.976997 69.976997 17.500025 41897.dat
4 14 -1.000000 0.000000 -0.000000 0.000000 -0.000000 -1.000000 -0.000000 -1.000000 0.000000 0.000006 0.000000 0.000000 1 41897.dat
4 14 -1.000000 0.000000 -0.000000 -0.000000 0.000000 1.000000 0.000000 1.000000 -0.000000 0.000006 0.000000 0.000000 1 41897.dat
