9 0 -1.000000 0.000000 -0.000000 0.000000 1.000000 0.000000 0.000000 0.000000 -1.000000 -10.009399 -6.749825 -0.000003 15.973399 1.000175 7.989475 42013.dat
9 0 -1.000000 0.000000 -0.000000 0.000000 1.000000 0.000000 0.000000 0.000000 -1.000000 -11.937227 -2.715175 7.867196 17.901226 2.484250 1.496650 42013.dat
9 0 -1.000000 0.000000 -0.000000 0.000000 1.000000 0.000000 0.000000 0.000000 -1.000000 -11.937222 -2.740275 -7.867204 17.901226 2.509375 1.496650 42013.dat
9 0 -0.922331 0.359773 0.140955 0.367106 0.929723 0.029116 -0.120574 0.078600 -0.989588 12.601423 -4.970500 6.711005 7.353200 2.026875 1.496650 42013.dat
9 0 -0.920942 0.356400 -0.157622 0.365610 0.930186 -0.032905 0.134890 -0.087932 -0.986951 12.658326 -4.977325 -6.564371 7.395625 2.026875 1.496650 42013.dat
9 0 -0.403634 0.914921 -0.000000 0.914921 0.403634 0.000000 0.000000 0.000000 -1.000000 19.351175 -10.941125 0.000006 3.123000 1.570575 3.267050 42013.dat
10 0 -22.048674 -0.019100 -10.000000 30.088499 15.233850 10.000000 42013.dat
3 23 -1.000000 0.000000 -0.000000 0.000000 1.000000 0.000000 0.000000 0.000000 -1.000000 10.000003 -8.000000 -9.999997 2 4 29:0:1,23:4:1,29:0:1,23:4:1,29:0:1,23:4:1,1:4:0,23:4:1,1:4:0,23:4:1,29:0:1,23:4:1,29:0:1,23:4:1,29:0:1, 42013.dat
2 22 -1.000000 0.000000 -0.000000 0.000000 1.000000 0.000000 0.000000 0.000000 -1.000000 10.000003 0.000000 -9.999997 2 4 22:1:1,22:2:1,22:2:1,22:2:1,22:1:1,29:0:1,15:4:0,15:4:0,15:4:0,29:0:1,22:1:1,22:2:1,22:2:1,22:2:1,22:1:1, 42013.dat
