9 0 -0.000000 -0.000000 1.000000 -1.000000 0.000000 -0.000000 0.000000 -1.000000 -0.000000 0.000000 12.000000 0.000000 19.750000 9.750000 11.750000 42022.dat
9 0 -0.000000 -0.000000 1.000000 -1.000000 0.000000 -0.000000 0.000000 -1.000000 -0.000000 0.000001 21.499998 -40.000000 59.750004 9.750000 2.250000 42022.dat
9 0 -0.000000 -0.000000 1.000000 -1.000000 0.000000 -0.000000 0.000000 -1.000000 -0.000000 0.000001 15.307450 -50.514244 30.264250 9.750000 3.779700 42022.dat
9 0 0.000000 -0.101572 0.994828 -1.000000 -0.000000 0.000000 -0.000000 -0.994828 -0.101572 0.000001 7.149124 -37.068501 17.378876 9.750000 5.003325 42022.dat
9 0 -0.000000 -0.268043 0.963407 -1.000000 0.000000 -0.000000 0.000000 -0.963407 -0.268043 0.000001 11.407373 -65.610497 11.904975 9.750000 4.454475 42022.dat
9 0 -0.000000 -0.385637 0.922651 -1.000000 0.000000 -0.000000 0.000000 -0.922651 -0.385637 0.000001 16.612225 -87.392250 12.158700 9.750000 2.257350 42022.dat
9 0 -0.000000 -0.000000 1.000000 -1.000000 0.000000 -0.000000 0.000000 -1.000000 -0.000000 0.000001 15.307450 -50.514244 30.264250 9.750000 3.779675 42022.dat
10 0 -10.000000 0.000000 -10.000000 110.000000 28.450001 10.000000 42022.dat
3 23 0.000000 0.000000 -1.000000 0.000000 1.000000 0.000000 1.000000 0.000000 0.000000 10.000000 0.000000 20.000000 2 4 18:1:1,23:4:1,18:2:1,23:4:1,18:1:1,23:4:1,0:4:1,23:4:1,0:4:1,23:4:1,18:1:1,23:4:1,18:2:1,23:4:1,18:1:1, 42022.dat
2 22 0.000000 0.000000 -1.000000 0.000000 1.000000 0.000000 1.000000 0.000000 0.000000 10.000000 24.000000 20.000000 2 12 22:1:1,22:2:1,22:2:1,22:2:1,22:2:1,22:2:1,22:2:1,22:2:1,22:2:1,22:2:1,22:2:1,22:2:1,22:1:1,22:2:1,15:4:1,15:4:1,15:4:1,15:4:1,15:4:1,15:4:1,15:4:1,15:4:1,15:4:1,15:4:1,15:4:1,22:2:1,22:1:1,22:2:1,22:2:1,22:2:1,22:2:1,22:2:1,22:2:1,22:2:1,22:2:1,22:2:1,22:2:1,22:2:1,22:1:1, 42022.dat
