9 0 0.000000 0.000000 -1.000000 1.000000 -0.000000 0.000000 -0.000000 -1.000000 -0.000000 0.000000 12.000000 0.375000 19.375000 9.750000 11.750000 42023.dat
9 0 0.000000 -0.106716 -0.994290 1.000000 0.000000 0.000000 0.000000 -0.994290 0.106716 -8.437499 12.413224 -37.098000 18.703775 1.312500 9.297150 42023.dat
9 0 0.000000 -0.106716 -0.994290 1.000000 0.000000 0.000000 0.000000 -0.994290 0.106716 8.437501 12.413224 -37.098000 18.703775 1.312500 9.297150 42023.dat
9 0 0.000000 0.000000 -1.000000 1.000000 -0.000000 0.000000 -0.000000 -1.000000 -0.000000 0.000001 1.637499 -59.625000 40.125000 9.750000 1.387500 42023.dat
9 0 0.000000 -0.285202 -0.958467 1.000000 0.000000 -0.000000 0.000000 -0.958467 0.285202 0.000001 9.744650 -66.917000 12.170925 9.750000 6.088675 42023.dat
9 0 0.000000 -0.421136 -0.906998 1.000000 0.000000 -0.000000 0.000000 -0.906997 0.421136 0.000001 6.191525 -89.577995 10.430925 9.750000 1.493775 42023.dat
10 0 -10.000000 0.000000 -10.000000 110.000000 28.450001 10.000000 42023.dat
3 23 0.000000 0.000000 -1.000000 0.000000 1.000000 0.000000 1.000000 0.000000 0.000000 10.000000 0.000000 20.000000 2 12 18:1:1,23:4:1,18:2:1,23:4:1,18:2:1,23:4:1,18:2:1,23:4:1,18:2:1,23:4:1,18:2:1,23:4:1,18:1:1,23:4:1,0:4:1,23:4:1,0:4:1,23:4:1,0:4:1,23:4:1,0:4:1,23:4:1,1:4:1,23:4:1,1:4:1,23:4:1,18:1:1,23:4:1,18:2:1,23:4:1,18:2:1,23:4:1,18:2:1,23:4:1,18:2:1,23:4:1,18:2:1,23:4:1,18:1:1, 42023.dat
2 22 0.000000 0.000000 -1.000000 0.000000 1.000000 0.000000 1.000000 0.000000 0.000000 10.000000 24.000000 20.000000 2 4 22:1:1,22:2:1,22:2:1,22:2:1,22:1:1,22:2:1,15:4:1,9:4:1,15:4:1,22:2:1,22:1:1,22:2:1,22:2:1,22:2:1,22:1:1, 42023.dat
