9 0 0.244613 -0.002539 0.969617 -0.421882 0.900100 0.108788 -0.873029 -0.435675 0.219106 25.025526 15.544024 -130.925766 62.612999 0.454050 4.755250 42061.dat
9 0 0.242430 0.000000 0.970169 0.000000 1.000000 0.000000 -0.970169 0.000000 0.242430 47.445797 21.499998 -72.390518 2.688400 2.250000 1.630550 42061.dat
9 0 0.242430 0.000000 0.970169 0.000000 1.000000 0.000000 -0.970169 0.000000 0.242430 42.866291 21.499998 -90.716515 3.201650 2.250000 1.630550 42061.dat
9 0 0.242430 0.000000 0.970169 0.000000 1.000000 0.000000 -0.970169 0.000000 0.242430 38.162537 21.499998 -109.540520 3.201650 2.250000 1.630550 42061.dat
9 0 0.242430 0.000000 0.970169 0.000000 1.000000 0.000000 -0.970169 0.000000 0.242430 30.580023 21.499998 -139.884521 15.581224 2.250000 1.630550 42061.dat
9 0 0.242430 0.000000 0.970169 0.000000 1.000000 0.000000 -0.970169 0.000000 0.242430 22.875090 21.499998 -170.718765 3.201650 2.250000 1.630550 42061.dat
9 0 0.242430 0.000000 0.970169 0.000000 1.000000 0.000000 -0.970169 0.000000 0.242430 18.171259 21.499998 -189.542755 3.201650 2.250000 1.630550 42061.dat
9 0 0.000000 0.000000 1.000000 0.000000 1.000000 0.000000 -1.000000 0.000000 0.000000 20.000059 21.499998 -30.000019 39.750000 2.250000 29.750002 42061.dat
9 0 0.008755 -0.147153 0.989075 -0.516112 0.846519 0.130512 -0.856476 -0.511616 -0.068537 13.632292 13.429025 -169.804764 19.898399 0.676600 4.755250 42061.dat
9 0 0.011152 -0.096310 0.995289 -0.433716 0.896382 0.091599 -0.900981 -0.432694 -0.031775 23.082090 9.565750 -89.496765 19.930401 0.864775 15.056200 42061.dat
9 0 0.000000 -0.103140 0.994667 -0.515996 0.852023 0.088349 -0.856591 -0.513244 -0.053220 19.595879 11.721174 -129.632263 19.930401 0.554575 11.437025 42061.dat
9 0 0.000000 0.000000 1.000000 -0.429058 0.903277 0.000000 -0.903277 -0.429058 0.000000 28.838310 11.945750 -30.000019 39.750000 2.457625 21.891575 42061.dat
9 0 0.000000 -0.162293 0.986743 0.000000 0.986743 0.162293 -1.000000 0.000000 0.000000 0.000003 18.134699 -209.716446 19.898399 2.186675 9.750000 42061.dat
9 0 0.000000 -0.132775 0.991146 0.000000 0.991146 0.132775 -1.000000 0.000000 0.000000 0.000016 15.434649 -169.497009 19.898399 5.449050 9.750000 42061.dat
9 0 0.000000 -0.103140 0.994667 0.000000 0.994667 0.103140 -1.000000 0.000000 0.000000 0.000028 12.864274 -129.456253 19.930401 7.618700 9.750000 42061.dat
9 0 0.000000 -0.073237 0.997315 0.000000 0.997315 0.073237 -1.000000 0.000000 0.000000 0.000041 10.952475 -89.430496 19.930401 9.250000 9.750000 42061.dat
9 0 0.000000 0.000000 1.000000 0.000000 1.000000 0.000000 -1.000000 0.000000 0.000000 0.000060 9.500000 -30.000008 39.750000 9.250000 9.750000 42061.dat
9 0 0.242430 0.000000 0.970169 0.000000 1.000000 0.000000 -0.970169 0.000000 0.242430 11.336376 21.499998 -216.894958 12.788075 2.250000 1.630550 42061.dat
9 0 0.000000 0.000000 1.000000 0.000000 1.000000 0.000000 -1.000000 0.000000 0.000000 0.000022 21.499998 -150.000000 79.750000 2.250000 9.750000 42061.dat
9 0 0.000000 0.000000 1.000000 0.000000 1.000000 0.000000 -1.000000 0.000000 0.000000 8.983185 21.499998 -109.598755 40.740498 2.250000 18.733150 42061.dat
10 0 -10.000000 0.000000 -10.000000 230.000000 28.450001 50.000000 42061.dat
2 22 0.000000 0.000000 1.000000 0.000000 1.000000 0.000000 -1.000000 0.000000 0.000000 -10.000003 24.000000 -230.000000 6 24 22:1:1,22:2:1,22:2:1,22:2:1,22:2:1,22:2:1,22:2:1,22:2:1,22:2:1,22:2:1,22:2:1,22:2:1,22:2:1,22:2:1,22:2:1,22:2:1,22:2:1,22:2:1,22:2:1,22:2:1,22:2:1,22:2:1,22:2:1,22:2:1,22:1:1,22:2:1,15:4:1,23:4:1,15:4:1,23:4:1,15:4:1,23:4:1,15:4:1,23:4:1,15:4:1,23:4:1,15:4:1,23:4:1,15:4:1,23:4:1,15:4:1,23:4:1,15:4:1,23:4:1,15:4:1,23:4:1,15:4:1,23:4:1,15:4:1,22:2:1,22:1:1,22:2:1,22:2:1,23:4:1,7:4:2,23:4:1,7:4:2,23:4:1,7:4:2,23:4:1,7:4:2,23:4:1,7:4:2,23:4:1,7:4:2,23:4:1,7:4:2,23:4:1,7:4:2,23:4:1,7:4:2,23:4:1,7:4:2,23:4:1,22:2:1,29:0:1,29:0:1,29:0:1,29:0:1,22:2:1,29:0:1,22:2:1,29:0:1,23:4:1,15:4:1,23:4:1,15:4:1,23:4:1,15:4:1,23:4:1,15:4:1,23:4:1,15:4:1,23:4:1,15:4:1,23:4:1,15:4:1,23:4:1,15:4:1,22:2:1,29:0:1,29:0:1,29:0:1,29:0:1,29:0:1,29:0:1,29:0:1,29:0:1,22:2:1,22:2:1,22:2:1,23:4:1,7:4:2,23:4:1,7:4:2,23:4:1,7:4:2,23:4:1,7:4:2,23:4:1,7:4:2,23:4:1,7:4:2,23:4:1,22:2:1,29:0:1,29:0:1,29:0:1,29:0:1,29:0:1,29:0:1,29:0:1,29:0:1,29:0:1,29:0:1,29:0:1,29:0:1,22:2:1,29:0:1,22:2:1,29:0:1,23:4:1,15:4:1,23:4:1,15:4:1,23:4:1,15:4:1,23:4:1,15:4:1,22:2:1,29:0:1,29:0:1,29:0:1,29:0:1,29:0:1,29:0:1,29:0:1,29:0:1,29:0:1,29:0:1,29:0:1,29:0:1,29:0:1,29:0:1,29:0:1,29:0:1,22:1:1,22:2:1,22:2:1,22:2:1,22:2:1,22:2:1,22:2:1,22:2:1,22:1:1, 42061.dat
3 23 0.000000 0.000000 1.000000 0.000000 1.000000 0.000000 -1.000000 0.000000 0.000000 -9.999953 0.000000 -70.000008 2 8 18:2:1,23:4:1,18:2:1,23:4:1,18:2:1,23:4:1,18:2:1,23:4:1,18:1:1,23:4:1,0:4:1,23:4:1,0:4:1,23:4:1,0:4:1,23:4:1,0:4:1,23:4:1,29:0:1,23:4:1,29:0:1,23:4:1,29:0:1,23:4:1,29:0:1,23:4:1,18:1:1, 42061.dat
