9 0 1.000000 0.000000 0.000000 0.000000 0.702480 0.711703 0.000000 -0.711703 0.702480 32.750000 -10.325250 10.238675 2.250000 4.299900 0.704275 4208.dat
9 0 1.000000 0.000000 0.000000 0.000000 0.140124 0.990134 0.000000 -0.990134 0.140124 32.750000 -14.359251 1.974125 2.250000 4.299875 0.704275 4208.dat
9 0 1.000000 0.000000 0.000000 0.000000 -0.477408 0.878682 0.000000 -0.878682 -0.477408 32.750000 -12.675002 -7.066925 2.250000 4.299875 0.704275 4208.dat
9 0 1.000000 0.000000 0.000000 0.000000 -0.906953 0.421233 0.000000 -0.421233 -0.906953 32.750000 -5.935502 -13.324375 2.250000 4.299875 0.704275 4208.dat
9 0 1.000000 0.000000 0.000000 0.000000 -0.979368 -0.202084 0.000000 0.202084 -0.979368 32.750000 3.205574 -14.334249 2.250000 4.299875 0.704275 4208.dat
9 0 1.000000 0.000000 0.000000 0.000000 -0.666140 -0.745827 0.000000 0.745827 -0.666140 32.750000 11.148548 -9.698900 2.250000 4.299875 0.704275 4208.dat
9 0 1.000000 0.000000 0.000000 0.000000 -0.090607 -0.995887 0.000000 0.995887 -0.090607 32.750000 14.765823 -1.243550 2.250000 4.299900 0.704275 4208.dat
9 0 1.000000 0.000000 0.000000 0.000000 0.520604 -0.853799 0.000000 0.853799 0.520604 32.750000 12.633024 7.702325 2.250000 4.299875 0.704275 4208.dat
9 0 1.000000 0.000000 0.000000 0.000000 0.926818 -0.375512 0.000000 0.375512 0.926818 32.750000 5.589999 13.616125 2.250000 4.299875 0.704275 4208.dat
9 0 1.000000 0.000000 0.000000 0.000000 0.968081 0.250639 0.000000 -0.250639 0.968081 32.750000 -3.590003 14.169225 2.250000 4.299900 0.704275 4208.dat
9 0 1.000000 0.000000 0.000000 0.000000 0.963577 0.267430 0.000000 -0.267430 0.963577 32.400002 0.348499 -9.000800 1.850025 2.942175 4.609825 4208.dat
9 0 1.000000 0.000000 0.000000 0.000000 0.258928 0.965897 0.000000 -0.965897 0.258928 32.400002 8.013049 -4.410000 1.850025 2.942175 4.609825 4208.dat
9 0 1.000000 0.000000 0.000000 0.000000 -0.700606 0.713548 0.000000 -0.713548 -0.700606 32.400002 7.950349 4.524100 1.850025 2.942175 4.609825 4208.dat
9 0 1.000000 0.000000 0.000000 0.000000 -0.970473 -0.241208 0.000000 0.241208 -0.970473 32.400002 0.221997 9.035749 1.850025 2.942175 4.609825 4208.dat
9 0 1.000000 0.000000 0.000000 0.000000 -0.285020 -0.958522 0.000000 0.958522 -0.285020 32.400002 -7.703501 4.556025 1.850025 2.942175 4.609825 4208.dat
9 0 1.000000 0.000000 0.000000 0.000000 0.681004 -0.732280 0.000000 0.732280 0.681004 32.400002 -7.883000 -4.306925 1.850025 2.942175 4.609825 4208.dat
9 0 1.000000 0.000000 0.000000 0.000000 0.265434 -0.964129 0.000000 0.964129 0.265434 -0.018251 -4.834750 -1.295650 29.981750 1.344375 0.607600 4208.dat
9 0 1.000000 0.000000 0.000000 0.000000 -0.263519 -0.964654 0.000000 0.964654 -0.263519 -0.018251 -4.837251 1.325925 29.981750 1.344375 0.607600 4208.dat
9 0 1.000000 0.000000 0.000000 0.000000 -0.261781 0.965127 0.000000 -0.965127 -0.261781 -0.018251 5.089323 1.328175 29.981750 1.344375 0.607600 4208.dat
9 0 1.000000 0.000000 0.000000 0.000000 0.271831 0.962345 0.000000 -0.962345 0.271831 -0.018251 5.075699 -1.289525 29.981750 1.344375 0.607600 4208.dat
9 0 1.000000 0.000000 0.000000 0.000000 -0.964475 0.264174 0.000000 -0.264174 -0.964475 0.000000 -1.178002 -4.952025 18.772701 1.344375 0.607600 4208.dat
9 0 1.000000 0.000000 0.000000 0.000000 -0.706098 0.708114 0.000000 -0.708114 -0.706098 0.000000 -3.460503 -3.632625 18.772701 1.344375 0.607600 4208.dat
9 0 1.000000 0.000000 0.000000 0.000000 -0.261423 0.965224 0.000000 -0.965224 -0.261423 0.000000 -4.787001 -1.354225 18.772701 1.344375 0.607600 4208.dat
9 0 1.000000 0.000000 0.000000 0.000000 0.252226 0.967668 0.000000 -0.967668 0.252226 0.000000 -4.807252 1.282075 18.772701 1.344375 0.607600 4208.dat
9 0 1.000000 0.000000 0.000000 0.000000 0.699328 0.714801 0.000000 -0.714801 0.699328 0.000000 -3.516251 3.580675 18.772701 1.344375 0.607600 4208.dat
9 0 1.000000 0.000000 0.000000 0.000000 0.966658 0.256072 0.000000 -0.256072 0.966658 0.000000 -1.165751 4.959725 18.772701 1.344375 0.607600 4208.dat
9 0 1.000000 0.000000 0.000000 0.000000 0.965249 -0.261331 0.000000 0.261331 0.965249 0.000000 1.489773 4.949375 18.772701 1.344375 0.607600 4208.dat
9 0 1.000000 0.000000 0.000000 0.000000 0.707953 -0.706259 0.000000 0.706259 0.707953 0.000000 3.711449 3.646525 18.772701 1.344375 0.607600 4208.dat
9 0 1.000000 0.000000 0.000000 0.000000 0.262505 -0.964931 0.000000 0.964931 0.262505 0.000000 5.067799 1.364175 18.772701 1.344375 0.607600 4208.dat
9 0 1.000000 0.000000 0.000000 0.000000 -0.250425 -0.968136 0.000000 0.968136 -0.250425 0.000000 5.048124 -1.268425 18.772701 1.344375 0.607600 4208.dat
9 0 1.000000 0.000000 0.000000 0.000000 -0.726265 -0.687415 0.000000 0.687415 -0.726265 0.000000 3.586648 -3.637825 18.772701 1.344375 0.607600 4208.dat
9 0 1.000000 0.000000 0.000000 0.000000 -0.963254 -0.268593 0.000000 0.268593 -0.963254 0.000000 1.498474 -4.879825 18.772701 1.344375 0.607600 4208.dat
9 0 1.000000 0.000000 0.000000 0.000000 -0.608367 -0.793656 0.000000 0.793656 -0.608367 32.400002 -5.423000 7.101725 1.850025 2.942175 4.609825 4208.dat
9 0 1.000000 0.000000 0.000000 0.000000 0.279099 -0.960262 0.000000 0.960262 0.279099 32.400002 -8.865749 -0.293375 1.850025 2.942175 4.609825 4208.dat
9 0 1.000000 0.000000 0.000000 0.000000 0.968909 -0.247416 0.000000 0.247416 0.968909 32.400002 -4.169002 -7.925050 1.850025 2.942175 4.609825 4208.dat
9 0 1.000000 0.000000 0.000000 0.000000 0.650588 0.759431 0.000000 -0.759431 0.650588 32.400002 5.355349 -7.390325 1.850025 2.942175 4.609825 4208.dat
9 0 1.000000 0.000000 0.000000 0.000000 -0.138126 0.990415 0.000000 -0.990415 -0.138126 32.400002 9.140749 -1.003550 1.850025 2.942175 4.609825 4208.dat
9 0 1.000000 0.000000 0.000000 0.000000 -0.958203 0.286088 0.000000 -0.286088 -0.958203 32.400002 4.809849 7.749250 1.850025 2.942175 4.609825 4208.dat
9 0 1.000000 0.000000 0.000000 0.000000 0.702480 0.711703 0.000000 -0.711703 0.702480 -32.750000 -10.325250 10.238675 2.250000 4.299900 0.704275 4208.dat
9 0 1.000000 0.000000 0.000000 0.000000 0.140124 0.990134 0.000000 -0.990134 0.140124 -32.750000 -14.359251 1.974125 2.250000 4.299875 0.704275 4208.dat
9 0 1.000000 0.000000 0.000000 0.000000 -0.477408 0.878682 0.000000 -0.878682 -0.477408 -32.750000 -12.675002 -7.066925 2.250000 4.299875 0.704275 4208.dat
9 0 1.000000 0.000000 0.000000 0.000000 -0.906953 0.421233 0.000000 -0.421233 -0.906953 -32.750000 -5.935502 -13.324375 2.250000 4.299875 0.704275 4208.dat
9 0 1.000000 0.000000 0.000000 0.000000 -0.979368 -0.202084 0.000000 0.202084 -0.979368 -32.750000 3.205574 -14.334249 2.250000 4.299875 0.704275 4208.dat
9 0 1.000000 0.000000 0.000000 0.000000 -0.666140 -0.745827 0.000000 0.745827 -0.666140 -32.750000 11.148548 -9.698900 2.250000 4.299875 0.704275 4208.dat
9 0 1.000000 0.000000 0.000000 0.000000 -0.090607 -0.995887 0.000000 0.995887 -0.090607 -32.750000 14.765823 -1.243550 2.250000 4.299900 0.704275 4208.dat
9 0 1.000000 0.000000 0.000000 0.000000 0.520604 -0.853799 0.000000 0.853799 0.520604 -32.750000 12.633024 7.702325 2.250000 4.299875 0.704275 4208.dat
9 0 1.000000 0.000000 0.000000 0.000000 0.926818 -0.375512 0.000000 0.375512 0.926818 -32.750000 5.589999 13.616125 2.250000 4.299875 0.704275 4208.dat
9 0 1.000000 0.000000 0.000000 0.000000 0.968081 0.250639 0.000000 -0.250639 0.968081 -32.750000 -3.590003 14.169225 2.250000 4.299900 0.704275 4208.dat
9 0 1.000000 0.000000 0.000000 0.000000 0.963577 0.267430 0.000000 -0.267430 0.963577 -33.100025 0.348499 -9.000800 1.850025 2.942175 4.609825 4208.dat
9 0 1.000000 0.000000 0.000000 0.000000 0.258928 0.965897 0.000000 -0.965897 0.258928 -33.100025 8.013049 -4.410000 1.850025 2.942175 4.609825 4208.dat
9 0 1.000000 0.000000 0.000000 0.000000 -0.700606 0.713548 0.000000 -0.713548 -0.700606 -33.100025 7.950349 4.524100 1.850025 2.942175 4.609825 4208.dat
9 0 1.000000 0.000000 0.000000 0.000000 -0.970473 -0.241208 0.000000 0.241208 -0.970473 -33.100025 0.221997 9.035749 1.850025 2.942175 4.609825 4208.dat
9 0 1.000000 0.000000 0.000000 0.000000 -0.285020 -0.958522 0.000000 0.958522 -0.285020 -33.100025 -7.703501 4.556025 1.850025 2.942175 4.609825 4208.dat
9 0 1.000000 0.000000 0.000000 0.000000 0.681004 -0.732280 0.000000 0.732280 0.681004 -33.100025 -7.883000 -4.306925 1.850025 2.942175 4.609825 4208.dat
9 0 1.000000 0.000000 0.000000 0.000000 -0.608367 -0.793656 0.000000 0.793656 -0.608367 -33.100025 -5.423000 7.101725 1.850025 2.942175 4.609825 4208.dat
9 0 1.000000 0.000000 0.000000 0.000000 0.279099 -0.960262 0.000000 0.960262 0.279099 -33.100025 -8.865749 -0.293375 1.850025 2.942175 4.609825 4208.dat
9 0 1.000000 0.000000 0.000000 0.000000 0.968909 -0.247416 0.000000 0.247416 0.968909 -33.100025 -4.169002 -7.925050 1.850025 2.942175 4.609825 4208.dat
9 0 1.000000 0.000000 0.000000 0.000000 0.650588 0.759431 0.000000 -0.759431 0.650588 -33.100025 5.355349 -7.390325 1.850025 2.942175 4.609825 4208.dat
9 0 1.000000 0.000000 0.000000 0.000000 -0.138126 0.990415 0.000000 -0.990415 -0.138126 -33.100025 9.140749 -1.003550 1.850025 2.942175 4.609825 4208.dat
9 0 1.000000 0.000000 0.000000 0.000000 -0.958203 0.286088 0.000000 -0.286088 -0.958203 -33.100025 4.809849 7.749250 1.850025 2.942175 4.609825 4208.dat
10 0 -6.000000 8.625000 -17.500000 66.000000 43.625000 17.500000 4208.dat
6 129 -0.000000 1.000000 0.000000 -1.000000 -0.000000 0.000000 0.000000 0.000000 1.000000 0.000000 0.125000 0.000000 0.000000 0.000000 0.000000 0.000000 0 4208.dat
