9 0 0.000000 0.000000 1.000000 0.000000 1.000000 0.000000 -1.000000 0.000000 0.000000 0.000001 0.000000 3.500000 17.250000 2.408825 2.408825 4210a.dat
9 0 1.000000 -0.000000 -0.000000 -0.000000 -0.000000 -1.000000 0.000000 1.000000 -0.000000 2.607057 0.000000 23.499998 0.607050 2.250000 1.750000 4210a.dat
9 0 0.000000 -1.000000 -0.000000 -0.000000 0.000000 -1.000000 1.000000 0.000000 -0.000000 0.000007 -2.607050 23.500000 0.607050 2.250000 1.750000 4210a.dat
9 0 -1.000000 -0.000000 0.000000 -0.000000 -0.000000 -1.000000 0.000000 -1.000000 0.000000 -2.607043 0.000000 23.500002 0.607050 2.250000 1.750000 4210a.dat
9 0 -0.000000 1.000000 -0.000000 -0.000000 -0.000000 -1.000000 -1.000000 0.000000 0.000000 0.000007 2.607050 23.500000 0.607050 2.250000 1.750000 4210a.dat
9 0 -0.707107 0.000000 0.707107 0.000000 1.000000 0.000000 -0.707107 0.000000 -0.707107 1.641350 10.683576 -1.630551 0.258650 10.566425 2.579850 4210a.dat
9 0 0.707107 0.000000 0.707107 0.000000 1.000000 0.000000 -0.707107 0.000000 0.707107 -1.639301 10.683576 -1.632574 0.258650 10.566425 2.579850 4210a.dat
9 0 -0.707107 0.000000 -0.707107 0.000000 1.000000 0.000000 0.707107 0.000000 -0.707107 1.639301 10.683576 1.650100 0.258650 10.566425 2.579850 4210a.dat
9 0 0.707107 0.000000 -0.707107 0.000000 1.000000 0.000000 0.707107 0.000000 0.707107 -1.641350 10.683576 1.648051 0.258650 10.566425 2.579850 4210a.dat
10 0 -14.000000 -21.500000 -4.000000 26.000000 4.000000 4.000000 4210a.dat
0 7 0.000000 -1.000000 -0.000000 -0.000000 0.000000 -1.000000 1.000000 0.000000 -0.000000 -0.000004 0.000000 -14.000000 0 0 0.860000 0 0 4210a.dat
0 14 1.000000 0.000000 -0.000000 0.000000 -0.000000 1.000000 0.000000 -1.000000 -0.000000 0.000008 0.000000 26.000000 0 1 0.200000 0 0 4210a.dat
2 22 -0.000000 1.000000 -0.000000 -0.000000 -0.000000 -1.000000 -1.000000 0.000000 0.000000 -10.000005 -10.000000 -13.999997 2 2 29:0:0,29:0:0,29:0:0,29:0:0,9:4:32,29:0:0,29:0:0,29:0:0,29:0:0, 4210a.dat
2 22 0.000000 0.000000 1.000000 0.000000 1.000000 0.000000 -1.000000 0.000000 0.000000 -10.000003 21.500000 -9.999997 2 2 29:0:0,29:0:0,29:0:0,29:0:0,9:4:32,29:0:0,29:0:0,29:0:0,29:0:0, 4210a.dat
2 22 -0.000000 -1.000000 -0.000000 0.000000 -0.000000 1.000000 -1.000000 0.000000 0.000000 -9.999992 10.000000 26.000002 2 2 29:0:0,29:0:0,29:0:0,29:0:0,9:4:32,29:0:0,29:0:0,29:0:0,29:0:0, 4210a.dat
0 14 -1.000000 0.000000 0.000000 0.000000 1.000000 0.000000 -0.000000 0.000000 -1.000000 0.000000 21.500000 0.000000 0 1 0.700000 0 0 4210a.dat
0 21 -1.000000 0.000000 0.000000 0.000000 1.000000 0.000000 -0.000000 0.000000 -1.000000 0.000000 21.500000 0.000000 0 1 0.700000 0 0 4210a.dat
