9 0 -1.000000 0.000000 -0.000000 -0.000000 -0.707107 0.707107 -0.000000 0.707107 0.707107 -0.157125 0.000000 -0.000000 7.407125 2.578425 2.578425 42114.dat
9 0 -0.934049 0.000000 -0.357146 -0.252540 -0.707107 0.660472 -0.252540 0.707107 0.660472 -13.726224 0.000000 -3.695479 2.251475 4.081025 4.081025 42114.dat
9 0 -0.934049 -0.000000 0.357145 0.252540 -0.707107 0.660472 0.252540 0.707107 0.660472 14.490801 0.000000 -1.699570 2.251475 4.081025 4.081025 42114.dat
10 0 -23.171326 -7.500000 -11.899200 22.406750 7.500000 6.235800 42114.dat
3 23 0.000000 -1.000000 -0.000000 0.934049 0.000000 -0.357145 0.357145 -0.000000 0.934049 13.255830 10.000001 -11.933444 2 2 29:0:0,29:0:0,29:0:0,29:0:0,1:4:34,29:0:0,29:0:0,29:0:0,29:0:0, 42114.dat
3 23 0.000000 1.000000 0.000000 -0.934049 0.000000 -0.357146 -0.357146 -0.000000 0.934049 -12.491245 -9.999999 -13.929357 2 2 29:0:0,29:0:0,29:0:0,29:0:0,1:4:34,29:0:0,29:0:0,29:0:0,29:0:0, 42114.dat
0 7 0.000000 1.000000 0.000000 -1.000000 0.000000 -0.000000 -0.000000 -0.000000 1.000000 5.000001 0.000000 0.000002 1 1 0.440908 0 1 42114.dat
