9 0 0.000000 0.000000 1.000000 0.000000 1.000000 0.000000 -1.000000 0.000000 0.000000 0.000003 1.875000 0.000028 19.750000 1.625000 19.750000 4229.dat
9 0 0.000000 0.000000 1.000000 0.000000 1.000000 0.000000 -1.000000 0.000000 0.000000 0.000003 7.713525 0.143753 19.190975 3.713525 1.909600 4229.dat
9 0 0.000000 0.000000 1.000000 0.000000 1.000000 0.000000 -1.000000 0.000000 0.000000 0.000053 15.953250 0.000003 39.750000 3.026400 6.620500 4229.dat
9 0 0.000000 0.000000 1.000000 0.707107 0.707107 -0.000000 -0.707107 0.707107 0.000000 -6.750522 18.749451 0.000005 39.750000 3.026400 6.620500 4229.dat
9 0 0.000000 0.000000 1.000000 1.000000 -0.000000 -0.000000 0.000000 1.000000 -0.000000 -9.546721 25.500000 0.000006 39.750000 3.026400 6.620500 4229.dat
9 0 0.000000 0.000000 1.000000 0.707107 -0.707107 -0.000000 0.707107 0.707107 -0.000000 -6.750522 32.250500 0.000005 39.750000 3.026400 6.620500 4229.dat
9 0 0.000000 0.000000 1.000000 0.000000 -1.000000 -0.000000 1.000000 0.000000 -0.000000 0.000053 35.046749 0.000003 39.750000 3.026400 6.620500 4229.dat
9 0 0.000000 0.000000 1.000000 -0.707107 -0.707107 0.000000 0.707107 -0.707107 -0.000000 6.750628 32.250500 0.000001 39.750000 3.026400 6.620500 4229.dat
9 0 0.000000 0.000000 1.000000 -1.000000 -0.000000 0.000000 0.000000 -1.000000 -0.000000 9.546803 25.500000 0.000000 39.750000 3.026400 6.620500 4229.dat
9 0 0.000000 0.000000 1.000000 -0.707107 0.707107 0.000000 -0.707107 -0.707107 0.000000 6.750628 18.749451 0.000001 39.750000 3.026400 6.620500 4229.dat
9 0 0.000000 0.000000 1.000000 1.000000 -0.000000 -0.000000 0.000000 1.000000 -0.000000 -8.410709 25.500000 -38.749992 1.000000 4.162425 6.620500 4229.dat
9 0 0.000000 0.000000 1.000000 -1.000000 -0.000000 0.000000 0.000000 -1.000000 -0.000000 8.410791 25.500000 -38.750000 1.000000 4.162425 6.620500 4229.dat
10 0 -34.450001 -39.322998 -30.000002 50.000000 4.450000 10.000000 4229.dat
3 23 0.000000 0.000000 1.000000 0.000000 1.000000 0.000000 -1.000000 0.000000 0.000000 -20.000004 0.000000 -19.999990 4 4 18:1:1,23:4:1,18:2:1,23:4:1,18:1:1,23:4:1,1:4:1,23:4:1,1:4:1,23:4:1,18:2:1,23:4:1,18:4:1,23:4:1,18:2:1,23:4:1,1:4:1,23:4:1,1:4:1,23:4:1,18:1:1,23:4:1,18:2:1,23:4:1,18:1:1, 4229.dat
3 23 -0.000000 -1.000000 -0.000000 0.000000 -0.000000 1.000000 -1.000000 0.000000 0.000000 -10.000010 35.500000 -39.999996 2 2 29:0:0,29:0:0,29:0:0,29:0:0,1:4:36,29:0:0,29:0:0,29:0:0,29:0:0, 4229.dat
0 4 -0.000000 1.000000 0.000000 0.000000 0.000000 1.000000 1.000000 0.000000 -0.000000 -0.000002 25.500000 -17.499998 0 0 0.800000 0 0 4229.dat
2 22 -0.000000 -1.000000 -0.000000 0.000000 -0.000000 1.000000 -1.000000 0.000000 0.000000 -9.999933 35.500000 40.000008 2 2 29:0:0,29:0:0,29:0:0,29:0:0,15:4:32,29:0:0,29:0:0,29:0:0,29:0:0, 4229.dat
