9 0 -1.000000 0.000000 -0.000000 0.000000 1.000000 0.000000 0.000000 0.000000 -1.000000 -0.000007 -10.429925 22.217201 8.074050 2.533750 7.100425 42409.dat
9 0 -1.000000 0.000000 -0.000000 0.000000 1.000000 0.000000 0.000000 0.000000 -1.000000 0.001893 -10.628325 22.937574 2.454550 2.331550 16.562574 42409.dat
9 0 -1.000000 0.000000 -0.000000 0.000000 1.000000 0.000000 0.000000 0.000000 -1.000000 -0.000002 -7.989575 6.514900 3.736475 7.739575 0.139900 42409.dat
9 0 -0.500000 0.000000 -0.866026 0.000000 1.000000 0.000000 0.866026 0.000000 -0.500000 -19.240654 -10.429925 11.108594 8.074050 2.533750 7.100425 42409.dat
9 0 -0.500000 0.000000 -0.866026 0.000000 1.000000 0.000000 0.866026 0.000000 -0.500000 -19.863581 -10.628325 11.470443 2.454550 2.331550 16.562574 42409.dat
9 0 -0.500000 0.000000 -0.866026 0.000000 1.000000 0.000000 0.866026 0.000000 -0.500000 -5.642076 -7.989575 3.257448 3.736475 7.739575 0.139900 42409.dat
9 0 1.000000 0.000000 0.000000 0.000000 1.000000 0.000000 -0.000000 0.000000 1.000000 0.000002 -7.989575 -6.514900 3.736475 7.739575 0.139900 42409.dat
9 0 1.000000 0.000000 0.000000 0.000000 1.000000 0.000000 -0.000000 0.000000 1.000000 -0.001893 -10.628325 -22.937574 2.454550 2.331550 16.562574 42409.dat
9 0 1.000000 0.000000 0.000000 0.000000 1.000000 0.000000 -0.000000 0.000000 1.000000 0.000007 -10.429925 -22.217201 8.074050 2.533750 7.100425 42409.dat
9 0 0.500000 0.000000 -0.866025 0.000000 1.000000 0.000000 0.866025 0.000000 0.500000 -5.642074 -7.989575 -3.257452 3.736475 7.739575 0.139900 42409.dat
9 0 0.500000 0.000000 -0.866025 0.000000 1.000000 0.000000 0.866025 0.000000 0.500000 -19.865496 -10.628325 -11.467156 2.454550 2.331550 16.562574 42409.dat
9 0 0.500000 0.000000 -0.866025 0.000000 1.000000 0.000000 0.866025 0.000000 0.500000 -19.240648 -10.429925 -11.108606 8.074050 2.533750 7.100425 42409.dat
9 0 -0.500000 0.000000 0.866025 0.000000 1.000000 0.000000 -0.866025 0.000000 -0.500000 5.642074 -7.989575 3.257452 3.736475 7.739575 0.139900 42409.dat
9 0 -0.500000 0.000000 0.866025 0.000000 1.000000 0.000000 -0.866025 0.000000 -0.500000 19.865496 -10.628325 11.467156 2.454550 2.331550 16.562574 42409.dat
9 0 -0.500000 0.000000 0.866025 0.000000 1.000000 0.000000 -0.866025 0.000000 -0.500000 19.240648 -10.429925 11.108606 8.074050 2.533750 7.100425 42409.dat
9 0 0.500000 0.000000 0.866026 0.000000 1.000000 0.000000 -0.866026 0.000000 0.500000 5.642076 -7.989575 -3.257448 3.736475 7.739575 0.139900 42409.dat
9 0 0.500000 0.000000 0.866026 0.000000 1.000000 0.000000 -0.866026 0.000000 0.500000 19.863581 -10.628325 -11.470443 2.454550 2.331550 16.562574 42409.dat
9 0 0.500000 0.000000 0.866026 0.000000 1.000000 0.000000 -0.866026 0.000000 0.500000 19.240654 -10.429925 -11.108594 8.074050 2.533750 7.100425 42409.dat
10 0 -36.404499 0.000000 -39.750252 36.404499 20.442425 39.750252 42409.dat
3 23 -1.000000 0.000000 -0.000000 0.000000 1.000000 0.000000 0.000000 0.000000 -1.000000 10.000003 -16.000000 -9.999997 2 2 29:0:0,29:0:0,29:0:0,29:0:0,1:4:36,29:0:0,29:0:0,29:0:0,29:0:0, 42409.dat
2 22 -1.000000 0.000000 -0.000000 0.000000 1.000000 0.000000 0.000000 0.000000 -1.000000 10.000003 0.000000 -9.999997 2 2 29:0:0,29:0:0,29:0:0,29:0:0,5:4:34,29:0:0,29:0:0,29:0:0,29:0:0, 42409.dat
2 22 -1.000000 0.000000 -0.000000 -0.000000 -0.000000 1.000000 -0.000000 1.000000 0.000000 9.999988 -0.346150 39.750256 2 2 29:0:0,29:0:0,29:0:0,29:0:0,9:4:32,29:0:0,29:0:0,29:0:0,29:0:0, 42409.dat
2 22 -1.000000 0.000000 -0.000000 0.000000 -0.000000 -1.000000 -0.000000 -1.000000 0.000000 10.000012 -20.346149 -39.750248 2 2 29:0:0,29:0:0,29:0:0,29:0:0,9:4:32,29:0:0,29:0:0,29:0:0,29:0:0, 42409.dat
2 22 -0.499999 -0.000000 -0.866026 -0.866026 0.000000 0.499999 0.000000 1.000000 -0.000000 -29.424759 -0.346150 28.535240 2 2 29:0:0,29:0:0,29:0:0,29:0:0,9:4:32,29:0:0,29:0:0,29:0:0,29:0:0, 42409.dat
2 22 -0.499999 0.000000 -0.866026 0.866026 0.000000 -0.499999 0.000000 -1.000000 -0.000000 39.424751 -20.346149 -11.214812 2 2 29:0:0,29:0:0,29:0:0,29:0:0,9:4:32,29:0:0,29:0:0,29:0:0,29:0:0, 42409.dat
2 22 0.500001 -0.000001 -0.866025 -0.866025 0.000001 -0.500001 0.000001 1.000000 -0.000001 -39.424747 -0.346150 -11.214837 2 2 29:0:0,29:0:0,29:0:0,29:0:0,9:4:32,29:0:0,29:0:0,29:0:0,29:0:0, 42409.dat
2 22 0.500001 0.000001 -0.866025 0.866025 0.000001 0.500001 0.000001 -1.000000 -0.000001 29.424742 -20.346149 28.535259 2 2 29:0:0,29:0:0,29:0:0,29:0:0,9:4:32,29:0:0,29:0:0,29:0:0,29:0:0, 42409.dat
0 6 0.000000 0.000000 -1.000000 0.000000 1.000000 0.000000 1.000000 0.000000 0.000000 0.000000 -13.177975 0.000000 0 0 0.290000 0 0 42409.dat
