9 0 0.000000 1.000000 0.000000 -1.000000 0.000000 0.000000 0.000000 0.000000 1.000000 -8.205125 -0.004172 0.000000 4.754175 0.205125 9.750000 4255.dat
9 0 -0.866025 0.500000 0.000000 -0.500000 -0.866025 0.000000 0.000000 0.000000 1.000000 -4.098952 -7.107923 0.000000 4.754175 0.205125 9.750000 4255.dat
9 0 -0.866026 -0.500000 0.000000 0.500000 -0.866026 0.000000 0.000000 0.000000 1.000000 4.106173 -7.103776 0.000000 4.754175 0.205125 9.750000 4255.dat
9 0 -0.000000 -1.000000 0.000000 1.000000 -0.000000 0.000000 0.000000 0.000000 1.000000 8.205125 0.004172 0.000000 4.754175 0.205125 9.750000 4255.dat
9 0 0.866025 -0.500000 0.000000 0.500000 0.866025 0.000000 0.000000 0.000000 1.000000 4.098952 7.107923 0.000000 4.754175 0.205125 9.750000 4255.dat
9 0 0.866026 0.500000 0.000000 -0.500000 0.866026 0.000000 0.000000 0.000000 1.000000 -4.106173 7.103776 0.000000 4.754175 0.205125 9.750000 4255.dat
9 0 -0.000000 -0.000000 1.000000 -1.000000 0.000000 0.000000 -0.000000 -1.000000 -0.000000 -8.137491 28.125004 0.000000 2.878725 0.137500 27.875000 4255.dat
9 0 0.707107 -0.000000 0.707106 -0.707106 0.000000 0.707107 -0.000000 -1.000000 0.000000 -5.754065 31.642502 5.754075 2.878725 0.137500 24.357624 4255.dat
9 0 1.000000 -0.000000 -0.000000 0.000000 -0.000000 1.000000 -0.000000 -1.000000 -0.000000 0.000010 32.000000 8.137500 2.878725 0.137500 24.000000 4255.dat
9 0 0.707107 -0.000001 -0.707106 0.707106 -0.000001 0.707107 -0.000001 -1.000000 -0.000000 5.754085 31.642496 5.754075 2.878725 0.137500 24.357624 4255.dat
9 0 -0.000000 0.000000 -1.000000 1.000000 -0.000000 -0.000000 -0.000000 -1.000000 0.000000 8.137509 28.124996 0.000000 2.878725 0.137500 27.875000 4255.dat
9 0 -0.707107 -0.000000 -0.707106 0.707106 0.000000 -0.707107 0.000000 -1.000000 -0.000000 5.754085 31.642496 -5.754075 2.878725 0.137500 24.357624 4255.dat
9 0 -1.000000 0.000000 -0.000000 0.000000 0.000000 -1.000000 -0.000000 -1.000000 -0.000000 0.000010 32.000000 -8.137501 2.878725 0.137500 24.000000 4255.dat
9 0 -0.707107 0.000000 0.707106 -0.707106 0.000000 -0.707107 -0.000000 -1.000000 0.000000 -5.754065 31.642502 -5.754075 2.878725 0.137500 24.357624 4255.dat
9 0 0.000000 1.000000 0.000000 -1.000000 0.000000 0.000000 0.000000 0.000000 1.000000 -7.000000 0.622277 0.000000 4.997275 0.500000 7.750000 4255.dat
9 0 0.000000 1.000000 0.000000 -1.000000 0.000000 0.000000 0.000000 0.000000 1.000000 7.000000 0.622273 0.000000 4.997275 0.500000 7.750000 4255.dat
10 0 -10.000000 -10.000000 -20.000000 56.250000 10.000000 0.000000 4255.dat
0 2 0.000000 1.000000 0.000000 0.000000 -0.000000 -1.000000 -1.000000 0.000000 -0.000000 0.000000 0.000000 -10.000000 0 0 0.800000 0 0 4255.dat
8 18 1.000000 -0.000000 0.000000 -0.000000 -1.000000 0.000000 0.000000 -0.000000 -1.000000 0.000003 10.000000 0.000000 1 1 1.100000 0 4255.dat
