9 0 0.735694 -0.677314 0.000000 0.677314 0.735694 0.000000 0.000000 0.000000 1.000000 120.944252 -32.041000 50.000000 0.570150 36.851749 39.750000 42602.dat
9 0 0.994353 0.106119 0.000000 -0.106119 0.994353 0.000000 0.000000 0.000000 1.000000 1.988875 -93.227753 50.000000 11.701550 0.997025 39.750000 42602.dat
9 0 0.378370 -0.925654 0.000000 0.925654 0.378370 0.000000 0.000000 0.000000 1.000000 54.908001 -75.992752 50.000000 0.883425 43.023251 39.750000 42602.dat
9 0 1.000000 0.000000 0.000000 0.000000 1.000000 0.000000 0.000000 0.000000 1.000000 147.384750 -1.050775 50.000000 0.978325 0.800775 39.750000 42602.dat
9 0 1.000000 0.000000 0.000000 0.000000 1.000000 0.000000 0.000000 0.000000 1.000000 -17.121525 -94.210747 43.625000 6.871525 4.886700 2.125000 42602.dat
9 0 1.000000 0.000000 0.000000 0.000000 1.000000 0.000000 0.000000 0.000000 1.000000 -17.121525 -94.210747 56.375004 6.871525 4.886700 2.125000 42602.dat
9 0 1.000000 0.000000 0.000000 0.000000 1.000000 0.000000 0.000000 0.000000 1.000000 30.000002 -9.104976 108.124992 39.750000 8.854975 1.625000 42602.dat
9 0 0.250803 -0.071904 0.965364 0.018081 0.997411 0.069593 -0.967869 0.000001 0.251454 135.811752 -2.294275 91.382248 1.345000 1.899350 10.911750 42602.dat
9 0 0.252137 0.000000 0.967692 0.000000 1.000000 0.000000 -0.967692 0.000000 0.252137 109.513496 -2.389700 97.975502 1.370100 2.139725 3.165675 42602.dat
9 0 0.252137 0.000000 0.967692 0.000000 1.000000 0.000000 -0.967692 0.000000 0.252137 90.093498 -2.389725 102.918007 1.418525 2.139725 3.798425 42602.dat
9 0 0.252137 0.000000 0.967692 0.000000 1.000000 0.000000 -0.967692 0.000000 0.252137 72.941750 -2.389725 107.216003 1.395250 2.139725 3.298625 42602.dat
9 0 0.248487 -0.169517 0.953687 0.042742 0.985527 0.164040 -0.967692 0.000000 0.252137 94.229500 -18.666250 99.435005 1.324450 13.013625 27.263502 42602.dat
9 0 1.000000 0.000000 0.000000 0.000000 1.000000 0.000000 0.000000 0.000000 1.000000 -3.970100 -37.543499 108.124992 5.779900 37.293499 1.625000 42602.dat
9 0 0.701474 -0.712695 0.000000 0.712695 0.701474 0.000000 0.000000 0.000000 1.000000 23.408600 -33.416752 108.124992 26.046499 19.866476 1.625000 42602.dat
9 0 0.297688 -0.311910 0.902272 0.656479 0.753075 0.043740 -0.693121 0.579302 0.428944 61.812000 -49.323250 100.889252 0.702225 23.757401 14.246075 42602.dat
9 0 0.990220 0.106427 -0.090208 -0.013711 0.717695 0.696222 0.138839 -0.688176 0.712136 5.746725 -83.095001 97.661003 15.174026 13.701600 0.899875 42602.dat
9 0 0.817148 0.566961 0.104045 -0.498414 0.604273 0.621642 0.289575 -0.559830 0.776361 34.717251 -72.530754 99.001495 15.985650 11.844524 0.693250 42602.dat
9 0 0.955991 0.293388 -0.002164 -0.249722 0.817536 0.518916 0.154013 -0.495538 0.854823 42.380749 -78.345749 93.283997 21.567425 7.969325 0.500000 42602.dat
9 0 0.806053 0.591727 -0.011754 -0.537948 0.740787 0.402302 0.246760 -0.317954 0.915431 83.740501 -51.353252 93.467751 30.928501 11.937250 0.899875 42602.dat
9 0 0.264365 -0.179425 0.947585 -0.657653 0.685124 0.313205 -0.705410 -0.705983 0.063124 123.042747 -19.643951 91.254250 1.213975 7.863575 18.518400 42602.dat
9 0 1.000000 0.000000 0.000000 0.000000 1.000000 0.000000 0.000000 0.000000 1.000000 -7.500000 -90.753250 50.000000 2.250000 2.553300 39.750000 42602.dat
9 0 0.334972 -0.942228 0.000000 0.942228 0.334972 0.000000 0.000000 0.000000 1.000000 8.713375 -53.747749 108.124992 17.627674 13.167225 1.625000 42602.dat
9 0 0.886372 -0.462973 0.000000 0.462973 0.886372 0.000000 0.000000 0.000000 1.000000 41.492001 -25.559750 108.124992 17.627674 17.590025 1.625000 42602.dat
9 0 1.000000 0.000000 0.000000 0.000000 1.000000 0.000000 0.000000 0.000000 1.000000 30.000002 -9.104976 -8.125025 39.750000 8.854975 1.625000 42602.dat
9 0 0.250803 -0.071904 -0.965364 0.018081 0.997411 -0.069593 0.967869 -0.000001 0.251454 135.811752 -2.294275 8.617826 1.345000 1.899350 10.911750 42602.dat
9 0 0.252137 0.000000 -0.967692 0.000000 1.000000 0.000000 0.967692 0.000000 0.252137 109.513496 -2.389700 2.024525 1.370100 2.139725 3.165675 42602.dat
9 0 0.252137 0.000000 -0.967692 0.000000 1.000000 0.000000 0.967692 0.000000 0.252137 90.093498 -2.389725 -2.917925 1.418525 2.139725 3.798425 42602.dat
9 0 0.252137 0.000000 -0.967692 0.000000 1.000000 0.000000 0.967692 0.000000 0.252137 72.941750 -2.389725 -7.215975 1.395250 2.139725 3.298625 42602.dat
9 0 0.248487 -0.169517 -0.953687 0.042742 0.985527 -0.164040 0.967692 -0.000000 0.252137 94.229500 -18.666250 0.565000 1.324450 13.013625 27.263502 42602.dat
9 0 1.000000 0.000000 0.000000 0.000000 1.000000 0.000000 0.000000 0.000000 1.000000 -3.970100 -37.543499 -8.125025 5.779900 37.293499 1.625000 42602.dat
9 0 0.701474 -0.712695 0.000000 0.712695 0.701474 0.000000 0.000000 0.000000 1.000000 23.408600 -33.416752 -8.125025 26.046499 19.866476 1.625000 42602.dat
9 0 0.297688 -0.311910 -0.902272 0.656479 0.753075 -0.043740 0.693121 -0.579302 0.428944 61.812000 -49.323250 -0.889200 0.702225 23.757401 14.246075 42602.dat
9 0 0.990220 0.106427 0.090208 -0.013711 0.717695 -0.696222 -0.138839 0.688176 0.712136 5.746725 -83.095001 2.338925 15.174026 13.701600 0.899875 42602.dat
9 0 0.817148 0.566961 -0.104045 -0.498414 0.604273 -0.621642 -0.289575 0.559830 0.776361 34.717251 -72.530754 0.998400 15.985650 11.844524 0.693250 42602.dat
9 0 0.955991 0.293388 0.002164 -0.249722 0.817536 -0.518916 -0.154013 0.495538 0.854823 42.380749 -78.345749 6.716050 21.567425 7.969325 0.500000 42602.dat
9 0 0.806053 0.591727 0.011754 -0.537948 0.740787 -0.402302 -0.246760 0.317954 0.915431 83.740501 -51.353252 6.532250 30.928501 11.937250 0.899875 42602.dat
9 0 0.264365 -0.179425 -0.947585 -0.657653 0.685124 -0.313205 0.705410 0.705983 0.063124 123.042747 -19.643951 8.745625 1.213975 7.863575 18.518400 42602.dat
9 0 0.334972 -0.942228 0.000000 0.942228 0.334972 0.000000 0.000000 0.000000 1.000000 8.713375 -53.747749 -8.125025 17.627674 13.167225 1.625000 42602.dat
9 0 0.886372 -0.462973 0.000000 0.462973 0.886372 0.000000 0.000000 0.000000 1.000000 41.492001 -25.559750 -8.125025 17.627674 17.590025 1.625000 42602.dat
10 0 -28.246000 0.000000 -110.000000 150.000000 100.450005 10.000000 42602.dat
6 2 1.000000 0.000000 0.000000 0.000000 -0.000000 1.000000 0.000000 -1.000000 -0.000000 -22.000000 -94.199997 50.000000 1.570796 -1.570796 1.570796 -1.570796 0 42602.dat
