9 0 1.000000 0.000000 0.000000 0.000000 1.000000 0.000000 0.000000 0.000000 1.000000 0.000000 -9.886475 0.000000 3.373475 3.386475 7.750000 42610.dat
9 0 0.707107 0.707107 0.000000 -0.707107 0.707107 0.000000 0.000000 0.000000 1.000000 6.990800 -6.990800 0.000000 3.373475 3.386475 7.750000 42610.dat
9 0 -0.000000 1.000000 0.000000 -1.000000 -0.000000 0.000000 0.000000 0.000000 1.000000 9.886475 0.000000 0.000000 3.373475 3.386475 7.750000 42610.dat
9 0 -0.707107 0.707107 0.000000 -0.707107 -0.707107 0.000000 0.000000 0.000000 1.000000 6.990800 6.990800 0.000000 3.373475 3.386475 7.750000 42610.dat
9 0 -1.000000 0.000000 0.000000 -0.000000 -1.000000 0.000000 0.000000 0.000000 1.000000 0.000000 9.886475 0.000000 3.373475 3.386475 7.750000 42610.dat
9 0 -0.707107 -0.707107 0.000000 0.707107 -0.707107 0.000000 0.000000 0.000000 1.000000 -6.990800 6.990800 0.000000 3.373475 3.386475 7.750000 42610.dat
9 0 -0.000000 -1.000000 0.000000 1.000000 -0.000000 0.000000 0.000000 0.000000 1.000000 -9.886475 0.000000 0.000000 3.373475 3.386475 7.750000 42610.dat
9 0 0.707107 -0.707107 0.000000 0.707107 0.707107 0.000000 0.000000 0.000000 1.000000 -6.990800 -6.990800 0.000000 3.373475 3.386475 7.750000 42610.dat
9 0 1.000000 0.000000 0.000000 0.000000 1.000000 0.000000 0.000000 0.000000 1.000000 0.000000 -8.295525 0.000000 3.300125 0.209825 9.750000 42610.dat
9 0 0.707107 0.707107 0.000000 -0.707107 0.707107 0.000000 0.000000 0.000000 1.000000 5.865825 -5.865825 0.000000 3.300125 0.209825 9.750000 42610.dat
9 0 -0.000000 1.000000 0.000000 -1.000000 -0.000000 0.000000 0.000000 0.000000 1.000000 8.295525 0.000000 0.000000 3.300125 0.209825 9.750000 42610.dat
9 0 -0.707107 0.707107 0.000000 -0.707107 -0.707107 0.000000 0.000000 0.000000 1.000000 5.865825 5.865825 0.000000 3.300125 0.209825 9.750000 42610.dat
9 0 -1.000000 0.000000 0.000000 -0.000000 -1.000000 0.000000 0.000000 0.000000 1.000000 0.000000 8.295525 0.000000 3.300125 0.209825 9.750000 42610.dat
9 0 -0.707107 -0.707107 0.000000 0.707107 -0.707107 0.000000 0.000000 0.000000 1.000000 -5.865825 5.865825 0.000000 3.300125 0.209825 9.750000 42610.dat
9 0 -0.000000 -1.000000 0.000000 1.000000 -0.000000 0.000000 0.000000 0.000000 1.000000 -8.295525 0.000000 0.000000 3.300125 0.209825 9.750000 42610.dat
9 0 0.707107 -0.707107 0.000000 0.707107 0.707107 0.000000 0.000000 0.000000 1.000000 -5.865825 -5.865825 0.000000 3.300125 0.209825 9.750000 42610.dat
10 0 -14.000000 -14.000000 -20.000000 14.000000 14.000000 0.000000 42610.dat
0 2 1.000000 0.000000 0.000000 0.000000 -0.000000 -1.000000 0.000000 1.000000 -0.000000 0.000000 0.000000 -10.000000 0 0 0.800000 0 0 42610.dat
4 39 1.000000 0.000000 0.000000 0.000000 -0.000000 1.000000 0.000000 -1.000000 -0.000000 0.000000 0.000000 0.000000 1 42610.dat
2 22 1.000000 0.000000 0.000000 0.000000 -0.000000 -1.000000 0.000000 1.000000 -0.000000 -10.000000 10.000000 -10.000000 2 2 22:1:1,22:2:1,22:1:1,22:2:1,16:4:64,22:2:1,22:1:1,22:2:1,22:1:1, 42610.dat
2 22 -1.000000 0.000000 -0.000000 -0.000000 0.000000 1.000000 0.000000 1.000000 0.000000 10.000000 10.000000 10.000000 2 2 22:1:1,22:2:1,22:1:1,22:2:1,16:4:64,22:2:1,22:1:1,22:2:1,22:1:1, 42610.dat
4 39 1.000000 0.000000 0.000000 0.000000 0.000000 -1.000000 0.000000 1.000000 0.000000 0.000000 0.000000 0.000000 1 42610.dat
