9 0 1.000000 0.000000 0.000000 0.000000 -1.000000 0.000000 0.000000 -0.000000 -1.000000 0.000000 -17.162674 10.000002 8.169025 2.912675 7.750000 42611.dat
9 0 0.707107 0.707107 -0.000000 0.707107 -0.707107 0.000000 0.000000 -0.000000 -1.000000 12.135850 -12.135849 10.000001 8.169025 2.912675 7.750000 42611.dat
9 0 -0.000000 1.000000 -0.000000 1.000000 0.000000 -0.000000 0.000000 -0.000000 -1.000000 17.162674 0.000001 10.000000 8.169025 2.912675 7.750000 42611.dat
9 0 -0.707107 0.707107 -0.000000 0.707107 0.707107 -0.000000 0.000000 -0.000000 -1.000000 12.135850 12.135851 9.999999 8.169025 2.912675 7.750000 42611.dat
9 0 -0.000000 -1.000000 0.000000 -1.000000 0.000000 -0.000000 0.000000 -0.000000 -1.000000 -17.162674 0.000001 10.000000 8.169025 2.912675 7.750000 42611.dat
9 0 0.707107 -0.707107 0.000000 -0.707107 -0.707107 0.000000 0.000000 -0.000000 -1.000000 -12.135851 -12.135849 10.000001 8.169025 2.912675 7.750000 42611.dat
9 0 -1.000000 0.000000 -0.000000 0.000000 1.000000 -0.000000 0.000000 -0.000000 -1.000000 0.000000 17.162676 9.999999 8.169025 2.912675 7.750000 42611.dat
9 0 -0.707107 -0.707107 0.000000 -0.707107 0.707107 -0.000000 0.000000 -0.000000 -1.000000 -12.135851 12.135851 9.999999 8.169025 2.912675 7.750000 42611.dat
10 0 -21.879250 -21.879250 -18.000000 21.879250 21.879250 -2.000000 42611.dat
4 38 1.000000 0.000000 0.000000 0.000000 -0.000000 -1.000000 0.000000 1.000000 -0.000000 0.000000 0.000001 10.000000 1 42611.dat
4 38 1.000000 0.000000 0.000000 0.000000 0.000000 1.000000 0.000000 -1.000000 0.000000 0.000000 0.000001 10.000000 1 42611.dat
