9 0 0.000000 -1.000000 0.000000 1.000000 0.000000 0.000000 0.000000 0.000000 1.000000 -35.157249 -0.000011 0.012500 8.899825 1.229825 24.750000 4266.dat
9 0 0.500000 -0.866025 0.000000 0.866025 0.500000 0.000000 0.000000 0.000000 1.000000 -30.447245 -17.578684 0.012500 8.899825 1.229825 24.750000 4266.dat
9 0 0.866026 -0.500000 0.000000 0.500000 0.866026 0.000000 0.000000 0.000000 1.000000 -17.578667 -30.447256 0.012500 8.899825 1.229825 24.750000 4266.dat
9 0 1.000000 0.000000 0.000000 -0.000000 1.000000 0.000000 0.000000 0.000000 1.000000 0.000011 -35.157249 0.012500 8.899825 1.229825 24.750000 4266.dat
9 0 0.866025 0.500000 0.000000 -0.500000 0.866025 0.000000 0.000000 0.000000 1.000000 17.578684 -30.447245 0.012500 8.899825 1.229825 24.750000 4266.dat
9 0 0.500000 0.866026 0.000000 -0.866026 0.500000 0.000000 0.000000 0.000000 1.000000 30.447256 -17.578667 0.012500 8.899825 1.229825 24.750000 4266.dat
9 0 -0.000000 1.000000 0.000000 -1.000000 -0.000000 0.000000 0.000000 0.000000 1.000000 35.157249 0.000011 0.012500 8.899825 1.229825 24.750000 4266.dat
9 0 -0.500000 0.866025 0.000000 -0.866025 -0.500000 0.000000 0.000000 0.000000 1.000000 30.447245 17.578684 0.012500 8.899825 1.229825 24.750000 4266.dat
9 0 -0.866026 0.500000 0.000000 -0.500000 -0.866026 0.000000 0.000000 0.000000 1.000000 17.578667 30.447256 0.012500 8.899825 1.229825 24.750000 4266.dat
9 0 -1.000000 -0.000000 0.000000 0.000000 -1.000000 0.000000 0.000000 0.000000 1.000000 -0.000011 35.157249 0.012500 8.899825 1.229825 24.750000 4266.dat
9 0 -0.866025 -0.500000 0.000000 0.500000 -0.866025 0.000000 0.000000 0.000000 1.000000 -17.578684 30.447245 0.012500 8.899825 1.229825 24.750000 4266.dat
9 0 -0.500000 -0.866026 0.000000 0.866026 -0.500000 0.000000 0.000000 0.000000 1.000000 -30.447256 17.578667 0.012500 8.899825 1.229825 24.750000 4266.dat
9 0 0.000000 -1.000000 0.000000 1.000000 0.000000 0.000000 0.000000 0.000000 1.000000 -7.072950 -0.000002 -1.243750 3.069125 0.690125 6.006250 4266.dat
9 0 0.000000 -1.000000 0.000000 1.000000 0.000000 0.000000 0.000000 0.000000 1.000000 7.072950 0.000002 -1.243750 3.069125 0.690125 6.006250 4266.dat
9 0 0.000000 -1.000000 0.000000 1.000000 0.000000 0.000000 0.000000 0.000000 1.000000 4.184026 -3.620148 -1.243750 1.119800 1.683675 6.006250 4266.dat
9 0 -1.000000 -0.000000 0.000000 0.000000 -1.000000 0.000000 0.000000 0.000000 1.000000 -3.620148 -4.184026 -1.243750 1.119800 1.683675 6.006250 4266.dat
9 0 -0.000000 1.000000 0.000000 -1.000000 -0.000000 0.000000 0.000000 0.000000 1.000000 -4.184026 3.620148 -1.243750 1.119800 1.683675 6.006250 4266.dat
9 0 1.000000 0.000000 0.000000 -0.000000 1.000000 0.000000 0.000000 0.000000 1.000000 3.620148 4.184026 -1.243750 1.119800 1.683675 6.006250 4266.dat
9 0 -1.000000 -0.000000 0.000000 0.000000 -1.000000 0.000000 0.000000 0.000000 1.000000 0.003520 16.491575 -5.087500 1.246475 5.991575 9.837500 4266.dat
9 0 1.000000 0.000000 0.000000 -0.000000 1.000000 0.000000 0.000000 0.000000 1.000000 -0.003520 -16.491575 -5.087500 1.246475 5.991575 9.837500 4266.dat
9 0 -1.000000 -0.000000 0.000000 0.000000 -1.000000 0.000000 0.000000 0.000000 1.000000 -0.000003 10.116899 -15.143750 22.765675 0.607925 7.406250 4266.dat
9 0 -1.000000 -0.000000 0.000000 0.000000 -1.000000 0.000000 0.000000 0.000000 1.000000 -0.000008 24.537575 -15.143750 17.124399 0.607925 7.406250 4266.dat
9 0 -0.500000 0.866025 0.000000 -0.866025 -0.500000 0.000000 0.000000 0.000000 1.000000 8.761474 5.058453 -15.143750 22.765675 0.607925 7.406250 4266.dat
9 0 -0.500000 0.866025 0.000000 -0.866025 -0.500000 0.000000 0.000000 0.000000 1.000000 21.250170 12.268807 -15.143750 17.124399 0.607925 7.406250 4266.dat
9 0 -0.500000 -0.866026 0.000000 0.866026 -0.500000 0.000000 0.000000 0.000000 1.000000 -8.761477 5.058447 -15.143750 22.765675 0.607925 7.406250 4266.dat
9 0 -0.500000 -0.866026 0.000000 0.866026 -0.500000 0.000000 0.000000 0.000000 1.000000 -21.250179 12.268793 -15.143750 17.124399 0.607925 7.406250 4266.dat
9 0 1.000000 0.000000 0.000000 -0.000000 1.000000 0.000000 0.000000 0.000000 1.000000 0.000003 -10.116899 -15.143750 22.765675 0.607925 7.406250 4266.dat
9 0 1.000000 0.000000 0.000000 -0.000000 1.000000 0.000000 0.000000 0.000000 1.000000 0.000008 -24.537575 -15.143750 17.124399 0.607925 7.406250 4266.dat
9 0 0.500000 -0.866025 0.000000 0.866025 0.500000 0.000000 0.000000 0.000000 1.000000 -8.761474 -5.058453 -15.143750 22.765675 0.607925 7.406250 4266.dat
9 0 0.500000 -0.866025 0.000000 0.866025 0.500000 0.000000 0.000000 0.000000 1.000000 -21.250170 -12.268807 -15.143750 17.124399 0.607925 7.406250 4266.dat
9 0 0.500000 0.866026 0.000000 -0.866026 0.500000 0.000000 0.000000 0.000000 1.000000 8.761477 -5.058447 -15.143750 22.765675 0.607925 7.406250 4266.dat
9 0 0.500000 0.866026 0.000000 -0.866026 0.500000 0.000000 0.000000 0.000000 1.000000 21.250179 -12.268793 -15.143750 17.124399 0.607925 7.406250 4266.dat
9 0 0.500000 -0.866025 0.000000 0.866025 0.500000 0.000000 0.000000 0.000000 1.000000 -14.283897 -8.242755 -5.087500 1.246475 5.991575 9.837500 4266.dat
9 0 -0.500000 -0.866026 0.000000 0.866026 -0.500000 0.000000 0.000000 0.000000 1.000000 -14.280377 8.248845 -5.087500 1.246475 5.991575 9.837500 4266.dat
9 0 -0.500000 0.866025 0.000000 -0.866025 -0.500000 0.000000 0.000000 0.000000 1.000000 14.283897 8.242755 -5.087500 1.246475 5.991575 9.837500 4266.dat
9 0 0.500000 0.866026 0.000000 -0.866026 0.500000 0.000000 0.000000 0.000000 1.000000 14.280377 -8.248845 -5.087500 1.246475 5.991575 9.837500 4266.dat
10 0 -38.000000 -37.423752 -32.512501 38.000000 37.423752 17.487501 4266.dat
0 4 0.000000 -1.000000 0.000000 -0.000000 -0.000000 -1.000000 1.000000 0.000000 -0.000000 0.000000 0.000000 -7.500000 0 0 0.500500 0 0 4266.dat
0 2 0.000000 -1.000000 0.000000 -0.000000 -0.000000 -1.000000 1.000000 0.000000 -0.000000 20.000000 0.000006 -24.799999 0 0 0.800000 0 0 4266.dat
0 2 0.000000 -1.000000 0.000000 -0.000000 -0.000000 -1.000000 1.000000 0.000000 -0.000000 10.000006 -17.320498 -24.799999 0 0 0.800000 0 0 4266.dat
0 2 0.000000 -1.000000 0.000000 -0.000000 -0.000000 -1.000000 1.000000 0.000000 -0.000000 -9.999995 -17.320503 -24.799999 0 0 0.800000 0 0 4266.dat
0 2 0.000000 -1.000000 0.000000 -0.000000 -0.000000 -1.000000 1.000000 0.000000 -0.000000 -20.000000 -0.000006 -24.799999 0 0 0.800000 0 0 4266.dat
0 2 0.000000 -1.000000 0.000000 -0.000000 -0.000000 -1.000000 1.000000 0.000000 -0.000000 -10.000006 17.320498 -24.799999 0 0 0.800000 0 0 4266.dat
0 2 0.000000 -1.000000 0.000000 -0.000000 -0.000000 -1.000000 1.000000 0.000000 -0.000000 9.999995 17.320503 -24.799999 0 0 0.800000 0 0 4266.dat
4 47 0.000000 -1.000000 0.000000 -0.000000 -0.000000 1.000000 -1.000000 -0.000000 -0.000000 0.000000 0.000000 0.000000 1 4266.dat
4 47 0.000000 -1.000000 0.000000 0.000000 0.000000 -1.000000 1.000000 0.000000 0.000000 0.000000 0.000000 0.000000 1 4266.dat
