9 0 -1.000000 0.000000 0.000000 -0.000000 0.000000 -1.000000 -0.000000 -1.000000 0.000000 -21.875002 46.124996 19.228401 1.625000 10.521600 1.625000 4284.dat
9 0 -1.000000 0.000000 0.000000 -0.000000 0.000000 -1.000000 -0.000000 -1.000000 0.000000 21.875000 46.124996 19.228401 1.625000 10.521600 1.625000 4284.dat
9 0 -1.000000 -0.000000 -0.000000 0.000000 0.000000 -1.000000 0.000000 -1.000000 0.000000 -30.000002 1.874998 20.000000 9.750000 9.750000 1.625000 4284.dat
9 0 -1.000000 0.000000 0.000000 -0.000000 0.000000 -1.000000 -0.000000 -1.000000 0.000000 38.124996 24.000000 19.228401 1.625000 10.521600 23.750000 4284.dat
9 0 -1.000000 -0.000000 -0.000000 0.000000 0.000000 -1.000000 0.000000 -1.000000 0.000000 0.000000 0.999999 2.983275 39.750000 6.766700 0.750000 4284.dat
9 0 -1.000000 0.000000 0.000000 -0.000000 0.000000 -1.000000 -0.000000 -1.000000 0.000000 30.000002 1.874998 20.000000 9.750000 9.750000 1.625000 4284.dat
9 0 -1.000000 -0.000000 -0.000000 0.000000 0.000000 -1.000000 0.000000 -1.000000 0.000000 -38.125004 24.000000 19.228401 1.625000 10.521600 23.750000 4284.dat
9 0 -1.000000 0.000000 0.000000 -0.000000 -0.928161 -0.372178 -0.000000 -0.372178 0.928161 0.000000 24.149324 -0.037225 33.819000 24.016100 0.753575 4284.dat
9 0 -0.801456 0.242276 -0.546782 0.597539 0.286486 -0.748915 -0.024799 -0.926946 -0.374375 -34.922302 24.123949 4.165426 1.625050 3.349300 23.828100 4284.dat
9 0 0.801456 0.242275 -0.546782 -0.597539 0.286483 -0.748916 -0.024800 0.926947 0.374372 34.926750 23.955948 4.097549 1.625025 3.349375 23.543724 4284.dat
9 0 -0.000000 -0.000002 -1.000000 1.000000 -0.000000 -0.000000 -0.000000 -1.000000 0.000001 30.000002 46.124996 28.125000 1.625000 9.750000 1.625000 4284.dat
9 0 0.000000 0.000000 1.000000 -1.000000 0.000000 0.000000 -0.000000 -1.000000 0.000000 -30.000002 46.124996 28.125000 1.625000 9.750000 1.625000 4284.dat
10 0 -10.000000 0.000000 -10.000000 70.000000 52.450001 30.000002 4284.dat
3 23 1.000000 0.000000 0.000000 0.000000 1.000000 0.000000 0.000000 0.000000 1.000000 -40.000000 0.000000 30.000002 4 8 18:1:1,23:4:1,18:1:1,29:0:1,29:0:1,29:0:1,18:1:1,23:4:1,18:1:1,23:4:1,1:4:0,23:4:1,29:0:1,29:0:1,29:0:1,23:4:1,1:4:0,23:4:1,18:2:1,23:4:1,18:3:1,23:4:1,18:2:1,23:4:1,18:3:1,23:4:1,18:2:1,23:4:1,1:4:0,23:4:1,1:4:1,23:4:1,1:4:1,23:4:1,1:4:0,23:4:1,18:1:1,23:4:1,18:2:1,23:4:1,18:2:1,23:4:1,18:2:1,23:4:1,18:1:1, 4284.dat
2 22 1.000000 0.000000 0.000000 0.000000 1.000000 0.000000 0.000000 0.000000 1.000000 -40.000000 48.000000 30.000002 2 8 22:1:1,22:2:1,22:1:1,29:0:1,29:0:1,29:0:1,22:1:1,22:2:1,22:1:1,22:2:1,15:4:0,22:2:1,29:0:1,29:0:1,29:0:1,22:2:1,15:4:0,22:2:1,22:1:1,22:2:1,22:2:1,22:2:1,22:2:1,22:2:1,22:2:1,22:2:1,22:1:1, 4284.dat
