9 0 1.000000 0.000000 0.000000 0.000000 1.000000 0.000000 0.000000 0.000000 1.000000 0.000000 1.375000 0.000000 19.750000 1.125000 19.750000 4289.dat
9 0 1.000000 0.000000 0.000000 0.000000 1.000000 0.000000 0.000000 0.000000 1.000000 -18.125000 5.375000 0.000000 1.625000 2.375000 19.750000 4289.dat
9 0 1.000000 0.000000 0.000000 0.000000 1.000000 0.000000 0.000000 0.000000 1.000000 18.125000 5.375000 0.000000 1.625000 2.375000 19.750000 4289.dat
9 0 1.000000 0.000000 0.000000 0.000000 1.000000 0.000000 0.000000 0.000000 1.000000 0.000000 5.375000 0.000000 3.500000 2.375000 19.750000 4289.dat
9 0 1.000000 0.000000 0.000000 0.000000 0.993634 -0.112661 0.000000 0.112661 0.993634 -5.125000 -30.816502 5.173675 0.875000 32.313499 6.893100 4289.dat
9 0 -0.000000 -0.207912 -0.978148 0.000000 0.978148 -0.207912 1.000000 -0.000000 -0.000000 0.045975 -31.504000 -1.782975 0.729500 32.702248 5.392275 4289.dat
9 0 0.973880 0.000000 -0.227063 0.000000 1.000000 0.000000 0.227063 0.000000 0.973880 -16.735250 -38.041504 8.975875 10.743425 1.257500 6.793925 4289.dat
9 0 1.000000 0.000000 0.000000 0.000000 1.000000 0.000000 0.000000 0.000000 1.000000 0.000000 -62.875004 15.062502 6.000000 0.875000 0.812500 4289.dat
9 0 -1.000000 -0.000000 -0.000000 0.000000 0.993634 -0.112660 0.000000 -0.112660 -0.993634 5.062200 -30.813253 5.202625 0.875000 32.313499 6.863975 4289.dat
9 0 -0.973880 0.000000 -0.227062 0.000000 1.000000 0.000000 0.227062 0.000000 -0.973880 16.672501 -38.143246 8.975875 10.743425 1.258375 6.793925 4289.dat
10 0 -18.740726 0.000000 -30.000002 38.677998 76.500000 10.000000 4289.dat
2 22 1.000000 0.000000 0.000000 0.000000 1.000000 0.000000 0.000000 0.000000 1.000000 -20.000000 8.000000 20.000002 4 4 22:1:1,29:0:1,22:2:1,29:0:1,22:1:1,22:2:1,15:4:1,22:2:1,15:4:1,22:2:1,22:2:1,15:4:1,22:2:1,15:4:1,22:2:1,22:2:1,15:4:1,22:2:1,15:4:1,22:2:1,22:1:1,22:2:1,22:2:1,22:2:1,22:1:1, 4289.dat
3 23 1.000000 0.000000 0.000000 0.000000 1.000000 0.000000 0.000000 0.000000 1.000000 -30.000002 -39.999996 20.000002 2 2 29:0:0,29:0:0,29:0:0,29:0:0,1:4:34,29:0:0,29:0:0,29:0:0,29:0:0, 4289.dat
3 23 1.000000 0.000000 0.000000 0.000000 1.000000 0.000000 0.000000 0.000000 1.000000 10.000000 -39.999996 20.000002 2 2 29:0:0,29:0:0,29:0:0,29:0:0,1:4:34,29:0:0,29:0:0,29:0:0,29:0:0, 4289.dat
3 23 1.000000 0.000000 0.000000 0.000000 1.000000 0.000000 0.000000 0.000000 1.000000 -10.000000 -64.000008 20.000002 2 2 29:0:0,29:0:0,29:0:0,29:0:0,1:4:36,29:0:0,29:0:0,29:0:0,29:0:0, 4289.dat
0 6 -0.000000 0.000000 1.000000 0.000000 1.000000 0.000000 -1.000000 0.000000 -0.000000 0.000000 -62.000000 10.000000 0 0 0.260000 0 0 4289.dat
