9 0 0.000000 1.000000 0.000000 -0.000000 -0.000000 1.000000 1.000000 -0.000000 0.000000 0.000008 0.000008 -13.179250 3.583250 12.929350 7.209625 43122.dat
9 0 0.000000 1.000000 0.000000 -0.000000 -0.000000 1.000000 1.000000 -0.000000 0.000000 0.012208 0.000008 -14.562501 10.324201 4.562500 27.496252 43122.dat
9 0 0.707107 0.707106 -0.000000 0.000000 0.000000 1.000000 0.707106 -0.707107 0.000000 0.012208 0.000008 -14.562501 10.324201 4.562500 27.496252 43122.dat
9 0 1.000000 0.000000 0.000000 -0.000000 -0.000000 1.000000 -0.000000 -1.000000 -0.000000 0.012208 0.000008 -14.562501 10.324201 4.562500 27.496252 43122.dat
9 0 0.707107 -0.707106 0.000000 -0.000000 -0.000000 1.000000 -0.707106 -0.707107 -0.000001 0.012208 0.000008 -14.562501 10.324201 4.562500 27.496252 43122.dat
9 0 0.866025 0.500001 0.000001 -0.000001 -0.000001 1.000000 0.500001 -0.866025 -0.000001 0.000008 0.000008 -13.179250 3.583250 12.929350 7.209625 43122.dat
9 0 0.866026 -0.500000 0.000000 -0.000000 -0.000000 1.000000 -0.500000 -0.866026 -0.000000 0.000008 0.000008 -13.179250 3.583250 12.929350 7.209625 43122.dat
9 0 -0.000000 1.000000 0.000000 -1.000000 0.000000 -0.000000 -0.000000 -0.000000 1.000000 4.652206 0.005731 -6.853001 2.813750 0.402200 26.603001 43122.dat
9 0 -1.000000 -0.000000 -0.000000 0.000000 -1.000000 -0.000000 -0.000000 -0.000000 1.000000 0.000006 4.657931 -6.853001 2.813750 0.402200 26.603001 43122.dat
9 0 0.000000 -1.000000 -0.000000 1.000000 -0.000000 0.000000 -0.000000 -0.000000 1.000000 -4.652194 0.005731 -6.853001 2.813750 0.402200 26.603001 43122.dat
9 0 1.000000 -0.000000 0.000000 -0.000000 1.000000 0.000000 -0.000000 -0.000000 1.000000 0.000006 -4.646469 -6.853001 2.813750 0.402200 26.603001 43122.dat
9 0 0.707106 0.707108 0.000000 -0.707108 0.707106 0.000000 -0.000000 -0.000000 1.000000 0.000004 0.000004 1.031275 5.060675 5.060675 0.718725 43122.dat
9 0 -0.707106 0.707108 0.000000 -0.707108 -0.707106 -0.000000 -0.000000 -0.000000 1.000000 3.006050 3.006050 18.750002 3.970625 0.137500 1.000000 43122.dat
9 0 0.707106 0.707108 0.000000 -0.707108 0.707106 0.000000 -0.000000 -0.000000 1.000000 3.006050 -3.006050 18.750000 3.970625 0.137500 1.000000 43122.dat
9 0 -0.707106 -0.707108 -0.000000 0.707108 -0.707106 0.000000 -0.000000 -0.000000 1.000000 -3.006050 3.006050 18.750000 3.970625 0.137500 1.000000 43122.dat
9 0 0.707106 -0.707108 0.000000 0.707108 0.707106 0.000000 -0.000000 -0.000000 1.000000 -3.006050 -3.006050 18.749998 3.970625 0.137500 1.000000 43122.dat
10 0 -29.989000 -29.956001 -59.724998 29.989000 29.956001 0.000000 43122.dat
0 19 1.000000 0.000000 0.000000 -0.000000 -0.000000 1.000000 -0.000000 -1.000000 -0.000000 0.000000 0.000000 20.000000 0 1 0.800000 0 0 43122.dat
0 6 1.000000 0.000000 0.000000 -0.000000 -0.000000 1.000000 -0.000000 -1.000000 -0.000000 0.000000 0.000000 20.000000 0 0 0.720000 0 0 43122.dat
