9 0 0.000000 0.000000 1.000000 0.000000 1.000000 0.000000 -1.000000 0.000000 0.000000 -0.001190 67.750000 0.000003 39.750000 4.000000 19.751200 43121.dat
9 0 0.000000 0.000000 1.000000 0.000000 1.000000 0.000000 -1.000000 0.000000 0.000000 -0.001190 1.670003 0.000003 39.750000 1.420000 19.991400 43121.dat
9 0 0.000000 0.000000 1.000000 0.740452 0.672110 -0.000000 -0.672110 0.740452 0.000000 -24.451738 6.286502 4.372260 35.377750 0.850225 7.233400 43121.dat
9 0 0.000000 0.000000 1.000000 0.945030 0.326983 -0.000000 -0.326983 0.945030 0.000000 -32.802982 22.305754 33.575512 6.174425 0.850225 11.170825 43121.dat
9 0 0.000000 0.000000 1.000000 0.945030 0.326983 -0.000000 -0.326983 0.945030 0.000000 -32.802994 22.305754 -0.063986 11.966675 0.850225 11.170825 43121.dat
9 0 -0.242850 0.000000 0.970064 0.916740 0.326982 0.229501 -0.317194 0.945030 -0.079408 -31.081751 22.305754 -32.537113 5.823650 0.850225 11.170825 43121.dat
9 0 0.000000 0.000000 1.000000 0.961950 -0.273227 -0.000000 0.273227 0.961950 -0.000000 -33.682980 41.827755 33.575512 6.174425 0.850225 9.556800 43121.dat
9 0 0.000000 0.000000 1.000000 0.961950 -0.273227 -0.000000 0.273227 0.961950 -0.000000 -33.682995 41.827755 -0.063986 11.966675 0.850225 9.556800 43121.dat
9 0 -0.312470 0.000000 0.949928 0.913782 -0.273227 0.300581 0.259546 0.961949 0.085375 -32.209000 41.993752 -32.861988 5.984975 0.842400 9.556800 43121.dat
9 0 0.000000 0.000000 1.000000 0.765063 -0.643955 -0.000000 0.643955 0.765063 -0.000000 -25.129488 57.837276 4.369512 35.380501 0.850225 9.015175 43121.dat
9 0 0.000000 0.000000 1.000000 -0.765063 -0.643955 0.000000 0.643955 -0.765063 -0.000000 25.127035 57.837276 4.369494 35.380501 0.850225 9.015175 43121.dat
9 0 0.000000 0.000000 1.000000 -0.740452 0.672110 0.000000 -0.672110 -0.740452 0.000000 24.449434 6.286502 4.372242 35.377750 0.850225 7.233400 43121.dat
9 0 0.000000 0.000000 1.000000 -0.945030 0.326983 0.000000 -0.326983 -0.945030 0.000000 32.800720 22.305754 33.575493 6.174425 0.850225 11.170825 43121.dat
9 0 0.000000 0.000000 1.000000 -0.945030 0.326983 0.000000 -0.326983 -0.945030 0.000000 32.800709 22.305754 0.059491 11.481300 0.850225 11.170825 43121.dat
9 0 0.242851 0.000000 0.970064 -0.916740 0.326982 0.229501 -0.317194 -0.945030 0.079408 31.078375 22.305754 -32.541332 5.819325 0.850225 11.170825 43121.dat
9 0 0.000000 0.000000 1.000000 -0.961950 -0.273227 0.000000 0.273227 -0.961950 -0.000000 33.680645 41.827755 33.575493 6.174425 0.850225 9.556800 43121.dat
9 0 0.000000 0.000000 1.000000 -0.961950 -0.273227 0.000000 0.273227 -0.961950 -0.000000 33.680634 41.827755 0.059491 11.481300 0.850225 9.556800 43121.dat
9 0 0.312471 0.000000 0.949927 -0.913782 -0.273227 0.300581 0.259546 -0.961949 -0.085375 32.252701 42.016003 -32.971233 6.074300 0.568525 9.556800 43121.dat
9 0 0.000000 0.000000 1.000000 0.000000 1.000000 0.000000 -1.000000 0.000000 0.000000 -0.001184 58.237625 20.000004 39.750000 1.177950 6.024525 43121.dat
9 0 0.000000 0.000000 1.000000 -0.500000 0.866025 0.000000 -0.866025 -0.500000 0.000000 -12.356110 54.899353 20.000004 39.750000 1.205725 6.024525 43121.dat
9 0 0.000000 0.000000 1.000000 0.866025 0.500000 -0.000000 -0.500000 0.866025 0.000000 20.960215 46.484253 19.999996 39.750000 1.270375 5.260625 43121.dat
9 0 0.000000 0.000000 1.000000 1.000000 -0.000000 -0.000000 0.000000 1.000000 -0.000000 24.718699 33.500004 43.984489 15.765400 1.195675 6.024525 43121.dat
9 0 0.000000 0.000000 1.000000 0.866025 -0.500000 -0.000000 0.500000 0.866025 -0.000000 21.158916 20.926756 19.999996 39.750000 1.303700 5.715825 43121.dat
9 0 0.000000 0.000000 1.000000 0.500000 -0.866025 -0.000000 0.866025 0.500000 -0.000000 12.328241 12.144751 19.999998 39.750000 1.256600 6.024525 43121.dat
9 0 0.000000 0.000000 1.000000 0.000000 -1.000000 -0.000000 1.000000 0.000000 -0.000000 -0.001235 8.822500 20.000004 39.750000 1.237950 6.024525 43121.dat
9 0 0.000000 0.000000 1.000000 -0.500000 -0.866025 0.000000 0.866025 -0.500000 -0.000000 -12.330709 12.144751 20.000004 39.750000 1.256600 6.024525 43121.dat
9 0 0.000000 0.000000 1.000000 -0.866025 -0.500000 0.000000 0.500000 -0.866025 -0.000000 -20.994736 20.638000 20.000011 39.750000 1.303725 5.382450 43121.dat
9 0 0.000000 0.000000 1.000000 -1.000000 -0.000000 0.000000 0.000000 -1.000000 -0.000000 -24.720976 33.500004 43.932510 15.817350 1.195700 6.024525 43121.dat
9 0 0.000000 0.000000 1.000000 -0.866025 0.500000 0.000000 -0.500000 -0.866025 0.000000 -21.237486 46.008003 20.000011 39.750000 1.270400 5.810525 43121.dat
9 0 0.000000 0.000000 1.000000 -1.000000 -0.000000 0.000000 0.000000 -1.000000 -0.000000 -0.001219 49.662704 -9.999998 9.750000 1.625000 6.112675 43121.dat
9 0 0.000000 0.000000 1.000000 -1.000000 -0.000000 0.000000 0.000000 -1.000000 -0.000000 -0.001219 17.453003 -9.999998 9.750000 1.625000 6.112675 43121.dat
9 0 0.000000 0.000000 1.000000 0.500000 0.866025 -0.000000 -0.866025 0.500000 0.000000 12.353716 54.899353 19.999998 39.750000 1.205725 6.024525 43121.dat
9 0 0.000000 0.000000 1.000000 0.945030 0.326983 -0.000000 -0.326983 0.945030 0.000000 -31.261993 17.851751 0.580260 26.320999 0.850225 6.457750 43121.dat
9 0 0.000000 0.000000 1.000000 0.961950 -0.273227 -0.000000 0.273227 0.961950 -0.000000 -32.527493 45.896252 0.580260 26.320999 0.850225 5.327450 43121.dat
9 0 -0.000000 0.000000 -1.000000 -0.945030 0.326982 0.000000 0.326982 0.945030 -0.000000 31.259584 17.851751 0.580242 26.320999 0.850225 6.457750 43121.dat
9 0 -0.000000 0.000000 -1.000000 -0.961949 -0.273228 0.000000 -0.273228 0.961949 0.000000 32.525009 45.896252 0.580242 26.320999 0.850225 5.327450 43121.dat
9 0 -1.000000 0.000001 0.000001 -0.000001 -0.500000 -0.866025 -0.000000 -0.866025 0.500001 -31.003485 37.579502 27.075762 8.750000 0.137500 2.238000 43121.dat
9 0 -1.000000 0.000000 0.000000 -0.000000 0.500000 -0.866026 -0.000000 -0.866026 -0.500000 -31.003485 29.412001 27.070761 8.750000 0.137500 2.238000 43121.dat
9 0 -1.000000 0.000000 0.000000 0.000000 1.000000 0.000000 -0.000000 0.000000 -1.000000 -31.003487 25.332502 19.995260 8.750000 0.137500 2.238000 43121.dat
9 0 -1.000000 -0.000000 0.000000 0.000000 0.500000 0.866026 -0.000000 0.866026 -0.500000 -31.003487 29.420504 12.924260 8.750000 0.137500 2.238000 43121.dat
9 0 -1.000000 -0.000001 0.000001 0.000001 -0.500000 0.866025 -0.000000 0.866025 0.500001 -31.003487 37.588005 12.929260 8.750000 0.137500 2.238000 43121.dat
9 0 -1.000000 -0.000000 0.000000 0.000000 -1.000000 0.000000 0.000000 0.000000 1.000000 -31.003487 41.667503 20.004761 8.750000 0.137500 2.238000 43121.dat
9 0 -1.000000 0.000001 0.000001 -0.000001 -0.500000 -0.866025 -0.000000 -0.866025 0.500001 30.998817 37.579502 27.075745 8.750000 0.137500 2.238000 43121.dat
9 0 -1.000000 0.000000 0.000000 -0.000000 0.500000 -0.866026 -0.000000 -0.866026 -0.500000 30.998817 29.412001 27.070744 8.750000 0.137500 2.238000 43121.dat
9 0 -1.000000 0.000000 0.000000 0.000000 1.000000 0.000000 -0.000000 0.000000 -1.000000 30.998817 25.332502 19.995243 8.750000 0.137500 2.238000 43121.dat
9 0 -1.000000 -0.000000 0.000000 0.000000 0.500000 0.866026 -0.000000 0.866026 -0.500000 30.998814 29.420504 12.924242 8.750000 0.137500 2.238000 43121.dat
9 0 -1.000000 -0.000001 0.000001 0.000001 -0.500000 0.866025 -0.000000 0.866025 0.500001 30.998814 37.588005 12.929243 8.750000 0.137500 2.238000 43121.dat
9 0 -1.000000 -0.000000 0.000000 0.000000 -1.000000 0.000000 0.000000 0.000000 1.000000 30.998817 41.667503 20.004744 8.750000 0.137500 2.238000 43121.dat
9 0 -1.000000 0.000001 0.000001 -0.000001 -0.500000 -0.866025 -0.000000 -0.866025 0.500001 30.998806 37.579502 -12.924332 8.750000 0.137500 2.238000 43121.dat
9 0 -1.000000 0.000000 0.000000 -0.000000 0.500000 -0.866026 -0.000000 -0.866026 -0.500000 30.998806 29.412001 -12.929156 8.750000 0.137500 2.238000 43121.dat
9 0 -1.000000 0.000000 0.000000 0.000000 1.000000 0.000000 -0.000000 0.000000 -1.000000 30.998802 25.332502 -20.004808 8.750000 0.137500 2.238000 43121.dat
9 0 -1.000000 -0.000000 0.000000 0.000000 0.500000 0.866026 -0.000000 0.866026 -0.500000 30.998802 29.420504 -27.075684 8.750000 0.137500 2.238000 43121.dat
9 0 -1.000000 -0.000001 0.000001 0.000001 -0.500000 0.866025 -0.000000 0.866025 0.500001 30.998802 37.588005 -27.070860 8.750000 0.137500 2.238000 43121.dat
9 0 -1.000000 -0.000000 0.000000 0.000000 -1.000000 0.000000 0.000000 0.000000 1.000000 30.998802 41.667503 -19.995209 8.750000 0.137500 2.238000 43121.dat
9 0 -1.000000 0.000001 0.000001 -0.000001 -0.500000 -0.866025 -0.000000 -0.866025 0.500001 -31.003496 37.579502 -12.924312 8.750000 0.137500 2.238000 43121.dat
9 0 -1.000000 0.000000 0.000000 -0.000000 0.500000 -0.866026 -0.000000 -0.866026 -0.500000 -31.003496 29.412001 -12.929137 8.750000 0.137500 2.238000 43121.dat
9 0 -1.000000 0.000000 0.000000 0.000000 1.000000 0.000000 -0.000000 0.000000 -1.000000 -31.003498 25.332502 -20.004787 8.750000 0.137500 2.238000 43121.dat
9 0 -1.000000 -0.000000 0.000000 0.000000 0.500000 0.866026 -0.000000 0.866026 -0.500000 -31.003502 29.420504 -27.075663 8.750000 0.137500 2.238000 43121.dat
9 0 -1.000000 -0.000001 0.000001 0.000001 -0.500000 0.866025 -0.000000 0.866025 0.500001 -31.003502 37.588005 -27.070839 8.750000 0.137500 2.238000 43121.dat
9 0 -1.000000 -0.000000 0.000000 0.000000 -1.000000 0.000000 0.000000 0.000000 1.000000 -31.003498 41.667503 -19.995190 8.750000 0.137500 2.238000 43121.dat
9 0 -0.000000 0.000000 -1.000000 0.866025 -0.500001 -0.000000 -0.500001 -0.866025 0.000000 -7.075670 37.579502 -9.999995 9.750000 0.137500 2.238000 43121.dat
9 0 -0.000000 -0.000000 -1.000000 0.866025 0.500001 -0.000000 0.500001 -0.866025 -0.000000 -7.070845 29.412001 -9.999995 9.750000 0.137500 2.238000 43121.dat
9 0 -0.000000 0.000000 -1.000000 0.000000 1.000000 0.000000 1.000000 0.000000 -0.000000 0.004806 25.332502 -9.999998 9.750000 0.137500 2.238000 43121.dat
9 0 -0.000000 0.000000 -1.000000 -0.866025 0.500001 0.000000 0.500001 0.866025 -0.000000 7.075682 29.420504 -9.999999 9.750000 0.137500 2.238000 43121.dat
9 0 -0.000000 0.000000 -1.000000 -0.866025 -0.500001 0.000000 -0.500001 0.866025 0.000000 7.070857 37.588005 -9.999999 9.750000 0.137500 2.238000 43121.dat
9 0 -0.000000 0.000000 -1.000000 -0.000000 -1.000000 -0.000000 -1.000000 0.000000 0.000000 -0.004794 41.667503 -9.999998 9.750000 0.137500 2.238000 43121.dat
10 0 -10.000000 0.000000 -50.003498 90.000000 76.450005 30.001249 43121.dat
3 23 0.000000 0.000000 1.000000 0.000000 1.000000 0.000000 -1.000000 0.000000 0.000000 -20.000004 0.000000 -39.999992 4 8 29:0:1,23:4:1,29:0:1,23:4:1,29:0:1,23:4:1,29:0:1,23:4:1,29:0:1,23:4:1,1:4:1,23:4:1,1:4:1,23:4:1,1:4:1,23:4:1,1:4:1,23:4:1,18:2:1,23:4:1,18:4:1,23:4:1,18:4:1,23:4:1,18:4:1,23:4:1,29:0:1,23:4:1,1:4:1,23:4:1,1:4:1,23:4:1,1:4:1,23:4:1,1:4:1,23:4:1,29:0:1,23:4:1,29:0:1,23:4:1,29:0:1,23:4:1,29:0:1,23:4:1,29:0:1, 43121.dat
2 22 0.000000 0.000000 1.000000 0.000000 1.000000 0.000000 -1.000000 0.000000 0.000000 -20.000004 72.000000 -39.999992 4 8 22:1:1,22:2:1,22:2:1,22:2:1,22:2:1,22:2:1,22:2:1,22:2:1,22:1:1,22:2:1,15:4:1,23:4:1,15:4:1,23:4:1,15:4:1,23:4:1,15:4:1,22:2:1,22:2:1,23:4:1,7:4:2,23:4:1,7:4:2,23:4:1,7:4:2,23:4:1,22:2:1,22:2:1,15:4:1,23:4:1,15:4:1,23:4:1,15:4:1,23:4:1,15:4:1,22:2:1,22:1:1,22:2:1,22:2:1,22:2:1,22:2:1,22:2:1,22:2:1,22:2:1,22:1:1, 43121.dat
0 2 0.000000 0.000000 1.000000 1.000000 -0.000000 -0.000000 0.000000 1.000000 -0.000000 40.001251 33.500004 -20.000011 0 0 0.800000 0 0 43121.dat
0 2 0.000000 0.000000 1.000000 1.000000 -0.000000 -0.000000 0.000000 1.000000 -0.000000 40.001263 33.500004 19.999990 0 0 0.800000 0 0 43121.dat
0 2 0.000000 0.000000 1.000000 -1.000000 -0.000000 0.000000 0.000000 -1.000000 -0.000000 -40.003483 33.500004 20.000017 0 0 0.800000 0 0 43121.dat
0 2 0.000000 0.000000 1.000000 -1.000000 -0.000000 0.000000 0.000000 -1.000000 -0.000000 -40.003494 33.500004 -19.999985 0 0 0.800000 0 0 43121.dat
0 2 -0.000000 1.000000 -0.000000 -0.000000 -0.000000 -1.000000 -1.000000 0.000000 0.000000 -0.001197 33.500004 -19.999998 0 0 0.800000 0 0 43121.dat
2 22 0.000000 0.000000 1.000000 1.000000 -0.000000 -0.000000 0.000000 1.000000 -0.000000 40.000000 42.000000 -30.000010 2 6 22:1:1,22:2:1,22:1:1,29:0:1,22:1:1,22:2:1,22:1:1,22:2:1,16:4:64,22:2:1,29:0:1,22:2:1,16:4:64,22:2:1,22:1:1,22:2:1,22:1:1,29:0:1,22:1:1,22:2:1,22:1:1, 43121.dat
2 22 -0.000000 0.000000 -1.000000 -1.000000 0.000000 0.000000 0.000000 1.000000 0.000000 -39.999981 43.500004 30.000019 2 6 22:1:1,22:2:1,22:1:1,29:0:1,22:1:1,22:2:1,22:1:1,22:2:1,16:4:64,22:2:1,29:0:1,22:2:1,16:4:64,22:2:1,22:1:1,22:2:1,22:1:1,29:0:1,22:1:1,22:2:1,22:1:1, 43121.dat
