9 0 -0.707107 0.000000 -0.707107 0.000000 1.000000 0.000000 0.707107 0.000000 -0.707107 0.000003 35.676651 0.000797 22.100775 1.073350 22.100775 4341.dat
9 0 -1.000000 0.000000 -0.000000 0.000000 1.000000 0.000000 0.000000 0.000000 -1.000000 40.002254 16.500002 0.000010 2.471300 2.471300 13.519876 4341.dat
9 0 0.000000 0.000000 -1.000000 0.000000 1.000000 0.000000 1.000000 0.000000 0.000000 34.822384 16.500002 -11.999992 2.471300 2.471300 4.929800 4341.dat
9 0 0.000000 0.000000 -1.000000 0.000000 1.000000 0.000000 1.000000 0.000000 0.000000 34.822376 16.500002 12.000008 2.471300 2.471300 4.929800 4341.dat
9 0 1.000000 0.000000 0.000000 0.000000 1.000000 0.000000 -0.000000 0.000000 1.000000 -40.002243 16.500002 -0.000016 2.471300 2.471300 13.519876 4341.dat
9 0 0.000000 0.000000 -1.000000 0.000000 1.000000 0.000000 1.000000 0.000000 0.000000 -34.822243 16.500002 -12.000014 2.471300 2.471300 4.929800 4341.dat
9 0 0.000000 0.000000 -1.000000 0.000000 1.000000 0.000000 1.000000 0.000000 0.000000 -34.822250 16.500002 11.999986 2.471300 2.471300 4.929800 4341.dat
9 0 -0.707107 0.000000 0.707107 0.000000 1.000000 0.000000 -0.707107 0.000000 -0.707107 -20.518742 17.134502 -20.517761 15.978850 16.968800 0.303400 4341.dat
9 0 -0.707107 0.000000 0.707107 0.000000 1.000000 0.000000 -0.707107 0.000000 -0.707107 -14.792168 39.750000 -14.791382 12.121075 2.500000 0.305275 4341.dat
9 0 -0.000000 0.000000 1.000000 0.000000 1.000000 0.000000 -1.000000 0.000000 -0.000000 -29.017746 17.134502 0.000788 15.978850 16.968800 0.303400 4341.dat
9 0 -0.000000 0.000000 1.000000 0.000000 1.000000 0.000000 -1.000000 0.000000 -0.000000 -20.919249 39.750000 0.000790 12.121075 2.500000 0.305275 4341.dat
9 0 0.707107 0.000000 0.707107 0.000000 1.000000 0.000000 -0.707107 0.000000 0.707107 -20.518753 17.134502 20.519442 15.978850 16.968800 0.303400 4341.dat
9 0 0.707107 0.000000 0.707107 0.000000 1.000000 0.000000 -0.707107 0.000000 0.707107 -14.792177 39.750000 14.792967 12.121075 2.500000 0.305275 4341.dat
9 0 1.000000 0.000000 0.000000 0.000000 1.000000 0.000000 -0.000000 0.000000 1.000000 -0.000006 17.134502 29.018549 15.978850 16.968800 0.303400 4341.dat
9 0 1.000000 0.000000 0.000000 0.000000 1.000000 0.000000 -0.000000 0.000000 1.000000 -0.000004 39.750000 20.920097 12.121075 2.500000 0.305275 4341.dat
9 0 0.707107 0.000000 -0.707107 0.000000 1.000000 0.000000 0.707107 0.000000 0.707107 20.518646 17.134502 20.519453 15.978850 16.968800 0.303400 4341.dat
9 0 0.707107 0.000000 -0.707107 0.000000 1.000000 0.000000 0.707107 0.000000 0.707107 14.792174 39.750000 14.792975 12.121075 2.500000 0.305275 4341.dat
9 0 0.000000 0.000000 -1.000000 0.000000 1.000000 0.000000 1.000000 0.000000 0.000000 29.017752 17.134502 0.000806 15.978850 16.968800 0.303400 4341.dat
9 0 0.000000 0.000000 -1.000000 0.000000 1.000000 0.000000 1.000000 0.000000 0.000000 20.919302 39.750000 0.000804 12.121075 2.500000 0.305275 4341.dat
9 0 -0.707107 0.000000 -0.707107 0.000000 1.000000 0.000000 0.707107 0.000000 -0.707107 20.518633 17.134502 -20.517748 15.978850 16.968800 0.303400 4341.dat
9 0 -0.707107 0.000000 -0.707107 0.000000 1.000000 0.000000 0.707107 0.000000 -0.707107 14.792183 39.750000 -14.791372 12.121075 2.500000 0.305275 4341.dat
9 0 -1.000000 0.000000 -0.000000 0.000000 1.000000 0.000000 0.000000 0.000000 -1.000000 0.000013 17.134502 -29.017004 15.978850 16.968800 0.303400 4341.dat
9 0 -1.000000 0.000000 -0.000000 0.000000 1.000000 0.000000 0.000000 0.000000 -1.000000 0.000010 39.750000 -20.918503 12.121075 2.500000 0.305275 4341.dat
10 0 -34.002251 0.000000 -43.749249 54.002251 42.584248 23.750799 4341.dat
0 7 0.000000 1.000000 0.000000 -0.000000 -0.000000 1.000000 1.000000 0.000000 0.000000 40.002251 16.500002 12.000010 1 1 0.960000 0 1 4341.dat
0 7 0.000000 1.000000 0.000000 -0.000000 -0.000000 1.000000 1.000000 0.000000 0.000000 -40.002247 16.500002 11.999984 1 1 0.960000 0 1 4341.dat
2 22 -1.000000 0.000000 -0.000000 0.000000 1.000000 0.000000 0.000000 0.000000 -1.000000 20.000011 42.500000 -19.999998 4 4 29:0:1,22:2:1,22:2:1,22:2:1,29:0:1,22:2:1,15:4:1,23:4:1,15:4:1,22:2:1,22:2:1,23:4:1,29:0:1,23:4:1,22:2:1,22:2:1,15:4:1,23:4:1,15:4:1,22:2:1,29:0:1,22:2:1,22:2:1,22:2:1,29:0:1, 4341.dat
