3 23 -0.000000 -1.000000 0.000000 -0.000000 -0.000000 -1.000000 1.000000 -0.000000 0.000000 10.000002 10.000000 17.999998 2 2 29:0:0,29:0:0,29:0:0,29:0:0,3:4:32,29:0:0,29:0:0,29:0:0,29:0:0, 4349.dat
0 7 -0.000000 -0.000000 -1.000000 0.000000 1.000000 0.000000 1.000000 -0.000000 0.000000 0.000001 20.000000 0.250000 0 1 0.494105 0 0 4349.dat
0 6 -1.000000 0.000000 0.000000 0.000000 0.000000 1.000000 0.000000 1.000000 0.000000 0.000001 0.000001 16.249998 1 0 0.850000 0 0 4349.dat
2 22 -0.000000 -0.000000 -1.000000 0.000000 1.000000 0.000000 1.000000 -0.000000 0.000000 10.000002 20.000000 10.249999 2 2 29:0:0,29:0:0,29:0:0,29:0:0,9:4:32,29:0:0,29:0:0,29:0:0,29:0:0, 4349.dat
2 22 -0.000000 -1.000000 0.000000 -0.000000 -0.000000 -1.000000 1.000000 -0.000000 0.000000 9.999998 9.999998 -21.999998 2 2 29:0:0,29:0:0,29:0:0,29:0:0,15:4:34,29:0:0,29:0:0,29:0:0,29:0:0, 4349.dat
9 0 0.707107 -0.707107 0.000000 -0.000000 -0.000000 -1.000000 0.707107 0.707107 0.000000 -4.182450 -3.861050 3.603800 5.179575 14.150950 1.437600 4349.dat
9 0 -0.000000 -1.000000 0.000000 -0.000000 -0.000000 -1.000000 1.000000 -0.000000 0.000000 -6.961126 -0.000001 -16.398575 5.900100 5.351425 0.461125 4349.dat
9 0 -0.000000 -1.000000 0.000000 -0.000000 -0.000000 -1.000000 1.000000 -0.000000 0.000000 0.000001 13.121051 0.250000 6.628950 3.214100 1.750000 4349.dat
9 0 -0.000000 -1.000000 0.000000 1.000000 -0.000000 0.000000 0.000000 0.000000 1.000000 0.000001 13.121051 0.250000 6.628950 3.214100 1.750000 4349.dat
9 0 1.000000 0.000000 0.000000 -0.000000 -0.000000 -1.000000 0.000000 1.000000 0.000000 -0.000002 -6.961126 -16.398575 5.900100 5.351425 0.461125 4349.dat
9 0 -0.000000 1.000000 0.000000 -0.000000 -0.000000 -1.000000 -1.000000 -0.000000 0.000000 6.961123 -0.000001 -16.398575 5.900100 5.351425 0.461125 4349.dat
9 0 -1.000000 0.000000 0.000000 -0.000000 -0.000000 -1.000000 -0.000000 -1.000000 0.000000 -0.000001 6.961124 -16.398575 5.900100 5.351425 0.461125 4349.dat
9 0 -0.707107 -0.707107 0.000000 -0.000000 -0.000000 -1.000000 0.707107 -0.707107 0.000000 -3.861049 4.182450 3.603800 5.179575 14.150950 1.437600 4349.dat
9 0 0.707107 0.707107 0.000000 -0.000000 -0.000000 -1.000000 -0.707107 0.707107 0.000000 3.861050 -4.182450 3.603800 5.179575 14.150950 1.437600 4349.dat
9 0 -0.707107 0.707107 0.000000 -0.000000 -0.000000 -1.000000 -0.707107 -0.707107 0.000000 4.182450 3.861050 3.603800 5.179575 14.150950 1.437600 4349.dat
9 0 -0.000000 -1.000000 0.000000 -0.000000 -0.000000 -1.000000 1.000000 -0.000000 0.000000 0.000001 0.000001 16.127373 4.964900 1.627375 4.964900 4349.dat
