9 0 -0.000000 -0.000000 -1.000000 1.000000 0.000000 -0.000000 0.000000 -1.000000 0.000000 0.050019 12.000000 0.000000 9.750000 9.800000 11.750000 43710.dat
9 0 -0.000000 -0.000000 -1.000000 1.000000 0.000000 -0.000000 0.000000 -1.000000 0.000000 0.050006 21.499998 -39.950001 29.800001 9.800000 2.250000 43710.dat
9 0 -0.312532 0.000001 -0.949907 0.949907 0.000000 -0.312532 -0.000000 -1.000000 -0.000001 4.343202 21.499998 -55.356525 11.892000 9.800000 2.250000 43710.dat
9 0 -0.312532 0.000001 -0.949907 0.949907 0.000000 -0.312532 -0.000000 -1.000000 -0.000001 21.532484 21.437498 -30.527508 2.973150 1.158750 2.312500 43710.dat
9 0 -0.312533 -0.000000 -0.949907 0.949907 -0.000000 -0.312533 0.000000 -1.000000 0.000000 27.548515 21.437498 -12.524763 2.973175 1.248025 2.312500 43710.dat
9 0 -0.000000 -0.000000 -1.000000 1.000000 0.000000 -0.000000 0.000000 -1.000000 0.000000 20.050018 21.499998 -0.000006 9.750000 9.700001 2.250000 43710.dat
9 0 0.000000 0.299723 -0.954026 1.000000 -0.000000 0.000000 -0.000000 -0.954026 -0.299723 0.050007 12.003474 -39.121128 31.225500 9.800000 2.443400 43710.dat
9 0 -0.000000 0.121101 -0.992640 1.000000 0.000000 -0.000000 -0.000000 -0.992640 -0.121100 -8.499990 15.253425 -25.984999 21.036699 1.250000 5.512575 43710.dat
9 0 -0.000000 -0.000000 -1.000000 0.724516 0.689258 -0.000000 0.689258 -0.724516 -0.000000 17.713945 11.977275 -0.000006 9.750000 13.491925 3.130225 43710.dat
9 0 -0.000000 -0.000000 -1.000000 0.778607 0.627512 -0.000000 0.627512 -0.778607 -0.000000 12.828120 16.171900 8.499992 1.250000 7.273075 3.641825 43710.dat
9 0 -0.117361 0.199792 -0.972784 0.732666 0.678676 0.050996 0.670393 -0.706741 -0.226031 17.099062 11.476700 -22.599760 12.535250 6.365100 0.166850 43710.dat
9 0 -0.305473 0.014735 -0.952087 0.676209 0.707319 -0.206012 0.670393 -0.706741 -0.226031 18.386309 16.223850 -33.391758 23.107325 2.560575 0.166850 43710.dat
9 0 -0.002705 0.302291 -0.953212 0.742000 0.639639 0.200743 0.670394 -0.706740 -0.226031 13.067335 9.719324 -28.474754 19.058750 4.399100 0.166850 43710.dat
10 0 -10.000000 0.000000 -10.000000 70.000000 28.450001 30.000002 43710.dat
3 23 0.000000 0.000000 1.000000 0.000000 1.000000 0.000000 -1.000000 0.000000 0.000000 -9.999985 0.000000 -9.999996 2 2 18:1:1,23:4:1,18:1:1,23:4:1,0:4:1,23:4:1,29:0:1,23:4:1,18:1:1, 43710.dat
2 22 0.000000 0.000000 1.000000 0.000000 1.000000 0.000000 -1.000000 0.000000 0.000000 -10.000003 24.000000 -70.000000 4 8 22:1:1,22:2:1,22:2:1,22:2:1,22:2:1,22:2:1,22:2:1,22:2:1,22:1:1,22:2:1,15:4:1,23:4:1,15:4:1,23:4:1,15:4:1,23:4:1,15:4:1,22:2:1,22:1:1,22:2:1,22:2:1,23:4:1,7:4:2,23:4:1,7:4:2,23:4:1,22:2:1,29:0:1,29:0:1,22:2:1,29:0:1,22:2:1,29:0:1,23:4:1,15:4:1,22:2:1,29:0:1,29:0:1,29:0:1,29:0:1,29:0:1,29:0:1,22:2:1,22:2:1,22:1:1, 43710.dat
