9 0 0.949043 -0.000000 -0.315147 0.315147 0.000000 0.949043 0.000000 -1.000000 0.000000 6.714881 1.375000 -0.070757 2.787500 30.309999 1.125000 43723.dat
9 0 -0.000000 -0.000000 -1.000000 1.000000 0.000000 -0.000000 0.000000 -1.000000 0.000000 -9.999994 4.000000 0.000000 29.750002 9.750000 3.750000 43723.dat
9 0 0.949043 -0.000001 -0.315147 0.315147 0.000000 0.949043 -0.000000 -1.000000 0.000001 16.965263 4.000000 26.800739 1.592125 2.154325 3.750000 43723.dat
9 0 0.949043 0.000000 -0.315148 0.315148 -0.000000 0.949042 0.000000 -1.000000 -0.000000 11.266758 4.000000 9.613993 1.592125 2.954825 3.750000 43723.dat
9 0 0.949043 -0.000000 -0.315147 0.315147 0.000000 0.949043 0.000000 -1.000000 0.000000 2.112876 4.000000 -17.879629 1.592125 11.851851 3.750000 43723.dat
9 0 -0.000000 -0.000000 -1.000000 1.000000 0.000000 -0.000000 0.000000 -1.000000 0.000000 -0.271060 4.000000 29.219246 0.530775 19.478924 3.750000 43723.dat
9 0 0.987729 0.000000 -0.156180 -0.156180 0.000000 -0.987729 -0.000000 1.000000 0.000000 3.886809 1.375000 10.795246 5.607825 18.043625 1.125000 43723.dat
9 0 -0.000000 -0.000000 -1.000000 1.000000 0.000000 -0.000000 0.000000 -1.000000 0.000000 -5.874994 4.000000 0.552648 17.447350 9.750000 3.750000 43723.dat
10 0 -10.000000 -0.025000 -10.000000 50.000000 12.450000 30.000002 43723.dat
2 22 0.000000 0.000000 1.000000 0.000000 1.000000 0.000000 -1.000000 0.000000 0.000000 -20.000004 8.000000 -29.999998 4 6 22:1:1,22:2:1,22:2:1,22:2:1,22:2:1,22:2:1,22:1:1,22:2:1,15:4:1,23:4:1,15:4:1,23:4:1,15:4:1,22:2:1,22:1:1,22:2:1,22:2:1,23:4:1,7:4:2,23:4:1,22:2:1,29:0:1,29:0:1,22:2:1,29:0:1,22:2:1,29:0:1,22:2:1,29:0:1,29:0:1,29:0:1,29:0:1,29:0:1,29:0:1,22:1:1, 43723.dat
3 23 0.000000 0.000000 1.000000 0.000000 1.000000 0.000000 -1.000000 0.000000 0.000000 -20.000004 0.000000 -29.999998 2 6 18:1:1,23:4:1,18:2:1,23:4:1,18:2:1,23:4:1,18:1:1,23:4:1,0:4:1,23:4:1,0:4:1,23:4:1,0:4:1,23:4:1,18:1:1,23:4:1,29:0:1,23:4:1,29:0:1,23:4:1,18:1:1, 43723.dat
