9 0 0.000000 0.000000 1.000000 0.000000 1.000000 0.000000 -1.000000 0.000000 0.000000 -9.999990 12.000000 0.000000 39.750000 11.750000 9.750000 43721.dat
9 0 0.161176 -0.079885 0.983687 0.719486 0.691760 -0.061709 -0.675545 0.717696 0.168971 7.389494 9.741324 32.225739 6.774475 11.675125 0.170050 43721.dat
9 0 0.203234 0.006180 0.979111 0.626852 0.767361 -0.134959 -0.752165 0.641186 0.152080 6.039217 9.604700 20.177990 6.774475 11.103925 0.170050 43721.dat
9 0 0.202829 0.005070 0.979201 0.540843 0.833039 -0.116342 -0.816302 0.553191 0.166222 4.029185 9.585375 4.645747 8.212425 10.196150 0.170050 43721.dat
9 0 0.188629 -0.004253 0.982039 0.366550 0.928027 -0.066388 -0.911077 0.372489 0.176611 1.936930 10.021450 -13.153656 8.212425 8.673375 0.170050 43721.dat
9 0 0.134687 -0.027285 0.990513 0.127117 0.991837 0.010036 -0.982701 0.124560 0.137056 -0.409326 9.236625 -31.325430 8.212425 8.673375 0.170050 43721.dat
9 0 0.237864 0.000000 0.971298 0.000000 1.000000 0.000000 -0.971298 0.000000 0.237864 1.615126 21.504801 -27.028782 12.733100 2.245200 1.266625 43721.dat
9 0 0.237864 0.000000 0.971298 0.000000 1.000000 0.000000 -0.971298 0.000000 0.237864 8.530233 21.504801 0.058743 3.398750 2.245200 1.178700 43721.dat
9 0 0.250671 0.000000 0.968072 0.000000 1.000000 0.000000 -0.968072 0.000000 0.250671 13.525015 21.504801 19.261992 3.359575 2.245200 0.974075 43721.dat
9 0 0.237864 0.000000 0.971299 0.000000 1.000000 0.000000 -0.971299 0.000000 0.237864 17.693773 21.504801 36.771996 2.614325 2.245200 1.178700 43721.dat
9 0 0.000000 0.000000 1.000000 0.000000 1.000000 0.000000 -1.000000 0.000000 0.000000 -0.228979 21.344000 39.541496 0.208475 2.406000 19.521000 43721.dat
9 0 0.000000 0.000000 1.000000 -0.689536 0.724252 0.000000 -0.724252 -0.689536 0.000000 7.533347 11.868150 39.489990 0.208475 3.023250 13.530999 43721.dat
9 0 0.000000 0.000000 1.000000 -0.689536 0.724252 0.000000 -0.724252 -0.689536 0.000000 2.141871 15.461999 39.489990 0.208475 3.843075 7.263275 43721.dat
10 0 -10.000000 0.000000 -10.000000 70.000000 28.450001 30.000002 43721.dat
3 23 0.000000 0.000000 1.000000 0.000000 1.000000 0.000000 -1.000000 0.000000 0.000000 -20.000004 0.000000 -39.999996 2 8 18:1:1,23:4:1,18:2:1,23:4:1,18:2:1,23:4:1,18:2:1,23:4:1,18:1:1,23:4:1,0:4:1,23:4:1,0:4:1,23:4:1,0:4:1,23:4:1,0:4:1,23:4:1,18:1:1,23:4:1,29:0:1,23:4:1,29:0:1,23:4:1,29:0:1,23:4:1,18:1:1, 43721.dat
2 22 0.000000 0.000000 1.000000 0.000000 1.000000 0.000000 -1.000000 0.000000 0.000000 -20.000004 24.000000 -39.999996 4 8 22:1:1,22:2:1,22:2:1,22:2:1,22:2:1,22:2:1,22:2:1,22:2:1,22:1:1,22:2:1,15:4:1,23:4:1,15:4:1,23:4:1,15:4:1,23:4:1,15:4:1,22:2:1,22:2:1,22:2:1,22:2:1,22:2:1,7:4:2,23:4:1,7:4:2,23:4:1,22:2:1,29:0:1,29:0:1,29:0:1,29:0:1,22:2:1,29:0:1,22:2:1,29:0:1,22:2:1,29:0:1,29:0:1,29:0:1,29:0:1,29:0:1,29:0:1,29:0:1,29:0:1,22:1:1, 43721.dat
