9 0 -0.263991 0.764727 0.587793 -0.243074 0.536994 -0.807807 -0.933394 -0.356131 0.044123 13.875326 6.315249 3.697646 27.638752 13.640675 1.562775 43744.dat
9 0 0.183847 0.849378 0.494729 0.210730 0.457548 -0.863853 -0.960100 0.263072 -0.094871 -11.770822 12.801501 11.821803 30.800251 14.421900 1.764000 43744.dat
9 0 0.000000 -0.253844 0.967245 0.000000 0.967245 0.253844 -1.000000 0.000000 0.000000 -0.075669 49.993999 17.860149 2.433500 12.000550 8.446550 43744.dat
9 0 -0.000100 -0.912776 0.408459 0.000000 0.408459 0.912776 -1.000000 0.000091 -0.000040 -0.430916 70.160995 29.620998 1.329775 12.000525 16.810326 43744.dat
9 0 0.000000 0.000000 1.000000 0.000000 1.000000 0.000000 -1.000000 0.000000 0.000000 0.000013 73.822998 39.979000 2.468375 2.504725 22.250000 43744.dat
9 0 0.000000 0.000000 1.000000 -1.000000 -0.000000 0.000000 0.000000 -1.000000 -0.000000 0.780300 13.978749 -0.256450 9.743549 11.126075 13.728825 43744.dat
9 0 0.015730 0.833530 0.552250 -0.391374 0.513382 -0.763718 -0.920097 -0.204123 0.334298 3.391442 -4.509500 -26.432499 26.164249 6.218475 6.491525 43744.dat
9 0 0.556201 0.000000 0.831047 0.000000 1.000000 0.000000 -0.831047 0.000000 0.556201 3.733537 -26.780001 -40.132748 4.426950 6.206075 3.333800 43744.dat
9 0 0.453760 -0.258988 0.852659 0.142036 0.965622 0.217713 -0.879731 0.022319 0.474947 -4.490317 -25.832752 -53.103001 10.528775 2.994950 8.335375 43744.dat
9 0 0.923699 0.000739 0.383117 -0.001184 0.999999 0.000927 -0.383116 -0.001310 0.923699 1.415087 -36.060246 -41.011250 0.561250 6.206075 1.717200 43744.dat
9 0 0.923699 0.000739 0.383117 -0.001184 0.999999 0.000927 -0.383116 -0.001310 0.923699 6.114788 -36.056499 -39.062004 0.561250 6.206075 1.717200 43744.dat
9 0 0.382742 0.001309 -0.923854 -0.001184 0.999999 0.000926 0.923854 0.000740 0.382744 4.712536 -36.055000 -42.353249 0.561250 6.206075 1.717200 43744.dat
9 0 0.382742 0.001309 -0.923854 -0.001184 0.999999 0.000926 0.923854 0.000740 0.382744 2.761388 -36.061749 -37.643501 0.561250 6.206075 1.717200 43744.dat
9 0 -0.707107 0.000000 0.707107 0.000000 1.000000 0.000000 -0.707107 0.000000 -0.707107 0.053899 33.915924 -1.710650 5.711800 5.826250 5.788025 43744.dat
9 0 0.000000 0.000000 1.000000 0.000000 1.000000 0.000000 -1.000000 0.000000 0.000000 0.000006 27.982199 18.512300 12.137300 11.767800 6.640275 43744.dat
9 0 0.000000 0.000000 1.000000 0.000000 1.000000 0.000000 -1.000000 0.000000 0.000000 0.001238 71.981750 42.782749 5.678250 5.472375 7.349250 43744.dat
10 0 -66.691246 -38.529251 -25.600498 49.567501 82.500000 29.652750 43744.dat
3 23 0.000000 0.000000 1.000000 0.000000 1.000000 0.000000 -1.000000 0.000000 0.000000 -10.000003 0.000000 -9.999997 2 2 29:0:0,29:0:0,29:0:0,29:0:0,0:4:33,29:0:0,29:0:0,29:0:0,29:0:0, 43744.dat
2 22 0.000000 0.000000 1.000000 0.000000 1.000000 0.000000 -1.000000 0.000000 0.000000 -10.000003 40.000000 -9.999997 2 2 29:0:0,29:0:0,29:0:0,29:0:0,15:4:34,29:0:0,29:0:0,29:0:0,29:0:0, 43744.dat
0 14 1.000000 0.000000 -0.000000 0.000000 -1.000000 -0.000000 -0.000000 0.000000 -1.000000 3.749988 -42.500000 -40.015751 0 1 0.300000 0 0 43744.dat
0 21 1.000000 -0.000000 -0.000000 -0.000000 -1.000000 0.000000 -0.000000 -0.000000 -1.000000 3.749988 -42.500000 -40.015751 0 1 0.274364 0 0 43744.dat
0 7 0.000000 1.000000 -0.000000 1.000000 -0.000000 -0.000000 -0.000000 0.000000 -1.000000 22.500011 73.800003 39.999996 0 1 0.556354 0 0 43744.dat
0 7 0.000000 -1.000000 -0.000000 -1.000000 -0.000000 0.000000 -0.000000 0.000000 -1.000000 -22.499987 73.800003 40.000008 0 1 0.556354 0 0 43744.dat
2 22 0.000000 0.000000 1.000000 1.000000 -0.000000 -0.000000 0.000000 1.000000 -0.000000 22.500008 83.800003 29.999996 2 2 29:0:0,29:0:0,29:0:0,29:0:0,9:4:32,29:0:0,29:0:0,29:0:0,29:0:0, 43744.dat
2 22 -0.000000 0.000000 -1.000000 -1.000000 0.000000 0.000000 0.000000 1.000000 0.000000 -22.499983 83.800003 50.000008 2 2 29:0:0,29:0:0,29:0:0,29:0:0,9:4:32,29:0:0,29:0:0,29:0:0,29:0:0, 43744.dat
2 22 -0.000000 0.000000 -1.000000 -0.000000 -1.000000 -0.000000 -1.000000 0.000000 0.000000 -6.250010 -42.500000 -30.015745 2 2 29:0:0,29:0:0,29:0:0,29:0:0,11:4:32,29:0:0,29:0:0,29:0:0,29:0:0, 43744.dat
