9 0 0.000000 1.000000 0.000000 -1.000000 0.000000 0.000000 0.000000 0.000000 1.000000 0.000000 -79.875000 -65.008644 13.120251 13.172226 12.241099 43750.dat
9 0 -0.000000 -0.668423 -0.743782 -1.000000 0.000000 0.000000 0.000000 0.743782 -0.668423 0.000002 -74.350571 -48.276249 16.662226 14.885976 12.250000 43750.dat
9 0 -0.000000 -0.900730 -0.434379 -1.000000 0.000000 0.000000 0.000000 0.434379 -0.900730 0.000013 -38.526501 -27.052748 30.928999 14.885976 12.250000 43750.dat
9 0 -0.000000 -0.900730 -0.434379 -1.000000 0.000000 0.000000 0.000000 0.434379 -0.900730 0.000014 -33.696499 -41.631996 34.883247 7.721200 1.280475 43750.dat
9 0 -0.000000 -0.900730 -0.434379 -0.707107 0.307152 -0.636912 0.707106 0.307153 -0.636913 0.000013 -38.526501 -27.052748 30.928999 14.885976 12.250000 43750.dat
9 0 0.707107 0.707107 0.000000 -0.707107 0.707107 0.000000 0.000000 0.000000 1.000000 0.000000 -79.875000 -65.008644 13.120251 13.172226 12.241099 43750.dat
9 0 0.000000 1.000000 0.000000 -1.000000 0.000000 0.000000 0.000000 0.000000 1.000000 0.000000 -79.875000 -103.000000 3.768925 3.768925 14.250000 43750.dat
9 0 0.000000 1.000000 0.000000 -1.000000 0.000000 0.000000 0.000000 0.000000 1.000000 0.000000 -79.875000 -96.500000 4.869375 4.869375 2.750000 43750.dat
9 0 -0.707107 0.668583 -0.230211 -0.707107 -0.668582 0.230211 0.000000 0.325568 0.945519 11.887503 8.955997 -4.149246 8.006425 0.782850 9.265475 43750.dat
9 0 0.000000 0.945519 -0.325568 -1.000000 0.000000 0.000000 0.000000 0.325568 0.945519 16.680874 -2.193254 -0.242245 8.006425 0.782850 9.329675 43750.dat
9 0 -0.000000 -0.945518 0.325569 1.000000 -0.000000 0.000000 0.000000 0.325569 0.945518 -16.633152 -1.964992 -0.320995 8.006425 0.782850 9.329675 43750.dat
9 0 -0.707107 -0.668582 0.230211 0.707106 -0.668583 0.230212 -0.000000 0.325568 0.945519 -11.669072 9.117258 -4.204750 8.006425 0.782850 9.265475 43750.dat
9 0 -1.000000 0.000000 0.000000 -0.000000 -0.945519 0.325567 0.000000 0.325567 0.945519 0.120729 13.808751 -5.820251 8.006425 0.782850 9.265475 43750.dat
9 0 -0.707107 0.511228 -0.488514 -0.707107 -0.511227 0.488515 0.000000 0.690864 0.722985 11.887501 0.763744 -17.810249 8.006425 0.782850 9.265475 43750.dat
9 0 0.000000 0.722985 -0.690864 -1.000000 0.000000 0.000000 0.000000 0.690864 0.722985 16.680872 -7.733006 -9.602249 8.006425 0.782850 9.329675 43750.dat
9 0 -0.000000 -0.722985 0.690864 1.000000 -0.000000 0.000000 0.000000 0.690864 0.722985 -16.633152 -7.558495 -9.768999 8.006425 0.782850 9.329675 43750.dat
9 0 -0.707107 -0.511227 0.488514 0.707106 -0.511227 0.488515 -0.000001 0.690864 0.722985 -11.669075 0.887007 -17.928249 8.006425 0.782850 9.265475 43750.dat
9 0 -1.000000 0.000000 0.000000 -0.000000 -0.722985 0.690864 0.000000 0.690864 0.722985 0.120727 4.898500 -21.761496 8.006425 0.196075 9.265475 43750.dat
9 0 0.707107 0.707107 0.000000 -0.707107 0.707107 0.000000 0.000000 0.000000 1.000000 12.917346 -12.892252 4.771251 4.978150 0.993850 16.978849 43750.dat
9 0 0.258819 0.965926 0.000000 -0.965926 0.258819 0.000000 0.000000 0.000000 1.000000 17.645399 -4.703003 12.420255 4.978150 0.993850 9.329675 43750.dat
9 0 -0.258819 0.965926 0.000000 -0.965926 -0.258819 0.000000 0.000000 0.000000 1.000000 17.645403 4.752994 12.420255 4.978150 0.993850 9.329675 43750.dat
9 0 -0.707107 0.707107 0.000000 -0.707107 -0.707107 0.000000 0.000000 0.000000 1.000000 12.917355 12.942248 12.420255 4.978150 0.993850 9.329675 43750.dat
9 0 -0.965926 0.258819 0.000000 -0.258819 -0.965926 0.000000 0.000000 0.000000 1.000000 4.728106 17.670500 12.420255 4.978150 0.993850 9.329675 43750.dat
9 0 -0.965926 -0.258819 0.000000 0.258819 -0.965926 0.000000 0.000000 0.000000 1.000000 -4.728045 17.670500 12.420255 4.978150 0.993850 9.329675 43750.dat
9 0 -0.707107 -0.707107 0.000000 0.707107 -0.707107 0.000000 0.000000 0.000000 1.000000 -12.917270 12.942261 12.420255 4.978150 0.993850 9.329675 43750.dat
9 0 -0.258820 -0.965926 0.000000 0.965926 -0.258820 0.000000 0.000000 0.000000 1.000000 -17.645350 4.753006 12.420255 4.978150 0.993850 9.329675 43750.dat
9 0 0.258819 -0.965926 0.000000 0.965926 0.258819 0.000000 0.000000 0.000000 1.000000 -17.645351 -4.702991 12.420255 4.978150 0.993850 9.329675 43750.dat
9 0 0.707107 -0.707107 0.000000 0.707107 0.707107 0.000000 0.000000 0.000000 1.000000 -12.917304 -12.892241 4.771251 4.978150 0.993850 16.978849 43750.dat
9 0 0.965926 0.258819 0.000000 -0.258819 0.965926 0.000000 0.000000 0.000000 1.000000 4.728095 -17.620247 4.771251 4.978150 0.993850 16.978849 43750.dat
9 0 0.965926 -0.258819 0.000000 0.258819 0.965926 0.000000 0.000000 0.000000 1.000000 -4.728056 -17.620247 4.771251 4.978150 0.993850 16.978849 43750.dat
10 0 -19.900000 -20.200001 -99.500000 100.100006 20.200001 40.000000 43750.dat
0 2 1.000000 -0.000000 -0.000000 0.000000 -0.000000 1.000000 -0.000000 -1.000000 -0.000000 0.000025 0.025004 1.999003 0 1 0.800000 0 0 43750.dat
0 3 -1.000000 0.000000 -0.000000 0.000000 0.000000 -1.000000 -0.000000 -1.000000 -0.000000 0.000000 -79.875000 -117.499992 0 1 0.800000 0 0 43750.dat
