9 0 -0.000000 -0.000000 1.000000 -0.000000 -1.000000 -0.000000 1.000000 -0.000000 0.000000 8.475002 0.000000 0.000029 9.749975 9.750000 0.475000 43857.dat
9 0 -0.000000 -0.000000 1.000000 -0.000000 -1.000000 -0.000000 1.000000 -0.000000 0.000000 -8.537498 0.000001 0.000026 9.749975 9.750000 0.487500 43857.dat
9 0 -1.000000 0.000000 -0.000000 -0.000000 -1.000000 -0.000000 -0.000000 -0.000000 1.000000 -0.037498 0.000001 0.000028 8.987500 9.750000 2.000000 43857.dat
9 0 0.000000 0.000000 -1.000000 -1.000000 0.000000 -0.000000 0.000000 1.000000 0.000000 0.000000 -0.000001 18.137501 0.137500 2.448725 9.750000 43857.dat
9 0 -0.642787 0.000000 -0.766044 -0.766044 0.000000 0.642787 0.000000 1.000000 0.000000 5.230675 -0.000001 16.233677 0.137500 2.448725 9.750000 43857.dat
9 0 0.642788 0.000000 -0.766044 -0.766044 0.000000 -0.642788 0.000000 1.000000 0.000000 -5.230675 0.000000 16.233675 0.137500 2.448725 9.750000 43857.dat
9 0 -0.000000 -0.000000 1.000000 1.000000 -0.000000 0.000000 0.000000 1.000000 0.000000 0.000005 0.000001 -18.137497 0.137500 2.448725 9.750000 43857.dat
9 0 0.642788 -0.000000 0.766044 0.766044 -0.000000 -0.642787 0.000000 1.000000 0.000000 -5.230671 0.000002 -16.233747 0.137500 2.448725 9.750000 43857.dat
9 0 -0.642788 -0.000000 0.766044 0.766044 -0.000000 0.642788 0.000000 1.000000 0.000000 5.230679 0.000001 -16.233747 0.137500 2.448725 9.750000 43857.dat
9 0 -0.000000 -0.000000 1.000000 -0.000000 -1.000000 -0.000000 1.000000 -0.000000 0.000000 6.987503 0.012500 0.000028 14.489100 7.737500 0.487500 43857.dat
9 0 -0.000000 -0.000000 1.000000 -0.000000 -1.000000 -0.000000 1.000000 -0.000000 0.000000 -6.987497 0.012501 0.000027 14.489100 7.737500 0.487500 43857.dat
10 0 -10.000000 -10.000000 -20.000000 30.000002 10.000000 0.000000 43857.dat
0 2 0.000000 0.000000 -1.000000 -0.000000 -1.000000 -0.000000 -1.000000 0.000000 -0.000000 0.000000 -10.000000 10.000000 0 0 0.800000 0 0 43857.dat
0 2 0.000000 0.000000 -1.000000 -0.000000 -1.000000 -0.000000 -1.000000 0.000000 -0.000000 0.000002 -9.999999 -9.999999 0 0 0.800000 0 0 43857.dat
2 22 0.000000 0.000000 -1.000000 -0.000000 -1.000000 -0.000000 -1.000000 0.000000 -0.000000 -10.000002 -10.000000 19.999998 2 4 22:1:1,22:2:1,22:2:1,22:2:1,22:1:1,22:2:1,16:4:64,22:2:1,16:4:64,22:2:1,22:1:1,22:2:1,22:2:1,22:2:1,22:1:1, 43857.dat
2 22 -0.000000 -0.000000 1.000000 0.000000 1.000000 0.000000 -1.000000 0.000000 -0.000000 -9.999994 10.000003 -19.999996 2 4 22:1:1,22:2:1,22:2:1,22:2:1,22:1:1,22:2:1,16:4:64,22:2:1,16:4:64,22:2:1,22:1:1,22:2:1,22:2:1,22:2:1,22:1:1, 43857.dat
