9 0 0.000001 0.000001 -1.000000 -1.000000 0.000001 -0.000001 0.000001 1.000000 0.000001 0.000013 0.000006 70.000008 2.000000 9.000000 9.750000 44225.dat
9 0 0.000001 0.000001 -1.000000 -1.000000 0.000001 -0.000001 0.000001 1.000000 0.000001 0.029427 8.500036 19.590014 8.089926 11.546700 1.250000 44225.dat
9 0 0.000001 0.000001 -1.000000 -1.000000 0.000001 -0.000001 0.000001 1.000000 0.000001 0.000026 0.000018 50.000008 2.000000 9.000000 9.750000 44225.dat
9 0 0.000001 0.000001 -1.000000 -1.000000 0.000001 -0.000001 0.000001 1.000000 0.000001 0.029452 8.500058 -18.426491 8.801499 11.546700 1.250000 44225.dat
9 0 0.000001 0.000001 -1.000000 -1.000000 0.000001 -0.000001 0.000001 1.000000 0.000001 0.000038 0.000029 31.641006 0.358900 9.000000 9.750000 44225.dat
9 0 0.000001 0.000001 -1.000000 -1.000000 0.000001 -0.000001 0.000001 1.000000 0.000001 -19.372887 8.500060 0.000000 7.723175 8.812150 1.250000 44225.dat
9 0 0.898293 -0.000001 0.439397 0.439397 0.000000 -0.898293 0.000001 1.000000 0.000001 -10.877532 -2.460159 22.104752 4.345375 0.966225 3.639800 44225.dat
9 0 0.888403 -0.000000 -0.459064 -0.459064 0.000001 -0.888403 0.000001 1.000000 0.000001 10.909668 -2.460173 22.089512 4.344525 0.993000 3.639800 44225.dat
9 0 0.707107 -0.000000 -0.707106 -0.707106 0.000001 -0.707107 0.000001 1.000000 0.000001 17.190525 3.188001 17.190521 6.615850 0.567800 4.146000 44225.dat
9 0 0.000001 0.000001 -1.000000 -1.000000 0.000001 -0.000001 0.000001 1.000000 0.000001 0.072942 3.500030 29.037004 2.144450 1.427100 3.250000 44225.dat
9 0 0.000001 0.000001 -1.000000 -1.000000 0.000001 -0.000001 0.000001 1.000000 0.000001 8.500023 0.000009 55.671562 24.480326 0.500000 9.750000 44225.dat
9 0 0.000001 0.000001 -1.000000 -1.000000 0.000001 -0.000001 0.000001 1.000000 0.000001 -8.499977 0.000020 55.269676 24.480326 0.500000 9.750000 44225.dat
9 0 0.642788 0.000000 -0.766044 -0.766044 0.000001 -0.642788 0.000001 1.000000 0.000001 -15.087276 8.500064 -12.659746 8.456725 8.185725 1.250000 44225.dat
9 0 -0.642787 0.000001 -0.766045 -0.766045 0.000000 0.642787 0.000001 1.000000 0.000001 -15.087293 8.500050 12.659752 8.456725 8.185725 1.250000 44225.dat
9 0 -0.642788 -0.000000 0.766044 0.766044 -0.000001 0.642788 0.000001 1.000000 0.000001 15.087406 8.500031 12.659777 8.456725 8.185725 1.250000 44225.dat
9 0 0.642787 -0.000001 0.766045 0.766045 -0.000000 -0.642787 0.000001 1.000000 0.000001 15.087422 8.500047 -12.659722 8.456725 8.185725 1.250000 44225.dat
9 0 -0.000001 -0.000001 1.000000 1.000000 -0.000001 0.000001 0.000001 1.000000 0.000001 19.431265 8.500036 0.000024 7.723175 8.870399 1.250000 44225.dat
9 0 0.258819 0.000000 -0.965926 -0.965926 0.000001 -0.258820 0.000001 1.000000 0.000001 23.482681 3.188004 6.292277 6.615850 0.567800 4.146000 44225.dat
9 0 -0.258818 0.000001 -0.965926 -0.965926 0.000000 0.258818 0.000001 1.000000 0.000001 23.482691 3.188012 -6.292224 6.615850 0.567800 4.146000 44225.dat
9 0 -0.707106 0.000001 -0.707107 -0.707107 0.000000 0.707106 0.000001 1.000000 0.000001 17.190548 3.188022 -17.190479 6.615850 0.567800 4.146000 44225.dat
9 0 -0.965926 0.000001 -0.258820 -0.258820 -0.000000 0.965926 0.000001 1.000000 0.000001 6.292227 3.188033 -23.482735 6.615850 0.567800 4.146000 44225.dat
9 0 -0.965926 0.000000 0.258818 0.258818 -0.000001 0.965926 0.000001 1.000000 0.000001 -6.292073 3.188040 -23.482735 6.615850 0.567800 4.146000 44225.dat
9 0 -0.707107 0.000000 0.707106 0.707106 -0.000001 0.707107 0.000001 1.000000 0.000001 -17.190401 3.188043 -17.190504 6.615850 0.567800 4.146000 44225.dat
9 0 -0.258820 -0.000000 0.965926 0.965926 -0.000001 0.258820 0.000001 1.000000 0.000001 -23.482559 3.188040 -6.292260 6.615850 0.567800 4.146000 44225.dat
9 0 0.258819 -0.000001 0.965926 0.965926 -0.000000 -0.258818 0.000001 1.000000 0.000001 -23.482569 3.188033 6.292242 6.615850 0.567800 4.146000 44225.dat
9 0 0.707106 -0.000001 0.707107 0.707107 -0.000000 -0.707106 0.000001 1.000000 0.000001 -17.190424 3.188022 17.190498 6.615850 0.567800 4.146000 44225.dat
9 0 -0.923879 0.000001 -0.382684 -0.382684 -0.000000 0.923879 0.000001 1.000000 0.000001 6.961633 0.000042 2.883512 0.137525 3.028325 7.750000 44225.dat
9 0 0.984808 -0.000001 -0.173648 -0.173648 0.000001 -0.984808 0.000001 1.000000 0.000001 -8.013869 0.000004 81.413055 0.137500 2.448725 9.750000 44225.dat
9 0 0.642788 0.000000 -0.766044 -0.766044 0.000001 -0.642788 0.000001 1.000000 0.000001 -5.230672 -0.000001 86.233681 0.137500 2.448725 9.750000 44225.dat
9 0 -0.984808 0.000001 -0.173649 -0.173649 -0.000000 0.984808 0.000001 1.000000 0.000001 8.013881 -0.000006 81.413063 0.137500 2.448725 9.750000 44225.dat
9 0 -0.642787 0.000001 -0.766045 -0.766045 0.000000 0.642787 0.000001 1.000000 0.000001 5.230678 -0.000007 86.233688 0.137500 2.448725 9.750000 44225.dat
9 0 0.000001 0.000001 -1.000000 -1.000000 0.000001 -0.000001 0.000001 1.000000 0.000001 0.000001 -0.000005 88.137505 0.137500 2.448725 9.750000 44225.dat
9 0 0.382684 0.000000 -0.923879 -0.923879 0.000001 -0.382684 0.000001 1.000000 0.000001 -2.883521 0.000045 6.961507 0.137525 3.028325 7.750000 44225.dat
9 0 0.923880 -0.000000 -0.382683 -0.382683 0.000001 -0.923880 0.000001 1.000000 0.000001 -6.961518 0.000051 2.883500 0.137525 3.028325 7.750000 44225.dat
9 0 -0.382683 0.000001 -0.923880 -0.923880 0.000000 0.382683 0.000001 1.000000 0.000001 2.883629 0.000042 6.961507 0.137525 3.028325 7.750000 44225.dat
9 0 0.923879 -0.000001 0.382684 0.382684 0.000000 -0.923879 0.000001 1.000000 0.000001 -6.961514 0.000054 -2.883500 0.137525 3.028325 7.750000 44225.dat
9 0 0.382683 -0.000001 0.923880 0.923880 -0.000000 -0.382683 0.000001 1.000000 0.000001 -2.883511 0.000054 -6.961494 0.137525 3.028325 7.750000 44225.dat
9 0 -0.382684 -0.000000 0.923879 0.923879 -0.000001 0.382684 0.000001 1.000000 0.000001 2.883638 0.000050 -6.961494 0.137525 3.028325 7.750000 44225.dat
9 0 -0.923880 0.000000 0.382683 0.382683 -0.000001 0.923880 0.000001 1.000000 0.000001 6.961636 0.000045 -2.883488 0.137525 3.028325 7.750000 44225.dat
10 0 -10.000000 -30.258751 -20.000000 110.237503 30.216249 0.000000 44225.dat
0 2 0.000001 0.000001 -1.000000 -0.000001 -1.000000 -0.000001 -1.000000 0.000001 -0.000001 0.000000 -10.000000 80.000000 0 0 0.800000 0 0 44225.dat
0 2 0.000001 0.000001 -1.000000 -0.000001 -1.000000 -0.000001 -1.000000 0.000001 -0.000001 0.000013 -9.999989 60.000004 0 0 0.800000 0 0 44225.dat
0 2 0.000001 0.000001 -1.000000 -0.000001 -1.000000 -0.000001 -1.000000 0.000001 -0.000001 0.000026 -9.999976 40.000000 0 0 0.800000 0 0 44225.dat
0 2 0.000001 0.000001 -1.000000 -0.000001 -1.000000 -0.000001 -1.000000 0.000001 -0.000001 0.000052 -9.999952 0.000000 0 0 0.800000 0 0 44225.dat
6 85 -1.000000 0.000001 -0.000001 -0.000001 -1.000000 -0.000001 -0.000001 -0.000001 1.000000 0.001559 0.000048 0.000006 0.000000 0.000000 0.000000 0.000000 1 44225.dat
2 22 0.000001 0.000001 -1.000000 -0.000001 -1.000000 -0.000001 -1.000000 0.000001 -0.000001 -10.000007 -10.000000 90.000000 2 6 22:1:1,22:2:1,22:2:1,22:2:1,22:2:1,22:2:1,22:1:1,22:2:1,16:4:64,22:2:1,16:4:64,22:2:1,16:4:64,22:2:1,22:1:1,22:2:1,22:2:1,22:2:1,22:2:1,22:2:1,22:1:1, 44225.dat
2 22 -0.000001 -0.000001 1.000000 0.000001 1.000000 0.000001 -1.000000 0.000001 -0.000001 -9.999928 10.000060 -9.999990 2 10 22:1:1,22:2:1,22:2:1,22:2:1,22:2:1,22:2:1,22:2:1,22:2:1,22:2:1,22:2:1,22:1:1,22:2:1,16:4:64,22:2:1,22:2:1,22:2:1,16:4:64,22:2:1,16:4:64,22:2:1,16:4:64,22:2:1,22:1:1,22:2:1,22:2:1,22:2:1,22:2:1,22:2:1,22:2:1,22:2:1,22:2:1,22:2:1,22:1:1, 44225.dat
