9 0 -1.000000 0.000000 0.000000 -0.000000 -0.207911 -0.978148 -0.000000 -0.978148 0.207911 0.000000 -25.247749 36.433498 13.447150 0.961625 19.686050 4424.dat
9 0 -1.000000 -0.000000 -0.000000 0.000000 0.000000 -1.000000 0.000000 -1.000000 0.000000 0.000000 -6.625000 0.000000 24.521450 24.521475 1.125000 4424.dat
9 0 -1.000000 0.000000 0.000000 -0.000000 0.000000 -1.000000 -0.000000 -1.000000 0.000000 0.000000 -2.625000 0.000000 16.617025 16.617050 2.375000 4424.dat
9 0 -0.766044 0.000001 -0.642789 0.628742 -0.207912 -0.749304 -0.133644 -0.978147 0.159270 -23.418999 -25.247749 27.909750 13.447174 0.961625 19.686050 4424.dat
9 0 -0.173650 -0.000001 -0.984808 0.963287 -0.207910 -0.169855 -0.204752 -0.978148 0.036104 -35.880001 -25.247749 6.326625 13.447174 0.961650 19.686050 4424.dat
9 0 0.500000 0.000001 -0.866025 0.847101 -0.207911 0.489074 -0.180055 -0.978148 -0.103956 -31.552351 -25.247749 -18.216749 13.447150 0.961625 19.686050 4424.dat
9 0 0.939693 0.000001 -0.342020 0.334546 -0.207911 0.919158 -0.071109 -0.978148 -0.195373 -12.460999 -25.247749 -34.236301 13.447150 0.961625 19.686050 4424.dat
9 0 0.939693 -0.000001 0.342020 -0.334546 -0.207911 0.919158 0.071109 -0.978148 -0.195373 12.460975 -25.247749 -34.236301 13.447150 0.961625 19.686050 4424.dat
9 0 0.500000 0.000001 0.866026 -0.847101 -0.207912 0.489074 0.180058 -0.978148 -0.103955 31.552250 -25.247749 -18.216749 13.447150 0.961625 19.686050 4424.dat
9 0 -0.173648 -0.000001 0.984808 -0.963288 -0.207910 -0.169853 0.204752 -0.978148 0.036102 35.880001 -25.247749 6.326600 13.447174 0.961650 19.686050 4424.dat
9 0 -0.766045 -0.000000 0.642787 -0.628741 -0.207911 -0.749305 0.133642 -0.978148 0.159269 23.419003 -25.247749 27.909750 13.447174 0.961650 19.686050 4424.dat
9 0 -1.000000 0.000000 0.000000 -0.000000 -0.207911 -0.978148 -0.000000 -0.978148 0.207911 0.000000 -25.247749 36.433498 13.447150 0.961625 19.686050 4424.dat
10 0 -33.738750 0.000000 -53.693996 53.738750 45.000000 33.694000 4424.dat
3 23 1.000000 0.000000 0.000000 0.000000 1.000000 0.000000 0.000000 0.000000 1.000000 -20.000000 -8.000000 20.000002 4 4 18:1:1,23:4:1,18:2:1,23:4:1,18:1:1,23:4:1,0:4:1,23:4:1,0:4:1,23:4:1,18:2:1,23:4:1,18:4:1,23:4:1,18:2:1,23:4:1,0:4:1,23:4:1,0:4:1,23:4:1,18:1:1,23:4:1,18:2:1,23:4:1,18:1:1, 4424.dat
2 22 1.000000 0.000000 0.000000 0.000000 1.000000 0.000000 0.000000 0.000000 1.000000 -20.000000 0.000000 20.000002 4 4 22:1:1,22:2:1,22:2:1,22:2:1,22:1:1,22:2:1,15:4:0,29:0:1,15:4:0,22:2:1,22:2:1,29:0:1,29:0:1,29:0:1,22:2:1,22:2:1,15:4:0,29:0:1,15:4:0,22:2:1,22:1:1,22:2:1,22:2:1,22:2:1,22:1:1, 4424.dat
