9 0 0.500000 0.866025 0.000000 -0.000000 -0.000000 -1.000000 -0.866025 0.500000 0.000000 -12.932340 44.847752 9.896498 10.928275 9.672650 0.239550 44352.dat
9 0 -0.461043 0.887378 0.000000 -0.000000 -0.000000 -1.000000 -0.887378 -0.461043 0.000000 -15.468022 -40.078098 -10.068050 17.529026 9.672650 0.239550 44352.dat
9 0 0.821249 0.570570 0.000000 -0.000000 -0.000000 -1.000000 -0.570570 0.821249 0.000000 0.004976 -40.007149 -10.931076 9.447275 8.818925 0.185250 44352.dat
9 0 0.824773 -0.565464 0.000297 -0.000157 0.000297 1.000000 -0.565464 -0.824773 0.000157 0.115976 -40.080124 -11.000676 9.447275 8.749300 0.199575 44352.dat
9 0 -0.000000 -1.000000 0.000000 -0.000000 -0.000000 -1.000000 1.000000 -0.000000 0.000000 8.513300 -49.987423 -11.074851 4.366000 8.784100 0.486700 44352.dat
9 0 -0.000000 -1.000000 0.000000 -0.000000 -0.000000 -1.000000 1.000000 -0.000000 0.000000 8.515077 -29.876951 -11.074851 4.366000 8.784100 0.484925 44352.dat
9 0 1.000000 0.000000 0.000000 -0.000000 -0.000000 -1.000000 0.000000 1.000000 0.000000 -10.654646 -21.396000 -7.000002 10.412850 6.750000 0.396025 44352.dat
9 0 1.000000 -0.000000 0.000000 0.000000 1.000000 0.000000 0.000000 0.000000 1.000000 -2.029273 -39.999996 -1.875727 11.029275 2.000000 1.624275 44352.dat
9 0 -0.000000 1.000000 0.000000 -1.000000 -0.000000 0.000000 0.000000 -0.000000 1.000000 -10.534521 -33.983376 -1.161426 12.983375 2.524050 0.909950 44352.dat
9 0 0.821249 0.570570 0.000000 -0.000000 -0.000000 -1.000000 -0.570570 0.821249 0.000000 -0.004117 40.006001 9.068997 9.447275 8.818925 0.181300 44352.dat
9 0 0.824773 -0.565464 0.000297 -0.000157 0.000297 1.000000 -0.565464 -0.824773 0.000157 0.120208 39.925999 8.999248 9.447275 8.749300 0.208225 44352.dat
9 0 -0.000000 -1.000000 0.000000 -0.000000 -0.000000 -1.000000 1.000000 -0.000000 0.000000 8.514807 30.012501 8.925245 4.366000 8.784100 0.485200 44352.dat
9 0 -1.000000 0.000000 0.000000 -0.000000 -0.000000 -1.000000 -0.000000 -1.000000 0.000000 -11.282267 21.488249 12.999998 11.032275 6.750000 0.488150 44352.dat
9 0 -0.000000 -1.000000 0.000000 -0.000000 -0.000000 -1.000000 1.000000 -0.000000 0.000000 8.506607 50.123001 8.925245 4.366000 8.784100 0.493400 44352.dat
9 0 1.000000 -0.000000 0.000000 0.000000 1.000000 0.000000 0.000000 0.000000 1.000000 -2.029266 39.999996 18.124249 11.029275 2.000000 1.624275 44352.dat
9 0 -0.000000 1.000000 0.000000 -1.000000 -0.000000 0.000000 0.000000 -0.000000 1.000000 -10.534516 32.625252 18.838497 11.625199 2.524050 0.909950 44352.dat
9 0 -0.173103 -0.984904 0.000000 -0.000000 -0.000000 -1.000000 0.984904 -0.173103 0.000000 -23.671839 15.702003 47.474499 12.513025 52.994503 0.613025 44352.dat
9 0 -0.425849 -0.904794 0.000000 -0.000000 -0.000000 -1.000000 0.904794 -0.425849 0.000000 -17.075460 35.451256 57.198246 12.513025 56.726002 0.613025 44352.dat
9 0 -0.866025 -0.500000 0.000000 -0.000000 -0.000000 -1.000000 0.500000 -0.866025 0.000000 4.094900 -57.068424 -11.074851 3.459175 8.784100 0.137500 44352.dat
9 0 -0.866025 0.500000 0.000000 -0.000000 -0.000000 -1.000000 -0.500000 -0.866025 0.000000 -4.085149 -57.098698 -11.074851 3.459175 8.784100 0.137500 44352.dat
9 0 -0.000000 1.000000 0.000000 -0.000000 -0.000000 -1.000000 -1.000000 -0.000000 0.000000 -8.137492 30.071503 8.925245 4.366000 8.784100 0.137500 44352.dat
9 0 -0.866025 -0.500000 0.000000 -0.000000 -0.000000 -1.000000 0.500000 -0.866025 0.000000 4.110582 22.909248 8.925245 4.366000 8.784100 0.142225 44352.dat
9 0 0.996568 0.045267 -0.069299 -0.009384 0.893601 0.448764 0.082240 -0.446574 0.890959 -18.653767 -0.010997 9.088998 4.613300 23.069126 0.613025 44352.dat
9 0 0.104529 -0.994522 0.000000 -0.000000 -0.000000 -1.000000 0.994522 0.104529 0.000000 -25.155741 -8.946747 34.801247 13.934401 46.601002 0.613025 44352.dat
9 0 0.502698 -0.864462 0.000000 -0.000000 -0.000000 -1.000000 0.864462 0.502698 0.000000 -15.050270 -41.433323 21.313496 6.286900 39.833252 1.030825 44352.dat
9 0 -0.990145 0.140047 0.000000 -0.000000 -0.000000 -1.000000 -0.140047 -0.990145 0.000000 -20.984770 -36.962421 -1.969402 4.668200 16.919725 0.506350 44352.dat
9 0 0.866025 -0.500000 0.000000 -0.000000 -0.000000 -1.000000 0.500000 0.866025 0.000000 4.014208 57.081749 8.925245 3.989200 8.784100 0.137500 44352.dat
9 0 0.866025 0.500000 0.000000 -0.000000 -0.000000 -1.000000 -0.500000 0.866025 0.000000 -4.028366 57.070507 8.925245 3.989200 8.784100 0.137500 44352.dat
9 0 -0.373788 0.927514 0.000000 -0.000000 -0.000000 -1.000000 -0.927514 -0.373788 0.000000 -26.521992 -32.628372 -0.055301 4.668200 17.687225 0.506350 44352.dat
9 0 0.866025 -0.500000 0.000000 -0.000000 -0.000000 -1.000000 0.500000 0.866025 0.000000 4.034127 -22.882000 -11.074851 4.366000 8.784100 0.137500 44352.dat
9 0 0.500000 0.866025 0.000000 -0.000000 -0.000000 -1.000000 -0.866025 0.500000 0.000000 -7.004597 -25.857300 -11.074851 4.366000 8.784100 0.137500 44352.dat
9 0 0.616357 0.787467 0.000000 -0.000000 -0.000000 -1.000000 -0.787467 0.616357 0.000000 -25.537243 -25.665945 3.766148 4.668200 19.826725 0.506350 44352.dat
9 0 0.990145 -0.140047 0.000000 -0.000000 -0.000000 -1.000000 0.140047 0.990145 0.000000 -19.015213 -23.037493 63.011997 4.668200 9.381050 0.506350 44352.dat
9 0 0.373788 -0.927514 0.000000 -0.000000 -0.000000 -1.000000 0.927514 0.373789 0.000000 -13.477964 -27.371620 59.377747 4.668200 9.381050 0.506350 44352.dat
9 0 -0.616356 -0.787467 0.000000 -0.000000 -0.000000 -1.000000 0.787467 -0.616356 0.000000 -14.462741 -34.334045 53.781746 4.668200 9.381050 0.506350 44352.dat
10 0 -109.250000 0.000000 -9.250000 9.250000 140.000000 29.315250 44352.dat
0 2 -0.000000 -1.000000 0.000000 -0.000000 -0.000000 -1.000000 1.000000 -0.000000 0.000000 0.000001 -30.000002 -20.000000 0 0 0.800000 0 0 44352.dat
0 2 -0.000000 -1.000000 0.000000 -0.000000 -0.000000 -1.000000 1.000000 -0.000000 0.000000 0.000000 -50.000000 -20.000000 0 0 0.800000 0 0 44352.dat
0 2 -0.000000 -1.000000 0.000000 -0.000000 -0.000000 -1.000000 1.000000 -0.000000 0.000000 0.000008 50.000000 -0.000001 0 0 0.800000 0 0 44352.dat
0 2 -0.000000 -1.000000 0.000000 -0.000000 -0.000000 -1.000000 1.000000 -0.000000 0.000000 0.000007 30.000002 -0.000001 0 0 0.800000 0 0 44352.dat
