9 0 0.891519 0.417076 -0.176756 -0.194478 0.000000 -0.980907 -0.409112 0.908872 0.081113 -22.416475 -9.650752 4.466105 0.954925 5.605675 10.157975 44359.dat
9 0 0.756016 0.417076 -0.504467 -0.555048 0.000000 -0.831818 -0.346931 0.908872 0.231497 -18.936375 -9.611755 12.664657 0.861425 5.605675 10.157975 44359.dat
9 0 0.505420 0.417076 -0.755379 -0.831118 0.000000 -0.556097 -0.231935 0.908871 0.346640 -12.621249 -9.584406 18.904982 0.795800 5.605675 10.157975 44359.dat
9 0 0.177881 0.417076 -0.891294 -0.980661 0.000000 -0.195716 -0.081628 0.908871 0.409011 -4.407800 -9.527758 22.182131 0.660000 5.605675 10.157975 44359.dat
9 0 -0.176739 0.417076 -0.891522 -0.980910 0.000000 0.194460 0.081105 0.908871 0.409114 4.411700 -9.530808 22.194330 0.667350 5.605675 10.157975 44359.dat
9 0 -0.504453 0.417075 -0.756026 -0.831829 -0.000000 0.555032 0.231490 0.908872 0.346936 12.547050 -9.517431 18.799757 0.635250 5.605675 10.157975 44359.dat
9 0 -0.755370 0.417075 -0.505434 -0.556112 -0.000001 0.831107 0.346634 0.908872 0.231941 18.650425 -9.445730 12.487706 0.463325 5.605675 10.157975 44359.dat
9 0 -0.891292 0.417076 -0.177897 -0.195734 -0.000001 0.980657 0.409008 0.908872 0.081637 22.015551 -9.451326 4.409756 0.476750 5.605675 10.157975 44359.dat
9 0 -0.891525 0.417076 0.176723 0.194442 -0.000000 0.980914 0.409116 0.908872 -0.081097 22.000525 -9.441599 -4.339345 0.453425 5.605675 10.157975 44359.dat
9 0 -0.756035 0.417076 0.504439 0.555016 -0.000001 0.831839 0.346941 0.908872 -0.231483 18.725250 -9.477946 -12.464794 0.540575 5.605675 10.157975 44359.dat
9 0 -0.505448 0.417076 0.755361 0.831097 -0.000000 0.556127 0.231947 0.908872 -0.346631 12.545450 -9.495695 -18.706570 0.583175 5.605675 10.157975 44359.dat
9 0 -0.177914 0.417075 0.891288 0.980653 -0.000000 0.195752 0.081644 0.908872 -0.409006 4.443100 -9.535917 -22.162144 0.679600 5.605675 10.157975 44359.dat
9 0 0.176706 0.417075 0.891529 0.980918 0.000000 -0.194424 -0.081089 0.908872 -0.409117 -4.393300 -9.562469 -22.224894 0.743275 5.605675 10.157975 44359.dat
9 0 0.504425 0.417075 0.756045 0.831849 0.000000 -0.555001 -0.231478 0.908872 -0.346944 -12.666650 -9.642519 -18.989643 0.935175 5.605675 10.157975 44359.dat
9 0 0.755351 0.417076 0.505463 0.556143 0.000000 -0.831087 -0.346626 0.908872 -0.231954 -19.023851 -9.669271 -12.722018 0.999350 5.605675 10.157975 44359.dat
9 0 0.891285 0.417076 0.177931 0.195771 0.000000 -0.980650 -0.409005 0.908872 -0.081651 -22.381649 -9.637199 -4.452569 0.922425 5.605675 10.157975 44359.dat
9 0 1.000000 0.000000 0.000000 0.000000 0.532996 -0.846118 0.000000 0.846118 0.532996 0.000000 -21.079996 -13.832799 3.625125 5.375000 1.851250 44359.dat
9 0 1.000000 0.000000 0.000000 0.000000 0.562687 0.826670 0.000000 -0.826670 0.562687 0.000000 -19.175430 13.740303 3.625125 4.528475 3.452050 44359.dat
9 0 0.000000 -0.000000 1.000000 0.822613 0.568602 -0.000000 -0.568602 0.822613 0.000000 14.174275 -20.575451 0.000002 3.625200 5.995175 1.936475 44359.dat
9 0 -0.003669 -0.000596 0.999993 -0.840083 0.542452 -0.002759 -0.542446 -0.840087 -0.002491 -14.078550 -20.141701 -0.010398 3.625175 4.982250 3.075850 44359.dat
9 0 0.707107 -0.000000 0.707107 0.707107 0.000000 -0.707107 0.000000 1.000000 0.000000 6.073000 -13.125002 6.073004 0.588550 5.323250 5.875000 44359.dat
9 0 0.707107 0.000000 -0.707107 -0.707107 0.000000 -0.707107 0.000000 1.000000 0.000000 6.073000 -13.124999 -6.072996 0.588550 5.323250 5.875000 44359.dat
9 0 -0.707107 0.000000 -0.707107 -0.707107 -0.000000 0.707107 0.000000 1.000000 0.000000 -6.073000 -13.124999 -6.072996 0.588550 5.323250 5.875000 44359.dat
9 0 -0.707107 -0.000000 0.707107 0.707107 -0.000000 0.707107 0.000000 1.000000 0.000000 -6.073000 -13.125002 6.073004 0.588550 5.323250 5.875000 44359.dat
9 0 0.707107 -0.000000 0.707107 0.707107 0.000000 -0.707107 0.000000 1.000000 0.000000 0.000000 -8.500001 0.000006 6.821075 6.821075 1.250000 44359.dat
9 0 0.706110 -0.000000 0.708102 0.708102 0.000000 -0.706110 0.000000 1.000000 0.000000 -5.044150 -19.521126 5.044303 2.606075 0.633600 7.271125 44359.dat
9 0 0.713515 0.000000 -0.700640 -0.700640 0.000000 -0.713515 0.000000 1.000000 0.000000 5.012925 -19.431202 5.090578 2.606075 0.622750 7.181200 44359.dat
9 0 -0.711027 0.000000 -0.703165 -0.703165 -0.000000 0.711027 0.000000 1.000000 0.000000 5.008850 -19.437849 -5.079298 2.606075 0.633650 7.187875 44359.dat
9 0 -0.714819 -0.000000 0.699310 0.699310 -0.000000 0.714819 0.000000 1.000000 0.000000 -5.005475 -19.499149 -5.101973 2.606075 0.619850 7.249150 44359.dat
10 0 -30.000002 -30.000002 -28.000000 30.000002 30.000002 2.500000 44359.dat
0 2 -0.000000 0.000000 -1.000000 0.000000 -1.000000 -0.000000 -1.000000 -0.000000 -0.000000 0.000000 -30.000002 -0.000001 0 1 0.800000 0 0 44359.dat
2 22 -0.000000 -0.000000 1.000000 -0.000000 -1.000000 -0.000000 1.000000 -0.000000 -0.000000 20.000000 -27.499994 -20.000000 4 4 29:0:1,29:0:1,29:0:1,29:0:1,29:0:1,29:0:1,15:4:1,23:4:1,15:4:1,29:0:1,29:0:1,23:4:1,7:4:1,23:4:1,29:0:1,29:0:1,15:4:1,23:4:1,15:4:1,29:0:1,29:0:1,29:0:1,29:0:1,29:0:1,29:0:1, 44359.dat
4 107 1.000000 0.000000 0.000000 0.000000 -1.000000 -0.000000 0.000000 0.000000 -1.000000 0.000000 0.500000 0.000009 1 44359.dat
4 106 1.000000 0.000000 0.000000 0.000000 1.000000 0.000000 0.000000 -0.000000 1.000000 0.000000 0.500000 0.000009 1 44359.dat
1 19 1.000000 0.000000 0.000000 0.000000 0.000000 -1.000000 0.000000 1.000000 0.000000 0.000000 0.500000 0.000009 44359.dat
