9 0 -1.000000 0.000000 -0.000000 -0.000000 0.984235 0.176866 0.000000 0.176866 -0.984235 33.636246 17.969149 15.912986 9.387675 7.652575 1.780625 44608.dat
9 0 -0.981890 -0.133969 -0.133953 -0.040359 0.838749 -0.543020 0.185101 -0.527780 -0.828967 32.494747 93.809746 8.295660 9.903775 12.862401 1.420450 44608.dat
9 0 -1.000000 0.000000 -0.000000 0.000000 1.000000 0.000000 0.000000 0.000000 -1.000000 44.011253 105.405495 -10.004661 2.722900 2.209100 12.563250 44608.dat
9 0 -1.000000 0.000000 -0.000000 0.000000 1.000000 0.000000 0.000000 0.000000 -1.000000 30.390505 113.729248 -10.004665 3.533950 3.167375 9.592225 44608.dat
9 0 -1.000000 0.000000 -0.000000 0.000000 1.000000 0.000000 0.000000 0.000000 -1.000000 31.362253 106.629250 -10.004664 9.426025 3.432725 11.455299 44608.dat
9 0 0.000000 0.000000 -1.000000 0.000000 1.000000 0.000000 1.000000 0.000000 0.000000 -22.505198 23.711226 -9.765058 25.881750 15.035900 2.061850 44608.dat
9 0 0.000000 0.000000 -1.000000 0.000000 1.000000 0.000000 1.000000 0.000000 0.000000 -26.149496 57.240498 -10.004683 25.076250 15.687400 3.382800 44608.dat
9 0 0.000000 -0.000000 -1.000000 0.007764 0.999970 0.000000 0.999970 -0.007764 0.000000 -25.797249 83.236748 -10.004683 16.193350 9.853150 1.569875 44608.dat
9 0 -0.000000 0.000000 1.000000 0.000000 1.000000 0.000000 -1.000000 0.000000 -0.000000 -1.049172 86.776749 -9.806849 6.056650 6.314375 2.402425 44608.dat
9 0 -1.000000 0.000000 -0.000000 0.000000 1.000000 0.000000 0.000000 0.000000 -1.000000 -10.185349 86.776749 -1.454153 6.056650 6.314375 2.014650 44608.dat
9 0 0.000000 0.000000 -1.000000 0.000000 1.000000 0.000000 1.000000 0.000000 0.000000 -22.589148 86.776749 -10.202532 6.056650 6.314375 6.065750 44608.dat
9 0 1.000000 0.000000 0.000000 0.000000 1.000000 0.000000 -0.000000 0.000000 1.000000 -9.789644 86.776749 -18.553629 6.056650 6.314375 2.013025 44608.dat
9 0 0.980738 0.000000 0.195329 0.000000 1.000000 0.000000 -0.195329 0.000000 0.980738 -5.911591 105.582497 -27.882004 3.797850 11.991325 0.887575 44608.dat
9 0 0.980738 0.000000 0.195329 0.000000 1.000000 0.000000 -0.195329 0.000000 0.980738 -5.911591 105.582497 -27.882004 3.797850 11.991325 0.887575 44608.dat
9 0 0.831334 0.000000 0.555774 0.000000 1.000000 0.000000 -0.555774 0.000000 0.831334 0.610658 105.582497 -24.916901 3.797850 11.991325 0.887575 44608.dat
9 0 0.555366 0.000000 0.831606 0.000000 1.000000 0.000000 -0.831606 0.000000 0.555366 5.501757 105.582497 -19.681549 3.797850 11.991325 0.887575 44608.dat
9 0 0.194848 0.000000 0.980834 0.000000 1.000000 0.000000 -0.980834 0.000000 0.194848 8.017030 105.582497 -12.972972 3.797850 11.991325 0.887575 44608.dat
9 0 -0.195334 0.000000 0.980737 0.000000 1.000000 0.000000 -0.980737 0.000000 -0.195334 7.773602 105.582497 -5.812498 3.797850 11.991325 0.887575 44608.dat
9 0 -0.555778 0.000000 0.831331 0.000000 1.000000 0.000000 -0.831331 0.000000 -0.555778 4.808475 105.582497 0.709752 3.797850 11.991325 0.887575 44608.dat
9 0 -0.831609 0.000000 0.555361 0.000000 1.000000 0.000000 -0.555361 0.000000 -0.831609 -0.426902 105.582497 5.600800 3.797850 11.991325 0.887575 44608.dat
9 0 -0.980835 0.000000 0.194842 0.000000 1.000000 0.000000 -0.194842 0.000000 -0.980835 -7.135503 105.582497 8.116048 3.797850 11.991325 0.887575 44608.dat
9 0 -0.980736 0.000000 -0.195340 0.000000 1.000000 0.000000 0.195340 0.000000 -0.980736 -14.295954 105.582497 7.872571 3.797850 11.991325 0.887575 44608.dat
9 0 -0.831327 0.000000 -0.555783 0.000000 1.000000 0.000000 0.555783 0.000000 -0.831327 -20.818203 105.582497 4.907393 3.797850 11.991325 0.887575 44608.dat
9 0 -0.555356 0.000000 -0.831613 0.000000 1.000000 0.000000 0.831613 0.000000 -0.555356 -25.709251 105.582497 -0.328008 3.797850 11.991325 0.887575 44608.dat
9 0 -0.194837 0.000000 -0.980836 0.000000 1.000000 0.000000 0.980836 0.000000 -0.194837 -28.224499 105.582497 -7.036609 3.797850 11.991325 0.887575 44608.dat
9 0 0.195345 0.000000 -0.980735 0.000000 1.000000 0.000000 0.980735 0.000000 0.195345 -27.980995 105.582497 -14.197059 3.797850 11.991325 0.887575 44608.dat
9 0 0.555788 0.000000 -0.831324 0.000000 1.000000 0.000000 0.831324 0.000000 0.555788 -25.015745 105.582497 -20.719282 3.797850 11.991325 0.887575 44608.dat
9 0 0.831616 0.000000 -0.555352 0.000000 1.000000 0.000000 0.555352 0.000000 0.831616 -19.780293 105.582497 -25.610256 3.797850 11.991325 0.887575 44608.dat
9 0 0.980837 0.000000 -0.194831 0.000000 1.000000 0.000000 0.194831 0.000000 0.980837 -13.071667 105.582497 -28.125504 3.797850 11.991325 0.887575 44608.dat
9 0 -1.000000 0.000000 -0.000000 0.000000 0.174489 -0.984659 0.000000 -0.984659 -0.174489 -4.366726 53.084248 3.032348 27.471251 4.123625 0.748175 44608.dat
9 0 -1.000000 0.000000 -0.000000 -0.000000 0.861896 0.507085 0.000000 0.507085 -0.861896 -0.041095 44.077751 -16.332375 23.413851 4.123625 0.748175 44608.dat
9 0 -1.000000 0.000000 -0.000000 -0.000000 0.174489 0.984659 0.000000 0.984659 -0.174489 -4.366717 53.084248 -23.041727 27.471251 4.123625 0.748175 44608.dat
9 0 -1.000000 0.000000 -0.000000 0.000000 0.861896 -0.507085 0.000000 -0.507085 -0.861896 -0.041099 44.077751 -3.676975 23.413851 4.123625 0.748175 44608.dat
9 0 -0.998827 0.048419 -0.000000 0.048419 0.998827 0.000000 0.000000 0.000000 -1.000000 -1.380155 22.989325 15.815001 17.099724 5.341150 3.315000 44608.dat
9 0 -0.981891 -0.133969 0.133952 -0.040359 0.838749 0.543020 -0.185100 0.527780 -0.828967 32.494759 93.809746 -28.609238 9.903775 12.862401 1.420450 44608.dat
9 0 -0.998827 0.048419 -0.000000 0.048419 0.998827 0.000000 0.000000 0.000000 -1.000000 -1.380138 22.989325 -35.850998 17.099724 5.341150 3.315000 44608.dat
9 0 -1.000000 0.000000 -0.000000 0.000000 0.984235 -0.176866 0.000000 -0.176866 -0.984235 33.636265 17.969149 -36.226486 9.387675 7.652575 1.780625 44608.dat
9 0 -0.732119 0.022959 0.680790 -0.014777 0.998661 -0.049570 -0.681017 -0.046351 -0.730799 -0.211893 103.964493 -20.028526 1.545175 6.283775 5.182475 44608.dat
9 0 -0.677910 0.022959 -0.734786 0.049628 0.998661 -0.014583 0.733468 -0.046352 -0.678142 -0.002125 103.964493 -0.189800 1.545175 6.283775 5.182475 44608.dat
9 0 0.734775 0.022959 -0.677922 0.014583 0.998661 0.049628 0.678154 -0.046352 0.733456 -19.802225 103.964493 -0.019156 1.545175 6.283775 5.182475 44608.dat
9 0 0.677935 0.022958 0.734764 -0.049627 0.998661 0.014585 -0.733445 -0.046352 0.678166 -19.973194 103.964493 -19.819256 1.545175 6.283775 5.182475 44608.dat
9 0 -1.000000 0.000000 -0.000000 0.000000 0.986973 -0.160887 0.000000 -0.160887 -0.986973 15.305220 67.914246 16.017979 18.164774 11.877275 1.846325 44608.dat
9 0 -1.000000 0.000000 -0.000000 -0.000000 0.986973 0.160887 0.000000 0.160887 -0.986973 15.305238 67.914246 -36.216244 18.164774 11.877275 1.846325 44608.dat
9 0 -0.754520 -0.014000 -0.656128 0.018960 0.998890 -0.043117 0.656003 -0.044973 -0.753417 -14.922680 82.171997 11.972545 9.581950 11.835700 0.719600 44608.dat
9 0 -0.754520 -0.014000 0.656128 0.018960 0.998890 0.043117 -0.656003 0.044973 -0.753417 -14.922665 82.171997 -31.982004 9.581950 11.835700 0.719600 44608.dat
9 0 0.000000 -0.000000 -1.000000 1.000000 -0.000000 0.000000 -0.000000 -1.000000 0.000000 15.830604 6.369875 -10.004669 13.331500 30.854248 0.542225 44608.dat
9 0 -1.000000 0.000000 -0.000000 0.000000 0.494930 -0.868933 0.000000 -0.868933 -0.494930 13.391309 10.444574 -28.968498 31.527502 7.652575 1.114775 44608.dat
9 0 -1.000000 0.000000 -0.000000 -0.000000 0.494930 0.868933 0.000000 0.868933 -0.494930 13.391296 10.444574 8.959205 31.527502 7.652575 1.114775 44608.dat
9 0 -0.831015 0.417953 -0.367054 0.446729 0.894639 0.007296 0.331431 -0.157911 -0.930171 31.321993 80.890747 14.104685 9.608150 6.980949 0.523375 44608.dat
9 0 -0.831016 0.417953 0.367054 0.446729 0.894639 -0.007296 -0.331430 0.157911 -0.930171 31.322012 80.890747 -34.113991 9.608150 6.980949 0.523375 44608.dat
9 0 -1.000000 0.000000 -0.000000 0.000000 1.000000 0.000000 0.000000 0.000000 -1.000000 7.737087 38.988503 -37.218494 25.069002 12.753100 1.780625 44608.dat
9 0 -1.000000 0.000000 -0.000000 0.000000 1.000000 0.000000 0.000000 0.000000 -1.000000 7.737069 38.988503 17.209105 25.069002 12.753100 1.780625 44608.dat
9 0 -0.371175 0.874331 0.312688 0.926407 0.371618 0.060578 -0.063235 0.312161 -0.947922 1.546885 81.866745 -31.054750 16.901749 9.998075 1.846325 44608.dat
9 0 -0.000000 0.000000 1.000000 0.000000 1.000000 0.000000 -1.000000 0.000000 -0.000000 32.575001 56.000000 -9.999990 4.148950 4.148950 19.750000 44608.dat
9 0 -0.371175 0.874331 -0.312688 0.926407 0.371618 -0.060577 0.063236 -0.312161 -0.947922 1.546871 81.866745 11.045476 16.901749 9.998075 1.846325 44608.dat
9 0 -0.000000 0.000000 1.000000 0.000000 1.000000 0.000000 -1.000000 0.000000 -0.000000 0.639378 56.000000 -10.000000 6.283875 6.283875 31.685501 44608.dat
9 0 1.000000 0.000000 0.000000 0.000000 1.000000 0.000000 -0.000000 0.000000 1.000000 -0.526240 87.115997 -31.398249 4.038950 6.653525 1.804325 44608.dat
9 0 -0.707107 0.000000 0.707107 0.000000 1.000000 0.000000 -0.707107 0.000000 -0.707107 -4.725411 87.115997 -41.867004 2.323175 6.653525 1.804325 44608.dat
9 0 -1.000000 0.000000 -0.000000 0.000000 1.000000 0.000000 0.000000 0.000000 -1.000000 -0.389086 87.115997 -43.620499 2.323175 6.653525 1.804325 44608.dat
9 0 -0.707107 0.000000 -0.707107 0.000000 1.000000 0.000000 0.707107 0.000000 -0.707107 3.917114 87.115997 -41.794250 2.323175 6.653525 1.804325 44608.dat
9 0 -0.995203 -0.007566 0.097538 -0.007069 0.999960 0.005446 -0.097575 0.004730 -0.995217 6.135161 88.448502 -34.793747 1.993775 5.341150 5.751425 44608.dat
9 0 1.000000 0.000000 0.000000 0.000000 1.000000 0.000000 -0.000000 0.000000 1.000000 -0.526254 87.115997 11.388801 4.038950 6.653525 1.804325 44608.dat
9 0 -0.707107 0.000000 -0.707107 0.000000 1.000000 0.000000 0.707107 0.000000 -0.707107 -4.725432 87.115997 21.857624 2.323175 6.653525 1.804325 44608.dat
9 0 -1.000000 0.000000 -0.000000 0.000000 1.000000 0.000000 0.000000 0.000000 -1.000000 -0.389108 87.115997 23.611200 2.323175 6.653525 1.804325 44608.dat
9 0 -0.707107 0.000000 0.707107 0.000000 1.000000 0.000000 -0.707107 0.000000 -0.707107 3.917093 87.115997 21.784901 2.323175 6.653525 1.804325 44608.dat
9 0 -0.995203 -0.007566 -0.097539 -0.007069 0.999960 -0.005446 0.097576 -0.004730 -0.995217 6.135145 88.448502 14.784476 1.993775 5.341150 5.751425 44608.dat
9 0 0.000000 -0.000000 -1.000000 1.000000 -0.000000 0.000000 -0.000000 -1.000000 0.000000 -0.935497 3.096550 -10.004675 20.074600 14.790476 2.238825 44608.dat
9 0 1.000000 0.000000 0.000000 0.000000 -1.000000 0.000000 0.000000 0.000000 -1.000000 19.975012 17.060650 -35.813244 2.829925 0.633400 3.315000 44608.dat
9 0 -1.000000 0.000000 -0.000000 0.000000 1.000000 0.000000 0.000000 0.000000 -1.000000 -10.012506 68.116745 15.652472 3.768525 4.476975 0.976400 44608.dat
9 0 0.000000 -1.000000 0.000000 -1.000000 -0.000000 -0.000000 0.000000 0.000000 -1.000000 -18.685505 59.443748 15.652469 6.485375 4.476975 0.976400 44608.dat
9 0 1.000000 0.000000 0.000000 0.000000 -1.000000 0.000000 0.000000 0.000000 -1.000000 -10.012506 50.770748 15.652472 6.485375 4.476975 0.976400 44608.dat
9 0 0.000000 1.000000 0.000000 1.000000 -0.000000 0.000000 0.000000 0.000000 -1.000000 -1.339505 59.443748 15.652474 6.485375 4.476975 0.976400 44608.dat
9 0 1.000000 0.000000 0.000000 0.000000 -1.000000 0.000000 0.000000 0.000000 -1.000000 -10.012488 50.770748 -35.661755 6.485375 4.476975 0.976400 44608.dat
9 0 0.000000 1.000000 0.000000 1.000000 -0.000000 0.000000 0.000000 0.000000 -1.000000 -1.339488 59.443748 -35.661751 6.485375 4.476975 0.976400 44608.dat
9 0 -1.000000 0.000000 -0.000000 0.000000 1.000000 0.000000 0.000000 0.000000 -1.000000 -10.012488 68.116745 -35.661755 3.768525 4.476975 0.976400 44608.dat
9 0 0.000000 -1.000000 0.000000 -1.000000 -0.000000 -0.000000 0.000000 0.000000 -1.000000 -18.685488 59.443748 -35.661758 6.485375 4.476975 0.976400 44608.dat
10 0 -52.574997 -117.823753 -45.683498 32.940250 4.450000 25.674252 44608.dat
0 3 0.000000 1.000000 0.000000 1.000000 -0.000000 0.000000 0.000000 0.000000 -1.000000 52.575005 56.000000 -9.999983 0 1 0.800000 0 0 44608.dat
3 23 -1.000000 0.000000 -0.000000 0.000000 1.000000 0.000000 0.000000 0.000000 -1.000000 10.000010 0.000000 -29.999998 4 2 29:0:1,23:4:1,29:0:1,23:4:1,1:4:0,23:4:1,18:2:1,23:4:1,18:2:1,23:4:1,1:4:0,23:4:1,29:0:1,23:4:1,29:0:1, 44608.dat
0 2 -1.000000 0.000000 -0.000000 0.000000 1.000000 0.000000 0.000000 0.000000 -1.000000 -9.987497 97.548744 -10.000003 0 0 0.800000 0 0 44608.dat
0 6 0.000000 1.000000 0.000000 -0.000000 -0.000000 1.000000 1.000000 0.000000 0.000000 19.975311 21.943850 -32.254993 0 0 0.285110 0 0 44608.dat
0 6 0.000000 1.000000 0.000000 -0.000000 -0.000000 1.000000 1.000000 0.000000 0.000000 19.975294 21.943850 19.373331 0 0 0.285110 0 0 44608.dat
0 6 0.000000 1.000000 0.000000 -0.000000 -0.000000 1.000000 1.000000 0.000000 0.000000 -10.012506 59.443748 16.878872 0 0 0.118881 0 0 44608.dat
0 6 0.000000 1.000000 0.000000 -0.000000 -0.000000 1.000000 1.000000 0.000000 0.000000 -10.012488 59.443748 -33.916252 0 0 0.118881 0 0 44608.dat
0 6 1.000000 0.000000 0.000000 0.000000 -1.000000 0.000000 0.000000 0.000000 -1.000000 -0.440513 81.573746 -37.509251 1 0 0.497825 0 0 44608.dat
0 6 1.000000 0.000000 0.000000 0.000000 -1.000000 0.000000 0.000000 0.000000 -1.000000 -0.440531 81.573746 17.500000 1 0 0.497825 0 0 44608.dat
