9 0 0.000001 -0.000001 1.000000 0.707106 0.707107 -0.000000 -0.707107 0.707106 0.000001 18.000057 15.249959 79.999992 31.000000 5.053300 5.053300 4466.dat
9 0 0.000001 -0.000001 1.000000 0.707106 0.707107 -0.000000 -0.707107 0.707106 0.000001 17.675207 14.901983 119.798981 8.299000 3.250350 2.752825 4466.dat
9 0 0.000001 -0.000001 1.000000 0.707106 0.707107 -0.000000 -0.707107 0.707106 0.000001 17.999893 -12.000104 184.999985 14.749999 3.285525 3.285525 4466.dat
9 0 0.000001 -0.576815 0.816875 0.707107 0.577618 0.407869 -0.707107 0.577617 0.407871 18.730562 -3.281381 145.305222 17.587624 3.285525 3.285525 4466.dat
9 0 0.000001 -0.000001 1.000000 0.707106 0.707107 -0.000000 -0.707107 0.707106 0.000001 18.000031 15.249983 40.322742 8.177325 3.285525 3.285525 4466.dat
9 0 -0.000000 0.780401 0.625280 0.707106 0.442140 -0.551827 -0.707107 0.442139 -0.551826 17.407850 3.013993 22.020235 11.162600 3.285525 3.285525 4466.dat
9 0 0.000000 0.385719 0.922616 0.707106 0.652389 -0.272745 -0.707107 0.652388 -0.272744 17.269096 -9.848572 2.783976 9.004725 3.285525 3.285525 4466.dat
9 0 -1.000000 -0.000001 0.000001 0.000000 0.707107 0.707107 -0.000001 0.707107 -0.707107 3.004750 -7.000010 10.026212 9.004725 3.285525 3.285525 4466.dat
9 0 -0.000001 1.000000 0.000001 0.707107 -0.000000 0.707107 0.707107 0.000001 -0.707107 -0.499978 -3.500012 9.999992 3.250000 3.285525 3.285525 4466.dat
9 0 -0.000001 1.000000 0.000001 0.707107 -0.000000 0.707107 0.707107 0.000001 -0.707107 -0.499984 4.999988 9.999997 4.750000 2.578425 2.578425 4466.dat
9 0 -0.000001 1.000000 0.000001 0.707107 -0.000000 0.707107 0.707107 0.000001 -0.707107 -0.499997 5.000000 -10.000003 4.750000 2.578425 2.578425 4466.dat
9 0 -0.000001 1.000000 0.000001 0.707107 -0.000000 0.707107 0.707107 0.000001 -0.707107 -0.499991 -3.500000 -10.000009 3.250000 3.285525 3.285525 4466.dat
9 0 -1.000000 -0.000001 0.000001 0.000000 0.707107 0.707107 -0.000001 0.707107 -0.707107 3.004740 -11.999998 -10.000016 9.004725 3.285525 3.285525 4466.dat
10 0 -5.000000 -26.000000 -12.750000 209.999985 5.750000 27.608749 4466.dat
0 7 1.000000 0.000001 -0.000001 0.000001 -1.000000 -0.000001 -0.000001 0.000001 -1.000000 -0.499980 -0.000012 9.999994 1 0 0.400000 0 0 4466.dat
0 7 1.000000 0.000001 -0.000001 0.000001 -1.000000 -0.000001 -0.000001 0.000001 -1.000000 -0.499993 0.000000 -10.000006 1 0 0.400000 0 0 4466.dat
2 22 0.000001 -0.000001 1.000000 -0.000001 1.000000 0.000001 -1.000000 -0.000001 0.000001 -10.500007 10.000000 -19.999992 2 2 29:0:0,29:0:0,29:0:0,29:0:0,9:4:32,29:0:0,29:0:0,29:0:0,29:0:0, 4466.dat
2 22 0.000001 -0.000001 1.000000 -0.000001 1.000000 0.000001 -1.000000 -0.000001 0.000001 -10.499993 9.999989 0.000007 2 2 29:0:0,29:0:0,29:0:0,29:0:0,9:4:32,29:0:0,29:0:0,29:0:0,29:0:0, 4466.dat
