9 0 0.000000 0.000000 -1.000000 0.000000 1.000000 0.000000 1.000000 0.000000 0.000000 0.000000 -2.125001 -20.625000 15.125000 1.625000 39.750000 4474.dat
9 0 0.000000 0.471627 -0.881798 -0.000000 0.881798 0.471627 1.000000 0.000000 0.000000 0.000000 18.178249 -75.570747 45.102753 0.643200 39.750000 4474.dat
9 0 0.000000 0.000000 -1.000000 0.000000 1.000000 0.000000 1.000000 0.000000 0.000000 0.000000 41.375000 -114.124992 1.625000 2.375000 39.750000 4474.dat
9 0 -1.000000 -0.000000 -0.000000 0.000000 0.707106 -0.707107 0.000000 -0.707107 -0.707106 28.999996 0.000000 -1.000024 6.750000 2.578425 2.578425 4474.dat
9 0 -1.000000 -0.000000 -0.000000 0.000000 0.707106 -0.707107 0.000000 -0.707107 -0.707106 9.999999 0.000000 -1.000024 7.750000 2.578425 2.578425 4474.dat
9 0 -1.000000 -0.000000 -0.000000 0.000000 0.707106 -0.707107 0.000000 -0.707107 -0.707106 -10.000001 0.000000 -1.000024 7.750000 2.578425 2.578425 4474.dat
9 0 -1.000000 -0.000000 -0.000000 0.000000 0.707106 -0.707107 0.000000 -0.707107 -0.707106 -29.000002 0.000000 -1.000025 6.750000 2.578425 2.578425 4474.dat
9 0 0.000000 0.101167 -0.994869 -0.000000 0.994869 0.101167 1.000000 0.000000 0.000000 38.124996 34.092976 -67.271004 30.838501 6.345925 1.625000 4474.dat
9 0 0.000000 0.000000 -1.000000 0.000000 1.000000 0.000000 1.000000 0.000000 0.000000 38.124996 41.375000 -57.250000 58.499996 2.375000 1.625000 4474.dat
9 0 0.000000 0.000000 -1.000000 0.000000 1.000000 0.000000 1.000000 0.000000 0.000000 38.124996 22.750000 -23.199524 25.949499 18.500000 1.625000 4474.dat
9 0 0.000000 0.472285 -0.881446 -0.000000 0.881446 0.472285 1.000000 0.000000 0.000000 38.124996 19.747150 -71.677246 42.412998 3.832050 1.625000 4474.dat
9 0 0.000000 0.000000 -1.000000 0.000000 1.000000 0.000000 1.000000 0.000000 0.000000 38.124996 16.000000 -20.624998 15.125000 19.750000 1.625000 4474.dat
9 0 0.000000 0.375145 -0.926966 -0.000000 0.926966 0.375145 1.000000 0.000000 0.000000 38.124996 22.174324 -63.298752 17.744350 7.970675 1.625000 4474.dat
9 0 0.000000 0.101167 -0.994869 -0.000000 0.994869 0.101167 1.000000 0.000000 0.000000 -38.125000 34.092976 -67.271004 30.838501 6.345925 1.625000 4474.dat
9 0 0.000000 0.000000 -1.000000 0.000000 1.000000 0.000000 1.000000 0.000000 0.000000 -38.125000 41.375000 -57.250000 58.499996 2.375000 1.625000 4474.dat
9 0 0.000000 0.000000 -1.000000 0.000000 1.000000 0.000000 1.000000 0.000000 0.000000 -38.125004 22.750000 -23.199526 25.949499 18.500000 1.625000 4474.dat
9 0 0.000000 0.472285 -0.881446 -0.000000 0.881446 0.472285 1.000000 0.000000 0.000000 -37.663002 19.747150 -71.677246 42.412998 3.832050 1.625000 4474.dat
9 0 0.000000 0.000000 -1.000000 0.000000 1.000000 0.000000 1.000000 0.000000 0.000000 -38.125004 16.000000 -20.625000 15.125000 19.750000 1.625000 4474.dat
9 0 0.000000 0.375145 -0.926966 -0.000000 0.926966 0.375145 1.000000 0.000000 0.000000 -38.125000 22.174324 -63.298752 17.744350 7.970675 1.625000 4474.dat
10 0 -10.000000 0.000000 -70.000000 110.000000 48.000000 10.000000 4474.dat
6 169 0.000000 0.000000 -1.000000 1.000000 -0.000000 0.000000 -0.000000 -1.000000 -0.000000 0.000000 0.000000 -0.999999 0.000000 0.000000 0.000000 0.000000 0 4474.dat
