9 0 -0.000000 -0.000000 -1.000000 1.000000 0.000000 -0.000000 0.000000 -1.000000 0.000000 0.000022 1.875007 0.000006 19.750000 19.750000 1.625000 4476.dat
9 0 -0.000000 -0.000000 -1.000000 1.000000 0.000000 -0.000000 0.000000 -1.000000 0.000000 0.000010 116.000008 -39.999996 39.750000 19.750000 3.750000 4476.dat
9 0 -0.000000 0.905661 -0.424003 1.000000 0.000000 -0.000000 -0.000000 -0.424003 -0.905661 0.000010 59.409504 -38.928497 60.653503 5.750000 0.933225 4476.dat
9 0 -0.000001 0.966501 -0.256661 1.000000 0.000000 -0.000001 -0.000001 -0.256661 -0.966501 0.000021 58.539505 -2.425742 56.124252 5.750000 0.933225 4476.dat
9 0 -0.000000 0.912746 -0.408528 1.000000 0.000000 -0.000000 -0.000000 -0.408528 -0.912746 0.000012 57.577251 -32.944744 61.165749 1.625000 3.750000 4476.dat
9 0 -0.000000 0.962064 -0.272824 1.000000 0.000000 -0.000001 -0.000000 -0.272824 -0.962064 0.000019 59.019005 -7.238990 56.691498 1.625000 3.750000 4476.dat
9 0 0.003054 0.003055 -0.999991 0.999995 -0.000007 0.003054 0.000002 -0.999995 -0.003055 0.000009 108.875504 -40.991993 17.465050 1.625000 4.088900 4476.dat
9 0 -0.000000 0.000000 -1.000000 1.000000 0.000003 -0.000000 0.000003 -1.000000 -0.000000 0.000014 71.501251 -25.555744 13.740450 1.625000 2.226875 4476.dat
9 0 0.003054 0.003055 -0.999991 0.999995 -0.000007 0.003054 0.000002 -0.999995 -0.003055 0.000018 38.749252 -12.939495 13.740450 1.625000 2.231125 4476.dat
10 0 -10.000000 0.000000 -30.000002 90.000000 124.450005 10.000000 4476.dat
3 23 0.000000 0.000000 1.000000 0.000000 1.000000 0.000000 -1.000000 0.000000 0.000000 -19.999987 0.000000 -19.999987 4 4 18:1:1,23:4:1,18:2:1,23:4:1,18:1:1,23:4:1,1:4:1,23:4:1,1:4:1,23:4:1,18:2:1,23:4:1,18:4:1,23:4:1,18:2:1,23:4:1,1:4:1,23:4:1,1:4:1,23:4:1,18:1:1,23:4:1,18:2:1,23:4:1,18:1:1, 4476.dat
2 22 0.000000 0.000000 1.000000 0.000000 1.000000 0.000000 -1.000000 0.000000 0.000000 -20.000004 120.000008 -79.999992 4 8 22:1:1,22:2:1,22:2:1,22:2:1,22:2:1,22:2:1,22:2:1,22:2:1,22:1:1,22:2:1,15:4:1,23:4:1,15:4:1,23:4:1,15:4:1,23:4:1,15:4:1,22:2:1,22:2:1,23:4:1,7:4:1,23:4:1,7:4:1,23:4:1,7:4:1,23:4:1,22:2:1,22:2:1,15:4:1,23:4:1,15:4:1,23:4:1,15:4:1,23:4:1,15:4:1,22:2:1,22:1:1,22:2:1,22:2:1,22:2:1,22:2:1,22:2:1,22:2:1,22:2:1,22:1:1, 4476.dat
