9 0 0.000000 -0.000000 1.000000 -0.000001 -1.000000 -0.000000 1.000000 -0.000001 -0.000000 14.499998 -8.500000 -0.000001 9.000000 0.500000 5.750000 44809.dat
9 0 0.000000 -0.000000 1.000000 0.000000 -1.000000 -0.000000 1.000000 0.000000 -0.000000 0.499999 -8.500000 -14.000000 5.750000 0.500000 9.000000 44809.dat
9 0 0.000000 -0.000000 1.000000 0.000000 -1.000000 -0.000000 1.000000 0.000000 -0.000000 -0.125002 8.499999 -14.000002 5.750000 0.500000 8.375000 44809.dat
9 0 1.000000 0.000000 0.000000 0.000000 -1.000000 0.000000 0.000000 -0.000000 -1.000000 0.499999 -0.000001 -10.125001 9.000000 9.000000 1.875000 44809.dat
9 0 -0.000000 0.000000 1.000000 0.000000 -1.000000 0.000000 1.000000 0.000000 0.000000 10.624999 -0.000001 -0.000001 9.000000 9.000000 1.875000 44809.dat
9 0 1.000000 0.000000 0.000000 0.000000 -1.000000 0.000000 0.000000 -0.000000 -1.000000 -8.125000 -0.000001 -6.125000 0.375000 9.000000 5.875000 44809.dat
9 0 -0.000000 0.000000 1.000000 0.000000 -1.000000 0.000000 1.000000 0.000000 0.000000 6.625000 -0.000001 8.499999 0.500000 9.000000 5.875000 44809.dat
9 0 -1.000000 -0.000000 0.000000 0.000000 -1.000000 0.000000 0.000000 -0.000000 1.000000 28.637495 -0.000001 -0.000002 0.137500 2.448725 9.750000 44809.dat
9 0 -0.766045 -0.642787 0.000000 0.642787 -0.766045 -0.000000 0.000000 -0.000000 1.000000 26.733747 5.230673 0.999998 0.137500 2.448725 8.750000 44809.dat
9 0 -0.766045 0.642787 -0.000000 -0.642787 -0.766045 0.000000 -0.000000 0.000000 1.000000 26.733747 -5.230676 -0.000001 0.137500 2.448725 9.750000 44809.dat
9 0 -0.000000 -0.000000 1.000000 -0.000000 1.000000 0.000000 -1.000000 0.000000 -0.000000 0.499997 -0.000001 -28.137499 0.137500 2.448725 9.750000 44809.dat
9 0 -0.000001 0.642788 0.766044 0.000000 0.766044 -0.642788 -1.000000 -0.000000 -0.000001 0.499998 -5.230676 -26.233751 0.137500 2.448725 9.750000 44809.dat
9 0 0.000001 -0.642788 0.766044 0.000000 0.766044 0.642788 -1.000000 -0.000000 0.000001 -0.500003 5.230673 -26.233751 0.137500 2.448725 8.750000 44809.dat
9 0 -0.000000 0.000000 -1.000000 1.000000 -0.000000 -0.000000 0.000000 -1.000000 0.000000 0.500000 -0.000001 8.387499 0.137500 2.448725 9.750000 44809.dat
9 0 0.707106 -0.000000 -0.707108 0.707108 -0.000000 0.707106 0.000000 -1.000000 0.000000 -5.254075 -0.000001 5.754075 0.137500 2.448725 9.750000 44809.dat
9 0 0.000000 -0.000000 1.000000 -0.000001 -1.000000 -0.000000 1.000000 -0.000001 -0.000000 14.500022 8.499999 0.624998 8.375000 0.500000 5.750000 44809.dat
9 0 -0.000000 0.000000 -1.000000 -1.000000 0.000000 0.000000 -0.000000 1.000000 -0.000000 -6.500000 -0.000001 -4.562500 8.937500 0.500000 7.750000 44809.dat
9 0 -0.000000 0.000000 -1.000000 -1.000000 0.000000 0.000000 -0.000000 1.000000 -0.000000 7.499999 -0.000001 -4.562501 8.937500 0.500000 7.750000 44809.dat
9 0 -0.000000 0.000000 -1.000000 -1.000000 0.000000 0.000000 -0.000000 1.000000 -0.000000 13.499996 -0.000001 -0.000001 7.750000 0.500000 9.000000 44809.dat
9 0 -0.000000 0.000000 -1.000000 -1.000000 0.000000 0.000000 -0.000000 1.000000 -0.000000 27.499998 0.038649 -0.000002 7.750000 0.500000 4.609675 44809.dat
9 0 -0.000000 0.000000 -1.000000 0.000000 -1.000000 0.000000 -1.000000 -0.000000 0.000000 16.010349 -7.000001 -0.000001 7.750000 0.500000 9.010350 44809.dat
9 0 -0.000000 0.000000 -1.000000 0.000000 -1.000000 0.000000 -1.000000 -0.000000 0.000000 16.035521 6.999999 -0.000002 7.750000 0.500000 9.035524 44809.dat
9 0 -0.000000 0.000000 -1.000000 -0.000000 1.000000 -0.000000 1.000000 -0.000000 -0.000000 0.499998 6.999999 -15.516626 9.016624 0.500000 7.750000 44809.dat
9 0 -0.000000 0.000000 -1.000000 -0.000000 1.000000 -0.000000 1.000000 -0.000000 -0.000000 0.499999 -7.000001 -15.516625 9.016624 0.500000 7.750000 44809.dat
10 0 -10.000000 -10.000000 -20.000000 30.000002 30.000002 0.000000 44809.dat
0 2 -0.000000 0.000000 -1.000000 0.000000 -1.000000 0.000000 -1.000000 -0.000000 0.000000 0.500000 -10.000000 0.000000 0 0 0.800000 0 0 44809.dat
0 2 0.000000 -1.000000 0.000000 0.000000 0.000000 1.000000 -1.000000 -0.000000 0.000000 20.499996 -0.000001 9.999999 0 0 0.800000 0 0 44809.dat
0 2 0.000000 -1.000000 0.000000 -1.000000 0.000000 0.000000 -0.000000 -0.000000 -1.000000 -9.500001 -0.000001 -20.000000 0 0 0.800000 0 0 44809.dat
2 22 -0.000000 0.000000 -1.000000 0.000000 -1.000000 0.000000 -1.000000 -0.000000 0.000000 -9.499998 -10.000000 10.000001 2 2 22:1:1,22:2:1,22:1:1,22:2:1,16:4:64,22:2:1,22:1:1,22:2:1,22:1:1, 44809.dat
2 22 -0.000000 -0.000000 1.000000 -0.000000 1.000000 0.000000 -1.000000 0.000000 -0.000000 -9.500001 9.999999 -10.000001 2 2 22:1:1,22:2:1,22:1:1,22:2:1,16:4:64,22:2:1,22:1:1,22:2:1,22:1:1, 44809.dat
2 22 -0.000000 1.000000 -0.000000 -0.000000 0.000000 -1.000000 -1.000000 -0.000000 0.000000 10.499999 -10.000000 -10.000001 2 2 22:1:1,22:2:1,22:1:1,22:2:1,16:4:64,22:2:1,22:1:1,22:2:1,22:1:1, 44809.dat
2 22 -0.000000 1.000000 -0.000000 1.000000 -0.000000 -0.000000 -0.000000 0.000000 -1.000000 10.499998 -10.000000 -30.000002 2 2 22:1:1,22:2:1,22:1:1,22:2:1,16:4:64,22:2:1,22:1:1,22:2:1,22:1:1, 44809.dat
2 22 -0.000000 1.000000 -0.000000 -1.000000 0.000000 0.000000 0.000000 -0.000000 1.000000 -9.500000 -10.000000 -9.999999 2 2 22:1:1,22:2:1,22:1:1,22:2:1,16:4:64,22:2:1,22:1:1,22:2:1,22:1:1, 44809.dat
2 22 -0.000000 1.000000 -0.000000 0.000000 0.000000 1.000000 1.000000 -0.000000 -0.000000 30.499998 -10.000000 9.999999 2 2 22:1:1,22:2:1,22:1:1,22:2:1,16:4:64,22:2:1,22:1:1,22:2:1,22:1:1, 44809.dat
