9 0 1.000000 0.000000 0.000000 0.000000 1.000000 0.000000 0.000000 0.000000 1.000000 0.003125 -7.758125 -1.404950 3.543275 1.035600 5.345075 4489.dat
9 0 1.000000 0.000000 0.000000 0.000000 1.000000 0.000000 0.000000 0.000000 1.000000 0.000000 -5.435125 3.000000 2.594375 1.185125 4.750000 4489.dat
9 0 0.707107 -0.707107 0.000000 0.707107 0.707107 0.000000 0.000000 0.000000 1.000000 -5.483625 -5.488050 -1.404950 3.543275 1.035600 5.345075 4489.dat
9 0 0.707107 -0.707107 0.000000 0.707107 0.707107 0.000000 0.000000 0.000000 1.000000 -3.843200 -3.843200 3.000000 2.594375 1.185125 4.750000 4489.dat
9 0 -0.000000 -1.000000 0.000000 1.000000 -0.000000 0.000000 0.000000 0.000000 1.000000 -7.758125 -0.003125 -1.404950 3.543275 1.035600 5.345075 4489.dat
9 0 -0.000000 -1.000000 0.000000 1.000000 -0.000000 0.000000 0.000000 0.000000 1.000000 -5.435125 0.000000 3.000000 2.594375 1.185125 4.750000 4489.dat
9 0 -0.707107 -0.707107 0.000000 0.707107 -0.707107 0.000000 0.000000 0.000000 1.000000 -5.488050 5.483625 -1.404950 3.543275 1.035600 5.345075 4489.dat
9 0 -0.707107 -0.707107 0.000000 0.707107 -0.707107 0.000000 0.000000 0.000000 1.000000 -3.843200 3.843200 3.000000 2.594375 1.185125 4.750000 4489.dat
9 0 -1.000000 0.000000 0.000000 -0.000000 -1.000000 0.000000 0.000000 0.000000 1.000000 -0.003125 7.758125 -1.404950 3.543275 1.035600 5.345075 4489.dat
9 0 -1.000000 0.000000 0.000000 -0.000000 -1.000000 0.000000 0.000000 0.000000 1.000000 0.000000 5.435125 3.000000 2.594375 1.185125 4.750000 4489.dat
9 0 -0.707107 0.707107 0.000000 -0.707107 -0.707107 0.000000 0.000000 0.000000 1.000000 5.483625 5.488050 -1.404950 3.543275 1.035600 5.345075 4489.dat
9 0 -0.707107 0.707107 0.000000 -0.707107 -0.707107 0.000000 0.000000 0.000000 1.000000 3.843200 3.843200 3.000000 2.594375 1.185125 4.750000 4489.dat
9 0 -0.000000 1.000000 0.000000 -1.000000 -0.000000 0.000000 0.000000 0.000000 1.000000 7.758125 0.003125 -1.404950 3.543275 1.035600 5.345075 4489.dat
9 0 -0.000000 1.000000 0.000000 -1.000000 -0.000000 0.000000 0.000000 0.000000 1.000000 5.435125 0.000000 3.000000 2.594375 1.185125 4.750000 4489.dat
9 0 0.707107 0.707107 0.000000 -0.707107 0.707107 0.000000 0.000000 0.000000 1.000000 5.488050 -5.483625 -1.404950 3.543275 1.035600 5.345075 4489.dat
9 0 0.707107 0.707107 0.000000 -0.707107 0.707107 0.000000 0.000000 0.000000 1.000000 3.843200 -3.843200 3.000000 2.594375 1.185125 4.750000 4489.dat
9 0 1.000000 0.000000 0.000000 0.000000 0.975573 0.219676 0.000000 -0.219676 0.975573 0.000000 -22.423676 -4.203075 2.250000 13.487400 1.681100 4489.dat
9 0 0.707107 -0.707107 0.000000 0.689834 0.689834 0.219676 -0.155335 -0.155334 0.975573 -15.855925 -15.855925 -4.203075 2.250000 13.487400 1.681100 4489.dat
9 0 0.000000 -1.000000 0.000000 0.975573 0.000000 0.219676 -0.219676 0.000000 0.975573 -22.423676 0.000000 -4.203075 2.250000 13.487400 1.681100 4489.dat
9 0 -0.707107 -0.707107 -0.000000 0.689834 -0.689834 0.219675 -0.155334 0.155334 0.975573 -15.855925 15.855925 -4.203075 2.250000 13.487400 1.681100 4489.dat
9 0 -1.000000 0.000000 -0.000000 -0.000000 -0.975573 0.219676 0.000000 0.219676 0.975573 0.000000 22.423676 -4.203075 2.250000 13.487400 1.681100 4489.dat
9 0 -0.707107 0.707107 0.000000 -0.689834 -0.689834 0.219675 0.155334 0.155334 0.975573 15.855925 15.855925 -4.203075 2.250000 13.487400 1.681100 4489.dat
9 0 0.000000 1.000000 0.000000 -0.975573 0.000000 0.219676 0.219676 0.000000 0.975573 22.423676 0.000000 -4.203075 2.250000 13.487400 1.681100 4489.dat
9 0 0.707107 0.707107 -0.000000 -0.689834 0.689834 0.219676 0.155335 -0.155334 0.975573 15.855925 -15.855925 -4.203075 2.250000 13.487400 1.681100 4489.dat
9 0 1.000000 0.000000 0.000000 0.000000 0.975573 0.219676 0.000000 -0.219676 0.975573 0.000000 -22.423676 -4.203075 2.250000 13.487400 1.681100 4489.dat
9 0 1.000000 0.000000 0.000000 0.000000 0.975573 0.219676 0.000000 -0.219676 0.975573 0.000000 -22.423676 -4.203075 2.250000 13.487400 1.681100 4489.dat
9 0 0.980785 -0.195090 0.000000 0.195090 0.980785 0.000000 0.000000 0.000000 1.000000 -7.366625 -37.034752 -6.500000 7.992575 3.427950 3.250000 4489.dat
9 0 0.980785 0.195090 0.000000 -0.195090 0.980785 0.000000 0.000000 0.000000 1.000000 7.366675 -37.034752 -6.500000 7.992575 3.427950 3.250000 4489.dat
9 0 0.831470 0.555570 0.000000 -0.555570 0.831470 0.000000 0.000000 0.000000 1.000000 20.978474 -31.396500 -6.500000 7.992575 3.427950 3.250000 4489.dat
9 0 0.555570 0.831470 0.000000 -0.831470 0.555570 0.000000 0.000000 0.000000 1.000000 31.396500 -20.978449 -6.500000 7.992575 3.427950 3.250000 4489.dat
9 0 0.195090 0.980785 0.000000 -0.980785 0.195090 0.000000 0.000000 0.000000 1.000000 37.034752 -7.366625 -6.500000 7.992575 3.427950 3.250000 4489.dat
9 0 -0.195090 0.980785 0.000000 -0.980785 -0.195090 0.000000 0.000000 0.000000 1.000000 37.034752 7.366675 -6.500000 7.992575 3.427950 3.250000 4489.dat
9 0 -0.555570 0.831470 0.000000 -0.831470 -0.555570 0.000000 0.000000 0.000000 1.000000 31.396500 20.978474 -6.500000 7.992575 3.427950 3.250000 4489.dat
9 0 -0.831470 0.555570 0.000000 -0.555570 -0.831470 0.000000 0.000000 0.000000 1.000000 20.978449 31.396500 -6.500000 7.992575 3.427950 3.250000 4489.dat
9 0 -0.980785 0.195090 0.000000 -0.195090 -0.980785 0.000000 0.000000 0.000000 1.000000 7.366625 37.034752 -6.500000 7.992575 3.427950 3.250000 4489.dat
9 0 -0.980785 -0.195090 0.000000 0.195090 -0.980785 0.000000 0.000000 0.000000 1.000000 -7.366675 37.034752 -6.500000 7.992575 3.427950 3.250000 4489.dat
9 0 -0.831470 -0.555570 0.000000 0.555570 -0.831470 0.000000 0.000000 0.000000 1.000000 -20.978474 31.396500 -6.500000 7.992575 3.427950 3.250000 4489.dat
9 0 -0.555570 -0.831470 0.000000 0.831470 -0.555570 0.000000 0.000000 0.000000 1.000000 -31.396500 20.978449 -6.500000 7.992575 3.427950 3.250000 4489.dat
9 0 -0.195090 -0.980785 0.000000 0.980785 -0.195090 0.000000 0.000000 0.000000 1.000000 -37.034752 7.366625 -6.500000 7.992575 3.427950 3.250000 4489.dat
9 0 0.195090 -0.980785 0.000000 0.980785 0.195090 0.000000 0.000000 0.000000 1.000000 -37.034752 -7.366675 -6.500000 7.992575 3.427950 3.250000 4489.dat
9 0 0.555570 -0.831470 0.000000 0.831470 0.555570 0.000000 0.000000 0.000000 1.000000 -31.396500 -20.978474 -6.500000 7.992575 3.427950 3.250000 4489.dat
9 0 0.831470 -0.555570 0.000000 0.555570 0.831470 0.000000 0.000000 0.000000 1.000000 -20.978449 -31.396500 -6.500000 7.992575 3.427950 3.250000 4489.dat
10 0 -42.250000 -42.250000 0.000000 42.250000 42.250000 19.750000 4489.dat
6 86 -0.000000 1.000000 0.000000 0.000000 -0.000000 1.000000 1.000000 0.000000 -0.000000 0.000000 0.000000 2.750000 0.000000 0.000000 0.000000 0.000000 0 4489.dat
