9 0 0.000000 0.024163 -0.999708 -0.000000 0.999708 0.024163 1.000000 0.000000 0.000000 0.079706 -68.891129 -23.014719 1.216150 7.228450 5.978650 4492.dat
9 0 0.000000 0.144651 -0.989483 -0.000000 0.989483 0.144651 1.000000 0.000000 0.000000 -0.000000 -8.952453 0.417422 18.155926 7.949550 8.039050 4492.dat
9 0 0.000000 0.514698 -0.857371 -0.000000 0.857371 0.514698 1.000000 0.000000 0.000000 0.000008 -42.053547 -30.524614 24.130949 8.317625 6.806525 4492.dat
9 0 0.000000 0.799043 -0.601274 -0.000000 0.601274 0.799043 1.000000 0.000000 0.000000 0.000005 -39.040119 -17.318672 13.558599 23.930075 6.371000 4492.dat
9 0 0.000000 -0.160103 -0.987100 0.000000 0.987100 -0.160103 1.000000 0.000000 0.000000 -0.000000 -0.429462 0.226125 17.178001 9.585275 9.078000 4492.dat
9 0 0.000000 -0.160103 -0.987100 0.000000 0.987100 -0.160103 1.000000 0.000000 0.000000 0.000000 2.753933 -0.607524 9.969875 14.041101 9.190375 4492.dat
9 0 0.000000 0.514698 -0.857371 -0.000000 0.857371 0.514698 1.000000 0.000000 0.000000 0.000008 -41.589321 -31.297661 26.591501 5.076100 6.806525 4492.dat
9 0 0.000000 0.704235 -0.709967 -0.000000 0.709967 0.704235 1.000000 0.000000 0.000000 0.000004 -50.945408 -12.271700 6.096550 21.316151 6.286000 4492.dat
9 0 0.000000 0.397300 -0.917689 -0.000000 0.917689 0.397300 1.000000 0.000000 0.000000 0.000000 -21.617205 -1.003901 15.628925 10.140574 8.039050 4492.dat
9 0 0.000000 -0.004553 -0.999990 -0.000000 0.999990 -0.004553 1.000000 0.000000 0.000000 0.000000 -4.204369 -0.472413 18.171700 10.043025 8.854575 4492.dat
9 0 0.000000 -0.116071 -0.993241 0.000000 0.993241 -0.116071 1.000000 0.000000 0.000000 0.000005 -35.921677 -19.269203 22.532549 10.140574 7.472125 4492.dat
10 0 -19.972376 -19.999300 -10.000000 61.701000 72.967499 10.000000 4492.dat
4 59 0.000000 -0.160103 -0.987100 0.000000 0.987100 -0.160103 1.000000 0.000000 0.000000 0.000006 -52.183895 -21.928078 2 4492.dat
6 99 0.000000 -0.160103 -0.987100 -1.000000 -0.000000 -0.000000 -0.000000 0.987100 -0.160103 0.000000 0.000000 0.000000 0.000000 0.000000 0.000000 0.000000 1 4492.dat
