9 0 1.000000 0.000000 0.000000 0.000000 1.000000 0.000000 0.000000 0.000000 1.000000 0.000000 13.451997 0.000000 2.500000 37.518002 2.500000 4496.dat
9 0 1.000000 0.000000 0.000000 0.000000 0.824382 0.566034 0.000000 -0.566034 0.824382 0.000000 -77.872002 -2.666950 1.411550 5.499700 0.871800 4496.dat
9 0 1.000000 0.000000 0.000000 0.000000 1.000000 0.000000 0.000000 0.000000 1.000000 12.679675 -57.164001 -0.283275 1.873500 15.322425 1.700675 4496.dat
9 0 1.000000 0.000000 0.000000 0.000000 0.824382 0.566034 0.000000 -0.566034 0.824382 -12.750000 -77.872002 -2.666950 1.417875 5.499700 0.878125 4496.dat
9 0 1.000000 0.000000 0.000000 0.000000 1.000000 0.000000 0.000000 0.000000 1.000000 0.002075 -63.352001 0.000000 10.064625 1.750000 1.609175 4496.dat
9 0 1.000000 0.000000 0.000000 0.000000 0.824382 0.566034 0.000000 -0.566034 0.824382 12.750000 -77.872002 -2.666950 1.417875 5.499700 0.878125 4496.dat
9 0 1.000000 0.000000 0.000000 0.000000 1.000000 0.000000 0.000000 0.000000 1.000000 0.002075 -53.477001 0.000000 10.064625 1.750000 1.609175 4496.dat
9 0 1.000000 0.000000 0.000000 0.000000 1.000000 0.000000 0.000000 0.000000 1.000000 0.002075 -43.602001 0.000000 10.064625 1.750000 1.609175 4496.dat
9 0 1.000000 0.000000 0.000000 0.000000 1.000000 0.000000 0.000000 0.000000 1.000000 0.003500 -57.164001 -0.283275 1.873500 15.322425 1.700675 4496.dat
9 0 1.000000 0.000000 0.000000 0.000000 1.000000 0.000000 0.000000 0.000000 1.000000 -12.672674 -57.164001 -0.283275 1.873500 15.322425 1.700675 4496.dat
9 0 1.000000 0.000000 0.000000 0.000000 1.000000 0.000000 0.000000 0.000000 1.000000 0.000000 -31.517500 0.000000 1.970675 8.525925 2.005525 4496.dat
9 0 -0.713077 -0.701086 0.000000 0.701086 -0.713077 0.000000 0.000000 0.000000 1.000000 -4.286250 -40.977501 0.000000 3.388600 1.750000 1.609175 4496.dat
9 0 0.713077 -0.701085 -0.000000 -0.701085 -0.713077 -0.000000 0.000000 0.000000 -1.000000 4.286250 -40.977501 0.000000 3.388600 1.750000 1.609175 4496.dat
10 0 -15.801676 0.000000 -4.000000 15.804251 136.898743 7.191750 4496.dat
0 7 -0.000000 0.000000 1.000000 0.000000 1.000000 0.000000 -1.000000 0.000000 -0.000000 0.000000 48.500000 0.000000 0 0 2.901210 0 0 4496.dat
