9 0 1.000000 0.000000 0.000000 0.000000 1.000000 0.000000 0.000000 0.000000 1.000000 -0.341125 -4.930075 -3.289200 12.181125 4.585550 8.852275 4503.dat
9 0 1.000000 0.000000 0.000000 0.000000 -0.000000 1.000000 0.000000 -1.000000 -0.000000 0.060700 13.436501 -14.869475 8.378426 1.579525 11.393900 4503.dat
9 0 0.500000 -0.000000 -0.866026 0.866026 0.000000 0.500000 0.000000 -1.000000 0.000000 -12.173200 13.304450 -7.028200 9.690850 0.878025 10.182250 4503.dat
9 0 1.000000 0.000000 0.000000 0.000000 -0.000000 1.000000 0.000000 -1.000000 -0.000000 0.060700 14.097425 17.209475 5.134675 0.878025 10.182250 4503.dat
9 0 -0.000000 0.000000 1.000000 0.000000 1.000000 0.000000 -1.000000 0.000000 -0.000000 5.632750 -5.576200 8.063075 2.000000 5.309975 3.132775 4503.dat
9 0 -0.000000 0.000000 -1.000000 0.000000 1.000000 0.000000 1.000000 0.000000 -0.000000 -5.973900 -5.576200 8.063075 2.000000 5.309975 3.473900 4503.dat
9 0 -1.000000 0.000000 -0.000000 0.000000 1.000000 0.000000 0.000000 0.000000 -1.000000 0.000000 -5.576200 12.854150 7.231600 5.309975 2.291075 4503.dat
9 0 -0.642787 0.000000 -0.766045 0.766045 -0.000000 -0.642787 -0.000000 -1.000000 -0.000000 -10.767825 13.304450 9.035275 9.690850 0.878025 10.182250 4503.dat
9 0 0.500000 0.000000 0.866026 -0.866026 0.000000 0.500000 -0.000000 -1.000000 0.000000 12.173200 13.304450 -7.028200 9.690850 0.878025 10.182250 4503.dat
9 0 -0.642787 -0.000000 0.766045 -0.766045 -0.000000 -0.642787 0.000000 -1.000000 -0.000000 10.767825 13.304450 9.035299 9.690850 0.878025 10.182250 4503.dat
10 0 -18.183701 -26.726749 -21.452950 18.183701 11.500000 19.857826 4503.dat
0 14 -0.000000 0.000000 1.000000 0.000000 1.000000 0.000000 -1.000000 0.000000 -0.000000 0.000000 0.000000 8.063075 0 0 0.460000 0 0 4503.dat
2 22 1.000000 0.000000 0.000000 0.000000 1.000000 0.000000 0.000000 0.000000 1.000000 -10.000000 0.000000 10.000000 2 2 29:0:0,29:0:0,29:0:0,29:0:0,15:4:33,29:0:0,29:0:0,29:0:0,29:0:0, 4503.dat
