9 0 1.000000 0.000000 0.000000 0.000000 1.000000 0.000000 0.000000 0.000000 1.000000 0.646750 10.862775 18.989525 3.727050 18.165524 1.748475 4505.dat
9 0 0.500000 -0.000000 -0.866026 0.866026 0.000000 0.500000 0.000000 -1.000000 0.000000 -13.029700 12.461300 -5.471825 6.541625 0.730025 11.393900 4505.dat
9 0 -0.500001 -0.000001 -0.866025 0.866025 0.000001 -0.500001 0.000001 -1.000000 0.000001 -12.172000 12.461300 6.957425 8.378426 0.730025 11.393900 4505.dat
9 0 -1.000000 -0.000000 -0.000000 0.000000 0.000000 -1.000000 0.000000 -1.000000 0.000000 -0.060700 12.461300 14.019975 8.378426 0.730025 11.393900 4505.dat
9 0 -0.500001 0.000001 0.866025 -0.866025 0.000001 -0.500001 -0.000001 -1.000000 0.000001 12.111300 12.461300 7.062550 8.378426 0.730025 11.393900 4505.dat
9 0 0.500000 0.000000 0.866026 -0.866026 0.000000 0.500000 -0.000000 -1.000000 0.000000 13.028450 12.461300 -5.474000 6.665500 0.730025 11.393900 4505.dat
9 0 1.000000 0.000000 0.000000 0.000000 -0.000000 1.000000 0.000000 -1.000000 -0.000000 0.060700 22.061024 -14.019975 8.378426 0.730025 1.794200 4505.dat
9 0 1.000000 0.000000 0.000000 0.000000 1.000000 0.000000 0.000000 0.000000 1.000000 0.000000 -2.807650 0.000000 10.753449 3.023550 12.250000 4505.dat
10 0 -16.993423 -30.463251 -22.769951 16.993423 10.044399 15.458800 4505.dat
2 22 1.000000 0.000000 0.000000 0.000000 1.000000 0.000000 0.000000 0.000000 1.000000 -9.996375 1.845050 10.000000 2 2 29:0:0,29:0:0,29:0:0,29:0:0,15:4:34,29:0:0,29:0:0,29:0:0,29:0:0, 4505.dat
