9 0 0.000000 0.000000 -1.000000 0.000000 1.000000 0.000000 1.000000 0.000000 0.000000 -0.000000 3.999999 21.687500 7.687500 2.457425 2.457425 4528.dat
9 0 -0.000000 0.000000 1.000000 0.000000 1.000000 0.000000 -1.000000 0.000000 -0.000000 -13.233350 3.999999 -0.000000 5.662525 3.750000 0.648625 4528.dat
9 0 0.000000 0.000000 -1.000000 0.000000 1.000000 0.000000 1.000000 0.000000 0.000000 0.000000 6.625000 0.000000 11.139874 1.125000 11.139874 4528.dat
9 0 0.707107 0.000000 -0.707107 0.000000 1.000000 0.000000 0.707107 0.000000 0.707107 0.029225 10.625000 0.029225 5.583625 2.375000 5.624975 4528.dat
9 0 -0.707107 0.000000 0.707107 0.000000 1.000000 0.000000 -0.707107 0.000000 -0.707107 -9.357375 3.999999 -9.357375 5.662525 3.750000 0.648625 4528.dat
9 0 -1.000000 0.000000 0.000000 0.000000 1.000000 0.000000 -0.000000 0.000000 -1.000000 0.000000 3.999999 -13.233350 5.662525 3.750000 0.648625 4528.dat
9 0 -0.707107 0.000000 -0.707107 0.000000 1.000000 0.000000 0.707107 0.000000 -0.707107 9.357375 3.999999 -9.357375 5.662525 3.750000 0.648625 4528.dat
9 0 0.000000 0.000000 -1.000000 0.000000 1.000000 0.000000 1.000000 0.000000 0.000000 13.233350 3.999999 0.000000 5.662525 3.750000 0.648625 4528.dat
9 0 0.707107 0.000000 -0.707107 0.000000 1.000000 0.000000 0.707107 0.000000 0.707107 9.357375 3.999999 9.357375 5.662525 3.750000 0.648625 4528.dat
9 0 1.000000 0.000000 0.000000 0.000000 1.000000 0.000000 -0.000000 0.000000 1.000000 -0.000000 3.999999 13.233350 5.662525 3.750000 0.648625 4528.dat
9 0 0.707107 0.000000 0.707107 0.000000 1.000000 0.000000 -0.707107 0.000000 0.707107 -9.357375 3.999999 9.357375 5.662525 3.750000 0.648625 4528.dat
10 0 -29.624998 0.000000 -15.387625 15.625000 13.249999 15.387625 4528.dat
0 7 -0.000000 1.000000 0.000000 -0.000000 -0.000000 1.000000 1.000000 0.000000 0.000000 -0.000000 3.999999 29.624998 0 1 0.560000 0 0 4528.dat
2 22 0.000000 0.000000 -1.000000 0.000000 1.000000 0.000000 1.000000 0.000000 0.000000 10.000000 13.249999 10.000000 2 2 29:0:0,29:0:0,29:0:0,29:0:0,5:4:34,29:0:0,29:0:0,29:0:0,29:0:0, 4528.dat
2 22 -0.000000 1.000000 0.000000 -0.000000 -0.000000 1.000000 1.000000 0.000000 0.000000 10.000000 -6.000000 29.624998 2 2 29:0:0,29:0:0,29:0:0,29:0:0,9:4:32,29:0:0,29:0:0,29:0:0,29:0:0, 4528.dat
