9 0 0.000000 0.000000 -1.000000 0.000000 1.000000 0.000000 1.000000 0.000000 0.000000 -0.000000 6.000000 20.924351 8.450649 2.457425 2.457425 4529.dat
9 0 0.000000 0.000000 -1.000000 0.000000 1.000000 0.000000 1.000000 0.000000 0.000000 0.000000 18.000000 0.000000 9.152349 1.000000 9.152349 4529.dat
9 0 0.707107 0.000000 -0.707107 0.000000 1.000000 0.000000 0.707107 0.000000 0.707107 0.029225 21.875000 0.029225 5.583625 2.375000 5.624975 4529.dat
9 0 0.000000 0.000000 -1.000000 0.000000 1.000000 0.000000 1.000000 0.000000 0.000000 11.370524 9.125000 0.000000 5.662525 9.875000 0.656950 4529.dat
9 0 0.707107 0.000000 -0.707107 0.000000 1.000000 0.000000 0.707107 0.000000 0.707107 8.040174 9.125000 8.040174 5.662525 9.875000 0.656950 4529.dat
9 0 1.000000 0.000000 0.000000 0.000000 1.000000 0.000000 -0.000000 0.000000 1.000000 -0.000000 9.125000 11.370524 5.662525 9.875000 0.656950 4529.dat
9 0 0.707107 0.000000 0.707107 0.000000 1.000000 0.000000 -0.707107 0.000000 0.707107 -8.040174 9.125000 8.040174 5.662525 9.875000 0.656950 4529.dat
9 0 -0.000000 0.000000 1.000000 0.000000 1.000000 0.000000 -1.000000 0.000000 -0.000000 -11.370524 9.125000 -0.000000 5.662525 9.875000 0.656950 4529.dat
9 0 -0.707107 0.000000 0.707107 0.000000 1.000000 0.000000 -0.707107 0.000000 -0.707107 -8.040174 9.125000 -8.040174 5.662525 9.875000 0.656950 4529.dat
9 0 -1.000000 0.000000 0.000000 0.000000 1.000000 0.000000 -0.000000 0.000000 -1.000000 0.000000 9.125000 -11.370524 5.662525 9.875000 0.656950 4529.dat
9 0 -0.707107 0.000000 -0.707107 0.000000 1.000000 0.000000 0.707107 0.000000 -0.707107 8.040174 9.125000 -8.040174 5.662525 9.875000 0.656950 4529.dat
10 0 -29.624998 0.000000 -13.171800 13.375001 25.500000 13.171800 4529.dat
0 7 -0.000000 1.000000 0.000000 -0.000000 -0.000000 1.000000 1.000000 0.000000 0.000000 -0.000000 6.000000 29.624998 0 1 0.650000 0 0 4529.dat
2 22 0.000000 0.000000 -1.000000 0.000000 1.000000 0.000000 1.000000 0.000000 0.000000 10.000000 24.500000 10.000000 2 2 29:0:0,29:0:0,29:0:0,29:0:0,5:4:34,29:0:0,29:0:0,29:0:0,29:0:0, 4529.dat
2 22 -0.000000 1.000000 0.000000 -0.000000 -0.000000 1.000000 1.000000 0.000000 0.000000 10.000000 -3.999999 29.624998 2 2 29:0:0,29:0:0,29:0:0,29:0:0,9:4:32,29:0:0,29:0:0,29:0:0,29:0:0, 4529.dat
