9 0 1.000000 0.000000 0.000000 0.000000 1.000000 0.000000 0.000000 0.000000 1.000000 0.000000 -3.561375 0.000000 11.000000 2.492925 11.000000 4530.dat
9 0 1.000000 0.000000 0.000000 0.000000 1.000000 0.000000 0.000000 0.000000 1.000000 13.698900 9.771200 0.000000 0.948900 10.339675 5.139350 4530.dat
9 0 0.707107 0.000000 0.707107 0.000000 1.000000 0.000000 -0.707107 0.000000 0.707107 9.686600 9.771200 9.686600 0.948900 10.339675 5.139350 4530.dat
9 0 -0.000000 0.000000 1.000000 0.000000 1.000000 0.000000 -1.000000 0.000000 -0.000000 0.000000 9.771200 13.698900 0.948900 10.339675 5.139350 4530.dat
9 0 -0.707107 0.000000 0.707107 0.000000 1.000000 0.000000 -0.707107 0.000000 -0.707107 -9.686600 9.771200 9.686600 0.948900 10.339675 5.139350 4530.dat
9 0 -1.000000 0.000000 -0.000000 0.000000 1.000000 0.000000 0.000000 0.000000 -1.000000 -13.698900 9.771200 0.000000 0.948900 10.339675 5.139350 4530.dat
9 0 -0.707107 0.000000 -0.707107 0.000000 1.000000 0.000000 0.707107 0.000000 -0.707107 -9.686600 2.705150 -9.686600 0.948900 3.273625 5.139350 4530.dat
9 0 0.707107 0.000000 -0.707107 0.000000 1.000000 0.000000 0.707107 0.000000 0.707107 9.686600 2.705150 -9.686600 0.948900 3.273625 5.139350 4530.dat
10 0 -16.710026 -20.650000 -15.392500 16.262449 9.025900 14.577500 4530.dat
2 22 1.000000 0.000000 0.000000 0.000000 1.000000 0.000000 0.000000 0.000000 1.000000 -10.000000 0.000000 10.000000 2 2 29:0:0,29:0:0,29:0:0,29:0:0,5:4:33,29:0:0,29:0:0,29:0:0,29:0:0, 4530.dat
