9 0 -0.000000 -0.000000 1.000000 -1.000000 0.000000 -0.000000 0.000000 -1.000000 -0.000000 0.000000 12.000000 -59.915501 8.415424 23.972225 3.750000 45677.dat
9 0 -0.000000 -0.000000 1.000000 -1.000000 0.000000 -0.000000 0.000000 -1.000000 -0.000000 30.624998 12.000000 -25.000000 34.750000 9.125000 3.750000 45677.dat
9 0 -0.000000 -0.000000 1.000000 -1.000000 0.000000 -0.000000 0.000000 -1.000000 -0.000000 -30.625000 12.000000 -25.000000 34.750000 9.125000 3.750000 45677.dat
9 0 -0.000000 -0.000000 1.000000 -1.000000 0.000000 -0.000000 0.000000 -1.000000 -0.000000 0.000000 4.000000 0.625000 9.125000 29.750002 3.750000 45677.dat
9 0 0.000000 -0.216917 0.976190 -1.000000 -0.000000 0.000000 -0.000000 -0.976190 -0.216917 0.000000 6.873899 -61.924248 7.877825 19.750000 0.402500 45677.dat
9 0 -0.000000 -0.153367 0.988169 -1.000000 0.000000 -0.000000 0.000000 -0.988169 -0.153367 0.000000 3.610250 -46.040249 7.877825 25.169750 0.137500 45677.dat
9 0 -0.000000 -0.087361 0.996177 -1.000000 -0.000000 -0.000000 -0.000000 -0.996177 -0.087361 0.000000 1.949899 -29.911751 7.877825 28.529501 0.402500 45677.dat
9 0 -0.000001 -0.040178 0.999193 -1.000000 0.000000 -0.000001 0.000000 -0.999192 -0.040178 0.004998 0.947650 -15.258750 6.344950 29.693249 0.402500 45677.dat
9 0 -0.035409 -0.050270 0.998108 -0.786940 0.617022 0.003159 -0.616013 -0.785339 -0.061408 -33.042652 6.636975 -16.732250 26.383999 6.150425 1.323825 45677.dat
9 0 0.031410 -0.055781 0.997949 0.780437 0.625148 0.010380 -0.624444 0.778511 0.063169 33.178001 6.722875 -16.783298 26.383999 6.150425 1.323825 45677.dat
10 0 -10.000000 0.000000 -70.000000 70.000000 20.450001 10.000000 45677.dat
2 22 0.000000 0.000000 -1.000000 0.000000 1.000000 0.000000 1.000000 0.000000 0.000000 39.999996 16.000000 10.000001 8 8 22:1:1,22:2:1,22:2:1,22:2:1,22:2:1,22:2:1,22:2:1,22:1:1,29:0:1,22:2:1,15:4:1,9:4:1,15:4:1,9:4:1,15:4:1,9:4:1,15:4:0,29:0:1,22:1:1,22:2:1,22:2:1,22:2:1,22:2:1,22:2:1,22:3:1,22:2:1,22:1:1,29:0:1,29:0:1,29:0:1,29:0:1,29:0:1,29:0:1,22:2:1,15:4:1,22:2:1,29:0:1,29:0:1,29:0:1,29:0:1,29:0:1,29:0:1,22:2:1,9:4:1,22:2:1,29:0:1,29:0:1,29:0:1,29:0:1,29:0:1,29:0:1,22:2:1,15:4:1,22:2:1,22:1:1,22:2:1,22:2:1,22:2:1,22:2:1,22:2:1,22:3:1,22:2:1,22:1:1,22:2:1,15:4:1,9:4:1,15:4:1,9:4:1,15:4:1,9:4:1,15:4:0,29:0:1,22:1:1,22:2:1,22:2:1,22:2:1,22:2:1,22:2:1,22:2:1,22:1:1,29:0:1, 45677.dat
3 23 0.000000 0.000000 -1.000000 0.000000 1.000000 0.000000 1.000000 0.000000 0.000000 19.999998 0.000000 10.000001 4 2 18:1:1,23:4:1,29:0:1,23:4:1,0:4:1,23:4:1,18:2:1,23:4:1,29:0:1,23:4:1,0:4:1,23:4:1,18:1:1,23:4:1,29:0:1, 45677.dat
2 22 0.000000 0.000000 -1.000000 0.000000 1.000000 0.000000 1.000000 0.000000 0.000000 19.999998 8.000000 10.000001 4 6 22:1:1,22:2:1,22:2:1,22:2:1,22:2:1,22:2:1,22:1:1,22:2:1,15:4:1,22:2:1,15:4:1,23:4:1,15:4:1,22:2:1,22:2:1,9:4:1,22:2:1,23:4:1,15:4:1,23:4:1,22:2:1,22:2:1,15:4:1,22:2:1,15:4:1,23:4:1,15:4:1,22:2:1,22:1:1,22:2:1,22:2:1,22:2:1,22:2:1,22:2:1,22:1:1, 45677.dat
