9 0 0.000000 0.000000 -1.000000 0.000000 1.000000 0.000000 1.000000 0.000000 0.000000 -9.999999 12.000000 11.000001 8.750000 11.750000 2.000000 45705.dat
9 0 -0.155201 0.262411 -0.952393 0.780042 0.624118 0.044847 0.606174 -0.735946 -0.301555 41.725750 20.627100 -80.498245 20.828150 17.790499 1.246100 45705.dat
9 0 0.095721 -0.000217 -0.995408 -0.734520 0.674885 -0.070780 0.671801 0.737923 0.064441 -46.280399 11.001575 -0.957675 19.534651 13.597725 2.000000 45705.dat
9 0 0.103812 0.068274 -0.992251 -0.789131 0.612896 -0.040389 0.605389 0.787209 0.117503 -44.610847 12.494999 -40.197250 19.750000 15.018976 2.000000 45705.dat
9 0 0.155036 0.262210 -0.952475 -0.780042 0.624118 0.044846 0.606216 0.736018 0.301296 -41.635174 20.655399 -80.476250 20.828150 17.738525 1.334200 45705.dat
9 0 0.130425 0.348641 -0.928137 -0.717770 0.678993 0.154190 0.683955 0.646079 0.338802 -31.382847 28.774399 -122.374001 23.601126 11.370025 2.000000 45705.dat
9 0 0.000000 0.064490 -0.997918 -1.000000 -0.000000 -0.000000 0.000000 0.997918 0.064490 0.000000 2.520000 -40.852753 20.718102 31.581501 0.861800 45705.dat
9 0 0.000000 0.198618 -0.980077 -1.000000 -0.000000 -0.000000 -0.000000 0.980077 0.198618 0.000000 7.947524 -82.109749 20.650574 27.467001 0.800800 45705.dat
9 0 0.000000 0.327497 -0.944852 -1.000000 0.000000 0.000000 0.000000 0.944852 0.327497 0.000000 18.769724 -122.317245 20.727425 23.495300 0.765150 45705.dat
9 0 0.000000 0.409562 -0.912282 -1.000000 0.000000 0.000000 0.000000 0.912282 0.409562 0.000000 36.835373 -160.313248 20.234676 19.750000 2.000000 45705.dat
9 0 0.000000 0.000000 -1.000000 0.000000 1.000000 0.000000 1.000000 0.000000 0.000000 10.000002 12.000000 11.000001 8.750000 11.750000 2.000000 45705.dat
9 0 0.000000 0.000000 -1.000000 0.000000 1.000000 0.000000 1.000000 0.000000 0.000000 33.875000 12.000000 10.000001 9.750000 11.750000 5.875000 45705.dat
9 0 0.000000 0.000000 -1.000000 0.000000 1.000000 0.000000 1.000000 0.000000 0.000000 50.000000 21.345625 0.000001 19.750000 2.404375 9.750000 45705.dat
9 0 0.000000 0.000000 -1.000000 -1.000000 -0.000000 -0.000000 -0.000000 1.000000 -0.000000 0.000000 0.875024 0.000001 19.750000 35.750000 0.625025 45705.dat
9 0 1.000000 0.000000 0.000000 0.000000 1.000000 0.000000 -0.000000 0.000000 1.000000 0.074750 37.873150 -141.875000 26.070250 9.876850 1.625000 45705.dat
9 0 0.000000 0.000000 -1.000000 0.000000 1.000000 0.000000 1.000000 0.000000 0.000000 18.088001 45.418022 -161.466003 17.466024 2.331975 1.625000 45705.dat
9 0 0.000000 0.000000 -1.000000 0.000000 1.000000 0.000000 1.000000 0.000000 0.000000 -18.124998 45.418022 -161.466003 17.466024 2.331975 1.625000 45705.dat
9 0 1.000000 0.000000 0.000000 0.000000 1.000000 0.000000 -0.000000 0.000000 1.000000 1.466000 45.418022 -178.125000 17.466024 2.331975 1.625000 45705.dat
9 0 -0.130425 0.348641 -0.928137 0.717770 0.678993 0.154190 0.683955 -0.646079 -0.338802 31.427998 28.817099 -122.364494 23.601126 11.432925 2.000000 45705.dat
9 0 -0.087266 0.444991 -0.891273 0.679236 0.681045 0.273524 0.728713 -0.581515 -0.361685 23.350752 34.881027 -153.858002 14.497900 3.477650 2.000000 45705.dat
9 0 0.000000 0.000000 -1.000000 0.000000 1.000000 0.000000 1.000000 0.000000 0.000000 0.021249 19.874998 2.875001 0.625000 3.875000 39.728500 45705.dat
9 0 0.000000 0.000000 -1.000000 0.000000 1.000000 0.000000 1.000000 0.000000 0.000000 0.021249 20.625000 18.125000 1.625000 3.125000 39.728500 45705.dat
9 0 0.000000 0.000000 -1.000000 0.000000 1.000000 0.000000 1.000000 0.000000 0.000000 -33.875000 12.000000 10.000000 9.750000 11.750000 5.875000 45705.dat
9 0 0.000000 0.000000 -1.000000 0.000000 1.000000 0.000000 1.000000 0.000000 0.000000 -50.000000 21.345625 0.000000 19.750000 2.404375 9.750000 45705.dat
9 0 0.087266 0.444991 -0.891273 -0.679236 0.681045 0.273524 0.728713 0.581515 0.361685 -23.352497 34.879501 -153.851501 14.491375 3.479675 2.000000 45705.dat
9 0 -0.095721 -0.000217 -0.995408 0.734520 0.674885 -0.070780 0.671801 -0.737923 -0.064441 46.049751 11.252199 -0.961123 19.509176 13.597725 2.339650 45705.dat
9 0 -0.103812 0.068274 -0.992251 0.789131 0.612896 -0.040389 0.605389 -0.787209 -0.117503 44.610752 12.494999 -40.197250 19.750000 15.018976 2.000000 45705.dat
9 0 0.444770 0.000000 -0.895645 0.000000 1.000000 0.000000 0.895645 0.000000 0.444770 -47.830074 45.418022 -120.170502 3.572350 2.331975 1.625000 45705.dat
9 0 0.444770 0.000000 -0.895645 0.000000 1.000000 0.000000 0.895645 0.000000 0.444770 -38.843399 45.418022 -138.267242 7.943675 2.331975 1.625000 45705.dat
9 0 0.444770 0.000000 -0.895645 0.000000 1.000000 0.000000 0.895645 0.000000 0.444770 -27.979698 45.418022 -160.143738 3.481775 2.331975 1.625000 45705.dat
9 0 0.444770 0.000000 -0.895645 0.000000 1.000000 0.000000 0.895645 0.000000 0.444770 -20.544247 45.418022 -175.116745 4.365600 2.331975 1.625000 45705.dat
9 0 0.444770 0.000000 -0.895645 0.000000 1.000000 0.000000 0.895645 0.000000 0.444770 -56.294750 45.418022 -103.201744 2.400800 2.331975 1.624975 45705.dat
9 0 -0.447392 0.000000 -0.894338 0.000000 1.000000 0.000000 0.894338 0.000000 -0.447392 56.300499 45.375000 -103.204498 2.395325 2.375000 1.625000 45705.dat
9 0 -0.447392 0.000000 -0.894338 0.000000 1.000000 0.000000 0.894338 0.000000 -0.447392 47.857250 45.375000 -120.082497 3.476675 2.375000 1.625000 45705.dat
9 0 -0.447392 0.000000 -0.894338 0.000000 1.000000 0.000000 0.894338 0.000000 -0.447392 38.776749 45.375000 -138.234253 7.949200 2.375000 1.625000 45705.dat
9 0 -0.447392 0.000000 -0.894338 0.000000 1.000000 0.000000 0.894338 0.000000 -0.447392 27.849251 45.375000 -160.078506 3.476675 2.375000 1.625000 45705.dat
9 0 -0.447392 0.000000 -0.894338 0.000000 1.000000 0.000000 0.894338 0.000000 -0.447392 20.371998 45.375000 -175.025253 4.365600 2.375000 1.625000 45705.dat
9 0 -0.447692 -0.005035 -0.894174 0.576001 0.763254 -0.292688 0.683955 -0.646079 -0.338802 39.408249 36.022999 -124.934998 31.315500 7.309075 0.878175 45705.dat
9 0 0.447692 -0.005035 -0.894174 -0.576001 0.763254 -0.292688 0.683955 0.646079 0.338802 -39.408123 36.022999 -124.934998 31.315500 7.309075 0.878175 45705.dat
10 0 -10.000000 -24.000000 -110.000000 190.000000 28.450001 10.000000 45705.dat
3 23 0.000000 0.000000 -1.000000 0.000000 1.000000 0.000000 1.000000 0.000000 0.000000 39.999996 0.000000 20.000002 8 4 18:1:1,23:4:1,18:2:1,23:4:1,29:0:1,23:4:1,1:4:0,23:4:1,0:4:0,23:4:1,18:2:1,23:4:1,18:4:1,23:4:1,29:0:1,23:4:1,1:4:1,23:4:1,0:4:1,23:4:1,18:2:1,23:4:1,18:4:1,23:4:1,29:0:1,23:4:1,1:4:1,23:4:1,0:4:1,23:4:1,18:2:1,23:4:1,18:4:1,23:4:1,29:0:1,23:4:1,1:4:0,23:4:1,0:4:0,23:4:1,18:1:1,23:4:1,18:2:1,23:4:1,29:0:1, 45705.dat
2 22 0.000000 0.000000 -1.000000 0.000000 1.000000 0.000000 1.000000 0.000000 0.000000 60.000004 24.000000 20.000002 12 4 22:1:1,22:2:1,22:2:1,22:2:1,22:1:1,22:2:1,15:4:1,9:4:1,15:4:1,22:2:1,22:2:1,9:4:1,22:3:1,22:2:1,22:1:1,22:2:1,15:4:1,22:2:1,29:0:1,29:0:1,22:2:1,9:4:1,22:2:1,29:0:1,29:0:1,22:2:1,15:4:1,22:2:1,29:0:1,29:0:1,22:2:1,9:4:1,22:2:1,29:0:1,29:0:1,22:2:1,15:4:1,22:2:1,29:0:1,29:0:1,22:2:1,9:4:1,22:2:1,29:0:1,29:0:1,22:2:1,15:4:1,22:2:1,29:0:1,29:0:1,22:2:1,9:4:1,22:3:1,22:2:1,22:1:1,22:2:1,15:4:1,9:4:1,15:4:1,22:2:1,22:1:1,22:2:1,22:2:1,22:2:1,22:1:1, 45705.dat
2 22 0.000000 0.000000 -1.000000 0.000000 1.000000 0.000000 1.000000 0.000000 0.000000 39.999996 48.000000 -140.000000 8 4 22:1:1,29:0:1,29:0:1,29:0:1,29:0:1,22:2:1,29:0:1,22:2:1,29:0:1,29:0:1,22:2:1,22:2:1,22:2:1,22:2:1,22:1:1,22:2:1,15:4:1,23:4:1,15:4:1,22:2:1,22:2:1,23:4:1,7:4:2,23:4:1,22:2:1,22:2:1,15:4:1,23:4:1,15:4:1,22:2:1,22:2:1,22:2:1,22:2:1,22:2:1,22:1:1,22:2:1,29:0:1,22:2:1,29:0:1,29:0:1,22:1:1,29:0:1,29:0:1,29:0:1,29:0:1, 45705.dat
0 2 -1.000000 -0.000000 0.000000 -0.000000 -0.000000 1.000000 -0.000000 1.000000 0.000000 19.999998 9.500000 20.000002 0 0 0.800000 0 0 45705.dat
0 2 -1.000000 -0.000000 0.000000 -0.000000 -0.000000 1.000000 -0.000000 1.000000 0.000000 0.000000 9.500000 20.000002 0 0 0.800000 0 0 45705.dat
0 2 -1.000000 -0.000000 0.000000 -0.000000 -0.000000 1.000000 -0.000000 1.000000 0.000000 -19.999998 9.500000 20.000000 0 0 0.800000 0 0 45705.dat
2 22 -1.000000 -0.000000 0.000000 -0.000000 -0.000000 1.000000 -0.000000 1.000000 0.000000 30.000002 19.500000 20.000002 2 6 22:1:1,22:2:1,22:2:1,22:2:1,22:2:1,22:2:1,22:1:1,22:2:1,16:4:64,22:2:1,16:4:64,22:2:1,16:4:64,22:2:1,22:1:1,22:2:1,22:2:1,22:2:1,22:2:1,22:2:1,22:1:1, 45705.dat
