9 0 0.000001 0.000001 -1.000000 -1.000000 0.000001 -0.000001 0.000001 1.000000 0.000001 0.000083 0.000075 13.715744 6.034200 2.000000 5.875000 45749.dat
9 0 0.000001 0.000001 -1.000000 -1.000000 0.000001 -0.000001 0.000001 1.000000 0.000001 0.000083 0.000075 13.715744 6.034200 5.875000 2.000000 45749.dat
9 0 0.000001 0.000001 -1.000000 -1.000000 0.000001 -0.000001 0.000001 1.000000 0.000001 -12.343710 0.000045 78.249992 58.000000 2.093750 7.250000 45749.dat
9 0 0.000001 0.000001 -1.000000 1.000000 -0.000001 0.000001 -0.000001 -1.000000 -0.000001 12.442315 0.000029 78.250000 58.000000 2.192275 7.250000 45749.dat
9 0 0.000001 0.000001 -1.000000 -1.000000 0.000001 -0.000001 0.000001 1.000000 0.000001 0.000077 -0.099930 22.574997 2.325025 9.750000 9.650001 45749.dat
9 0 0.000001 0.000001 -1.000000 -1.000000 0.000001 -0.000001 0.000001 1.000000 0.000001 0.000023 0.242345 105.907249 2.389500 12.250000 7.007675 45749.dat
9 0 0.000001 0.000001 -1.000000 -1.000000 0.000001 -0.000001 0.000001 1.000000 0.000001 0.000019 -7.749979 103.937996 15.812024 10.949100 2.000000 45749.dat
9 0 0.000001 0.000001 -1.000000 -1.000000 0.000001 -0.000001 0.000001 1.000000 0.000001 0.000070 -7.749932 26.125002 5.875000 12.250000 2.000000 45749.dat
9 0 0.000001 0.000001 -1.000000 -1.000000 0.000001 -0.000001 0.000001 1.000000 0.000001 0.000046 0.000042 70.037498 1.962500 7.500000 9.750000 45749.dat
9 0 0.000001 0.000001 -1.000000 -1.000000 0.000001 -0.000001 0.000001 1.000000 0.000001 0.000059 0.000054 50.037498 1.962500 7.500000 9.750000 45749.dat
9 0 0.000001 0.000001 -1.000000 1.000000 -0.000001 0.000001 -0.000001 -1.000000 -0.000001 -0.000001 -0.000001 141.497604 4.747600 14.437500 3.546450 45749.dat
9 0 -0.285329 -0.334164 -0.898288 0.924010 -0.344829 -0.165222 -0.254545 -0.877170 0.407160 15.873771 11.804797 44.165264 22.236052 2.110650 10.449475 45749.dat
9 0 0.220170 0.305150 -0.926503 0.926975 -0.361179 0.101326 -0.303714 -0.881155 -0.362387 16.066244 10.630074 83.758514 29.039749 2.357750 10.018126 45749.dat
9 0 0.285329 -0.334164 -0.898288 -0.924010 -0.344828 -0.165223 -0.254543 0.877170 -0.407161 -15.873631 11.804817 44.165241 22.236052 2.110650 10.449475 45749.dat
9 0 -0.220169 0.305150 -0.926503 -0.926976 -0.361178 0.101325 -0.303713 0.881155 0.362387 -16.066154 10.630095 83.758492 29.039749 2.357750 10.018126 45749.dat
10 0 -12.993075 -28.124750 -29.527500 153.000000 28.124750 13.000000 45749.dat
0 2 -1.000000 0.000001 -0.000001 -0.000001 -1.000000 -0.000001 -0.000001 -0.000001 1.000000 0.000033 -9.999965 79.999992 0 0 0.800000 0 0 45749.dat
0 2 -1.000000 0.000001 -0.000001 -0.000001 -1.000000 -0.000001 -0.000001 -0.000001 1.000000 0.000046 -9.999952 59.999992 0 0 0.800000 0 0 45749.dat
0 2 -1.000000 0.000001 -0.000001 -0.000001 -1.000000 -0.000001 -0.000001 -0.000001 1.000000 0.000059 -9.999941 39.999996 0 0 0.800000 0 0 45749.dat
1 5 -1.000000 0.000001 -0.000001 -0.000001 -0.000001 1.000000 0.000001 1.000000 0.000001 0.000092 0.000083 0.000000 45749.dat
1 5 1.000000 -0.000001 0.000001 0.000001 0.000001 -1.000000 0.000001 1.000000 0.000001 0.000000 0.000000 139.988647 45749.dat
