9 0 1.000000 0.000000 0.000000 0.000000 1.000000 0.000000 0.000000 0.000000 1.000000 -14.859324 19.965425 0.006625 4.836975 3.777775 1.616650 4588.dat
9 0 1.000000 0.000000 0.000000 0.000000 1.000000 0.000000 0.000000 0.000000 1.000000 -0.006625 19.965425 -14.859324 1.616650 3.777775 4.836975 4588.dat
9 0 1.000000 0.000000 0.000000 0.000000 1.000000 0.000000 0.000000 0.000000 1.000000 14.859324 19.965425 0.006625 4.836975 3.777775 1.616650 4588.dat
9 0 1.000000 0.000000 0.000000 0.000000 1.000000 0.000000 0.000000 0.000000 1.000000 -0.006625 19.965425 14.859324 1.616650 3.777775 4.836975 4588.dat
9 0 -0.842247 0.539092 -0.000000 0.539092 0.842247 0.000000 0.000000 -0.000000 -1.000000 13.274651 8.999899 -0.006625 1.629100 9.189900 1.616650 4588.dat
9 0 -0.000000 0.539091 -0.842247 0.000000 0.842247 0.539091 1.000000 0.000000 -0.000000 0.006625 8.999899 13.274651 1.629100 9.189900 1.616650 4588.dat
9 0 -0.000000 0.539091 0.842247 0.000000 0.842247 -0.539091 -1.000000 -0.000000 -0.000000 -0.006625 8.999899 -13.274651 1.629100 9.189900 1.616650 4588.dat
9 0 0.842247 0.539092 0.000000 -0.539092 0.842247 0.000000 0.000000 0.000000 1.000000 -13.274651 8.999899 0.006625 1.629100 9.189900 1.616650 4588.dat
9 0 -0.000000 0.000000 -1.000000 0.000000 1.000000 0.000000 1.000000 0.000000 -0.000000 7.807975 9.378749 -0.018650 3.867250 9.121250 0.881525 4588.dat
9 0 -1.000000 0.000000 -0.000000 0.000000 1.000000 0.000000 0.000000 0.000000 -1.000000 -0.018650 9.378749 -7.807975 3.867250 9.121250 0.881525 4588.dat
9 0 1.000000 0.000000 0.000000 0.000000 1.000000 0.000000 0.000000 0.000000 1.000000 0.018650 9.378749 7.807975 3.867250 9.121250 0.881525 4588.dat
9 0 -0.000000 0.000000 -1.000000 0.000000 1.000000 0.000000 1.000000 0.000000 -0.000000 0.029000 21.375050 -7.171450 0.137500 2.375050 2.025600 4588.dat
9 0 -0.000000 0.000000 1.000000 0.000000 1.000000 0.000000 -1.000000 0.000000 -0.000000 -7.807975 9.378749 0.018650 3.867250 9.121250 0.881525 4588.dat
9 0 0.707107 0.000000 -0.707107 0.000000 1.000000 0.000000 0.707107 0.000000 0.707107 5.091475 21.375050 -5.050475 0.137500 2.375050 2.025600 4588.dat
9 0 1.000000 0.000000 0.000000 0.000000 1.000000 0.000000 0.000000 0.000000 1.000000 7.171450 21.375050 0.029000 0.137500 2.375050 2.025600 4588.dat
9 0 0.707107 0.000000 0.707107 0.000000 1.000000 0.000000 -0.707107 0.000000 0.707107 5.050475 21.375050 5.091475 0.137500 2.375050 2.025600 4588.dat
9 0 -0.000000 0.000000 1.000000 0.000000 1.000000 0.000000 -1.000000 0.000000 -0.000000 -0.029000 21.375050 7.171450 0.137500 2.375050 2.025600 4588.dat
9 0 -0.707107 0.000000 0.707107 0.000000 1.000000 0.000000 -0.707107 0.000000 -0.707107 -5.091475 21.375050 5.050475 0.137500 2.375050 2.025600 4588.dat
9 0 -1.000000 0.000000 -0.000000 0.000000 1.000000 0.000000 0.000000 0.000000 -1.000000 -7.171450 21.375050 -0.029000 0.137500 2.375050 2.025600 4588.dat
9 0 -0.707107 0.000000 -0.707107 0.000000 1.000000 0.000000 0.707107 0.000000 -0.707107 -5.050475 21.375050 -5.091475 0.137500 2.375050 2.025600 4588.dat
9 0 -0.000000 0.000000 -1.000000 1.000000 -0.000000 0.000000 -0.000000 -1.000000 -0.000000 4.878025 9.381774 -4.824575 1.887075 1.940525 9.124275 4588.dat
9 0 1.000000 0.000000 0.000000 0.000000 -0.000000 1.000000 0.000000 -1.000000 -0.000000 4.824575 9.381774 4.878025 1.887075 1.940525 9.124275 4588.dat
9 0 -0.000000 -0.000000 1.000000 -1.000000 -0.000000 0.000000 0.000000 -1.000000 -0.000000 -4.878025 9.381774 4.824575 1.887075 1.940525 9.124275 4588.dat
9 0 -1.000000 -0.000000 -0.000000 0.000000 0.000000 -1.000000 0.000000 -1.000000 0.000000 -4.824575 9.381774 -4.878025 1.887075 1.940525 9.124275 4588.dat
10 0 -19.946276 0.000000 -19.946276 19.946276 28.450001 19.946276 4588.dat
3 23 1.000000 0.000000 0.000000 0.000000 1.000000 0.000000 0.000000 0.000000 1.000000 -10.000000 0.000000 10.000000 2 2 29:0:0,29:0:0,29:0:0,29:0:0,3:4:38,29:0:0,29:0:0,29:0:0,29:0:0, 4588.dat
2 22 1.000000 0.000000 0.000000 0.000000 1.000000 0.000000 0.000000 0.000000 1.000000 -10.000000 24.000000 10.000000 2 2 29:0:0,29:0:0,29:0:0,29:0:0,5:4:34,29:0:0,29:0:0,29:0:0,29:0:0, 4588.dat
0 4 0.000000 -0.000000 -1.000000 0.000000 -1.000000 0.000000 -1.000000 -0.000000 0.000000 0.000000 2.749999 0.000000 0 0 0.640000 0 0 4588.dat
0 6 -0.000000 0.000000 1.000000 0.000000 1.000000 0.000000 -1.000000 0.000000 -0.000000 0.000000 2.065350 0.000000 0 0 0.260614 0 0 4588.dat
