9 0 -0.000000 0.000000 -1.000000 1.000000 -0.000000 0.000000 -0.000000 -1.000000 -0.000000 4.251875 14.804299 -4.213700 1.276200 1.314375 3.701775 4589.dat
9 0 1.000000 0.000000 0.000000 0.000000 -0.000000 1.000000 0.000000 -1.000000 -0.000000 4.213700 14.804299 4.251875 1.276200 1.314375 3.701775 4589.dat
9 0 -0.000000 -0.000000 1.000000 -1.000000 -0.000000 0.000000 0.000000 -1.000000 -0.000000 -4.251875 14.804299 4.213700 1.276200 1.314375 3.701775 4589.dat
9 0 -1.000000 -0.000000 -0.000000 0.000000 0.000000 -1.000000 0.000000 -1.000000 0.000000 -4.213700 14.804299 -4.251875 1.276200 1.314375 3.701775 4589.dat
9 0 1.000000 0.000000 0.000000 0.000000 1.000000 0.000000 0.000000 0.000000 1.000000 0.000000 17.584101 -6.634850 3.875000 6.165900 0.259850 4589.dat
9 0 0.500000 0.000000 0.866025 0.000000 1.000000 0.000000 -0.866025 0.000000 0.500000 5.745950 17.584101 -3.317425 3.875000 6.165900 0.259850 4589.dat
9 0 -0.500000 0.000000 0.866025 0.000000 1.000000 0.000000 -0.866025 0.000000 -0.500000 5.745950 17.584101 3.317425 3.875000 6.165900 0.259850 4589.dat
9 0 -1.000000 0.000000 -0.000000 0.000000 1.000000 0.000000 0.000000 0.000000 -1.000000 0.000000 17.584101 6.634850 3.875000 6.165900 0.259850 4589.dat
9 0 -0.500000 0.000000 -0.866025 0.000000 1.000000 0.000000 0.866025 0.000000 -0.500000 -5.745950 17.584101 3.317425 3.875000 6.165900 0.259850 4589.dat
9 0 0.500000 0.000000 -0.866025 0.000000 1.000000 0.000000 0.866025 0.000000 0.500000 -5.745950 17.584101 -3.317425 3.875000 6.165900 0.259850 4589.dat
9 0 -0.866032 -0.003571 -0.499976 0.101113 0.978062 -0.182128 0.489658 -0.208282 -0.846672 3.416025 9.512875 -5.922050 3.077950 9.235625 0.522275 4589.dat
9 0 0.866032 -0.003570 0.499976 -0.101114 0.978062 0.182126 -0.489658 -0.208282 0.846672 -3.416025 9.512875 5.922050 3.077950 9.235625 0.522275 4589.dat
9 0 0.499976 -0.003570 -0.866032 0.182127 0.978062 0.101114 0.846672 -0.208282 0.489658 5.922050 9.512875 3.416025 3.077950 9.235625 0.522275 4589.dat
9 0 -0.499976 -0.003570 0.866032 -0.182126 0.978062 -0.101113 -0.846672 -0.208281 -0.489658 -5.922050 9.512875 -3.416025 3.077950 9.235625 0.522275 4589.dat
9 0 -0.258840 -0.003569 -0.965914 0.200281 0.978062 -0.057284 0.944928 -0.208282 -0.252447 6.603000 9.512875 -1.772025 3.077950 9.235625 0.522275 4589.dat
9 0 0.258840 -0.003570 0.965914 -0.200281 0.978062 0.057285 -0.944928 -0.208282 0.252447 -6.603000 9.512875 1.772025 3.077950 9.235625 0.522275 4589.dat
9 0 0.965914 -0.003570 -0.258840 0.057285 0.978062 0.200281 0.252447 -0.208282 0.944928 1.772025 9.512875 6.603000 3.077950 9.235625 0.522275 4589.dat
9 0 -0.965913 -0.003570 0.258841 -0.057285 0.978062 -0.200281 -0.252447 -0.208282 -0.944928 -1.772025 9.512875 -6.603000 3.077950 9.235625 0.522275 4589.dat
10 0 -10.000000 -0.006050 -10.000000 10.000000 28.450001 10.000000 4589.dat
3 23 1.000000 0.000000 0.000000 0.000000 1.000000 0.000000 0.000000 0.000000 1.000000 -10.000000 0.000000 10.000000 2 2 29:0:0,29:0:0,29:0:0,29:0:0,3:4:36,29:0:0,29:0:0,29:0:0,29:0:0, 4589.dat
2 22 1.000000 0.000000 0.000000 0.000000 1.000000 0.000000 0.000000 0.000000 1.000000 -10.000000 24.000000 10.000000 2 2 29:0:0,29:0:0,29:0:0,29:0:0,5:4:32,29:0:0,29:0:0,29:0:0,29:0:0, 4589.dat
0 6 -0.000000 0.000000 1.000000 0.000000 1.000000 0.000000 -1.000000 0.000000 -0.000000 0.000000 11.499999 0.000000 0 0 0.638000 0 0 4589.dat
0 4 0.000000 -0.000000 1.000000 0.000000 -1.000000 -0.000000 1.000000 0.000000 0.000000 0.000000 11.506049 0.000000 0 0 0.290000 0 0 4589.dat
