9 0 1.000000 -0.000000 0.000000 -0.000000 0.000000 1.000000 -0.000000 -1.000000 -0.000000 0.000000 4.000000 -0.000003 19.750000 9.750000 3.750000 4590.dat
9 0 0.761262 -0.000001 0.648445 -0.648445 0.000000 0.761262 -0.000001 -1.000000 -0.000000 21.824148 4.000000 2.638879 6.894775 5.324700 3.750000 4590.dat
9 0 -0.761535 -0.000001 0.648124 -0.648124 -0.000000 -0.761535 0.000001 -1.000000 -0.000001 -21.828001 4.000000 2.626014 6.894775 5.324675 3.750000 4590.dat
9 0 -1.000000 0.000000 -0.000000 0.000000 -0.000000 -1.000000 -0.000000 -1.000000 0.000000 29.999996 4.000000 14.652206 2.812500 0.402200 3.750000 4590.dat
9 0 -1.000000 0.000000 -0.000000 0.000000 -0.000000 -1.000000 -0.000000 -1.000000 0.000000 29.999996 12.000000 16.634855 3.855200 0.259875 3.750025 4590.dat
9 0 -0.500000 -0.000001 -0.866025 0.866025 0.000000 -0.500000 0.000001 -1.000000 0.000001 25.971069 4.000000 12.326105 2.812500 0.402200 3.750000 4590.dat
9 0 -0.500001 -0.000002 -0.866025 0.866024 0.000000 -0.500002 0.000001 -1.000000 0.000002 24.254045 12.000000 13.317430 3.855200 0.259875 3.750000 4590.dat
9 0 0.500001 0.000001 -0.866025 0.866025 0.000000 0.500001 0.000001 -1.000000 -0.000000 25.971073 4.000000 7.673905 2.812500 0.402200 3.750000 4590.dat
9 0 0.499997 -0.000004 -0.866027 0.866027 0.000001 0.499997 -0.000001 -1.000000 0.000004 24.254047 12.000000 6.682579 3.855200 0.259875 3.750025 4590.dat
9 0 1.000000 -0.000000 0.000000 -0.000000 0.000000 1.000000 -0.000000 -1.000000 -0.000000 29.999998 4.000000 5.347806 2.812500 0.402200 3.750000 4590.dat
9 0 1.000000 -0.000000 0.000000 -0.000000 0.000000 1.000000 -0.000000 -1.000000 -0.000000 29.999998 12.000000 3.365156 3.855200 0.259875 3.750025 4590.dat
9 0 0.500000 -0.000001 0.866025 -0.866025 0.000001 0.500000 -0.000001 -1.000000 -0.000001 34.028923 4.000000 7.673908 2.812500 0.402200 3.750000 4590.dat
9 0 0.500002 -0.000003 0.866024 -0.866024 0.000000 0.500002 -0.000001 -1.000000 -0.000002 35.745995 12.000000 6.682583 3.855200 0.259875 3.750000 4590.dat
9 0 -0.500000 0.000001 0.866025 -0.866025 0.000000 -0.500000 -0.000001 -1.000000 0.000001 34.028919 4.000000 12.326108 2.812500 0.402200 3.750000 4590.dat
9 0 -0.499997 -0.000003 0.866027 -0.866027 0.000000 -0.499997 0.000001 -1.000000 -0.000003 35.745995 12.000000 13.317434 3.855200 0.259875 3.750025 4590.dat
9 0 -1.000000 0.000000 -0.000000 0.000000 -0.000000 -1.000000 -0.000000 -1.000000 0.000000 -30.000008 4.000000 14.652186 2.812500 0.402200 3.750000 4590.dat
9 0 -1.000000 0.000000 -0.000000 0.000000 -0.000000 -1.000000 -0.000000 -1.000000 0.000000 -30.000008 12.000000 16.634836 3.855200 0.259875 3.750025 4590.dat
9 0 -0.500000 -0.000001 -0.866025 0.866025 0.000000 -0.500000 0.000001 -1.000000 0.000001 -34.029003 4.000000 12.326086 2.812500 0.402200 3.750000 4590.dat
9 0 -0.500001 -0.000002 -0.866024 0.866024 0.000000 -0.500002 0.000002 -1.000000 0.000002 -35.746002 12.000000 13.317410 3.855200 0.259850 3.750000 4590.dat
9 0 0.499999 -0.000001 -0.866026 0.866026 0.000001 0.499999 0.000000 -1.000000 0.000001 -34.029003 4.000000 7.673886 2.812500 0.402200 3.750000 4590.dat
9 0 0.499998 -0.000002 -0.866026 0.866026 0.000000 0.499998 -0.000001 -1.000000 0.000002 -35.746002 12.000000 6.682560 3.855200 0.259850 3.750000 4590.dat
9 0 1.000000 -0.000000 0.000000 -0.000000 0.000000 1.000000 -0.000000 -1.000000 -0.000000 -30.000004 4.000000 5.347787 2.812500 0.402200 3.750000 4590.dat
9 0 1.000000 -0.000000 0.000000 -0.000000 0.000000 1.000000 -0.000000 -1.000000 -0.000000 -30.000002 12.000000 3.365137 3.855200 0.259875 3.750025 4590.dat
9 0 0.499999 0.000001 0.866026 -0.866026 0.000001 0.499999 -0.000000 -1.000000 0.000002 -25.971004 4.000000 7.673888 2.812500 0.402200 3.750000 4590.dat
9 0 0.500002 -0.000003 0.866024 -0.866024 0.000000 0.500002 -0.000002 -1.000000 -0.000002 -24.254004 12.000000 6.682564 3.855200 0.259875 3.750000 4590.dat
9 0 -0.500000 -0.000000 0.866025 -0.866025 0.000000 -0.500000 -0.000000 -1.000000 -0.000000 -25.971004 4.000000 12.326088 2.812500 0.402200 3.750000 4590.dat
9 0 -0.499997 -0.000003 0.866027 -0.866027 0.000000 -0.499997 0.000001 -1.000000 -0.000003 -24.254004 12.000000 13.317415 3.855200 0.259875 3.750025 4590.dat
10 0 -28.250000 -8.000000 -10.000000 48.250000 12.450000 18.250000 4590.dat
2 22 -1.000000 0.000000 -0.000000 0.000000 1.000000 0.000000 0.000000 0.000000 -1.000000 20.000004 8.000000 -9.999997 2 4 22:1:1,22:2:1,22:2:1,22:2:1,22:1:1,22:2:1,15:4:1,9:4:1,15:4:1,22:2:1,22:1:1,22:2:1,22:2:1,22:2:1,22:1:1, 4590.dat
3 23 -1.000000 0.000000 -0.000000 0.000000 1.000000 0.000000 0.000000 0.000000 -1.000000 20.000004 0.000000 -9.999997 2 4 18:1:1,23:4:1,18:2:1,23:4:1,18:1:1,23:4:1,0:4:1,23:4:1,0:4:1,23:4:1,18:1:1,23:4:1,18:2:1,23:4:1,18:1:1, 4590.dat
2 22 -1.000000 0.000000 -0.000000 0.000000 1.000000 0.000000 0.000000 0.000000 -1.000000 -20.000002 16.000000 -0.000010 2 2 29:0:0,29:0:0,29:0:0,29:0:0,5:4:32,29:0:0,29:0:0,29:0:0,29:0:0, 4590.dat
2 22 -1.000000 0.000000 -0.000000 0.000000 1.000000 0.000000 0.000000 0.000000 -1.000000 40.000000 16.000000 0.000010 2 2 29:0:0,29:0:0,29:0:0,29:0:0,5:4:32,29:0:0,29:0:0,29:0:0,29:0:0, 4590.dat
3 23 -1.000000 0.000000 -0.000000 0.000000 1.000000 0.000000 0.000000 0.000000 -1.000000 -20.000002 0.000000 -0.000010 2 2 29:0:0,29:0:0,29:0:0,29:0:0,1:4:36,29:0:0,29:0:0,29:0:0,29:0:0, 4590.dat
3 23 -1.000000 0.000000 -0.000000 0.000000 1.000000 0.000000 0.000000 0.000000 -1.000000 40.000000 0.000000 0.000010 2 2 29:0:0,29:0:0,29:0:0,29:0:0,1:4:36,29:0:0,29:0:0,29:0:0,29:0:0, 4590.dat
0 6 0.000000 0.000000 -1.000000 0.000000 1.000000 0.000000 1.000000 0.000000 0.000000 29.999998 10.750000 10.000007 0 0 0.608000 0 0 4590.dat
0 6 0.000000 0.000000 -1.000000 0.000000 1.000000 0.000000 1.000000 0.000000 0.000000 -30.000004 10.750000 9.999988 0 0 0.608000 0 0 4590.dat
