9 0 1.000000 -0.000000 0.000000 -0.000000 0.000000 1.000000 -0.000000 -1.000000 -0.000000 -0.000001 24.000000 12.325522 8.434600 5.441125 23.750000 4591.dat
9 0 1.000000 -0.000000 0.000000 -0.000000 0.000000 1.000000 -0.000000 -1.000000 -0.000000 -12.324496 24.000000 0.007018 5.441125 8.434600 23.750000 4591.dat
9 0 1.000000 -0.000000 0.000000 -0.000000 0.000000 1.000000 -0.000000 -1.000000 -0.000000 0.000007 24.000000 -12.311478 8.434600 5.441125 23.750000 4591.dat
9 0 1.000000 -0.000000 0.000000 -0.000000 0.000000 1.000000 -0.000000 -1.000000 -0.000000 12.318503 24.000000 0.007026 5.441125 8.434600 23.750000 4591.dat
9 0 0.705097 -0.000000 -0.709110 0.709110 -0.000000 0.705097 -0.000000 -1.000000 0.000000 9.714057 21.374998 -9.691600 5.338525 4.926350 21.125000 4591.dat
9 0 -0.707106 0.000000 -0.707107 0.707107 0.000000 -0.707106 0.000000 -1.000000 -0.000000 -9.663994 21.374998 -9.741530 5.338525 4.926350 21.125000 4591.dat
9 0 -0.707107 -0.000000 0.707107 -0.707107 0.000000 -0.707107 -0.000000 -1.000000 -0.000000 -9.741525 21.374998 9.663994 5.338525 4.926350 21.125000 4591.dat
9 0 0.707106 0.000001 0.707107 -0.707107 -0.000000 0.707106 0.000001 -1.000000 0.000000 9.664001 21.374998 9.741526 5.338525 4.926350 21.125000 4591.dat
9 0 -1.000000 0.000000 -0.000000 -0.000000 0.450539 0.892757 0.000000 0.892757 -0.450539 0.000010 23.353872 -23.135754 1.625000 7.474850 21.874125 4591.dat
9 0 -0.000000 0.000000 1.000000 0.892757 0.450539 0.000000 -0.450539 0.892757 -0.000000 -23.135748 23.353872 -0.000010 1.625000 7.474850 21.874125 4591.dat
9 0 1.000000 0.000000 0.000000 0.000000 0.450538 -0.892758 -0.000000 0.892758 0.450538 -0.000029 23.353872 23.135822 1.625000 7.474850 21.874125 4591.dat
9 0 -1.000000 0.000000 -0.000000 0.000000 1.000000 0.000000 0.000000 0.000000 -1.000000 0.000010 43.812500 -23.062504 1.625000 3.937500 16.687500 4591.dat
9 0 0.000000 0.000000 -1.000000 0.000000 1.000000 0.000000 1.000000 0.000000 0.000000 23.062504 43.812500 0.000004 1.625000 3.937500 16.687500 4591.dat
9 0 0.000000 0.000000 -1.000000 -0.892757 0.450539 -0.000000 0.450539 0.892757 0.000000 23.135830 23.353872 0.000004 1.625000 7.474850 21.874125 4591.dat
9 0 1.000000 0.000000 0.000000 0.000000 1.000000 0.000000 -0.000000 0.000000 1.000000 -0.000029 43.812500 23.062498 1.625000 3.937500 16.687500 4591.dat
9 0 -0.000000 0.000000 1.000000 0.000000 1.000000 0.000000 -1.000000 0.000000 -0.000000 -23.062498 43.812500 -0.000035 1.625000 3.937500 16.687500 4591.dat
10 0 -30.000002 0.000000 -50.000000 50.000000 52.450001 30.000002 4591.dat
3 23 -1.000000 0.000000 -0.000000 0.000000 1.000000 0.000000 0.000000 0.000000 -1.000000 20.000011 0.000000 -19.999998 4 4 29:0:1,23:4:1,18:2:1,23:4:1,29:0:1,23:4:1,0:4:2,23:4:1,0:4:2,23:4:1,18:2:1,23:4:1,18:4:1,23:4:1,18:2:1,23:4:1,0:4:2,23:4:1,0:4:2,23:4:1,29:0:1,23:4:1,18:2:1,23:4:1,29:0:1, 4591.dat
2 22 -1.000000 0.000000 -0.000000 0.000000 1.000000 0.000000 0.000000 0.000000 -1.000000 20.000011 48.000000 -19.999998 4 4 29:0:1,22:2:1,22:2:1,22:2:1,29:0:1,22:2:1,15:4:0,23:4:1,15:4:0,22:2:1,22:2:1,23:4:1,7:4:0,23:4:1,22:2:1,22:2:1,15:4:0,23:4:1,15:4:0,22:2:1,29:0:1,22:2:1,22:2:1,22:2:1,29:0:1, 4591.dat
0 4 0.000000 -0.000000 -1.000000 -0.000000 -1.000000 0.000000 -1.000000 0.000000 -0.000000 0.000003 0.000000 -0.000003 0 0 0.400000 0 0 4591.dat
