9 0 -1.000000 0.000000 -0.000000 0.000000 1.000000 0.000000 0.000000 0.000000 -1.000000 -0.334125 2.500000 -0.000003 37.896500 2.250000 19.750000 45917.dat
9 0 -0.962533 0.271166 -0.000000 0.271166 0.962533 0.000000 0.000000 0.000000 -1.000000 42.828251 -0.736375 0.000011 6.745550 1.421700 17.950550 45917.dat
9 0 0.973485 0.228750 0.000000 -0.228750 0.973485 -0.000000 -0.000000 -0.000000 1.000000 -42.393253 -0.968925 -0.000017 6.994300 1.489125 17.950550 45917.dat
9 0 -0.992696 0.120639 -0.000000 0.120639 0.992696 0.000000 0.000000 0.000000 -1.000000 -36.299751 13.918675 -0.000015 1.470450 7.936025 3.750000 45917.dat
9 0 -0.992516 -0.122111 -0.000000 -0.122111 0.992516 -0.000000 0.000000 0.000000 -1.000000 -23.698750 13.916300 -0.000011 1.457125 7.936025 3.750000 45917.dat
9 0 -0.992516 -0.122111 -0.000000 -0.122111 0.992516 -0.000000 0.000000 0.000000 -1.000000 36.320000 13.918599 0.000009 1.438275 7.936025 3.750000 45917.dat
9 0 -0.992696 0.120639 -0.000000 0.120639 0.992696 0.000000 0.000000 0.000000 -1.000000 23.684975 13.920525 0.000004 1.455125 7.936025 3.750000 45917.dat
9 0 -1.000000 0.000000 -0.000000 0.000000 1.000000 0.000000 0.000000 0.000000 -1.000000 30.002625 9.856300 0.000007 5.879100 3.606300 1.000000 45917.dat
9 0 -1.000000 0.000000 -0.000000 0.000000 1.000000 0.000000 0.000000 0.000000 -1.000000 -30.002752 9.856300 -0.000013 5.879100 3.606300 1.000000 45917.dat
9 0 -1.000000 0.000000 -0.000000 0.000000 1.000000 0.000000 0.000000 0.000000 -1.000000 30.002625 9.856300 0.000007 5.879100 3.606300 1.000000 45917.dat
9 0 -1.000000 0.000000 -0.000000 0.000000 1.000000 0.000000 0.000000 0.000000 -1.000000 -30.002752 9.856300 -0.000013 5.879100 3.606300 1.000000 45917.dat
10 0 -40.000000 -22.250000 -20.000000 60.000004 4.450000 20.000000 45917.dat
3 23 -1.000000 0.000000 -0.000000 0.000000 1.000000 0.000000 0.000000 0.000000 -1.000000 20.000004 0.000000 -9.999997 2 4 29:0:1,23:4:1,29:0:1,23:4:1,29:0:1,23:4:1,1:4:1,23:4:1,1:4:1,23:4:1,29:0:1,23:4:1,29:0:1,23:4:1,29:0:1, 45917.dat
0 6 0.000000 -1.000000 -0.000000 -0.000000 -0.000000 1.000000 -1.000000 0.000000 -0.000000 -30.000002 17.725451 3.999987 0 0 0.320000 1 0 45917.dat
0 6 0.000000 -1.000000 -0.000000 -0.000000 -0.000000 1.000000 -1.000000 0.000000 -0.000000 29.999998 17.725451 4.000006 0 0 0.320000 1 0 45917.dat
