9 0 -1.000000 -0.000000 -0.000000 0.000000 0.000000 -1.000000 0.000000 -1.000000 0.000000 0.000000 7.121125 0.312500 5.076950 5.875000 0.621125 4617.dat
9 0 -0.923880 -0.000001 -0.382683 0.382683 0.000000 -0.923880 0.000000 -1.000000 0.000000 0.000000 -29.663500 0.187500 7.651225 2.291400 22.917925 4617.dat
9 0 0.461939 0.800103 -0.382684 -0.191342 -0.331414 -0.923880 -0.866026 0.500000 0.000001 -25.689251 14.831750 0.187500 7.651225 2.291400 22.917900 4617.dat
9 0 0.461940 -0.800103 -0.382683 -0.191341 0.331413 -0.923880 0.866025 0.500000 0.000001 25.689251 14.831750 0.187500 7.651250 2.291400 22.917900 4617.dat
9 0 -0.500001 0.866025 0.000001 -0.000001 0.000001 -1.000000 -0.866025 -0.500001 0.000001 6.189450 3.573475 0.312500 5.076950 5.875000 0.595275 4617.dat
9 0 0.500000 0.866026 0.000000 -0.000000 0.000000 -1.000000 -0.866026 0.500000 0.000000 6.196425 -3.577525 0.312500 5.076950 5.875000 0.587200 4617.dat
9 0 1.000000 0.000000 0.000000 0.000000 -0.000000 -1.000000 0.000000 1.000000 -0.000000 0.000000 -7.121125 0.312500 5.076950 5.875000 0.621125 4617.dat
9 0 0.500000 -0.866026 -0.000000 0.000000 0.000000 -1.000000 0.866026 0.500000 0.000000 -6.174375 -3.564775 0.312500 5.076950 5.875000 0.612675 4617.dat
9 0 -0.500001 -0.866025 -0.000001 0.000001 0.000001 -1.000000 0.866025 -0.500001 0.000001 -6.189450 3.573475 0.312500 5.076950 5.875000 0.595275 4617.dat
10 0 -49.509750 -33.172001 -18.000000 49.509750 55.000000 2.000000 4617.dat
0 2 -0.000000 1.000000 -0.000000 0.000000 -0.000000 -1.000000 -1.000000 0.000000 -0.000000 0.000000 0.000000 -9.812500 0 0 0.800000 0 0 4617.dat
