9 0 -0.991071 -0.133333 -0.000000 -0.133333 0.991071 -0.000000 0.000000 0.000000 -1.000000 -62.396996 4.224250 -0.000020 9.465526 5.147400 16.577950 46203.dat
9 0 -1.000000 0.000000 -0.000000 0.000000 1.000000 0.000000 0.000000 0.000000 -1.000000 -10.000000 5.650000 -0.000003 43.072750 5.375000 16.577950 46203.dat
9 0 -0.999862 -0.016601 -0.000000 -0.016601 0.999862 -0.000000 0.000000 0.000000 -1.000000 -85.353752 -1.491725 -0.000028 3.470950 4.009050 5.863075 46203.dat
9 0 -0.458254 -0.135303 0.878462 -0.277835 0.960624 0.003023 -0.844281 -0.242683 -0.477802 -72.324249 2.635450 1.253426 13.671325 4.901350 7.888900 46203.dat
9 0 -0.458253 -0.135303 -0.878463 -0.277835 0.960624 -0.003024 0.844282 0.242683 -0.477801 -72.324249 2.635450 -1.253474 13.671325 4.901350 7.888900 46203.dat
9 0 0.999862 -0.016595 0.000000 0.016595 0.999862 0.000000 -0.000000 0.000000 1.000000 65.353752 -1.491725 0.000021 3.470950 4.009050 5.863075 46203.dat
9 0 0.458253 -0.135303 0.878463 0.277836 0.960624 0.003023 -0.844281 0.242683 0.477801 52.324249 2.635450 1.253467 13.671325 4.901350 7.888900 46203.dat
9 0 0.458254 -0.135303 -0.878463 0.277836 0.960624 -0.003023 0.844281 -0.242683 0.477801 52.324249 2.635450 -1.253433 13.671325 4.901350 7.888900 46203.dat
9 0 0.991071 -0.133333 0.000000 0.133333 0.991071 0.000000 -0.000000 0.000000 1.000000 42.397003 4.224250 0.000014 9.465526 5.147400 16.577950 46203.dat
10 0 -70.000000 -11.275001 -19.119825 90.000000 8.036250 19.119825 46203.dat
3 23 -1.000000 0.000000 -0.000000 0.000000 1.000000 0.000000 0.000000 0.000000 -1.000000 10.000003 0.000000 -9.999997 2 4 18:1:1,23:4:1,18:2:1,23:4:1,18:1:1,23:4:1,1:4:1,23:4:1,1:4:1,23:4:1,18:1:1,23:4:1,18:2:1,23:4:1,18:1:1, 46203.dat
