9 0 0.058903 -0.998264 0.000000 -0.000000 0.000000 1.000000 -0.998264 -0.058903 -0.000000 7.548862 0.481754 0.515727 2.864050 7.250000 1.317350 4624.dat
9 0 0.707107 -0.707107 0.000000 -0.000000 0.000000 1.000000 -0.707107 -0.707107 -0.000000 -5.031238 -4.967994 0.515724 3.125000 7.250000 1.680875 4624.dat
9 0 0.707107 -0.707106 0.000000 -0.000000 0.000000 1.000000 -0.707107 -0.707107 -0.000000 4.914234 4.977485 0.515725 3.125000 7.250000 1.628575 4624.dat
9 0 0.707107 -0.707106 0.000000 -0.000000 0.000000 1.000000 -0.707107 -0.707107 -0.000000 4.741756 -5.042449 0.515727 1.578800 7.250000 3.500000 4624.dat
9 0 0.707107 -0.707106 0.000000 -0.000000 0.000000 1.000000 -0.707107 -0.707107 -0.000000 -5.070769 4.770069 0.515723 1.633375 7.250000 3.500000 4624.dat
9 0 0.058903 -0.998264 0.000000 -0.000000 0.000000 1.000000 -0.998264 -0.058903 -0.000000 -7.674051 -0.286665 0.515723 2.864050 7.250000 1.317350 4624.dat
9 0 0.999461 0.032834 0.000000 -0.000000 0.000000 1.000000 0.032834 -0.999461 0.000000 0.093178 7.563620 0.515724 2.864050 7.250000 1.317350 4624.dat
9 0 0.999697 -0.024597 0.000000 -0.000000 0.000000 1.000000 -0.024597 -0.999698 0.000000 -0.529866 -7.555437 0.515725 2.864050 7.250000 1.317350 4624.dat
9 0 0.707107 -0.707107 0.000000 -0.000000 0.000000 1.000000 -0.707107 -0.707107 -0.000000 -0.003249 -0.013507 -5.742150 4.832425 0.992150 4.877775 4624.dat
10 0 -10.000000 -10.000000 -15.000001 10.000000 10.000000 0.000000 4624.dat
4 27 -0.707107 0.707107 -0.000000 0.000000 -0.000000 -1.000000 -0.707107 -0.707107 -0.000000 0.000002 -0.000001 0.500000 1 4624.dat
6 86 0.707107 0.707107 0.000000 -0.000000 0.000000 1.000000 0.707107 -0.707107 0.000000 0.000002 -0.000001 3.000000 0.000000 0.000000 0.000000 0.000000 0 4624.dat
4 27 -0.707107 0.707107 -0.000000 -0.000000 0.000000 1.000000 0.707107 0.707107 0.000000 0.000002 -0.000001 0.500000 1 4624.dat
