9 0 1.000000 0.000000 0.000000 0.000000 1.000000 0.000000 0.000000 0.000000 1.000000 0.000000 2.889050 -13.785701 6.680525 2.769125 0.634500 46303.dat
9 0 0.707107 0.000000 0.707107 0.000000 1.000000 0.000000 -0.707107 0.000000 0.707107 9.747950 2.889050 -9.747950 6.680525 2.769125 0.634500 46303.dat
9 0 -0.000000 0.000000 1.000000 0.000000 1.000000 0.000000 -1.000000 0.000000 -0.000000 13.785701 2.889050 0.000000 6.680525 2.769125 0.634500 46303.dat
9 0 -0.707107 0.000000 0.707107 0.000000 1.000000 0.000000 -0.707107 0.000000 -0.707107 9.747950 5.514525 9.747950 6.680525 5.394625 0.634500 46303.dat
9 0 -1.000000 0.000000 -0.000000 0.000000 1.000000 0.000000 0.000000 0.000000 -1.000000 0.000000 5.514525 13.785701 6.680525 5.394625 0.634500 46303.dat
9 0 -0.707107 0.000000 -0.707107 0.000000 1.000000 0.000000 0.707107 0.000000 -0.707107 -9.747950 5.514525 9.747950 6.680525 5.394625 0.634500 46303.dat
9 0 -0.000000 0.000000 -1.000000 0.000000 1.000000 0.000000 1.000000 0.000000 -0.000000 -13.785701 2.889050 0.000000 6.680525 2.769125 0.634500 46303.dat
9 0 0.707107 0.000000 -0.707107 0.000000 1.000000 0.000000 0.707107 0.000000 0.707107 -9.747950 2.889050 -9.747950 6.680525 2.769125 0.634500 46303.dat
9 0 1.000000 0.000000 0.000000 0.000000 1.000000 0.000000 0.000000 0.000000 1.000000 0.000000 -3.419125 -0.367750 10.489825 2.769125 9.996824 46303.dat
10 0 -15.555575 -13.063749 -16.269325 15.555575 7.509875 16.102999 46303.dat
2 22 1.000000 0.000000 0.000000 0.000000 1.000000 0.000000 0.000000 0.000000 1.000000 -10.000000 -0.400000 10.000000 2 2 29:0:0,29:0:0,29:0:0,29:0:0,15:4:34,29:0:0,29:0:0,29:0:0,29:0:0, 46303.dat
