9 0 -1.000000 -0.000000 -0.000000 0.000000 0.091717 -0.995785 0.000000 -0.995785 -0.091717 10.821150 -0.404500 -18.054325 0.496175 0.671600 4.009700 4716.dat
9 0 -0.777765 0.628555 -0.000000 0.057650 0.071335 -0.995785 -0.625906 -0.774487 -0.091718 8.207200 -7.424000 -18.780651 0.496175 0.453075 4.009700 4716.dat
9 0 -0.155541 0.987829 0.000000 0.018299 0.002882 -0.999828 -0.987660 -0.155514 -0.018525 1.715275 -11.124825 -19.456026 0.496175 0.137500 4.009700 4716.dat
9 0 0.520933 0.853597 0.000001 0.007183 -0.004383 -0.999965 -0.853567 0.520915 -0.008415 -5.567050 -9.627050 -19.577925 0.496175 0.137500 4.009700 4716.dat
9 0 0.994074 -0.107300 0.017419 0.017307 -0.001974 -0.999848 0.107318 0.994225 -0.000105 -8.484125 -3.570025 -19.576626 0.496175 0.137500 4.009700 4716.dat
9 0 -0.744446 -0.667677 0.002620 -0.071086 0.075357 -0.994620 0.663887 -0.740627 -0.103562 8.030975 6.703100 -17.070324 0.496175 0.671625 4.009700 4716.dat
9 0 -0.112791 -0.993615 0.002619 -0.103195 0.009093 -0.994620 0.988245 -0.112454 -0.103562 1.217050 10.198174 -16.165051 0.496175 0.671625 4.009700 4716.dat
9 0 0.563685 -0.825986 0.002619 -0.084073 -0.060529 -0.994620 0.821700 0.560432 -0.103562 -6.125525 8.318475 -15.290075 0.496175 0.671625 4.009700 4716.dat
9 0 0.975178 -0.221409 0.002620 -0.020389 -0.101569 -0.994620 0.220483 0.969877 -0.103562 -10.413575 2.091975 -14.380675 0.496175 0.671625 4.009700 4716.dat
9 0 0.889051 0.457801 0.002619 0.049727 -0.090880 -0.994620 -0.455100 0.884398 -0.103562 -9.532475 -5.514950 -13.453500 0.496175 0.671600 4.009700 4716.dat
9 0 0.366395 0.930456 0.002619 0.097315 -0.035521 -0.994620 -0.925356 0.364678 -0.103562 -3.981475 -10.532225 -12.513649 0.496175 0.671625 4.009700 4716.dat
9 0 -0.341082 0.940030 0.002619 0.096463 0.037772 -0.994620 -0.935071 -0.338994 -0.103561 3.566675 -10.561575 -11.602076 0.496175 0.671625 4.009700 4716.dat
9 0 -0.864907 0.501926 0.002620 0.049727 0.090879 -0.994620 -0.499463 -0.860123 -0.103561 9.382000 -5.803600 -10.733926 0.496175 0.671625 4.009700 4716.dat
9 0 -0.864907 0.501926 0.002620 0.049727 0.090880 -0.994619 -0.499463 -0.860123 -0.103562 9.382000 -5.803600 -2.717625 0.496175 0.671625 4.009700 4716.dat
9 0 -0.864907 0.501926 0.002620 0.049726 0.090879 -0.994620 -0.499463 -0.860123 -0.103561 9.382000 -5.803600 5.286499 0.496175 0.671625 4.009700 4716.dat
9 0 -0.864907 0.501925 0.002619 0.049727 0.090879 -0.994620 -0.499463 -0.860123 -0.103561 9.382000 -5.803600 13.364498 0.496175 0.671625 4.009700 4716.dat
9 0 -0.341082 0.940030 0.002619 0.096463 0.037772 -0.994620 -0.935071 -0.338994 -0.103561 3.566675 -10.561575 -3.587276 0.496175 0.671625 4.009700 4716.dat
9 0 -0.341082 0.940030 0.002619 0.096463 0.037772 -0.994620 -0.935071 -0.338994 -0.103561 3.566675 -10.561575 4.456775 0.496175 0.671625 4.009700 4716.dat
9 0 -0.341080 0.940031 0.002619 0.096463 0.037772 -0.994620 -0.935072 -0.338992 -0.103561 3.566675 -10.561575 12.457250 0.496175 0.671625 4.009700 4716.dat
9 0 0.366394 0.930456 0.002619 0.097315 -0.035521 -0.994620 -0.925357 0.364677 -0.103562 -3.981475 -10.431975 -4.487576 0.496175 0.671625 4.009700 4716.dat
9 0 0.366395 0.930456 0.002619 0.097315 -0.035521 -0.994620 -0.925356 0.364679 -0.103562 -3.981500 -10.431975 3.541200 0.496175 0.671625 4.009700 4716.dat
9 0 0.366395 0.930456 0.002619 0.097315 -0.035521 -0.994620 -0.925356 0.364679 -0.103562 -3.981500 -10.431975 11.483251 0.496175 0.671625 4.009700 4716.dat
9 0 0.364341 0.930887 -0.026569 0.018153 -0.035624 -0.999200 -0.931089 0.363567 -0.029878 -3.981500 -10.431975 19.303499 0.496175 0.228600 4.009700 4716.dat
9 0 0.889050 0.457802 0.002620 0.049728 -0.090880 -0.994620 -0.455101 0.884397 -0.103562 -9.532475 -5.514925 -5.405275 0.496175 0.671625 4.009700 4716.dat
9 0 0.889051 0.457801 0.002619 0.049727 -0.090880 -0.994620 -0.455100 0.884398 -0.103562 -9.532475 -5.514950 2.622825 0.496175 0.671625 4.009700 4716.dat
9 0 0.889050 0.457802 0.002620 0.049728 -0.090880 -0.994620 -0.455101 0.884397 -0.103562 -9.532475 -5.514925 10.483749 0.496175 0.671625 4.009700 4716.dat
9 0 0.889050 0.457802 0.002620 0.049728 -0.090880 -0.994620 -0.455101 0.884397 -0.103562 -9.532475 -5.514950 18.559999 0.496175 0.671625 4.009700 4716.dat
9 0 0.975178 -0.221409 0.002620 -0.020389 -0.101569 -0.994620 0.220483 0.969877 -0.103562 -10.413575 2.091975 -6.327400 0.496175 0.671625 4.009700 4716.dat
9 0 0.975178 -0.221409 0.002620 -0.020389 -0.101568 -0.994619 0.220483 0.969877 -0.103561 -10.413575 2.091975 1.674275 0.496175 0.671625 4.009700 4716.dat
9 0 0.975178 -0.221408 0.002620 -0.020389 -0.101568 -0.994619 0.220483 0.969877 -0.103561 -10.413575 2.091975 9.650249 0.496175 0.671625 4.009700 4716.dat
9 0 0.975177 -0.221411 0.002620 -0.020389 -0.101568 -0.994620 0.220485 0.969877 -0.103561 -10.413575 2.091975 17.744251 0.496175 0.671625 4.009700 4716.dat
9 0 0.563685 -0.825986 0.002619 -0.084073 -0.060529 -0.994620 0.821700 0.560432 -0.103562 -6.125525 8.318475 -7.279125 0.496175 0.671625 4.009700 4716.dat
9 0 0.563684 -0.825986 0.002620 -0.084072 -0.060529 -0.994620 0.821701 0.560431 -0.103561 -6.125525 8.318475 0.749224 0.496175 0.671625 4.009700 4716.dat
9 0 0.563683 -0.825987 0.002620 -0.084072 -0.060529 -0.994620 0.821701 0.560430 -0.103562 -6.125525 8.318475 8.744751 0.496175 0.671625 4.009700 4716.dat
9 0 0.563685 -0.825986 0.002619 -0.084073 -0.060528 -0.994620 0.821700 0.560432 -0.103562 -6.125525 8.318475 16.840748 0.496175 0.671625 4.009700 4716.dat
9 0 -0.112791 -0.993615 0.002619 -0.103195 0.009093 -0.994620 0.988245 -0.112454 -0.103562 1.217050 10.198174 -8.158200 0.496175 0.671625 4.009700 4716.dat
9 0 -0.112791 -0.993615 0.002619 -0.103195 0.009092 -0.994620 0.988245 -0.112454 -0.103562 1.217050 10.198174 -0.143926 0.496175 0.671625 4.009700 4716.dat
9 0 -0.112791 -0.993615 0.002619 -0.103196 0.009092 -0.994619 0.988245 -0.112455 -0.103562 1.217050 10.198174 7.823251 0.496175 0.671625 4.009700 4716.dat
9 0 -0.112789 -0.993616 0.002619 -0.103195 0.009092 -0.994619 0.988245 -0.112453 -0.103562 1.217050 10.198174 15.864499 0.496175 0.671625 4.009700 4716.dat
9 0 -0.744447 -0.667676 0.002618 -0.071085 0.075358 -0.994620 0.663886 -0.740628 -0.103562 8.030975 6.703100 -9.034526 0.496175 0.671625 4.009700 4716.dat
9 0 -0.744446 -0.667677 0.002619 -0.071086 0.075357 -0.994620 0.663888 -0.740627 -0.103562 8.030975 6.703100 -1.052600 0.496175 0.671625 4.009700 4716.dat
9 0 -0.744446 -0.667677 0.002619 -0.071086 0.075357 -0.994620 0.663888 -0.740627 -0.103562 8.030975 6.703100 6.901000 0.496175 0.671625 4.009700 4716.dat
9 0 -0.744448 -0.667675 0.002619 -0.071086 0.075358 -0.994620 0.663886 -0.740629 -0.103562 8.030975 6.703100 14.922001 0.496175 0.671625 4.009700 4716.dat
9 0 -1.000000 -0.000000 -0.000000 0.000000 0.091717 -0.995785 0.000000 -0.995785 -0.091717 10.821150 -0.404500 -9.945800 0.496175 0.671600 4.009700 4716.dat
9 0 -1.000000 -0.000000 -0.000000 0.000000 0.091717 -0.995785 0.000000 -0.995785 -0.091717 10.821150 -0.404500 -1.872200 0.496175 0.671600 4.009700 4716.dat
9 0 -1.000000 -0.000000 -0.000000 0.000000 0.091717 -0.995785 0.000000 -0.995785 -0.091717 10.821150 -0.404500 5.963500 0.496175 0.671625 4.009700 4716.dat
9 0 -1.000000 -0.000000 -0.000000 0.000000 0.091717 -0.995785 0.000000 -0.995785 -0.091717 10.821150 -0.404500 14.004000 0.496175 0.671625 4.009700 4716.dat
9 0 -0.341020 0.939667 0.027039 -0.009276 0.025398 -0.999634 -0.940010 -0.341146 0.000055 3.566150 -10.560150 19.596251 0.496175 0.137500 4.009700 4716.dat
9 0 1.000000 0.000000 0.000000 0.000000 1.000000 0.000000 0.000000 0.000000 1.000000 -3.509150 -4.025700 0.000000 1.009150 1.025700 19.750000 4716.dat
9 0 1.000000 0.000000 0.000000 0.000000 1.000000 0.000000 0.000000 0.000000 1.000000 3.624975 -4.025700 0.000000 1.124975 1.025700 19.750000 4716.dat
9 0 1.000000 0.000000 0.000000 0.000000 1.000000 0.000000 0.000000 0.000000 1.000000 3.624975 3.010350 0.000000 1.124975 1.010350 19.750000 4716.dat
9 0 1.000000 0.000000 0.000000 0.000000 1.000000 0.000000 0.000000 0.000000 1.000000 -3.509150 3.010350 0.000000 1.009150 1.010350 19.750000 4716.dat
9 0 0.987826 -0.151327 0.036064 0.034692 -0.011696 -0.999330 0.151647 0.988415 -0.006303 8.303801 -5.140625 19.562500 0.496175 0.137500 4.009700 4716.dat
10 0 -12.454850 -12.454850 -40.000000 12.454850 12.454850 0.000000 4716.dat
0 4 -0.000000 1.000000 -0.000000 0.000000 -0.000000 -1.000000 -1.000000 0.000000 -0.000000 0.000000 -0.500000 -20.000000 0 0 1.600000 0 0 4716.dat
