9 0 -1.000000 -0.000000 -0.000000 0.000000 0.000000 -1.000000 0.000000 -1.000000 0.000000 0.000000 9.337500 7.392625 4.750000 1.017625 9.087500 4727.dat
9 0 -0.707106 0.000001 -0.707107 0.707107 -0.000000 -0.707106 -0.000001 -1.000000 -0.000000 -9.450850 3.999999 9.450850 6.782825 6.051125 3.750000 4727.dat
9 0 -1.000000 -0.000000 -0.000000 0.000000 0.000000 -1.000000 0.000000 -1.000000 0.000000 -13.906425 3.999999 13.906425 5.843575 5.843575 3.750000 4727.dat
9 0 -0.707106 -0.000001 0.707107 -0.707107 -0.000000 -0.707106 0.000001 -1.000000 -0.000000 9.450850 3.999999 9.450850 6.782825 6.051125 3.750000 4727.dat
9 0 0.707106 0.000000 0.707107 -0.707107 0.000000 0.707106 -0.000000 -1.000000 0.000000 9.450850 3.999999 -9.450850 6.782825 6.051125 3.750000 4727.dat
9 0 0.707106 -0.000000 -0.707107 0.707107 0.000000 0.707106 0.000000 -1.000000 0.000000 -9.450850 3.999999 -9.450850 6.782825 6.051125 3.750000 4727.dat
9 0 0.500000 0.000000 0.866026 -0.866026 0.000000 0.500000 -0.000000 -1.000000 0.000000 -5.745950 21.337500 3.317425 3.875000 0.259850 2.412500 4727.dat
9 0 -0.499999 -0.000000 0.866026 -0.866026 -0.000000 -0.499999 0.000000 -1.000000 0.000000 6.402200 9.337500 3.696325 4.750000 1.017625 9.087500 4727.dat
9 0 -0.500001 0.000001 0.866025 -0.866025 0.000001 -0.500001 -0.000001 -1.000000 0.000001 -5.745950 21.337500 -3.317425 3.875000 0.259850 2.412500 4727.dat
9 0 0.500000 0.000000 -0.866026 0.866026 -0.000000 0.500000 -0.000000 -1.000000 -0.000000 -6.402200 9.337500 -3.696300 4.750000 1.017625 9.087500 4727.dat
9 0 0.499999 -0.000000 -0.866026 0.866026 0.000000 0.499999 0.000000 -1.000000 0.000001 5.745950 21.337500 3.317425 3.875000 0.259850 2.412500 4727.dat
9 0 1.000000 0.000000 0.000000 0.000000 -0.000000 1.000000 0.000000 -1.000000 -0.000000 0.000000 9.337500 -7.392625 4.750000 1.017625 9.087500 4727.dat
9 0 1.000000 0.000000 0.000000 0.000000 -0.000000 1.000000 0.000000 -1.000000 -0.000000 0.000000 21.337500 6.634850 3.875000 0.259850 2.412500 4727.dat
9 0 0.500000 0.000000 0.866026 -0.866026 -0.000000 0.500000 0.000000 -1.000000 -0.000000 6.402200 9.337500 -3.696300 4.750000 1.017625 9.087500 4727.dat
9 0 -1.000000 -0.000000 -0.000000 0.000000 0.000000 -1.000000 0.000000 -1.000000 0.000000 0.000000 21.337500 -6.634850 3.875000 0.259850 2.412500 4727.dat
9 0 -0.500001 -0.000001 -0.866025 0.866025 0.000001 -0.500001 0.000001 -1.000000 0.000001 -6.402200 9.337500 3.696300 4.750000 1.017625 9.087500 4727.dat
9 0 -0.500001 -0.000001 -0.866025 0.866025 0.000001 -0.500001 0.000001 -1.000000 0.000001 5.745950 21.337500 -3.317425 3.875000 0.259850 2.412500 4727.dat
9 0 -0.000000 0.000000 -1.000000 1.000000 -0.000000 -0.000000 -0.000000 -1.000000 -0.000000 -13.906450 3.999999 -13.906425 5.843575 5.843575 3.750000 4727.dat
9 0 1.000000 0.000000 0.000000 0.000000 -0.000000 1.000000 0.000000 -1.000000 -0.000000 13.906425 3.999999 -13.906425 5.843575 5.843575 3.750000 4727.dat
9 0 0.000000 0.000000 1.000000 -1.000000 0.000000 0.000000 -0.000000 -1.000000 0.000000 13.906425 3.999999 13.906425 5.843575 5.843575 3.750000 4727.dat
10 0 -20.000000 0.000000 -20.000000 20.000000 28.450001 20.000000 4727.dat
3 23 1.000000 0.000000 0.000000 0.000000 1.000000 0.000000 0.000000 0.000000 1.000000 -10.000000 0.000000 10.000000 2 2 29:0:0,29:0:0,29:0:0,29:0:0,1:4:36,29:0:0,29:0:0,29:0:0,29:0:0, 4727.dat
2 22 1.000000 0.000000 0.000000 0.000000 1.000000 0.000000 0.000000 0.000000 1.000000 -10.000000 24.000000 10.000000 2 2 29:0:0,29:0:0,29:0:0,29:0:0,5:4:32,29:0:0,29:0:0,29:0:0,29:0:0, 4727.dat
0 6 1.000000 0.000000 0.000000 0.000000 -1.000000 -0.000000 0.000000 0.000000 -1.000000 0.000000 -4.425000 0.000000 0 0 0.287000 0 0 4727.dat
