9 0 0.000001 -0.000001 1.000000 1.000000 0.000001 -0.000001 -0.000001 1.000000 0.000001 11.968822 -0.000059 111.888245 15.211775 1.718750 7.250000 47297.dat
9 0 0.000001 -0.000001 1.000000 1.000000 0.000001 -0.000001 -0.000001 1.000000 0.000001 11.968788 2.249922 60.060493 39.710503 1.718750 11.299950 47297.dat
9 0 0.000001 -0.000001 1.000000 1.000000 0.000001 -0.000001 -0.000001 1.000000 0.000001 -2.218686 -7.125655 90.683998 9.087025 11.968750 1.924425 47297.dat
9 0 0.000001 -0.000001 1.000000 1.000000 0.000001 -0.000001 -0.000001 1.000000 0.000001 2.218806 1.831025 86.274498 1.547300 11.968750 5.479025 47297.dat
9 0 0.000001 -0.000001 1.000000 1.000000 0.000001 -0.000001 -0.000001 1.000000 0.000001 0.000053 -5.113120 75.709496 5.387575 1.625000 3.936925 47297.dat
9 0 0.000001 -0.000001 1.000000 1.000000 0.000001 -0.000001 -0.000001 1.000000 0.000001 0.000011 -0.000010 16.299801 5.590450 2.000000 5.875000 47297.dat
9 0 0.000001 -0.000001 1.000000 1.000000 0.000001 -0.000001 -0.000001 1.000000 0.000001 0.000010 -0.000009 15.614875 4.905525 5.875000 2.000000 47297.dat
9 0 0.000001 -0.000001 1.000000 1.000000 0.000001 -0.000001 -0.000001 1.000000 0.000001 0.000016 -0.625014 23.650301 3.300300 14.187500 8.425000 47297.dat
9 0 0.000001 -0.000001 1.000000 1.000000 0.000001 -0.000001 -0.000001 1.000000 0.000001 0.000079 -0.000071 119.850006 2.661900 27.250000 2.733875 47297.dat
9 0 0.000000 0.707106 0.707107 1.000000 0.000001 -0.000001 -0.000001 0.707107 -0.707106 -18.749992 23.096891 34.150524 3.060150 8.500000 3.141975 47297.dat
9 0 0.000001 -0.258847 0.965918 0.707106 0.683008 0.183032 -0.707107 0.683007 0.183033 21.067505 15.974228 60.572498 23.531300 2.256700 2.547900 47297.dat
9 0 0.000001 -0.000001 1.000000 1.000000 0.000001 -0.000001 -0.000001 1.000000 0.000001 8.630358 -0.000024 49.849995 17.500000 0.630325 9.750000 47297.dat
9 0 -1.000000 -0.000001 0.000001 0.000001 -0.000001 1.000000 -0.000001 1.000000 0.000001 0.000045 0.349959 68.480247 4.374975 0.630325 9.400000 47297.dat
9 0 -1.000000 -0.000001 0.000001 0.000001 -0.000001 1.000000 -0.000001 1.000000 0.000001 0.000020 0.349981 31.219751 4.374975 0.630325 9.400000 47297.dat
9 0 -1.000000 -0.000001 0.000001 0.000001 -0.000001 1.000000 -0.000001 1.000000 0.000001 0.000033 -0.000030 49.849998 7.500000 2.000000 9.750000 47297.dat
9 0 0.000001 -0.258847 0.965918 0.707106 0.683008 0.183032 -0.707107 0.683007 0.183033 -21.067446 15.974201 60.572521 23.531300 2.256700 2.547900 47297.dat
9 0 0.000001 -0.000001 1.000000 -1.000000 -0.000001 0.000001 0.000001 -1.000000 -0.000001 -11.968712 2.249907 60.060509 39.710503 1.718750 11.299950 47297.dat
9 0 0.000001 -0.000001 1.000000 -1.000000 -0.000001 0.000001 0.000001 -1.000000 -0.000001 -11.968677 -0.000074 111.888268 15.211775 1.718750 7.250000 47297.dat
9 0 0.000001 -0.000001 1.000000 1.000000 0.000001 -0.000001 -0.000001 1.000000 0.000001 -8.630292 -0.000035 49.850006 17.500000 0.630325 9.750000 47297.dat
9 0 0.000000 0.707106 0.707107 1.000000 0.000001 -0.000001 -0.000001 0.707107 -0.707106 18.750008 23.096916 34.150501 3.060150 8.500000 3.141975 47297.dat
9 0 0.000001 -0.258847 0.965918 0.707106 0.683008 0.183032 -0.707107 0.683007 0.183033 -21.022366 5.826503 98.439766 18.906399 0.993775 0.948250 47297.dat
9 0 0.000001 -0.000001 1.000000 1.000000 0.000001 -0.000001 -0.000001 1.000000 0.000001 -13.975692 2.249812 90.684013 9.087025 3.725750 11.299874 47297.dat
9 0 0.000001 -0.000001 1.000000 1.000000 0.000001 -0.000001 -0.000001 1.000000 0.000001 -16.127062 9.051374 68.107018 1.714825 2.674650 15.753700 47297.dat
9 0 0.000001 -0.000001 1.000000 1.000000 0.000001 -0.000001 -0.000001 1.000000 0.000001 -16.127073 10.237984 52.974518 1.799975 2.674650 16.549175 47297.dat
9 0 0.000001 -0.000001 1.000000 1.000000 0.000001 -0.000001 -0.000001 1.000000 0.000001 -16.127081 8.931168 37.667519 1.799975 2.674650 15.242350 47297.dat
9 0 0.000001 -0.258847 0.965918 0.707106 0.683008 0.183032 -0.707107 0.683007 0.183033 21.022486 5.826530 98.439743 18.906399 0.993775 0.948250 47297.dat
9 0 0.000001 -0.000001 1.000000 1.000000 0.000001 -0.000001 -0.000001 1.000000 0.000001 13.975808 2.249830 90.683990 9.087025 3.725750 11.299874 47297.dat
9 0 0.000001 -0.000001 1.000000 1.000000 0.000001 -0.000001 -0.000001 1.000000 0.000001 16.862188 9.051395 68.106995 1.714825 2.674650 15.753700 47297.dat
9 0 0.000001 -0.000001 1.000000 1.000000 0.000001 -0.000001 -0.000001 1.000000 0.000001 16.862177 10.238005 52.974491 1.799975 2.674650 16.549175 47297.dat
9 0 0.000001 -0.000001 1.000000 1.000000 0.000001 -0.000001 -0.000001 1.000000 0.000001 16.862169 8.931189 37.667496 1.799975 2.674650 15.242350 47297.dat
9 0 0.000001 -0.207912 0.978148 1.000000 0.000001 -0.000001 -0.000001 0.978148 0.207912 11.968784 10.045495 62.131752 36.030750 1.718750 11.299950 47297.dat
9 0 0.000001 -0.207911 0.978148 -1.000000 -0.000001 0.000001 0.000001 -0.978148 -0.207911 -11.968716 10.045480 62.131763 36.030750 1.718750 11.299950 47297.dat
10 0 -13.003426 -27.500000 -28.589748 132.703491 27.500000 12.853426 47297.dat
1 5 -1.000000 -0.000001 0.000001 0.000001 -0.000001 1.000000 -0.000001 1.000000 0.000001 0.000000 0.000000 0.000000 47297.dat
1 5 1.000000 0.000001 -0.000001 -0.000001 0.000001 -1.000000 -0.000001 1.000000 0.000001 0.000079 -0.000072 120.000008 47297.dat
0 7 1.000000 0.000001 -0.000000 -0.000001 0.269215 -0.963080 -0.000001 0.963080 0.269215 -20.890589 21.987839 38.590527 1 0 1.831620 0 0 47297.dat
0 2 1.000000 0.000001 -0.000001 0.000001 -1.000000 -0.000001 -0.000001 0.000001 -1.000000 0.000033 -10.000024 39.849995 0 0 0.800000 0 0 47297.dat
0 2 1.000000 0.000001 -0.000001 0.000001 -1.000000 -0.000001 -0.000001 0.000001 -1.000000 0.000046 -10.000036 59.849995 0 0 0.800000 0 0 47297.dat
0 7 1.000000 0.000001 -0.000000 -0.000001 0.269215 -0.963080 -0.000001 0.963080 0.269215 21.037510 21.980715 38.615997 1 0 1.832420 0 0 47297.dat
2 22 0.000001 -0.000001 1.000000 0.000001 -1.000000 -0.000001 1.000000 0.000001 -0.000001 10.000027 -10.000011 29.849989 2 4 22:1:1,22:2:1,22:2:1,22:2:1,22:1:1,22:2:1,16:4:64,9:4:1,16:4:64,22:2:1,22:1:1,22:2:1,22:2:1,22:2:1,22:1:1, 47297.dat
2 22 0.000001 -0.000001 1.000000 -0.000001 1.000000 0.000001 -1.000000 -0.000001 0.000001 -9.999988 9.999976 29.850012 2 4 22:1:1,22:2:1,22:2:1,22:2:1,22:1:1,22:2:1,16:4:64,9:4:1,16:4:64,22:2:1,22:1:1,22:2:1,22:2:1,22:2:1,22:1:1, 47297.dat
