9 0 0.000000 0.000000 -1.000000 0.000000 1.000000 0.000000 1.000000 0.000000 0.000000 -6.684150 12.249999 -0.000000 3.449050 3.750000 0.309150 4735.dat
9 0 0.000000 0.000000 -1.000000 0.000000 1.000000 0.000000 1.000000 0.000000 0.000000 -4.652200 5.724999 -0.000000 2.483300 5.275000 0.402200 4735.dat
9 0 0.000000 0.000000 -1.000000 0.707107 0.707107 0.000000 0.707107 -0.707107 0.000000 0.000000 4.243799 -20.083199 15.451625 2.582800 2.582800 4735.dat
9 0 0.000000 0.000000 -1.000000 0.000000 1.000000 0.000000 1.000000 0.000000 0.000000 -0.069825 4.250000 -35.465752 0.284300 3.750000 3.686350 4735.dat
9 0 0.866025 0.000000 -0.500000 0.000000 1.000000 0.000000 0.500000 0.000000 0.866025 -2.326100 5.724999 -4.028925 2.483300 5.275000 0.402200 4735.dat
9 0 0.866025 0.000000 -0.500000 0.000000 1.000000 0.000000 0.500000 0.000000 0.866025 -3.342075 12.249999 -5.788625 3.449050 3.750000 0.309150 4735.dat
9 0 0.866025 0.000000 0.500000 0.000000 1.000000 0.000000 -0.500000 0.000000 0.866025 2.326100 5.724999 -4.028925 2.483300 5.275000 0.402200 4735.dat
9 0 0.866025 0.000000 0.500000 0.000000 1.000000 0.000000 -0.500000 0.000000 0.866025 3.342075 12.249999 -5.788625 3.449050 3.750000 0.309150 4735.dat
9 0 -0.000000 0.000000 1.000000 0.000000 1.000000 0.000000 -1.000000 0.000000 -0.000000 4.652200 5.724999 0.000000 2.483300 5.275000 0.402200 4735.dat
9 0 -0.000000 0.000000 1.000000 0.000000 1.000000 0.000000 -1.000000 0.000000 -0.000000 6.684150 12.249999 0.000000 3.449050 3.750000 0.309150 4735.dat
9 0 -0.866025 0.000000 0.500000 0.000000 1.000000 0.000000 -0.500000 0.000000 -0.866025 2.326100 5.724999 4.028925 2.483300 5.275000 0.402200 4735.dat
9 0 -0.866025 0.000000 0.500000 0.000000 1.000000 0.000000 -0.500000 0.000000 -0.866025 3.342075 12.249999 5.788625 3.449050 3.750000 0.309150 4735.dat
9 0 -0.866025 0.000000 -0.500000 0.000000 1.000000 0.000000 0.500000 0.000000 -0.866025 -2.326100 5.724999 4.028925 2.483300 5.275000 0.402200 4735.dat
9 0 -0.247046 0.000000 -0.969004 0.000000 1.000000 0.000000 0.969004 0.000000 -0.247046 4.438476 4.250000 -42.198750 1.734650 3.750000 0.407825 4735.dat
9 0 0.242102 0.000000 -0.970251 0.000000 1.000000 0.000000 0.970251 0.000000 0.242102 4.788075 4.250000 -38.774498 2.009150 3.750000 0.692525 4735.dat
9 0 -0.866025 0.000000 -0.500000 0.000000 1.000000 0.000000 0.500000 0.000000 -0.866025 -3.342075 12.249999 5.788625 3.449050 3.750000 0.309150 4735.dat
9 0 -0.242102 0.000000 -0.970251 0.000000 1.000000 0.000000 0.970251 0.000000 -0.242102 -4.788074 4.250000 -38.774498 2.009150 3.750000 0.692525 4735.dat
9 0 0.247046 0.000000 -0.969004 0.000000 1.000000 0.000000 0.969004 0.000000 0.247046 -4.438475 4.250000 -42.198750 1.734650 3.750000 0.407825 4735.dat
10 0 -8.250000 0.000000 -8.250000 45.484249 20.500000 8.250000 4735.dat
0 6 -0.000000 0.000000 1.000000 0.000000 1.000000 0.000000 -1.000000 0.000000 -0.000000 0.000000 8.250000 -40.000000 0 0 0.320137 1 0 4735.dat
2 22 0.000000 0.000000 -1.000000 0.000000 1.000000 0.000000 1.000000 0.000000 0.000000 10.000000 16.250000 10.000000 2 2 29:0:0,29:0:0,29:0:0,29:0:0,5:4:32,29:0:0,29:0:0,29:0:0,29:0:0, 4735.dat
3 23 0.000000 0.000000 -1.000000 0.000000 1.000000 0.000000 1.000000 0.000000 0.000000 10.000000 0.199999 10.000000 2 2 29:0:0,29:0:0,29:0:0,29:0:0,1:4:36,29:0:0,29:0:0,29:0:0,29:0:0, 4735.dat
0 6 1.000000 0.000000 0.000000 0.000000 1.000000 0.000000 -0.000000 0.000000 1.000000 0.000000 11.250000 0.000000 0 0 0.620000 0 0 4735.dat
0 7 -0.000000 1.000000 0.000000 -0.000000 -0.000000 1.000000 1.000000 0.000000 0.000000 0.000000 4.250000 -8.122375 1 1 1.019700 0 1 4735.dat
