9 0 1.000000 0.000000 0.000000 0.000000 1.000000 0.000000 0.000000 0.000000 1.000000 -8.125700 -1.250000 -0.062500 1.624300 1.000000 9.750000 4736.dat
9 0 1.000000 0.000000 0.000000 0.000000 1.000000 0.000000 0.000000 0.000000 1.000000 8.117925 -1.250000 -0.062500 1.624300 1.000000 9.750000 4736.dat
9 0 1.000000 0.000000 0.000000 0.000000 1.000000 0.000000 0.000000 0.000000 1.000000 -0.027925 3.700000 -11.312500 9.730100 5.950000 1.000000 4736.dat
9 0 1.000000 0.000000 0.000000 0.000000 1.000000 0.000000 0.000000 0.000000 1.000000 -0.001950 19.699999 -11.312500 13.453526 9.550000 1.000000 4736.dat
9 0 1.000000 0.000000 0.000000 0.000000 1.000000 0.000000 0.000000 0.000000 1.000000 0.005750 4.975000 11.187500 9.755750 7.225000 1.000000 4736.dat
9 0 1.000000 0.000000 0.000000 0.000000 1.000000 0.000000 0.000000 0.000000 1.000000 -0.001950 8.450000 13.115101 9.748050 3.750000 2.927600 4736.dat
9 0 1.000000 0.000000 0.000000 0.000000 1.000000 0.000000 0.000000 0.000000 1.000000 -0.003900 8.450000 19.365101 3.625000 3.750000 2.822400 4736.dat
9 0 0.866025 0.000000 -0.500000 0.000000 1.000000 0.000000 0.500000 0.000000 0.866025 -6.686475 8.502200 28.183498 3.875000 3.750000 0.259850 4736.dat
9 0 0.866025 0.000000 0.500000 0.000000 1.000000 0.000000 -0.500000 0.000000 0.866025 -13.321325 8.502200 28.183498 3.875000 3.750000 0.259850 4736.dat
9 0 -0.000000 0.000000 1.000000 0.000000 1.000000 0.000000 -1.000000 0.000000 -0.000000 -16.638750 8.502200 22.437500 3.875000 3.750000 0.259850 4736.dat
9 0 -0.866025 0.000000 0.500000 0.000000 1.000000 0.000000 -0.500000 0.000000 -0.866025 -13.321325 8.502200 16.691551 3.875000 3.750000 0.259850 4736.dat
9 0 -0.000000 0.000000 -1.000000 0.000000 1.000000 0.000000 1.000000 0.000000 -0.000000 16.630974 8.502200 22.437500 3.875000 3.750000 0.259850 4736.dat
9 0 -0.866025 0.000000 -0.500000 0.000000 1.000000 0.000000 0.500000 0.000000 -0.866025 13.313524 8.502200 16.691551 3.875000 3.750000 0.259850 4736.dat
9 0 0.866025 0.000000 0.500000 0.000000 1.000000 0.000000 -0.500000 0.000000 0.866025 6.678675 8.502200 28.183498 3.875000 3.750000 0.259850 4736.dat
9 0 0.866025 0.000000 -0.500000 0.000000 1.000000 0.000000 0.500000 0.000000 0.866025 13.313524 8.502200 28.183498 3.875000 3.750000 0.259850 4736.dat
10 0 -20.003901 -29.499998 -32.437500 20.000000 2.500000 17.037500 4736.dat
3 23 1.000000 0.000000 0.000000 0.000000 1.000000 0.000000 0.000000 0.000000 1.000000 -20.000000 4.450000 32.437500 2 4 18:1:1,23:4:1,18:2:1,23:4:1,18:1:1,23:4:1,1:4:4,23:4:1,1:4:4,23:4:1,29:0:1,23:4:1,29:0:1,23:4:1,29:0:1, 4736.dat
3 23 1.000000 0.000000 0.000000 0.000000 -0.000000 1.000000 0.000000 -1.000000 -0.000000 -6.050000 9.700001 -12.562500 2 2 29:0:0,29:0:0,29:0:0,29:0:0,1:4:33,29:0:0,29:0:0,29:0:0,29:0:0, 4736.dat
2 22 1.000000 0.000000 0.000000 0.000000 1.000000 0.000000 0.000000 0.000000 1.000000 -20.003901 12.450000 32.437500 2 4 22:1:1,22:2:1,22:2:1,22:2:1,22:1:1,22:2:1,15:4:0,22:2:1,15:4:0,22:2:1,22:1:1,22:2:1,22:2:1,22:2:1,22:1:1, 4736.dat
4 30 -1.000000 0.000000 -0.000000 0.000000 1.000000 0.000000 0.000000 0.000000 -1.000000 7.500000 0.000000 0.000000 2 4736.dat
0 6 0.000000 -0.000000 -1.000000 0.000000 -1.000000 0.000000 -1.000000 -0.000000 0.000000 -10.003900 0.000000 22.437500 0 0 0.288000 0 0 4736.dat
0 6 0.000000 -0.000000 -1.000000 0.000000 -1.000000 0.000000 -1.000000 -0.000000 0.000000 9.996099 0.000000 22.437500 0 0 0.288000 0 0 4736.dat
2 22 1.000000 0.000000 0.000000 0.000000 1.000000 0.000000 0.000000 0.000000 1.000000 -10.000000 0.000000 10.000000 2 2 29:0:0,29:0:0,29:0:0,29:0:0,15:4:32,29:0:0,29:0:0,29:0:0,29:0:0, 4736.dat
2 22 1.000000 0.000000 0.000000 0.000000 -1.000000 -0.000000 0.000000 0.000000 -1.000000 -10.000000 -2.500000 -10.000000 2 2 29:0:0,29:0:0,29:0:0,29:0:0,15:4:32,29:0:0,29:0:0,29:0:0,29:0:0, 4736.dat
4 30 1.000000 0.000000 0.000000 0.000000 1.000000 0.000000 0.000000 0.000000 1.000000 -7.500000 0.000000 0.000000 2 4736.dat
