9 0 -0.000000 0.000000 -1.000000 1.000000 0.000000 -0.000000 -0.000000 -1.000000 -0.000000 -20.341991 4.000000 0.000000 119.750000 9.407975 3.750025 47397.dat
9 0 -0.167181 -0.000000 -0.985926 0.985926 0.000000 -0.167181 0.000000 -1.000000 0.000000 0.044484 1.375000 -0.246513 119.497505 9.632675 1.125075 47397.dat
9 0 1.000000 0.000000 -0.000000 0.000000 -0.000000 1.000000 0.000000 -1.000000 -0.000000 -0.322579 4.000100 118.125000 29.427498 1.624975 3.750000 47397.dat
9 0 0.996463 0.000000 -0.084033 0.084033 -0.000000 0.996463 0.000000 -1.000000 -0.000000 -4.404697 1.173375 59.747742 13.605849 57.347252 0.923375 47397.dat
9 0 -0.167180 -0.000027 -0.985927 0.985927 0.000001 -0.167180 0.000005 -1.000000 0.000026 -5.193391 5.173525 -80.372009 4.636850 1.625025 2.576625 47397.dat
9 0 -0.167180 -0.000009 -0.985926 0.985926 -0.000001 -0.167180 0.000001 -1.000000 0.000009 -9.547699 5.173550 -106.045738 13.583525 1.636950 2.576625 47397.dat
9 0 -0.167178 -0.000037 -0.985927 0.985927 -0.000000 -0.167178 0.000006 -1.000000 0.000036 -1.699309 5.173400 -59.713257 3.326750 1.629000 2.576500 47397.dat
9 0 -0.167179 -0.000036 -0.985927 0.985927 -0.000000 -0.167179 0.000006 -1.000000 0.000036 1.589698 5.173500 -40.302258 3.326750 1.626550 2.576625 47397.dat
9 0 -0.167180 -0.000004 -0.985926 0.985926 -0.000000 -0.167180 0.000000 -1.000000 0.000004 9.351285 5.173474 1.231730 25.854250 0.914875 2.576625 47397.dat
9 0 -0.167182 -0.000030 -0.985926 0.985926 0.000000 -0.167182 0.000005 -1.000000 0.000030 15.148796 5.173450 39.721989 4.412275 1.616350 2.576600 47397.dat
9 0 -0.167182 -0.000039 -0.985926 0.985926 0.000001 -0.167182 0.000007 -1.000000 0.000039 18.620802 5.173474 60.211979 3.338150 1.613925 2.576600 47397.dat
9 0 -0.167182 -0.000039 -0.985926 0.985926 -0.000000 -0.167182 0.000006 -1.000000 0.000039 21.914808 5.173425 79.653488 3.338150 1.611475 2.576600 47397.dat
9 0 -0.167181 -0.000014 -0.985926 0.985926 0.000000 -0.167181 0.000003 -1.000000 0.000014 26.812565 5.173425 105.928215 10.341850 1.100750 2.576600 47397.dat
10 0 -10.000000 0.000000 -10.000000 230.000000 12.450000 50.000000 47397.dat
3 23 0.000000 0.000000 1.000000 0.000000 1.000000 0.000000 -1.000000 0.000000 0.000000 -30.000004 0.000000 -120.000008 6 24 18:1:1,23:4:1,18:2:1,23:4:1,18:2:1,23:4:1,18:2:1,23:4:1,18:2:1,23:4:1,18:2:1,23:4:1,18:2:1,23:4:1,18:2:1,23:4:1,18:2:1,23:4:1,18:2:1,23:4:1,18:2:1,23:4:1,18:2:1,23:4:1,18:1:1,23:4:1,0:4:1,23:4:1,0:4:1,23:4:1,0:4:1,23:4:1,0:4:1,23:4:1,0:4:1,23:4:1,0:4:1,23:4:1,0:4:1,23:4:1,0:4:1,23:4:1,0:4:1,23:4:1,0:4:1,23:4:1,0:4:1,23:4:1,0:4:1,23:4:1,18:1:1,23:4:1,18:2:1,23:4:1,29:0:1,23:4:1,29:0:1,23:4:1,29:0:1,23:4:1,18:3:1,23:4:1,18:4:1,23:4:1,18:4:1,23:4:1,18:4:1,23:4:1,18:4:1,23:4:1,18:4:1,23:4:1,18:4:1,23:4:1,18:2:1,29:0:1,29:0:1,29:0:1,29:0:1,29:0:1,29:0:1,29:0:1,29:0:1,29:0:1,29:0:1,23:4:1,0:4:0,23:4:1,0:4:1,23:4:1,0:4:1,23:4:1,0:4:1,23:4:1,0:4:1,23:4:1,0:4:1,23:4:1,0:4:1,23:4:1,29:0:1,29:0:1,29:0:1,29:0:1,29:0:1,29:0:1,29:0:1,29:0:1,29:0:1,29:0:1,18:1:1,23:4:1,18:2:1,23:4:1,18:2:1,23:4:1,29:0:1,23:4:1,29:0:1,23:4:1,29:0:1,23:4:1,18:3:1,23:4:1,18:2:1,29:0:1,29:0:1,29:0:1,29:0:1,29:0:1,29:0:1,29:0:1,29:0:1,29:0:1,29:0:1,29:0:1,29:0:1,29:0:1,29:0:1,29:0:1,29:0:1,29:0:1,29:0:1,29:0:1,29:0:1,29:0:1,29:0:1,23:4:1,0:4:0,23:4:1,29:0:1,29:0:1,29:0:1,29:0:1,29:0:1,29:0:1,29:0:1,29:0:1,29:0:1,29:0:1,29:0:1,29:0:1,29:0:1,29:0:1,29:0:1,29:0:1,29:0:1,29:0:1,29:0:1,29:0:1,29:0:1,29:0:1,18:1:1,23:4:1,18:1:1, 47397.dat
2 22 0.000000 0.000000 1.000000 0.000000 1.000000 0.000000 -1.000000 0.000000 0.000000 -30.000004 8.000000 -120.000008 6 24 22:1:1,22:2:1,22:2:1,22:2:1,22:2:1,22:2:1,22:2:1,22:2:1,22:2:1,22:2:1,22:2:1,22:2:1,22:2:1,22:2:1,22:2:1,22:2:1,22:2:1,22:2:1,22:2:1,22:2:1,22:2:1,22:2:1,22:2:1,22:2:1,22:1:1,22:2:1,15:4:1,9:4:1,15:4:1,23:4:1,15:4:1,23:4:1,15:4:1,23:4:1,15:4:1,23:4:1,15:4:1,23:4:1,15:4:1,23:4:1,15:4:1,23:4:1,15:4:1,23:4:1,15:4:1,23:4:1,15:4:1,23:4:1,15:4:1,22:2:1,22:1:1,22:2:1,22:2:1,22:2:1,22:2:1,23:4:1,7:4:2,23:4:1,7:4:2,23:4:1,7:4:2,23:4:1,7:4:2,23:4:1,7:4:2,23:4:1,7:4:2,23:4:1,7:4:2,23:4:1,7:4:2,23:4:1,7:4:2,23:4:1,22:2:1,29:0:1,29:0:1,29:0:1,29:0:1,22:2:1,29:0:1,22:2:1,29:0:1,22:2:1,29:0:1,22:2:1,15:4:0,23:4:1,15:4:1,23:4:1,15:4:1,23:4:1,15:4:1,23:4:1,15:4:1,23:4:1,15:4:1,23:4:1,15:4:1,22:2:1,29:0:1,29:0:1,29:0:1,29:0:1,29:0:1,29:0:1,29:0:1,29:0:1,29:0:1,29:0:1,22:2:1,22:2:1,22:2:1,22:2:1,22:2:1,22:2:1,22:2:1,23:4:1,7:4:2,23:4:1,7:4:2,23:4:1,7:4:2,23:4:1,22:2:1,29:0:1,29:0:1,29:0:1,29:0:1,29:0:1,29:0:1,29:0:1,29:0:1,29:0:1,29:0:1,29:0:1,29:0:1,29:0:1,29:0:1,29:0:1,29:0:1,22:2:1,29:0:1,22:2:1,29:0:1,22:2:1,29:0:1,23:4:1,15:4:0,22:2:1,29:0:1,29:0:1,29:0:1,29:0:1,29:0:1,29:0:1,29:0:1,29:0:1,29:0:1,29:0:1,29:0:1,29:0:1,29:0:1,29:0:1,29:0:1,29:0:1,29:0:1,29:0:1,29:0:1,29:0:1,29:0:1,29:0:1,22:2:1,22:2:1,22:1:1, 47397.dat
