9 0 -0.000000 0.000000 -1.000000 -1.000000 0.000000 0.000000 0.000000 1.000000 0.000000 20.342060 4.000000 0.000000 119.750000 9.407975 3.750025 47398.dat
9 0 0.167180 -0.000000 -0.985926 -0.985926 0.000000 -0.167180 -0.000000 1.000000 -0.000000 0.139609 1.375000 0.041008 119.750000 9.403175 1.125075 47398.dat
9 0 -1.000000 0.000000 0.000000 0.000000 -0.000000 1.000000 0.000000 1.000000 0.000000 0.322722 4.000100 118.125000 29.427498 1.624975 3.750000 47398.dat
9 0 -0.996463 0.000000 -0.084033 -0.084033 -0.000000 0.996463 0.000000 1.000000 0.000000 4.404804 1.173375 59.747742 13.605849 57.347252 0.923375 47398.dat
9 0 0.167179 -0.000027 -0.985927 -0.985927 0.000001 -0.167179 0.000005 1.000000 -0.000026 5.202734 5.173525 -80.388748 4.618850 1.631425 2.576625 47398.dat
9 0 0.167180 -0.000009 -0.985927 -0.985926 -0.000001 -0.167180 0.000001 1.000000 -0.000009 9.889702 5.173550 -105.987724 13.583525 1.290050 2.576625 47398.dat
9 0 0.167178 -0.000037 -0.985927 -0.985927 -0.000000 -0.167178 0.000006 1.000000 -0.000036 1.699342 5.173525 -59.713245 3.326750 1.629000 2.576625 47398.dat
9 0 0.167178 -0.000036 -0.985927 -0.985927 -0.000000 -0.167178 0.000006 1.000000 -0.000036 -1.589653 5.173500 -40.302246 3.326750 1.626550 2.576625 47398.dat
9 0 0.167179 -0.000004 -0.985927 -0.985926 -0.000000 -0.167179 0.000000 1.000000 -0.000004 -9.282963 5.173474 1.243258 25.854250 0.983975 2.576625 47398.dat
9 0 0.167181 -0.000030 -0.985926 -0.985926 0.000000 -0.167181 0.000005 1.000000 -0.000030 -15.148701 5.173450 39.722015 4.412275 1.616350 2.576600 47398.dat
9 0 0.167181 -0.000039 -0.985926 -0.985926 0.000001 -0.167181 0.000007 1.000000 -0.000039 -18.301447 5.173474 60.266258 3.338150 1.290075 2.576600 47398.dat
9 0 0.167181 -0.000039 -0.985926 -0.985926 -0.000000 -0.167181 0.000006 1.000000 -0.000039 -21.597940 5.173425 79.707016 3.338150 1.290075 2.576600 47398.dat
9 0 0.167181 -0.000014 -0.985926 -0.985926 0.000000 -0.167181 0.000003 1.000000 -0.000014 -26.065683 5.173425 106.055031 10.341850 1.290050 2.576600 47398.dat
10 0 -10.000000 0.000000 -50.000000 230.000000 12.450000 10.000000 47398.dat
3 23 0.000000 0.000000 1.000000 0.000000 1.000000 0.000000 -1.000000 0.000000 0.000000 -30.000008 0.000000 -119.999985 6 24 29:0:1,29:0:1,29:0:1,29:0:1,29:0:1,29:0:1,29:0:1,29:0:1,29:0:1,29:0:1,29:0:1,29:0:1,29:0:1,29:0:1,29:0:1,29:0:1,29:0:1,29:0:1,29:0:1,29:0:1,29:0:1,29:0:1,18:1:1,23:4:1,18:1:1,29:0:1,29:0:1,29:0:1,29:0:1,29:0:1,29:0:1,29:0:1,29:0:1,29:0:1,29:0:1,29:0:1,29:0:1,29:0:1,29:0:1,29:0:1,29:0:1,29:0:1,29:0:1,29:0:1,29:0:1,29:0:1,29:0:1,23:4:1,0:4:0,23:4:1,29:0:1,29:0:1,29:0:1,29:0:1,29:0:1,29:0:1,29:0:1,29:0:1,29:0:1,29:0:1,18:1:1,23:4:1,18:2:1,23:4:1,18:2:1,23:4:1,29:0:1,23:4:1,29:0:1,23:4:1,29:0:1,23:4:1,18:3:1,23:4:1,18:2:1,29:0:1,29:0:1,29:0:1,29:0:1,29:0:1,29:0:1,29:0:1,29:0:1,29:0:1,29:0:1,23:4:1,0:4:0,23:4:1,0:4:1,23:4:1,0:4:1,23:4:1,0:4:1,23:4:1,0:4:1,23:4:1,0:4:1,23:4:1,0:4:1,23:4:1,18:1:1,23:4:1,18:2:1,23:4:1,29:0:1,23:4:1,29:0:1,23:4:1,29:0:1,23:4:1,18:3:1,23:4:1,18:4:1,23:4:1,18:4:1,23:4:1,18:4:1,23:4:1,18:4:1,23:4:1,18:4:1,23:4:1,18:4:1,23:4:1,18:2:1,23:4:1,0:4:1,23:4:1,0:4:1,23:4:1,0:4:1,23:4:1,0:4:1,23:4:1,0:4:1,23:4:1,0:4:1,23:4:1,0:4:1,23:4:1,0:4:1,23:4:1,0:4:1,23:4:1,0:4:1,23:4:1,0:4:1,23:4:1,0:4:1,23:4:1,18:1:1,23:4:1,18:2:1,23:4:1,18:2:1,23:4:1,18:2:1,23:4:1,18:2:1,23:4:1,18:2:1,23:4:1,18:2:1,23:4:1,18:2:1,23:4:1,18:2:1,23:4:1,18:2:1,23:4:1,18:2:1,23:4:1,18:2:1,23:4:1,18:1:1, 47398.dat
2 22 0.000000 0.000000 1.000000 0.000000 1.000000 0.000000 -1.000000 0.000000 0.000000 -30.000008 8.000000 -119.999985 6 24 29:0:1,29:0:1,29:0:1,29:0:1,29:0:1,29:0:1,29:0:1,29:0:1,29:0:1,29:0:1,29:0:1,29:0:1,29:0:1,29:0:1,29:0:1,29:0:1,29:0:1,29:0:1,29:0:1,29:0:1,29:0:1,29:0:1,22:2:1,22:2:1,22:1:1,29:0:1,29:0:1,29:0:1,29:0:1,29:0:1,29:0:1,29:0:1,29:0:1,29:0:1,29:0:1,29:0:1,29:0:1,29:0:1,29:0:1,29:0:1,29:0:1,22:2:1,29:0:1,22:2:1,29:0:1,22:2:1,29:0:1,23:4:1,15:4:0,22:2:1,29:0:1,29:0:1,29:0:1,29:0:1,29:0:1,29:0:1,29:0:1,29:0:1,29:0:1,29:0:1,22:2:1,22:2:1,22:2:1,22:2:1,22:2:1,22:2:1,22:2:1,23:4:1,7:4:2,23:4:1,7:4:2,23:4:1,7:4:2,23:4:1,22:2:1,29:0:1,29:0:1,29:0:1,29:0:1,22:2:1,29:0:1,22:2:1,29:0:1,22:2:1,29:0:1,23:4:1,15:4:0,23:4:1,15:4:1,23:4:1,15:4:1,23:4:1,15:4:1,23:4:1,15:4:1,23:4:1,15:4:1,23:4:1,15:4:1,22:2:1,22:1:1,22:2:1,22:2:1,22:2:1,22:2:1,23:4:1,7:4:2,23:4:1,7:4:2,23:4:1,7:4:2,23:4:1,7:4:2,23:4:1,7:4:2,23:4:1,7:4:2,23:4:1,7:4:2,23:4:1,7:4:2,23:4:1,7:4:2,23:4:1,22:2:1,22:2:1,15:4:1,9:4:1,15:4:1,23:4:1,15:4:1,23:4:1,15:4:1,23:4:1,15:4:1,23:4:1,15:4:1,23:4:1,15:4:1,23:4:1,15:4:1,23:4:1,15:4:1,23:4:1,15:4:1,23:4:1,15:4:1,23:4:1,15:4:1,22:2:1,22:1:1,22:2:1,22:2:1,22:2:1,22:2:1,22:2:1,22:2:1,22:2:1,22:2:1,22:2:1,22:2:1,22:2:1,22:2:1,22:2:1,22:2:1,22:2:1,22:2:1,22:2:1,22:2:1,22:2:1,22:2:1,22:2:1,22:2:1,22:2:1,22:1:1, 47398.dat
