9 0 0.449905 0.000000 -0.893076 0.893076 0.000000 0.449905 0.000000 -1.000000 0.000000 -27.910650 4.000000 -20.028996 3.539175 1.602500 3.750000 47407.dat
9 0 -0.895193 0.000000 -0.445678 0.445678 -0.000000 -0.895193 -0.000000 -1.000000 0.000000 -31.729376 1.375000 -0.461748 6.881425 40.305500 1.125000 47407.dat
9 0 0.449905 0.000000 -0.893076 0.893076 0.000000 0.449905 0.000000 -1.000000 0.000000 -20.414251 4.000025 -35.016251 4.348050 1.602500 3.750000 47407.dat
9 0 0.449905 0.000000 -0.893076 0.893076 0.000000 0.449905 0.000000 -1.000000 0.000000 -23.600752 4.000000 -26.786751 3.935150 0.793850 3.750000 47407.dat
9 0 1.000000 -0.000000 -0.000000 -0.000000 0.000000 -1.000000 0.000000 1.000000 0.000000 -29.624998 4.000025 19.391050 9.375000 20.358950 3.750000 47407.dat
9 0 1.000000 0.000000 0.000000 0.000000 -0.000000 -1.000000 -0.000000 1.000000 -0.000000 -39.249901 4.000000 38.500778 19.000000 1.249225 3.750000 47407.dat
9 0 0.449905 0.000000 -0.893076 0.893076 0.000000 0.449905 0.000000 -1.000000 0.000000 -47.910675 4.000000 19.971052 3.539175 1.602500 3.750000 47407.dat
9 0 0.446297 -0.000001 -0.894885 0.894885 0.000000 0.446297 -0.000000 -1.000000 0.000001 -54.857677 4.000000 36.630253 1.710500 2.849050 3.750000 47407.dat
9 0 0.449905 0.000000 -0.893076 0.893076 0.000000 0.449905 0.000000 -1.000000 0.000000 -38.765224 4.000025 1.710251 8.013325 1.602500 3.750000 47407.dat
9 0 0.449905 0.000000 -0.893076 0.893076 0.000000 0.449905 0.000000 -1.000000 0.000000 -43.600773 4.000000 13.213201 3.935150 0.793850 3.750000 47407.dat
9 0 -1.000000 -0.000000 -0.000000 0.000000 0.000000 -1.000000 0.000000 -1.000000 -0.000000 0.000000 4.000025 -19.999998 19.000000 19.750000 3.750000 47407.dat
9 0 -0.449905 0.000000 -0.893076 -0.893076 0.000000 0.449905 0.000000 1.000000 -0.000000 27.910751 4.000000 -20.028996 3.539175 1.602500 3.750000 47407.dat
9 0 0.895193 0.000000 -0.445678 -0.445678 -0.000000 -0.895193 -0.000000 1.000000 -0.000000 31.729502 1.375000 -0.461748 6.881425 40.305500 1.125000 47407.dat
9 0 -0.449905 0.000000 -0.893076 -0.893076 0.000000 0.449905 0.000000 1.000000 -0.000000 20.414251 4.000025 -35.016251 4.348050 1.602500 3.750000 47407.dat
9 0 -0.449905 0.000000 -0.893076 -0.893076 0.000000 0.449905 0.000000 1.000000 -0.000000 23.600752 4.000000 -26.786751 3.935150 0.793850 3.750000 47407.dat
9 0 -1.000000 -0.000000 -0.000000 0.000000 0.000000 -1.000000 0.000000 -1.000000 -0.000000 29.624998 4.000025 19.391050 9.375000 20.358950 3.750000 47407.dat
9 0 -1.000000 0.000000 0.000000 -0.000000 -0.000000 -1.000000 -0.000000 -1.000000 0.000000 39.250000 4.000000 38.500778 19.000000 1.249225 3.750000 47407.dat
9 0 -0.449905 0.000000 -0.893076 -0.893076 0.000000 0.449905 0.000000 1.000000 -0.000000 47.910751 4.000000 19.971052 3.539175 1.602500 3.750000 47407.dat
9 0 -0.446297 -0.000001 -0.894885 -0.894885 0.000000 0.446297 -0.000000 1.000000 -0.000001 54.857754 4.000000 36.630253 1.710500 2.849050 3.750000 47407.dat
9 0 -0.449905 0.000000 -0.893076 -0.893076 0.000000 0.449905 0.000000 1.000000 -0.000000 38.765251 4.000025 1.710251 8.013325 1.602500 3.750000 47407.dat
9 0 -0.449905 0.000000 -0.893076 -0.893076 0.000000 0.449905 0.000000 1.000000 -0.000000 43.600750 4.000000 13.213202 3.935150 0.793850 3.750000 47407.dat
10 0 -10.000000 0.000000 -110.000000 70.000000 12.450000 10.000000 47407.dat
3 23 0.000000 0.000000 -1.000000 0.000000 1.000000 0.000000 1.000000 0.000000 0.000000 39.999996 0.000000 40.000004 8 8 18:1:1,23:4:1,29:0:1,23:4:1,29:0:1,29:0:1,29:0:1,29:0:1,29:0:1,23:4:1,0:4:1,23:4:1,0:4:1,23:4:1,29:0:1,29:0:1,29:0:1,29:0:1,18:1:1,23:4:1,18:2:1,23:4:1,18:3:1,23:4:1,29:0:1,23:4:1,18:1:1,29:0:1,29:0:1,29:0:1,29:0:1,23:4:1,0:4:1,23:4:1,0:4:1,23:4:1,29:0:1,29:0:1,29:0:1,29:0:1,18:2:1,23:4:1,18:4:1,23:4:1,18:2:1,29:0:1,29:0:1,29:0:1,29:0:1,23:4:1,0:4:1,23:4:1,0:4:1,23:4:1,18:1:1,23:4:1,18:2:1,23:4:1,18:3:1,23:4:1,29:0:1,23:4:1,18:1:1,23:4:1,0:4:1,23:4:1,0:4:1,23:4:1,29:0:1,29:0:1,29:0:1,29:0:1,18:1:1,23:4:1,29:0:1,23:4:1,29:0:1,29:0:1,29:0:1,29:0:1,29:0:1, 47407.dat
2 22 0.000000 0.000000 -1.000000 0.000000 1.000000 0.000000 1.000000 0.000000 0.000000 60.000004 8.000000 40.000004 12 8 22:1:1,29:0:1,29:0:1,29:0:1,29:0:1,29:0:1,29:0:1,29:0:1,29:0:1,22:2:1,29:0:1,22:2:1,29:0:1,29:0:1,29:0:1,29:0:1,29:0:1,29:0:1,22:2:1,23:4:1,7:4:2,22:2:1,22:2:1,29:0:1,29:0:1,29:0:1,29:0:1,22:2:1,15:4:1,23:4:1,15:4:1,22:2:1,29:0:1,22:2:1,29:0:1,29:0:1,22:1:1,22:2:1,22:2:1,22:2:1,22:2:1,22:2:1,22:2:1,22:2:1,22:1:1,29:0:1,29:0:1,29:0:1,29:0:1,22:2:1,15:4:1,23:4:1,15:4:1,22:2:1,29:0:1,29:0:1,29:0:1,29:0:1,22:2:1,23:4:1,7:4:2,23:4:1,22:2:1,29:0:1,29:0:1,29:0:1,29:0:1,22:2:1,15:4:1,23:4:1,15:4:1,22:2:1,22:1:1,22:2:1,22:2:1,22:2:1,22:2:1,22:2:1,22:2:1,22:2:1,22:1:1,22:2:1,15:4:1,23:4:1,15:4:1,22:2:1,29:0:1,22:2:1,29:0:1,29:0:1,22:2:1,23:4:1,7:4:2,22:2:1,22:2:1,29:0:1,29:0:1,29:0:1,29:0:1,22:2:1,29:0:1,22:2:1,29:0:1,29:0:1,29:0:1,29:0:1,29:0:1,29:0:1,22:1:1,29:0:1,29:0:1,29:0:1,29:0:1,29:0:1,29:0:1,29:0:1,29:0:1, 47407.dat
