9 0 0.000000 -0.000000 -1.000000 1.000000 -0.000000 0.000000 -0.000000 -1.000000 0.000000 23.875004 11.800824 0.000001 19.750000 5.875000 11.550825 47432.dat
9 0 0.000000 -0.000000 -1.000000 1.000000 -0.000000 0.000000 -0.000000 -1.000000 0.000000 -24.124996 1.375000 -0.000014 18.154276 6.125000 1.125000 47432.dat
9 0 0.000000 -0.000000 -1.000000 1.000000 -0.000000 0.000000 -0.000000 -1.000000 0.000000 0.000003 20.504099 -0.000007 19.750000 17.500000 3.004100 47432.dat
9 0 0.000000 -0.000000 -1.000000 1.000000 -0.000000 0.000000 -0.000000 -1.000000 0.000000 0.000003 0.850250 -0.000007 19.750000 17.500000 0.600275 47432.dat
9 0 0.000000 -0.000000 -1.000000 1.000000 -0.000000 0.000000 -0.000000 -1.000000 0.000000 31.125004 12.000000 0.050279 14.116176 2.125000 11.750000 47432.dat
9 0 0.000000 -0.000000 -1.000000 1.000000 -0.000000 0.000000 -0.000000 -1.000000 0.000000 -42.499996 -3.431500 -0.053795 5.544050 12.250000 0.631575 47432.dat
9 0 0.000001 -0.707106 -0.707107 1.000000 -0.000000 0.000001 -0.000001 -0.707107 0.707106 -42.500000 0.317974 9.105955 5.544025 12.250000 0.631575 47432.dat
9 0 0.000000 1.000000 0.000000 1.000000 -0.000000 0.000000 0.000000 0.000000 -1.000000 -42.500000 9.446199 12.931556 5.544050 12.250000 0.631575 47432.dat
9 0 0.000000 -0.707106 0.707107 1.000000 -0.000000 -0.000000 0.000000 0.707107 0.707106 -43.750000 18.605974 9.182005 5.544050 11.000000 0.631575 47432.dat
9 0 -0.000000 -0.000000 1.000000 1.000000 -0.000000 0.000000 0.000000 1.000000 0.000000 -43.749992 22.833876 -0.000021 3.590575 11.000000 0.916125 47432.dat
9 0 -0.000000 0.707106 0.707107 1.000000 0.000000 0.000000 0.000000 0.707107 -0.707106 -43.749992 18.682024 -9.105996 5.544050 11.000000 0.631575 47432.dat
9 0 0.000000 1.000000 0.000000 1.000000 -0.000000 0.000000 0.000000 0.000000 -1.000000 -42.499996 9.553775 -12.931594 5.544025 12.250000 0.631575 47432.dat
9 0 0.000000 0.707106 -0.707107 1.000000 0.000000 0.000000 0.000000 -0.707107 -0.707106 -42.499996 0.394024 -9.182046 5.544050 12.250000 0.631575 47432.dat
9 0 0.000000 -0.000000 -1.000000 1.000000 -0.000000 0.000000 -0.000000 -1.000000 0.000000 -40.499996 2.369624 -0.000019 4.375000 7.750000 0.630375 47432.dat
9 0 0.000001 -0.707106 -0.707107 1.000000 -0.000000 0.000001 -0.000001 -0.707107 0.707106 -40.500004 4.458074 5.041905 4.375000 7.750000 0.630375 47432.dat
9 0 0.000000 1.000000 0.000000 1.000000 -0.000000 0.000000 0.000000 0.000000 -1.000000 -40.500004 9.500000 7.130355 4.375000 7.750000 0.630375 47432.dat
9 0 0.000000 -0.707106 0.707107 1.000000 -0.000000 -0.000000 0.000000 0.707107 0.707106 -40.500004 14.541924 5.041905 4.375000 7.750000 0.630375 47432.dat
9 0 -0.000000 -0.000000 1.000000 1.000000 -0.000000 0.000000 0.000000 1.000000 0.000000 -40.499996 16.630375 -0.000019 4.375000 7.750000 0.630375 47432.dat
9 0 -0.000000 0.707106 0.707107 1.000000 0.000000 0.000000 0.000000 0.707107 -0.707106 -40.499996 14.541924 -5.041944 4.375000 7.750000 0.630375 47432.dat
9 0 0.000000 1.000000 0.000000 1.000000 -0.000000 0.000000 0.000000 0.000000 -1.000000 -40.499996 9.500000 -7.130394 4.375000 7.750000 0.630375 47432.dat
9 0 0.000000 0.707106 -0.707107 1.000000 0.000000 0.000000 0.000000 -0.707107 -0.707106 -40.499996 4.458074 -5.041944 4.375000 7.750000 0.630375 47432.dat
9 0 0.000000 -0.000000 -1.000000 1.000000 -0.000000 0.000000 -0.000000 -1.000000 0.000000 50.000008 0.996575 -9.999990 9.750000 3.625000 0.503425 47432.dat
9 0 0.000000 0.000000 -1.000000 0.707107 0.707106 0.000000 0.707106 -0.707107 -0.000000 56.012756 3.487174 -9.999989 9.750000 3.625000 0.503425 47432.dat
9 0 0.000000 0.000000 -1.000000 0.000000 1.000000 0.000000 1.000000 0.000000 0.000000 58.503510 9.500000 -9.999989 9.750000 3.625000 0.503400 47432.dat
9 0 0.000000 -0.000000 -1.000000 -0.707107 0.707106 -0.000000 0.707106 0.707107 -0.000000 56.012756 15.512824 -9.999989 9.750000 3.625000 0.503400 47432.dat
9 0 0.000000 0.000000 -1.000000 -1.000000 -0.000000 -0.000000 -0.000000 1.000000 0.000000 50.000008 18.003399 -9.999990 9.750000 3.625000 0.503400 47432.dat
9 0 0.000001 0.000001 -1.000000 -0.707107 -0.707106 -0.000001 -0.707106 0.707107 0.000000 43.987183 15.512824 -9.999992 9.750000 3.625000 0.503425 47432.dat
9 0 -0.000000 0.000000 1.000000 0.000000 -1.000000 0.000000 1.000000 0.000000 0.000000 41.496605 9.500000 -9.999992 9.750000 3.625000 0.503400 47432.dat
9 0 0.000001 -0.000001 -1.000000 0.707107 -0.707106 0.000001 -0.707106 -0.707107 0.000000 43.987183 3.487174 -9.999992 9.750000 3.625000 0.503400 47432.dat
9 0 0.000000 0.496434 -0.868075 1.000000 0.000000 0.000000 0.000000 -0.868075 -0.496434 49.756752 -1.909001 -9.949989 5.498725 6.438600 0.503400 47432.dat
9 0 -0.361401 0.340346 -0.868075 0.685583 0.727995 0.000000 0.631954 -0.595137 -0.496434 58.139008 1.501100 -9.949964 5.498725 6.438600 0.503400 47432.dat
9 0 -0.495540 -0.029763 -0.868075 -0.059954 0.998201 -0.000000 0.866513 0.052044 -0.496433 61.403008 9.941225 -9.949962 5.498725 6.438600 0.503400 47432.dat
9 0 -0.318067 -0.381156 -0.868075 -0.767788 0.640704 -0.000000 0.556179 0.666497 -0.496433 57.496506 18.103874 -9.949964 5.498725 6.438600 0.503425 47432.dat
9 0 0.059419 -0.492865 -0.868075 -0.992811 -0.119691 -0.000001 -0.103901 0.861834 -0.496434 48.876007 20.856125 -9.949966 5.498725 6.438600 0.503400 47432.dat
9 0 0.399540 -0.294643 -0.868075 -0.593519 -0.804820 -0.000000 -0.698644 0.515219 -0.496434 40.962158 16.467226 -9.949968 5.498725 6.438600 0.503425 47432.dat
9 0 0.488415 0.088861 -0.868075 0.178998 -0.983850 -0.000000 -0.854055 -0.155384 -0.496433 38.731705 7.697100 -9.949969 5.498725 6.438600 0.503425 47432.dat
9 0 0.270160 0.416486 -0.868075 0.838956 -0.544200 0.000000 -0.472406 -0.728276 -0.496434 43.587154 0.060700 -9.949992 5.498725 6.438600 0.503425 47432.dat
9 0 0.000000 -0.000000 -1.000000 1.000000 -0.000000 0.000000 -0.000000 -1.000000 0.000000 0.000003 11.838949 -0.000007 19.750000 2.000000 11.588950 47432.dat
9 0 0.000000 -0.000000 -1.000000 1.000000 -0.000000 0.000000 -0.000000 -1.000000 0.000000 -18.499996 13.254100 -0.000013 3.750000 0.500000 10.254100 47432.dat
10 0 -46.631001 -2.141950 -30.000002 75.000000 31.142000 10.000000 47432.dat
3 23 -1.000000 0.000000 -0.000000 0.000000 1.000000 0.000000 0.000000 0.000000 -1.000000 30.000010 0.000000 -19.999998 4 6 18:1:1,23:4:1,18:2:1,23:4:1,18:2:1,23:4:1,18:1:1,23:4:1,1:4:1,23:4:1,1:4:1,23:4:1,1:4:1,23:4:1,29:0:1,23:4:1,18:4:1,23:4:1,18:4:1,23:4:1,29:0:1,23:4:1,1:4:1,23:4:1,1:4:1,23:4:1,1:4:1,23:4:1,18:1:1,23:4:1,18:2:1,23:4:1,18:2:1,23:4:1,18:1:1, 47432.dat
2 22 -1.000000 0.000000 -0.000000 0.000000 1.000000 0.000000 0.000000 0.000000 -1.000000 30.000010 24.000000 -19.999998 4 6 22:1:1,22:2:1,22:2:1,22:2:1,22:2:1,22:2:1,22:1:1,22:2:1,15:4:0,23:4:1,15:4:0,23:4:1,15:4:0,22:2:1,22:2:1,23:4:1,7:4:1,23:4:1,7:4:1,23:4:1,22:2:1,22:2:1,15:4:0,23:4:1,15:4:0,23:4:1,15:4:0,22:2:1,22:1:1,22:2:1,22:2:1,22:2:1,22:2:1,22:2:1,22:1:1, 47432.dat
0 2 -1.000000 0.000000 -0.000000 -0.000000 -0.000000 1.000000 -0.000000 1.000000 0.000000 9.999997 9.500000 19.999998 0 0 0.800000 0 0 47432.dat
0 2 -1.000000 0.000000 -0.000000 -0.000000 -0.000000 1.000000 -0.000000 1.000000 0.000000 -10.000004 9.500000 19.999990 0 0 0.800000 0 0 47432.dat
0 2 -1.000000 0.000000 -0.000000 0.000000 -0.000000 -1.000000 -0.000000 -1.000000 0.000000 -9.999992 9.490199 -20.000011 0 0 0.800000 0 0 47432.dat
0 2 -1.000000 0.000000 -0.000000 0.000000 -0.000000 -1.000000 -0.000000 -1.000000 0.000000 10.000010 9.490199 -20.000004 0 0 0.800000 0 0 47432.dat
0 2 -1.000000 0.000000 -0.000000 -0.000000 -0.000000 1.000000 -0.000000 1.000000 0.000000 50.000008 9.500000 0.000010 0 0 0.800000 0 0 47432.dat
0 2 -0.000000 1.000000 0.000000 -1.000000 0.000000 -0.000000 -0.000000 -0.000000 1.000000 -50.499992 9.500000 -0.000023 0 0 0.800000 0 0 47432.dat
