9 0 -1.000000 -0.000000 -0.000000 0.000000 0.000000 -1.000000 0.000000 -1.000000 0.000000 -0.126226 8.001925 0.003925 17.525776 5.874550 7.748100 47457.dat
9 0 -1.000000 -0.000000 -0.000000 0.000000 0.000000 -1.000000 0.000000 -1.000000 0.000000 0.002425 7.999974 -0.000601 10.301250 9.749400 7.749975 47457.dat
9 0 -1.000000 -0.000000 -0.000000 0.000000 0.000000 -1.000000 0.000000 -1.000000 0.000000 0.000000 13.499999 -10.000000 19.750000 19.750000 2.250000 47457.dat
9 0 -0.667166 -0.570568 -0.478896 0.321760 0.359091 -0.876084 0.671833 -0.738584 -0.055988 12.911624 7.028224 -15.985225 2.836300 8.454200 2.649700 47457.dat
9 0 0.667166 -0.570568 -0.478897 -0.321760 0.359092 -0.876084 0.671833 0.738583 0.055988 -12.892175 7.028224 -15.985225 2.836300 8.454200 2.649700 47457.dat
9 0 -1.000000 -0.000000 -0.000000 0.000000 0.207649 -0.978203 0.000000 -0.978203 -0.207649 0.009724 7.596300 -13.360199 9.740275 4.614325 6.482975 47457.dat
9 0 -1.000000 -0.000000 -0.000000 0.000000 0.530690 -0.847566 0.000000 -0.847566 -0.530690 0.003675 6.547800 -20.775301 11.799524 3.219600 2.919525 47457.dat
9 0 -1.000000 -0.000000 -0.000000 0.000000 0.753359 -0.657609 0.000000 -0.657609 -0.753359 -0.017550 10.400875 -25.291903 15.314325 3.219600 2.919525 47457.dat
9 0 0.667167 -0.570567 -0.478896 -0.321760 0.359091 -0.876084 0.671833 0.738584 0.055988 -15.044024 8.583574 -10.681750 1.526600 5.058775 2.649700 47457.dat
9 0 -0.667166 -0.570568 -0.478896 0.321760 0.359091 -0.876084 0.671833 -0.738584 -0.055988 15.063500 8.583574 -10.681750 1.526600 5.058775 2.649700 47457.dat
9 0 -1.000000 -0.000000 -0.000000 0.000000 0.000000 -1.000000 0.000000 -1.000000 0.000000 0.000000 12.000000 3.875449 19.750000 5.874550 3.750000 47457.dat
10 0 -10.000000 0.000000 -30.000002 30.189499 20.450001 10.000000 47457.dat
2 22 1.000000 0.000000 0.000000 0.000000 1.000000 0.000000 0.000000 0.000000 1.000000 -20.000000 16.000000 10.000001 4 4 22:1:1,22:2:1,22:2:1,22:2:1,22:1:1,22:2:1,15:4:1,23:4:1,15:4:1,22:2:1,22:2:1,23:4:1,7:4:2,23:4:1,22:2:1,22:2:1,15:4:1,23:4:1,15:4:1,22:2:1,22:1:1,22:2:1,22:2:1,22:2:1,22:1:1, 47457.dat
3 23 1.000000 0.000000 0.000000 0.000000 1.000000 0.000000 0.000000 0.000000 1.000000 -20.000000 0.000000 10.000001 2 4 18:1:1,23:4:1,18:2:1,23:4:1,18:1:1,23:4:1,0:4:0,23:4:1,0:4:0,23:4:1,29:0:1,23:4:1,29:0:1,23:4:1,29:0:1, 47457.dat
