9 0 -1.000000 0.000000 -0.000000 0.000000 1.000000 0.000000 0.000000 0.000000 -1.000000 13.875003 12.000000 0.000001 5.875000 11.750000 19.750000 47452.dat
9 0 -1.000000 0.000000 -0.000000 0.000000 1.000000 0.000000 0.000000 0.000000 -1.000000 0.000003 0.861199 -0.000003 19.750000 0.611200 19.750000 47452.dat
9 0 -1.000000 0.000000 -0.000000 0.000000 -0.000000 -1.000000 -0.000000 -1.000000 0.000000 -32.500000 9.500000 12.931561 12.250000 0.631575 5.597825 47452.dat
9 0 -1.000000 0.000000 -0.000000 0.000000 1.000000 0.000000 0.000000 0.000000 -1.000000 5.375003 20.625000 -0.000001 14.375000 3.125000 19.750000 47452.dat
9 0 -1.000000 0.000000 -0.000000 0.000000 1.000000 0.000000 0.000000 0.000000 -1.000000 20.199677 12.000000 0.000003 2.050325 11.750000 15.641025 47452.dat
9 0 -1.000000 0.000000 -0.000000 0.000000 1.000000 0.000000 0.000000 0.000000 -1.000000 25.910776 0.504799 0.000005 5.660775 3.745200 7.250000 47452.dat
9 0 -1.000000 0.000000 -0.000000 0.000000 -0.707107 -0.707107 -0.000000 -0.707107 0.707107 -33.750000 18.643999 9.143986 11.000000 0.631575 5.597825 47452.dat
9 0 -1.000000 0.000000 -0.000000 -0.000000 -0.000000 1.000000 -0.000000 1.000000 0.000000 -32.499992 9.500000 -12.931588 12.250000 0.631575 5.597825 47452.dat
9 0 -1.000000 0.000000 -0.000000 -0.000000 -0.707107 0.707107 -0.000000 0.707107 0.707107 -33.749996 18.643999 -9.144015 11.000000 0.631575 5.597825 47452.dat
9 0 -1.000000 0.000000 -0.000000 0.000000 1.000000 0.000000 0.000000 0.000000 -1.000000 -13.874996 1.375000 -0.000007 5.875000 1.125000 19.750000 47452.dat
9 0 -1.000000 0.000000 -0.000000 0.000000 1.000000 0.000000 0.000000 0.000000 -1.000000 -20.001995 12.000000 -10.000010 3.627100 11.750000 1.250000 47452.dat
9 0 -1.000000 0.000000 -0.000000 0.000000 1.000000 0.000000 0.000000 0.000000 -1.000000 -20.002001 12.000000 9.999990 3.627100 11.750000 1.250000 47452.dat
9 0 -1.000000 0.000000 -0.000000 0.000000 1.000000 0.000000 0.000000 0.000000 -1.000000 -30.499994 9.500000 -7.159213 7.750000 4.273625 0.659200 47452.dat
9 0 -1.000000 0.000000 -0.000000 0.000000 1.000000 0.000000 0.000000 0.000000 -1.000000 -30.500000 9.500000 7.159187 7.750000 4.273625 0.659200 47452.dat
9 0 -1.000000 0.000000 -0.000000 0.000000 1.000000 0.000000 0.000000 0.000000 -1.000000 -30.499998 2.340800 -0.000013 7.750000 0.659200 4.273625 47452.dat
9 0 -1.000000 0.000000 -0.000000 0.000000 1.000000 0.000000 0.000000 0.000000 -1.000000 -30.499998 16.659201 -0.000013 7.750000 0.659200 4.273625 47452.dat
9 0 -1.000000 0.000000 -0.000000 0.000000 1.000000 0.000000 0.000000 0.000000 -1.000000 -32.500000 -3.431500 -0.000014 12.250000 0.631575 5.597825 47452.dat
9 0 -1.000000 0.000000 -0.000000 0.000000 1.000000 0.000000 0.000000 0.000000 -1.000000 -33.749996 22.028824 -0.000014 11.000000 0.228825 6.640725 47452.dat
9 0 -1.000000 0.000000 -0.000000 -0.000000 0.707107 0.707107 0.000000 0.707107 -0.707107 -32.499996 0.355999 -9.144013 12.250000 0.631575 5.597825 47452.dat
9 0 -1.000000 0.000000 -0.000000 0.000000 1.000000 0.000000 0.000000 0.000000 -1.000000 48.137505 -0.500001 0.000013 0.137500 9.750000 3.160650 47452.dat
9 0 -1.000000 0.000000 -0.000000 0.000000 1.000000 0.000000 0.000000 0.000000 -1.000000 31.862503 -0.500001 0.000007 0.137500 9.750000 3.160650 47452.dat
9 0 -1.000000 0.000000 -0.000000 0.000000 0.707107 -0.707107 0.000000 -0.707107 -0.707107 -32.500000 0.355999 9.143987 12.250000 0.631575 5.597825 47452.dat
9 0 -1.000000 0.000000 -0.000000 0.000000 1.000000 0.000000 0.000000 0.000000 -1.000000 -8.499997 8.624999 -0.000006 0.500000 8.375000 19.750000 47452.dat
9 0 -0.828858 0.559459 -0.000000 0.559459 0.828858 0.000000 0.000000 0.000000 -1.000000 52.060501 -0.146700 0.000013 0.157800 5.226700 3.744550 47452.dat
9 0 -0.000000 0.559459 0.828858 0.000000 0.828858 -0.559459 -1.000000 0.000000 -0.000000 40.000008 -0.146700 -12.060590 0.157800 5.226700 3.744550 47452.dat
9 0 -0.586091 0.559460 0.586091 0.395598 0.828858 -0.395597 -0.707106 0.000000 -0.707107 48.528255 -0.146700 -8.528112 0.157800 5.226700 3.744550 47452.dat
9 0 -0.586091 0.559460 -0.586091 0.395598 0.828858 0.395598 0.707107 -0.000000 -0.707107 48.528248 -0.146700 8.528138 0.157800 5.226700 3.744550 47452.dat
9 0 0.000000 0.559459 -0.828858 -0.000000 0.828858 0.559459 1.000000 -0.000000 0.000001 40.000000 -0.146700 12.060610 0.157800 5.226700 3.744550 47452.dat
9 0 0.586091 0.559459 -0.586091 -0.395597 0.828858 0.395597 0.707107 0.000000 0.707107 31.471876 -0.146700 8.528132 0.157800 5.226700 3.744550 47452.dat
9 0 0.586091 0.559459 0.586091 -0.395597 0.828858 -0.395597 -0.707107 -0.000000 0.707107 31.471882 -0.146700 -8.528117 0.157800 5.226700 3.744550 47452.dat
9 0 -0.707107 0.000000 0.707107 0.000000 1.000000 0.000000 -0.707107 0.000000 -0.707107 45.752254 -0.500001 -5.753337 0.137500 9.750000 3.160650 47452.dat
9 0 -0.000000 0.000000 1.000000 0.000000 1.000000 0.000000 -1.000000 0.000000 -0.000000 39.997505 -0.500001 -8.134965 0.137500 9.750000 3.160650 47452.dat
9 0 0.707107 0.000000 0.707107 0.000000 1.000000 0.000000 -0.707107 0.000000 0.707107 34.244156 -0.500001 -5.749793 0.137500 9.750000 3.160650 47452.dat
9 0 -0.707107 0.000000 -0.707107 0.000000 1.000000 0.000000 0.707107 0.000000 -0.707107 45.755749 -0.500001 5.754837 0.137500 9.750000 3.160650 47452.dat
9 0 0.000000 0.000000 -1.000000 0.000000 1.000000 0.000000 1.000000 0.000000 0.000000 40.002499 -0.500001 8.140010 0.137500 9.750000 3.160650 47452.dat
9 0 0.707107 0.000000 -0.707107 0.000000 1.000000 0.000000 0.707107 0.000000 0.707107 34.247704 -0.500001 5.758383 0.137500 9.750000 3.160650 47452.dat
10 0 -46.631001 -0.019575 -30.000002 55.000000 34.503750 10.000000 47452.dat
3 23 -1.000000 0.000000 -0.000000 0.000000 1.000000 0.000000 0.000000 0.000000 -1.000000 20.000011 0.000000 -19.999998 4 4 18:1:1,23:4:1,18:2:1,23:4:1,18:1:1,23:4:1,1:4:1,23:4:1,1:4:1,23:4:1,29:0:1,23:4:1,18:4:1,23:4:1,29:0:1,23:4:1,1:4:1,23:4:1,1:4:1,23:4:1,18:1:1,23:4:1,18:2:1,23:4:1,18:1:1, 47452.dat
2 22 -1.000000 0.000000 -0.000000 0.000000 1.000000 0.000000 0.000000 0.000000 -1.000000 20.000011 24.000000 -19.999998 4 4 22:1:1,22:2:1,22:2:1,22:2:1,22:1:1,22:2:1,15:4:0,23:4:1,15:4:0,22:2:1,22:2:1,23:4:1,7:4:2,23:4:1,22:2:1,22:2:1,15:4:0,23:4:1,15:4:0,22:2:1,22:1:1,22:2:1,22:2:1,22:2:1,22:1:1, 47452.dat
0 2 -1.000000 0.000000 -0.000000 -0.000000 -0.000000 1.000000 -0.000000 1.000000 0.000000 -0.000003 9.500000 19.999998 0 0 0.800000 0 0 47452.dat
0 2 -1.000000 0.000000 -0.000000 0.000000 -0.000000 -1.000000 -0.000000 -1.000000 0.000000 0.000010 9.490199 -20.000004 0 0 0.800000 0 0 47452.dat
0 2 -1.000000 0.000000 -0.000000 0.000000 -1.000000 -0.000000 -0.000000 -0.000000 1.000000 40.000004 -10.492251 0.002510 0 0 0.800000 0 0 47452.dat
0 2 -0.000000 1.000000 0.000000 -1.000000 0.000000 -0.000000 -0.000000 -0.000000 1.000000 -40.499992 9.500000 -0.000016 0 0 0.800000 0 0 47452.dat
2 22 -1.000000 0.000000 -0.000000 -0.000000 -0.000000 1.000000 -0.000000 1.000000 0.000000 9.999997 19.500000 20.000000 2 2 22:1:1,22:2:1,22:1:1,22:2:1,16:4:64,22:2:1,22:1:1,22:2:1,22:1:1, 47452.dat
2 22 -1.000000 0.000000 -0.000000 0.000000 -0.000000 -1.000000 -0.000000 -1.000000 0.000000 10.000010 -0.500001 -20.000002 2 2 22:1:1,22:2:1,22:1:1,22:2:1,16:4:64,22:2:1,22:1:1,22:2:1,22:1:1, 47452.dat
