9 0 0.000000 0.000000 1.000000 0.000000 1.000000 0.000000 -1.000000 0.000000 0.000000 30.000002 -0.448800 0.000003 3.770100 3.959550 9.750000 47455.dat
9 0 0.000000 0.000000 1.000000 0.000000 1.000000 0.000000 -1.000000 0.000000 0.000000 15.130250 -0.500000 0.000008 10.298100 4.750000 4.619775 47455.dat
9 0 0.000000 0.000000 1.000000 0.000000 1.000000 0.000000 -1.000000 0.000000 0.000000 -0.057998 8.266624 0.000013 1.250000 3.042250 12.217675 47455.dat
9 0 0.000000 0.000000 1.000000 0.000000 1.000000 0.000000 -1.000000 0.000000 0.000000 -0.070003 -0.500000 -13.093439 2.567650 4.750000 4.529950 47455.dat
9 0 0.707107 0.000000 0.707107 0.000000 1.000000 0.000000 -0.707107 0.000000 0.707107 -9.277251 -0.500000 -9.145034 2.567625 4.750000 4.529950 47455.dat
9 0 -0.000000 0.000000 -1.000000 0.000000 1.000000 0.000000 1.000000 0.000000 -0.000000 0.255004 -0.500000 13.083463 2.567650 4.750000 4.529950 47455.dat
9 0 -0.707107 0.000000 -0.707107 0.000000 1.000000 0.000000 0.707107 0.000000 -0.707107 9.462253 -0.500000 9.135060 2.567625 4.750000 4.529950 47455.dat
9 0 -0.707107 0.000000 0.707107 0.000000 1.000000 0.000000 -0.707107 0.000000 -0.707107 9.232497 -0.500000 -9.374815 2.567625 4.750000 4.529950 47455.dat
9 0 0.000000 0.000000 1.000000 1.000000 -0.000000 -0.000000 0.000000 1.000000 -0.000000 0.000000 -3.250000 0.000013 3.770100 3.959550 17.000000 47455.dat
9 0 0.707107 0.000000 -0.707107 0.000000 1.000000 0.000000 0.707107 0.000000 0.707107 -9.047497 -0.500000 9.364841 2.567625 4.750000 4.529950 47455.dat
9 0 1.000000 0.000000 -0.000000 0.000000 1.000000 0.000000 0.000000 0.000000 1.000000 -12.995997 -0.500000 0.157492 2.567650 4.750000 4.529950 47455.dat
9 0 0.000000 0.000000 1.000000 1.000000 -0.000000 -0.000000 0.000000 1.000000 -0.000000 0.000000 8.000000 0.000013 4.574300 4.801625 5.750000 47455.dat
9 0 0.000000 0.000000 1.000000 0.000000 1.000000 0.000000 -1.000000 0.000000 0.000000 18.750000 -0.591475 0.021457 3.915275 8.736424 1.000000 47455.dat
10 0 -17.495424 -14.500000 -57.376499 17.495676 20.000000 0.000000 47455.dat
0 3 0.000000 1.000000 -0.000000 1.000000 -0.000000 -0.000000 -0.000000 0.000000 -1.000000 40.000000 -0.500000 0.000000 0 1 0.800000 0 0 47455.dat
0 3 1.000000 -0.000000 -0.000000 -0.000000 -1.000000 0.000000 -0.000000 -0.000000 -1.000000 0.000000 -20.500000 0.000013 0 1 0.800000 0 0 47455.dat
