9 0 0.000000 0.000000 -1.000000 0.000000 1.000000 0.000000 1.000000 0.000000 0.000000 0.000000 1.874998 0.000000 19.750000 1.625000 19.750000 4746.dat
9 0 0.000000 0.000000 -1.000000 0.000000 1.000000 0.000000 1.000000 0.000000 0.000000 0.000000 45.999996 18.608452 1.141550 1.750000 9.750000 4746.dat
9 0 0.000000 0.000000 -1.000000 0.000000 1.000000 0.000000 1.000000 0.000000 0.000000 0.000000 45.999996 0.000000 2.533125 1.750000 9.750000 4746.dat
9 0 0.000000 0.000000 -1.000000 0.000000 1.000000 0.000000 1.000000 0.000000 0.000000 0.000000 45.999996 -20.000002 2.533125 1.750000 9.750000 4746.dat
9 0 0.000000 0.000000 -1.000000 0.000000 1.000000 0.000000 1.000000 0.000000 0.000000 0.000001 45.999996 -40.000000 2.533125 1.750000 9.750000 4746.dat
9 0 1.000000 0.000000 0.000000 0.000000 1.000000 0.000000 -0.000000 0.000000 1.000000 0.000000 45.999996 -16.501251 3.500000 1.750000 36.251251 4746.dat
9 0 0.000000 0.000000 -1.000000 0.000000 1.000000 0.000000 1.000000 0.000000 0.000000 -9.361074 19.999998 -1.375150 21.125175 8.230675 1.361075 4746.dat
9 0 0.000000 0.000000 -1.000000 -0.000000 -1.000000 -0.000000 -1.000000 0.000000 -0.000000 9.361074 19.999998 -1.375150 21.125175 8.230675 1.361075 4746.dat
9 0 -0.000000 -0.693302 -0.720647 -1.000000 0.000000 -0.000000 0.000000 0.720647 -0.693302 0.000001 25.563223 -37.927002 1.954150 1.625000 27.898499 4746.dat
9 0 -0.000000 -0.161596 -0.986857 -1.000000 0.000000 -0.000000 0.000000 0.986857 -0.161596 0.000000 37.910900 -12.843326 32.254250 1.625000 4.399150 4746.dat
9 0 0.000000 0.000000 -1.000000 0.000000 1.000000 0.000000 1.000000 0.000000 0.000000 -3.701776 15.875000 -10.000000 9.750000 1.625000 1.201775 4746.dat
9 0 0.000000 0.000000 -1.000000 0.000000 1.000000 0.000000 1.000000 0.000000 0.000000 -3.701776 24.125000 -10.000000 9.750000 1.625000 1.201775 4746.dat
9 0 0.000000 0.000000 -1.000000 0.000000 1.000000 0.000000 1.000000 0.000000 0.000000 3.701776 24.125000 -10.000000 9.750000 1.625000 1.201775 4746.dat
9 0 0.000000 0.000000 -1.000000 0.000000 1.000000 0.000000 1.000000 0.000000 0.000000 3.701776 15.875000 -10.000000 9.750000 1.625000 1.201775 4746.dat
9 0 0.000000 0.000000 -1.000000 -1.000000 -0.000000 -0.000000 -0.000000 1.000000 -0.000000 0.000000 6.279248 35.884750 3.865200 0.750000 5.720750 4746.dat
9 0 0.000000 0.000000 -1.000000 1.000000 -0.000000 0.000000 -0.000000 -1.000000 -0.000000 0.000000 37.970749 35.884750 3.865200 8.230675 1.470750 4746.dat
9 0 0.000000 0.000000 -1.000000 -0.000000 -1.000000 -0.000000 -1.000000 0.000000 -0.000000 7.073475 19.999998 29.000000 8.750000 2.938875 0.298275 4746.dat
9 0 0.000000 0.145898 -0.989300 -1.000000 0.000000 -0.000000 0.000000 0.989300 0.145898 0.000000 8.928749 -14.499625 45.087002 5.558450 0.937500 4746.dat
9 0 -0.103165 0.103166 -0.989300 -0.707107 -0.707107 -0.000001 -0.699541 0.699540 0.145898 4.941850 15.058249 -42.180748 17.059475 3.699600 0.937500 4746.dat
9 0 -0.103165 -0.103166 -0.989300 0.707107 -0.707107 0.000001 -0.699541 -0.699540 0.145898 4.941850 24.941849 -42.180748 17.059475 3.699600 0.937500 4746.dat
9 0 0.103166 -0.103165 -0.989300 0.707107 0.707107 0.000000 0.699540 -0.699540 0.145898 -4.941849 24.941849 -42.180748 17.059475 3.699600 0.937500 4746.dat
9 0 0.000000 -0.145898 -0.989300 1.000000 0.000000 0.000000 0.000000 -0.989300 0.145898 0.000000 31.071123 -14.499625 45.087002 5.558450 0.937500 4746.dat
9 0 -0.145898 0.000000 -0.989300 -0.000000 -1.000000 0.000000 -0.989300 0.000000 0.145898 6.922825 19.999998 -42.628250 16.284552 3.699600 0.937500 4746.dat
9 0 0.103166 0.103165 -0.989300 -0.707107 0.707107 -0.000000 0.699540 0.699540 0.145898 -4.941849 15.058249 -42.180748 17.059475 3.699600 0.937500 4746.dat
9 0 0.145898 0.000000 -0.989300 0.000000 1.000000 0.000000 0.989300 0.000000 0.145898 -6.922825 19.999998 -42.628250 16.284552 3.699600 0.937500 4746.dat
9 0 0.000000 0.000000 -1.000000 0.000000 1.000000 0.000000 1.000000 0.000000 0.000000 -17.458799 19.999998 30.000002 9.750000 8.230675 0.958800 4746.dat
9 0 0.000000 0.000000 -1.000000 -0.000000 -1.000000 -0.000000 -1.000000 0.000000 -0.000000 17.458752 19.999998 30.000002 9.750000 8.230675 0.958800 4746.dat
9 0 0.000000 0.000000 -1.000000 -1.000000 -0.000000 -0.000000 -0.000000 1.000000 -0.000000 0.000000 2.029249 35.884750 3.865200 8.230675 1.470750 4746.dat
9 0 0.000000 0.000000 -1.000000 1.000000 -0.000000 0.000000 -0.000000 -1.000000 -0.000000 0.000000 33.720749 35.884750 3.865200 0.750000 5.720750 4746.dat
9 0 0.000000 0.000000 -1.000000 -0.707107 -0.707107 -0.000000 -0.707107 0.707107 -0.000000 5.001699 14.998248 29.000000 8.750000 2.938875 0.298275 4746.dat
9 0 0.000000 0.000000 -1.000000 -1.000000 -0.000000 -0.000000 -0.000000 1.000000 -0.000000 0.000000 12.926498 29.000000 8.750000 2.938875 0.298275 4746.dat
9 0 0.000000 0.000000 -1.000000 -0.707107 0.707107 -0.000000 0.707107 0.707107 0.000000 -5.001701 14.998248 29.000000 8.750000 2.938875 0.298275 4746.dat
9 0 0.000000 0.000000 -1.000000 0.000000 1.000000 0.000000 1.000000 0.000000 0.000000 -7.073475 19.999998 29.000000 8.750000 2.938875 0.298275 4746.dat
9 0 0.000000 0.000000 -1.000000 0.707107 0.707107 0.000000 0.707107 -0.707107 0.000000 -5.001701 25.001699 29.000000 8.750000 2.938875 0.298275 4746.dat
9 0 0.000000 0.000000 -1.000000 1.000000 -0.000000 0.000000 -0.000000 -1.000000 -0.000000 0.000000 27.073473 29.000000 8.750000 2.938875 0.298275 4746.dat
9 0 0.000000 0.000000 -1.000000 0.707107 -0.707107 0.000000 -0.707107 -0.707107 -0.000000 5.001699 25.001699 29.000000 8.750000 2.938875 0.298275 4746.dat
10 0 -30.000002 0.000000 -30.000002 74.449997 52.424995 10.000000 4746.dat
3 23 0.000000 0.000000 -1.000000 0.000000 1.000000 0.000000 1.000000 0.000000 0.000000 20.000002 0.000000 20.000000 4 4 18:1:1,23:4:1,18:2:1,23:4:1,18:1:1,23:4:1,1:4:1,23:4:1,1:4:1,23:4:1,18:2:1,23:4:1,18:4:1,23:4:1,18:2:1,23:4:1,1:4:1,23:4:1,1:4:1,23:4:1,18:1:1,23:4:1,18:2:1,23:4:1,18:1:1, 4746.dat
3 23 0.000000 0.000000 -1.000000 1.000000 -0.000000 0.000000 -0.000000 -1.000000 -0.000000 -11.125001 9.991249 20.000000 2 2 29:0:0,29:0:0,29:0:0,29:0:0,1:4:32,29:0:0,29:0:0,29:0:0,29:0:0, 4746.dat
3 23 -0.000000 -0.000000 1.000000 -1.000000 0.000000 -0.000000 0.000000 -1.000000 -0.000000 11.125001 9.991249 0.000000 2 2 29:0:0,29:0:0,29:0:0,29:0:0,1:4:32,29:0:0,29:0:0,29:0:0,29:0:0, 4746.dat
3 23 1.000000 -0.000000 0.000000 -0.000000 -0.000000 1.000000 -0.000000 -1.000000 -0.000000 -9.999999 9.991249 -59.999996 2 2 29:0:0,29:0:0,29:0:0,29:0:0,1:4:32,29:0:0,29:0:0,29:0:0,29:0:0, 4746.dat
2 22 -0.000000 1.000000 0.000000 -0.000000 -0.000000 1.000000 1.000000 0.000000 0.000000 20.000002 0.000000 40.000000 4 4 29:0:1,22:2:1,22:2:1,22:2:1,29:0:1,22:2:1,15:4:0,23:4:1,15:4:0,22:2:1,22:2:1,23:4:1,7:4:0,23:4:1,22:2:1,22:2:1,15:4:0,23:4:1,15:4:0,22:2:1,29:0:1,22:2:1,22:2:1,22:2:1,29:0:1, 4746.dat
2 22 0.000000 0.000000 -1.000000 0.000000 1.000000 0.000000 1.000000 0.000000 0.000000 20.000002 48.000000 20.000000 4 8 29:0:1,29:0:1,29:0:1,29:0:1,29:0:1,29:0:1,29:0:1,29:0:1,29:0:1,22:2:1,15:4:0,22:2:1,15:4:0,22:2:1,15:4:0,22:2:1,15:4:0,29:0:1,22:2:1,22:2:1,22:2:1,22:2:1,22:2:1,22:2:1,22:2:1,22:2:1,22:2:1,22:2:1,15:4:0,22:2:1,15:4:0,22:2:1,15:4:0,22:2:1,15:4:0,29:0:1,29:0:1,29:0:1,29:0:1,29:0:1,29:0:1,29:0:1,29:0:1,29:0:1,29:0:1, 4746.dat
0 4 -0.000000 1.000000 0.000000 -0.000000 -0.000000 1.000000 1.000000 0.000000 0.000000 0.000000 19.999998 0.000000 0 0 0.800000 0 0 4746.dat
0 2 -0.000000 1.000000 0.000000 -0.000000 -0.000000 1.000000 1.000000 0.000000 0.000000 0.000000 19.999998 40.000000 0 0 1.600000 0 0 4746.dat
