9 0 -1.000000 -0.000000 -0.000000 0.000000 0.000000 -1.000000 0.000000 -1.000000 0.000000 -6.375000 0.000000 0.792400 2.125000 2.727325 3.552050 47508.dat
9 0 -1.000000 0.000000 0.000000 -0.000000 0.000000 -1.000000 -0.000000 -1.000000 0.000000 6.375000 0.000000 0.792400 2.125000 2.727325 3.552050 47508.dat
9 0 -1.000000 0.000000 0.000000 -0.000000 -0.390296 -0.920690 -0.000000 -0.920690 0.390296 0.000000 18.405924 -20.094799 78.500000 1.554700 20.538525 47508.dat
9 0 -1.000000 0.000000 -0.000000 0.000000 1.000000 0.000000 0.000000 0.000000 -1.000000 0.000000 36.445503 -52.648502 78.500000 1.554700 25.851500 47508.dat
9 0 -1.000000 -0.000000 -0.000000 0.000000 0.000000 -1.000000 0.000000 -1.000000 0.000000 -67.000000 36.320000 -78.750000 3.937500 11.000000 1.680025 47508.dat
9 0 -1.000000 -0.000000 -0.000000 0.000000 0.000000 -1.000000 0.000000 -1.000000 0.000000 -50.250000 36.320000 -78.750000 3.937500 11.000000 1.680025 47508.dat
9 0 -1.000000 -0.000000 -0.000000 0.000000 0.000000 -1.000000 0.000000 -1.000000 0.000000 -33.500000 36.320000 -78.750000 3.937500 11.000000 1.680025 47508.dat
9 0 -1.000000 -0.000000 -0.000000 0.000000 0.000000 -1.000000 0.000000 -1.000000 0.000000 -16.750000 36.320000 -78.750000 3.937500 11.000000 1.680025 47508.dat
9 0 -1.000000 -0.000000 -0.000000 0.000000 0.000000 -1.000000 0.000000 -1.000000 0.000000 0.000000 36.320000 -78.750000 3.937500 11.000000 1.680025 47508.dat
9 0 -1.000000 -0.000000 -0.000000 0.000000 0.000000 -1.000000 0.000000 -1.000000 0.000000 16.750025 36.320000 -78.750000 3.937500 11.000000 1.680025 47508.dat
9 0 -1.000000 -0.000000 -0.000000 0.000000 0.000000 -1.000000 0.000000 -1.000000 0.000000 33.500000 36.320000 -78.750000 3.937500 11.000000 1.680025 47508.dat
9 0 -1.000000 -0.000000 -0.000000 0.000000 0.000000 -1.000000 0.000000 -1.000000 0.000000 50.250000 36.320000 -78.750000 3.937500 11.000000 1.680025 47508.dat
9 0 -1.000000 -0.000000 -0.000000 0.000000 0.000000 -1.000000 0.000000 -1.000000 0.000000 67.000000 36.320000 -78.750000 3.937500 11.000000 1.680025 47508.dat
9 0 -1.000000 0.000000 0.000000 -0.000000 -0.638737 -0.769425 -0.000000 -0.769425 0.638737 -78.750000 9.292000 -37.460499 1.000000 14.751249 24.592274 47508.dat
9 0 -1.000000 0.000000 0.000000 -0.000000 -0.385930 -0.922528 -0.000000 -0.922528 0.385930 -77.500000 14.345600 -29.800999 1.000000 12.250000 20.529575 47508.dat
9 0 -1.000000 -0.000000 -0.000000 0.000000 0.000000 -1.000000 0.000000 -1.000000 0.000000 -77.500000 30.255249 -46.911247 1.000000 20.114275 7.744850 47508.dat
9 0 -1.000000 0.000000 0.000000 -0.000000 -0.638737 -0.769425 -0.000000 -0.769425 0.638737 77.500000 9.884500 -36.746750 1.000000 13.823649 24.592274 47508.dat
9 0 -1.000000 0.000000 0.000000 -0.000000 -0.385930 -0.922528 -0.000000 -0.922528 0.385930 77.500000 14.345600 -29.800999 1.000000 12.250000 20.529575 47508.dat
9 0 -1.000000 -0.000000 -0.000000 0.000000 0.000000 -1.000000 0.000000 -1.000000 0.000000 77.500000 30.255249 -46.852749 1.000000 20.055876 7.744850 47508.dat
9 0 -1.000000 0.000000 -0.000000 -0.000000 -0.613391 0.789780 0.000000 0.789780 0.613391 0.000000 -11.980350 -20.257875 79.750000 1.554700 16.085976 47508.dat
9 0 -1.000000 -0.000000 -0.000000 0.000000 0.000000 -1.000000 0.000000 -1.000000 0.000000 -6.375000 0.000000 -7.732675 2.125000 5.297775 5.697350 47508.dat
9 0 -1.000000 -0.000000 -0.000000 0.000000 0.000000 -1.000000 0.000000 -1.000000 0.000000 6.375000 0.000000 -7.732675 2.125000 5.297775 5.697350 47508.dat
9 0 -1.000000 0.000000 0.000000 -0.000000 -0.396675 -0.917959 -0.000000 -0.917959 0.396675 0.029950 8.263474 -15.105125 8.026000 2.240925 10.002049 47508.dat
10 0 -80.000000 -38.250000 -6.171575 80.000000 26.005501 90.000000 47508.dat
6 2 -0.000000 0.000000 -1.000000 1.000000 -0.000000 0.000000 -0.000000 -1.000000 -0.000000 0.000000 0.000000 0.000000 1.570796 -1.570796 1.570796 -1.570796 0 47508.dat
