9 0 -0.000000 0.000000 -1.000000 1.000000 -0.000000 -0.000000 -0.000000 -1.000000 -0.000000 0.000000 140.000015 -68.395500 8.566000 21.614550 3.750000 47543.dat
9 0 -0.716572 -0.000000 -0.697513 0.697513 0.000000 -0.716572 0.000000 -1.000000 0.000000 -49.010246 140.000015 -47.706749 8.566000 9.785200 3.750000 47543.dat
9 0 -0.703067 0.000001 -0.711124 0.711124 0.000001 -0.703067 0.000000 -1.000000 -0.000001 -52.709572 140.000015 -53.313751 1.990425 21.614550 3.750000 47543.dat
9 0 -1.000000 -0.000000 -0.000000 0.000000 0.000000 -1.000000 0.000000 -1.000000 0.000000 -68.395378 140.000015 -10.932275 8.566000 10.682275 3.750000 47543.dat
9 0 1.000000 0.000000 0.000000 0.000000 -0.000000 1.000000 0.000000 -1.000000 -0.000000 68.395248 140.000015 -10.932275 8.566000 10.682275 3.750000 47543.dat
9 0 0.708415 0.000001 -0.705796 0.705796 0.000000 0.708415 0.000001 -1.000000 -0.000001 53.316753 140.000015 -53.119747 1.699225 21.614550 3.750000 47543.dat
9 0 0.708305 -0.000000 -0.705906 0.705906 0.000000 0.708305 0.000000 -1.000000 0.000000 48.444756 140.000015 -48.280750 8.566000 8.957175 3.750000 47543.dat
9 0 -1.000000 -0.000000 -0.000000 0.000000 0.000000 -1.000000 0.000000 -1.000000 0.000000 0.000000 1.875007 -19.721525 20.675650 13.346524 1.625000 47543.dat
9 0 -1.000000 0.000000 0.000000 -0.000000 -0.281854 -0.959457 -0.000000 -0.959457 0.281854 0.000000 69.598259 -58.999752 7.366100 0.539675 71.094002 47543.dat
9 0 -0.923880 -0.000001 -0.382683 0.367168 -0.281856 -0.886423 -0.107860 -0.959457 0.260401 22.578251 69.598259 -54.508751 7.366150 0.539700 71.094002 47543.dat
9 0 -0.707109 -0.000003 -0.707105 0.678437 -0.281856 -0.678440 -0.199300 -0.959457 0.199305 41.719002 69.598259 -41.718998 7.366200 0.539725 71.094002 47543.dat
9 0 -0.382681 0.000002 -0.923880 0.886424 -0.281854 -0.367167 -0.260400 -0.959457 0.107859 54.508503 69.598259 -22.578201 7.366175 0.539675 71.094002 47543.dat
9 0 0.000001 0.000001 -1.000000 0.959457 -0.281855 0.000001 -0.281855 -0.959457 -0.000001 57.936996 69.910255 -6.250000 6.000100 1.444800 71.094002 47543.dat
9 0 0.000000 0.000000 1.000000 -0.959457 -0.281855 0.000000 0.281855 -0.959457 0.000000 -57.937073 69.910255 -6.250000 6.000025 1.444800 71.094002 47543.dat
9 0 -0.382683 0.000000 0.923880 -0.886423 -0.281854 -0.367168 0.260399 -0.959457 0.107861 -54.508625 69.598259 -22.578201 7.366100 0.539675 71.094002 47543.dat
9 0 -0.707106 -0.000001 0.707108 -0.678440 -0.281854 -0.678438 0.199302 -0.959457 0.199300 -41.718998 69.598259 -41.718998 7.366175 0.539700 71.094002 47543.dat
9 0 -0.923879 -0.000001 0.382684 -0.367169 -0.281853 -0.886423 0.107861 -0.959458 0.260398 -22.578249 69.598259 -54.508503 7.366125 0.539675 71.094002 47543.dat
9 0 -0.555570 -0.000000 0.831469 -0.797760 -0.281853 -0.533046 0.234353 -0.959458 0.156589 -49.056473 69.598259 -32.778473 7.366100 0.539675 71.094002 47543.dat
9 0 -0.831468 -0.000001 0.555572 -0.533048 -0.281855 -0.797758 0.156592 -0.959457 0.234352 -32.778500 69.598259 -49.056499 7.366175 0.539700 71.094002 47543.dat
9 0 -0.980785 -0.000001 0.195092 -0.187182 -0.281854 -0.941021 0.054988 -0.959457 0.276438 -11.510247 69.598259 -57.866001 7.366125 0.539675 71.094002 47543.dat
9 0 -0.980785 0.000001 -0.195092 0.187182 -0.281854 -0.941021 -0.054988 -0.959457 0.276438 11.510253 69.598259 -57.866001 7.366100 0.539675 71.094002 47543.dat
9 0 -0.831470 -0.000001 -0.555570 0.533045 -0.281855 -0.797759 -0.156589 -0.959457 0.234355 32.778496 69.598259 -49.056499 7.366150 0.539700 71.094002 47543.dat
9 0 -0.555572 -0.000002 -0.831469 0.797759 -0.281855 -0.533047 -0.234353 -0.959457 0.156592 49.056499 69.598259 -32.778473 7.366200 0.539725 71.094002 47543.dat
9 0 -0.195089 0.000001 -0.980786 0.941022 -0.281854 -0.187180 -0.276438 -0.959457 0.054986 57.866009 69.598259 -11.510275 6.346200 0.539675 71.094002 47543.dat
9 0 -0.195091 0.000001 0.980785 -0.941022 -0.281854 -0.187181 0.276438 -0.959457 0.054988 -57.866051 69.598259 -11.510275 6.346125 0.539675 71.094002 47543.dat
9 0 -1.000000 -0.000000 -0.000000 0.000000 0.000000 -1.000000 0.000000 -1.000000 0.000000 -19.178999 1.875007 -11.785550 12.804050 11.535550 1.625000 47543.dat
9 0 -1.000000 -0.000000 -0.000000 0.000000 0.000000 -1.000000 0.000000 -1.000000 0.000000 19.178999 1.875007 -11.785550 12.804050 11.535550 1.625000 47543.dat
10 0 -10.000000 -0.009300 -10.000000 150.000000 148.450012 70.000000 47543.dat
3 23 1.000000 0.000000 0.000000 0.000000 1.000000 0.000000 0.000000 0.000000 1.000000 -39.999996 0.000000 0.000000 4 8 29:0:1,23:4:1,18:2:1,23:4:1,18:2:1,23:4:1,18:2:1,23:4:1,29:0:1,29:0:1,1:4:0,23:4:1,1:4:0,23:4:1,1:4:0,23:4:1,1:4:0,29:0:1,29:0:1,29:0:1,18:3:1,23:4:1,18:4:1,23:4:1,18:3:1,29:0:1,29:0:1,29:0:1,29:0:1,29:0:1,1:4:0,23:4:1,1:4:0,29:0:1,29:0:1,29:0:1,29:0:1,29:0:1,29:0:1,29:0:1,29:0:1,29:0:1,29:0:1,29:0:1,29:0:1, 47543.dat
2 22 1.000000 0.000000 0.000000 0.000000 1.000000 0.000000 0.000000 0.000000 1.000000 -80.000000 144.000000 0.000000 8 16 22:1:1,22:2:1,22:2:1,29:0:1,29:0:1,29:0:1,29:0:1,29:0:1,29:0:1,29:0:1,29:0:1,29:0:1,29:0:1,29:0:1,22:2:1,22:2:1,22:1:1,22:2:1,15:4:1,22:2:1,29:0:1,29:0:1,29:0:1,29:0:1,29:0:1,29:0:1,29:0:1,29:0:1,29:0:1,29:0:1,29:0:1,22:2:1,15:4:1,22:2:1,22:2:1,22:2:1,22:2:1,29:0:1,29:0:1,29:0:1,29:0:1,29:0:1,29:0:1,29:0:1,29:0:1,29:0:1,29:0:1,29:0:1,22:2:1,22:2:1,22:2:1,29:0:1,29:0:1,29:0:1,29:0:1,29:0:1,29:0:1,29:0:1,29:0:1,29:0:1,29:0:1,29:0:1,29:0:1,29:0:1,29:0:1,29:0:1,29:0:1,29:0:1,29:0:1,22:2:1,29:0:1,22:2:1,29:0:1,29:0:1,29:0:1,29:0:1,29:0:1,29:0:1,29:0:1,29:0:1,29:0:1,22:2:1,29:0:1,22:2:1,29:0:1,29:0:1,29:0:1,22:2:1,15:4:1,22:2:1,29:0:1,29:0:1,29:0:1,29:0:1,29:0:1,29:0:1,29:0:1,22:2:1,15:4:1,22:2:1,29:0:1,29:0:1,29:0:1,29:0:1,29:0:1,22:2:1,22:2:1,22:2:1,22:2:1,22:2:1,22:2:1,22:2:1,22:2:1,22:2:1,22:2:1,22:2:1,29:0:1,29:0:1,29:0:1,29:0:1,29:0:1,29:0:1,29:0:1,22:2:1,29:0:1,22:2:1,15:4:1,9:4:1,15:4:1,22:2:1,29:0:1,22:2:1,29:0:1,29:0:1,29:0:1,29:0:1,29:0:1,29:0:1,29:0:1,29:0:1,29:0:1,29:0:1,22:2:1,22:2:1,22:2:1,22:2:1,22:2:1,29:0:1,29:0:1,29:0:1,29:0:1,29:0:1,29:0:1, 47543.dat
