9 0 0.000000 0.000000 1.000000 0.000000 1.000000 0.000000 -1.000000 0.000000 0.000000 0.000000 19.999998 -29.999998 9.750000 3.750000 18.028849 47755.dat
9 0 0.000000 0.000000 1.000000 0.000000 1.000000 0.000000 -1.000000 0.000000 0.000000 0.000019 3.999999 30.000008 9.750000 3.750000 19.000000 47755.dat
9 0 0.000000 -0.514106 0.857727 0.000000 0.857727 0.514106 -1.000000 0.000000 0.000000 20.555729 8.878724 -16.143555 11.349125 5.024000 0.305725 47755.dat
9 0 0.000000 -0.197103 0.980383 0.000000 0.980383 0.197103 -1.000000 0.000000 0.000000 20.555737 1.005174 4.853246 12.724275 5.024000 0.305725 47755.dat
9 0 0.000000 0.000000 1.000000 0.000000 1.000000 0.000000 -1.000000 0.000000 0.000000 20.555744 -3.361250 28.266747 11.483275 3.111300 0.305725 47755.dat
9 0 0.000000 -0.396996 0.917820 0.000000 0.917820 0.396996 -1.000000 0.000000 0.000000 24.923580 14.372000 -13.286406 7.520400 0.985650 4.673575 47755.dat
9 0 0.000000 -0.243692 0.969853 0.000000 0.969853 0.243692 -1.000000 0.000000 0.000000 25.000011 8.531674 1.432994 7.520400 1.752975 4.750000 47755.dat
9 0 0.000000 -0.070039 0.997544 0.000000 0.997544 0.070039 -1.000000 0.000000 0.000000 25.000015 5.677174 16.434992 6.914000 2.157650 4.750000 47755.dat
9 0 0.000000 0.000000 1.000000 0.000000 1.000000 0.000000 -1.000000 0.000000 0.000000 24.139427 21.374998 -21.875006 1.625000 2.375000 5.610575 47755.dat
9 0 0.000000 0.000000 1.000000 0.000000 1.000000 0.000000 -1.000000 0.000000 0.000000 24.625021 5.375000 38.124992 1.625000 2.375000 5.125000 47755.dat
9 0 0.000000 -0.514106 0.857727 0.000000 0.857727 0.514106 -1.000000 0.000000 0.000000 -20.555746 8.878724 -16.143543 11.349125 5.024000 0.305725 47755.dat
9 0 0.000000 -0.197103 0.980383 0.000000 0.980383 0.197103 -1.000000 0.000000 0.000000 -20.555738 1.005174 4.853258 12.724275 5.024000 0.305725 47755.dat
9 0 0.000000 0.000000 1.000000 0.000000 1.000000 0.000000 -1.000000 0.000000 0.000000 -20.555731 -3.361250 28.266764 11.483275 3.111300 0.305725 47755.dat
9 0 0.000000 -0.396996 0.917820 0.000000 0.917820 0.396996 -1.000000 0.000000 0.000000 -24.923494 14.372000 -13.286391 7.520400 0.985650 4.673575 47755.dat
9 0 0.000000 -0.243692 0.969853 0.000000 0.969853 0.243692 -1.000000 0.000000 0.000000 -24.999990 8.531674 1.433012 7.520400 1.752975 4.750000 47755.dat
9 0 0.000000 -0.070039 0.997544 0.000000 0.997544 0.070039 -1.000000 0.000000 0.000000 -24.999985 5.677174 16.435009 6.914000 2.157650 4.750000 47755.dat
9 0 0.000000 0.000000 1.000000 0.000000 1.000000 0.000000 -1.000000 0.000000 0.000000 -24.139496 21.374998 -21.874990 1.625000 2.375000 5.610575 47755.dat
9 0 0.000000 0.000000 1.000000 0.000000 1.000000 0.000000 -1.000000 0.000000 0.000000 -24.624979 5.375000 38.125008 1.625000 2.375000 5.125000 47755.dat
10 0 -10.000000 0.000000 -40.000000 70.000000 32.000000 20.000000 47755.dat
3 23 0.000000 0.000000 1.000000 0.000000 1.000000 0.000000 -1.000000 0.000000 0.000000 -20.000004 16.000000 -39.999992 4 2 18:1:1,23:4:1,18:1:1,23:4:1,0:4:0,23:4:1,18:2:1,23:4:1,18:2:1,23:4:1,0:4:0,23:4:1,18:1:1,23:4:1,18:1:1, 47755.dat
3 23 0.000000 0.000000 1.000000 0.000000 1.000000 0.000000 -1.000000 0.000000 0.000000 -19.999987 0.000000 20.000011 4 2 18:1:1,23:4:1,18:1:1,23:4:1,0:4:1,23:4:1,18:2:1,23:4:1,18:2:1,23:4:1,0:4:1,23:4:1,18:1:1,23:4:1,18:1:1, 47755.dat
2 22 0.000000 0.000000 1.000000 0.000000 1.000000 0.000000 -1.000000 0.000000 0.000000 -20.000004 24.000000 -39.999992 4 2 22:1:1,22:2:1,22:1:1,22:2:1,15:4:0,22:2:1,22:2:1,9:4:1,22:2:1,22:2:1,15:4:0,22:2:1,22:1:1,22:2:1,22:1:1, 47755.dat
2 22 0.000000 0.000000 1.000000 0.000000 1.000000 0.000000 -1.000000 0.000000 0.000000 -19.999987 8.000000 20.000011 4 2 22:1:1,22:2:1,22:1:1,22:2:1,15:4:0,22:2:1,22:2:1,9:4:1,22:2:1,22:2:1,15:4:0,22:2:1,22:1:1,22:2:1,22:1:1, 47755.dat
