9 0 0.000000 0.000000 -1.000000 0.000000 1.000000 0.000000 1.000000 0.000000 0.000000 0.000000 3.999999 0.000000 9.750000 3.750000 19.750000 47844.dat
9 0 0.000000 -0.105243 -0.994447 0.000000 0.994447 -0.105243 1.000000 0.000000 0.000000 0.000000 0.284900 -19.285498 7.601224 1.672375 16.398600 47844.dat
9 0 0.000000 0.488595 -0.872511 -0.000000 0.872511 0.488595 1.000000 0.000000 0.000000 0.000003 25.211901 -133.342499 23.872974 1.283925 10.087700 47844.dat
9 0 -0.233846 0.365456 -0.900976 -0.312934 0.849069 0.425622 0.920537 0.381476 -0.084187 16.348001 20.571924 -121.298996 12.185801 1.235425 7.754525 47844.dat
9 0 0.000000 0.000000 -1.000000 0.000000 1.000000 0.000000 1.000000 0.000000 0.000000 6.379500 3.874999 13.968751 3.718750 3.625000 2.125000 47844.dat
9 0 0.000000 0.000000 -1.000000 0.000000 1.000000 0.000000 1.000000 0.000000 0.000000 6.379500 1.758249 18.115225 5.777500 3.943950 2.125000 47844.dat
9 0 0.000000 0.000000 -1.000000 0.000000 1.000000 0.000000 1.000000 0.000000 0.000000 -6.360626 3.874999 13.968751 3.718750 3.625000 2.125000 47844.dat
9 0 0.000000 0.000000 -1.000000 0.000000 1.000000 0.000000 1.000000 0.000000 0.000000 -6.360626 1.758249 18.115225 5.777500 3.943950 2.125000 47844.dat
9 0 0.000000 0.228216 -0.973610 -0.000000 0.973610 0.228216 1.000000 0.000000 0.000000 -31.122124 11.569274 -73.397247 13.532650 1.958100 0.910100 47844.dat
9 0 -0.169634 0.134208 -0.976326 -0.012129 0.990325 0.138240 0.985433 0.035292 -0.166365 -28.228451 7.130875 -44.854252 14.656875 1.958100 0.584075 47844.dat
9 0 -0.382051 -0.003151 -0.924136 -0.053057 0.998420 0.018530 0.922617 0.056111 -0.381615 -20.760302 5.134599 -18.253998 12.305025 1.958100 0.584075 47844.dat
9 0 0.148158 0.266779 -0.952302 -0.005991 0.963153 0.268886 0.988945 -0.034133 0.144297 -29.159224 18.318399 -99.641998 13.532675 1.958100 0.813775 47844.dat
9 0 0.291850 0.365950 -0.883688 -0.042358 0.927950 0.370290 0.955526 -0.070638 0.286323 -22.952450 27.198351 -125.214241 14.367475 1.958100 0.813775 47844.dat
9 0 0.408727 0.384700 -0.827616 -0.055963 0.915679 0.397996 0.910939 -0.116356 0.395791 -15.772475 35.287075 -144.007736 7.106075 1.958100 0.813775 47844.dat
9 0 0.000000 0.228216 -0.973610 -0.000000 0.973610 0.228216 1.000000 0.000000 0.000000 31.122250 11.569274 -73.397247 13.532675 1.958100 0.910100 47844.dat
9 0 0.169634 0.134208 -0.976326 0.012129 0.990325 0.138240 0.985433 -0.035292 0.166365 28.228497 7.130875 -44.854252 14.656875 1.958100 0.584075 47844.dat
9 0 0.382051 -0.003151 -0.924136 0.053057 0.998420 0.018530 0.922617 -0.056111 0.381615 20.760250 5.134575 -18.253998 12.305025 1.958100 0.584075 47844.dat
9 0 -0.148158 0.266779 -0.952302 0.005991 0.963153 0.268886 0.988945 0.034133 -0.144297 29.159248 18.318399 -99.641998 13.532675 1.958100 0.813775 47844.dat
9 0 -0.291850 0.365950 -0.883688 0.042358 0.927950 0.370290 0.955526 0.070638 -0.286323 22.952497 27.198351 -125.214241 14.367475 1.958100 0.813775 47844.dat
9 0 -0.408727 0.384700 -0.827616 0.055963 0.915679 0.397996 0.910939 0.116356 -0.395791 15.631252 35.269024 -143.946487 7.106075 1.958100 0.813775 47844.dat
9 0 0.219797 0.088864 -0.971490 -0.399625 0.916655 -0.006565 0.889938 0.389675 0.236990 21.512497 3.605974 -44.482750 19.453999 1.356200 5.284275 47844.dat
9 0 0.376931 0.422419 -0.824309 0.206720 0.829137 0.519421 0.902878 -0.366187 0.225206 -10.890450 30.656075 -142.037994 11.067100 1.435550 5.305025 47844.dat
9 0 0.233846 0.365456 -0.900976 0.312934 0.849069 0.425622 0.920537 -0.381476 0.084187 -16.348024 20.571924 -121.298996 12.185801 1.235425 7.754525 47844.dat
9 0 0.064038 0.243602 -0.967759 0.450032 0.858496 0.245878 0.890713 -0.451268 -0.054653 -23.858974 10.257524 -84.543999 24.485100 1.579600 6.551025 47844.dat
9 0 -0.219797 0.088864 -0.971490 0.399625 0.916655 -0.006565 0.889938 -0.389675 -0.236990 -21.512476 3.605974 -44.482750 19.453999 1.356200 5.284275 47844.dat
9 0 -0.376931 0.422419 -0.824309 -0.206720 0.829137 0.519421 0.902878 0.366187 -0.225206 10.890502 30.656075 -142.037994 11.067100 1.435550 5.305025 47844.dat
9 0 0.000000 0.250871 -0.968021 -0.000000 0.968021 0.250871 1.000000 0.000000 0.000000 0.000000 5.604525 -86.037498 24.485100 1.008625 16.514275 47844.dat
9 0 -0.064038 0.243602 -0.967759 -0.450032 0.858496 0.245878 0.890713 0.451268 0.054653 23.859001 10.257524 -84.543999 24.485100 1.579600 6.551025 47844.dat
9 0 0.000000 0.005144 -0.999987 -0.000000 0.999987 0.005144 1.000000 0.000000 0.000000 0.000000 -0.326000 -44.399250 16.666401 0.995700 18.259550 47844.dat
9 0 0.000000 0.268552 -0.963265 -0.000000 0.963265 0.268552 1.000000 0.000000 0.000000 0.000003 41.158974 -157.981735 1.211675 1.283925 4.798300 47844.dat
9 0 0.000000 0.488595 -0.872511 -0.000000 0.872511 0.488595 1.000000 0.000000 0.000000 0.000003 38.013699 -156.047501 2.451375 1.283925 6.264325 47844.dat
10 0 -6.173075 -19.050901 -63.105499 181.750000 28.450001 3.105500 47844.dat
3 23 0.000000 0.000000 -1.000000 0.000000 1.000000 0.000000 1.000000 0.000000 0.000000 19.999998 0.000000 10.000001 4 2 18:1:1,23:4:1,29:0:1,23:4:1,0:4:1,23:4:1,29:0:1,23:4:1,29:0:1,23:4:1,0:4:1,23:4:1,18:1:1,23:4:1,29:0:1, 47844.dat
2 22 0.000000 0.000000 -1.000000 0.000000 1.000000 0.000000 1.000000 0.000000 0.000000 19.999998 8.000000 10.000001 4 2 22:1:1,22:2:1,22:1:1,22:2:1,15:4:1,22:2:1,22:2:1,9:4:1,22:2:1,22:2:1,15:4:1,22:2:1,22:1:1,22:2:1,22:1:1, 47844.dat
6 2 0.000000 0.000000 -1.000000 1.000000 -0.000000 0.000000 -0.000000 -1.000000 -0.000000 0.004500 1.799999 20.000000 1.570796 -1.570796 1.570796 -1.570796 0 47844.dat
