9 0 1.000000 0.000000 0.000000 0.000000 1.000000 0.000000 0.000000 0.000000 1.000000 -38.125004 132.000000 0.000000 1.625000 11.750000 19.750000 47847.dat
9 0 1.000000 0.000000 0.000000 0.000000 1.000000 0.000000 0.000000 0.000000 1.000000 38.124996 121.451553 2.942575 1.625000 22.298449 16.807425 47847.dat
9 0 1.000000 0.000000 0.000000 0.000000 1.000000 0.000000 0.000000 0.000000 1.000000 38.124996 84.000000 10.000000 1.625000 59.750004 9.750000 47847.dat
9 0 1.000000 0.000000 0.000000 0.000000 1.000000 0.000000 0.000000 0.000000 1.000000 -38.125004 84.000000 10.000000 1.625000 59.750004 9.750000 47847.dat
9 0 1.000000 0.000000 0.000000 0.000000 1.000000 0.000000 0.000000 0.000000 1.000000 -18.125000 13.875008 10.000000 1.625000 13.625000 9.750000 47847.dat
9 0 1.000000 0.000000 0.000000 0.000000 1.000000 0.000000 0.000000 0.000000 1.000000 18.124998 13.875008 10.000000 1.625000 13.625000 9.750000 47847.dat
9 0 1.000000 0.000000 0.000000 0.000000 1.000000 0.000000 0.000000 0.000000 1.000000 30.000002 140.000015 10.047850 9.750000 3.750000 9.702149 47847.dat
9 0 1.000000 0.000000 0.000000 0.000000 1.000000 0.000000 0.000000 0.000000 1.000000 -30.000002 140.000015 10.140176 9.750000 3.750000 9.609825 47847.dat
9 0 1.000000 0.000000 0.000000 0.000000 1.000000 0.000000 0.000000 0.000000 1.000000 0.000000 140.000015 -10.000000 39.750000 3.750000 9.750000 47847.dat
9 0 1.000000 0.000000 0.000000 0.000000 1.000000 0.000000 0.000000 0.000000 1.000000 0.000000 1.875007 10.000000 19.750000 1.625000 9.750000 47847.dat
9 0 1.000000 0.000000 0.000000 0.000000 1.000000 0.000000 0.000000 0.000000 1.000000 -14.547751 13.875008 1.875000 5.202250 13.625000 1.625000 47847.dat
9 0 1.000000 0.000000 0.000000 0.000000 0.997665 -0.068292 0.000000 0.068292 0.997665 -0.417751 63.088005 -8.894875 12.323400 32.850502 0.744200 47847.dat
9 0 1.000000 0.000000 0.000000 0.000000 1.000000 0.000000 0.000000 0.000000 1.000000 28.125000 25.875008 10.000000 11.625000 1.625000 9.750000 47847.dat
9 0 1.000000 0.000000 0.000000 0.000000 1.000000 0.000000 0.000000 0.000000 1.000000 -28.125000 25.875008 10.000000 11.625000 1.625000 9.750000 47847.dat
9 0 -0.000000 0.000000 1.000000 0.000000 1.000000 0.000000 -1.000000 0.000000 -0.000000 -32.890350 52.213509 1.839750 1.660250 27.963501 6.859650 47847.dat
9 0 1.000000 0.000000 0.000000 0.000000 0.973956 -0.226739 0.000000 0.226739 0.973956 3.939000 106.728760 -15.468925 35.811001 13.702875 1.013750 47847.dat
9 0 1.000000 0.000000 0.000000 0.000000 1.000000 0.000000 0.000000 0.000000 1.000000 0.000000 132.000000 -19.000000 39.750000 11.750000 0.750000 47847.dat
9 0 1.000000 0.000000 0.000000 0.000000 0.998616 -0.052589 0.000000 0.052589 0.998616 -0.417751 68.188507 -8.901450 20.693525 27.606249 0.825300 47847.dat
9 0 0.973926 0.226866 0.000000 -0.226866 0.973926 0.000000 0.000000 0.000000 1.000000 -28.837303 100.194756 -11.235750 5.142375 21.341650 0.767800 47847.dat
9 0 0.898465 -0.439046 0.000000 0.439046 0.898465 0.000000 0.000000 0.000000 1.000000 29.825747 80.153755 -2.907925 0.584400 17.812525 6.407925 47847.dat
9 0 -0.000000 0.000000 1.000000 0.000000 1.000000 0.000000 -1.000000 0.000000 -0.000000 30.582750 44.081009 1.839750 1.660250 19.831026 9.167375 47847.dat
9 0 -0.000000 0.000000 1.000000 0.428578 0.903505 0.000000 -0.903505 0.428578 -0.000000 30.383497 72.142754 1.839750 1.660250 10.911449 4.658400 47847.dat
9 0 0.973926 0.226866 0.000000 -0.226866 0.973926 0.000000 0.000000 0.000000 1.000000 -33.144875 99.191254 -5.527475 0.719500 21.341650 5.277475 47847.dat
9 0 0.021324 0.044953 0.998762 0.428048 0.902385 -0.049755 -0.903504 0.428579 0.000000 22.640747 79.814003 -9.453925 0.600200 14.499900 7.127700 47847.dat
9 0 -0.000000 0.000000 1.000000 0.000000 1.000000 0.000000 -1.000000 0.000000 -0.000000 26.210499 33.037506 1.839750 1.660250 8.787500 13.539600 47847.dat
9 0 0.993609 -0.110828 0.021404 0.111664 0.992820 -0.042880 -0.016498 0.044996 0.998851 20.708996 52.187260 -2.772725 0.809325 11.717825 5.846650 47847.dat
9 0 0.978281 0.207165 0.006944 -0.206511 0.976985 -0.053411 -0.017849 0.050816 0.998548 -21.964703 58.154003 -3.213750 0.809325 21.759724 5.846650 47847.dat
9 0 0.858836 0.512234 -0.004205 -0.509892 0.854066 -0.102868 -0.049101 0.090491 0.994686 -8.806401 25.357008 -2.256475 0.809325 17.416100 4.065825 47847.dat
9 0 0.975386 -0.210000 0.067253 0.216668 0.969400 -0.115407 -0.040959 0.127137 0.991039 10.028249 25.115753 -2.253575 0.762550 15.189549 4.082350 47847.dat
9 0 -0.000000 0.000000 1.000000 0.000000 1.000000 0.000000 -1.000000 0.000000 -0.000000 -28.533051 33.037506 1.839750 1.660250 8.787500 11.216925 47847.dat
9 0 1.000000 0.000000 0.000000 0.000000 1.000000 0.000000 0.000000 0.000000 1.000000 14.519498 13.875008 1.875000 5.230600 13.625000 1.625000 47847.dat
9 0 1.000000 0.000000 0.000000 0.000000 1.000000 0.000000 0.000000 0.000000 1.000000 0.000000 5.690503 1.875000 19.750000 5.440500 1.625000 47847.dat
9 0 0.856057 0.513648 -0.057735 -0.516839 0.849179 -0.108503 -0.006705 0.122724 0.992418 -4.566252 27.273010 -6.223925 5.266900 16.893349 0.469075 47847.dat
9 0 0.976923 -0.211681 0.028495 0.213574 0.969757 -0.118144 -0.002624 0.121504 0.992588 6.419497 27.233255 -6.182600 4.422100 16.893349 0.469075 47847.dat
9 0 0.858844 0.512238 0.000000 -0.512238 0.858844 0.000000 0.000000 0.000000 1.000000 -10.688752 22.259510 1.875000 2.959825 14.536249 1.625000 47847.dat
9 0 0.975438 0.220273 0.000000 -0.220273 0.975438 0.000000 0.000000 0.000000 1.000000 -29.288477 70.017006 1.875000 2.959825 30.011250 1.625000 47847.dat
10 0 -10.000000 0.000000 -30.000002 70.000000 148.450012 10.000000 47847.dat
2 22 1.000000 0.000000 0.000000 0.000000 1.000000 0.000000 0.000000 0.000000 1.000000 -40.000000 144.000000 20.000002 4 8 22:1:1,22:2:1,22:1:1,29:0:1,29:0:1,29:0:1,22:1:1,22:2:1,22:1:1,22:2:1,15:4:1,22:2:1,29:0:1,29:0:1,29:0:1,22:2:1,15:4:1,22:2:1,22:2:1,9:4:1,22:3:1,22:2:1,22:2:1,22:2:1,22:3:1,9:4:1,22:2:1,22:2:1,15:4:1,9:4:1,15:4:1,9:4:1,15:4:1,9:4:1,15:4:1,22:2:1,22:1:1,22:2:1,22:2:1,22:2:1,22:2:1,22:2:1,22:2:1,22:2:1,22:1:1, 47847.dat
3 23 1.000000 0.000000 0.000000 0.000000 1.000000 0.000000 0.000000 0.000000 1.000000 -40.000000 23.975002 20.000002 2 8 18:1:1,23:4:1,29:0:1,29:0:1,29:0:1,29:0:1,29:0:1,23:4:1,18:1:1,23:4:1,1:4:1,23:4:1,29:0:1,29:0:1,29:0:1,23:4:1,1:4:1,23:4:1,18:1:1,23:4:1,29:0:1,29:0:1,29:0:1,29:0:1,29:0:1,23:4:1,18:1:1, 47847.dat
3 23 1.000000 0.000000 0.000000 0.000000 1.000000 0.000000 0.000000 0.000000 1.000000 -20.000002 0.000000 20.000002 2 4 18:1:1,23:4:1,18:2:1,23:4:1,18:1:1,23:4:1,1:4:1,23:4:1,1:4:1,23:4:1,18:1:1,23:4:1,18:2:1,23:4:1,18:1:1, 47847.dat
