9 0 0.000000 0.000000 -1.000000 0.000000 1.000000 0.000000 1.000000 0.000000 0.000000 9.999999 -12.000000 80.500000 19.250000 11.750000 2.000000 47846.dat
9 0 0.000000 0.000000 -1.000000 0.000000 1.000000 0.000000 1.000000 0.000000 0.000000 4.249999 -3.375000 79.999992 19.750000 3.125000 31.750000 47846.dat
9 0 0.000000 0.000000 -1.000000 0.000000 1.000000 0.000000 1.000000 0.000000 0.000000 0.000000 -23.125000 80.499992 19.250000 0.625000 27.500000 47846.dat
9 0 0.000000 0.000000 -1.000000 0.000000 1.000000 0.000000 1.000000 0.000000 0.000000 -33.875000 -12.000000 79.999947 19.750050 11.750000 5.875000 47846.dat
9 0 0.000000 0.000000 -1.000000 0.000000 1.000000 0.000000 1.000000 0.000000 0.000000 33.875000 -12.000000 79.999947 19.750050 11.750000 5.875000 47846.dat
9 0 0.000000 0.000000 -1.000000 0.000000 1.000000 0.000000 1.000000 0.000000 0.000000 -15.118426 -6.562275 43.749996 12.250000 1.062275 8.506576 47846.dat
9 0 0.000000 0.000000 -1.000000 0.000000 1.000000 0.000000 1.000000 0.000000 0.000000 1.409748 -6.562275 18.750000 12.250000 1.062275 37.961502 47846.dat
9 0 0.000000 -0.166556 -0.986032 0.000000 0.986032 -0.166556 1.000000 0.000000 0.000000 0.131750 -8.024700 -5.964255 12.250000 0.451600 37.771999 47846.dat
9 0 0.000000 -0.214420 -0.976742 0.000000 0.976742 -0.214420 1.000000 0.000000 0.000000 0.000003 -13.682251 -38.215256 20.411449 1.093675 24.651424 47846.dat
9 0 0.000000 -0.309468 -0.950910 0.000000 0.950910 -0.309468 1.000000 0.000000 0.000000 -0.179997 -21.619875 -68.872002 10.929050 1.062275 19.569925 47846.dat
9 0 0.000000 -0.714607 -0.699526 0.000000 0.699526 -0.714607 1.000000 0.000000 0.000000 0.000003 -35.245750 -89.063004 14.126051 1.062275 19.750000 47846.dat
9 0 0.000000 0.000000 -1.000000 0.000000 1.000000 0.000000 1.000000 0.000000 0.000000 -38.124977 -26.318249 35.258747 24.491049 21.431824 1.625025 47846.dat
9 0 0.000000 0.000000 -1.000000 0.000000 1.000000 0.000000 1.000000 0.000000 0.000000 -38.124977 -31.912249 -14.223253 24.491049 15.837824 1.625025 47846.dat
9 0 0.000000 0.000000 -1.000000 0.000000 1.000000 0.000000 1.000000 0.000000 0.000000 -38.124977 -43.196499 -63.697754 24.491049 4.553475 1.625025 47846.dat
9 0 0.000000 0.000000 -1.000000 0.000000 1.000000 0.000000 1.000000 0.000000 0.000000 38.124996 -26.191500 35.258747 24.491049 21.558424 1.625025 47846.dat
9 0 0.000000 0.000000 -1.000000 0.000000 1.000000 0.000000 1.000000 0.000000 0.000000 38.124996 -31.912249 -14.223253 24.491049 15.837824 1.625025 47846.dat
9 0 0.000000 0.000000 -1.000000 0.000000 1.000000 0.000000 1.000000 0.000000 0.000000 38.124996 -43.223751 -63.697754 24.491049 4.526225 1.625025 47846.dat
9 0 0.000000 0.000000 -1.000000 0.000000 1.000000 0.000000 1.000000 0.000000 0.000000 0.000000 -10.625000 -1.312250 1.062275 5.125000 19.750000 47846.dat
9 0 0.000000 0.000000 -1.000000 0.000000 1.000000 0.000000 1.000000 0.000000 0.000000 0.000000 -16.374575 -21.312248 1.062275 7.375425 19.750000 47846.dat
9 0 0.000000 0.000000 -1.000000 0.000000 1.000000 0.000000 1.000000 0.000000 0.000000 0.000003 -20.821075 -58.040001 1.539975 2.928925 19.750000 47846.dat
9 0 0.000000 0.000000 -1.000000 0.000000 1.000000 0.000000 1.000000 0.000000 0.000000 -18.039974 -20.591099 -39.999996 19.750000 3.158900 1.539975 47846.dat
9 0 0.000000 0.000000 -1.000000 0.000000 1.000000 0.000000 1.000000 0.000000 0.000000 18.210003 -20.530201 -39.999996 19.750000 3.219800 1.539975 47846.dat
9 0 0.000000 0.000000 -1.000000 0.000000 1.000000 0.000000 1.000000 0.000000 0.000000 18.209999 -12.374575 -10.000002 9.750000 3.375425 1.539975 47846.dat
9 0 0.000000 0.000000 -1.000000 0.000000 1.000000 0.000000 1.000000 0.000000 0.000000 -18.039974 -12.374575 -10.000002 9.750000 3.375425 1.539975 47846.dat
9 0 0.000000 0.000000 -1.000000 0.000000 1.000000 0.000000 1.000000 0.000000 0.000000 -21.789976 -28.000000 49.999996 9.750000 19.750000 1.539975 47846.dat
9 0 0.000000 0.000000 -1.000000 0.000000 1.000000 0.000000 1.000000 0.000000 0.000000 21.789997 -28.000000 49.999996 9.750000 19.750000 1.539975 47846.dat
9 0 0.000000 0.000000 -1.000000 0.000000 1.000000 0.000000 1.000000 0.000000 0.000000 30.000002 -28.000000 41.789997 1.539975 19.750000 9.750000 47846.dat
9 0 0.000000 0.000000 -1.000000 0.000000 1.000000 0.000000 1.000000 0.000000 0.000000 -30.000002 -28.000000 41.789997 1.539975 19.750000 9.750000 47846.dat
9 0 0.000000 0.000000 -1.000000 0.000000 1.000000 0.000000 1.000000 0.000000 0.000000 -21.789974 -44.324249 -88.125000 7.874975 3.425875 1.539975 47846.dat
9 0 0.000000 0.000000 -1.000000 0.000000 1.000000 0.000000 1.000000 0.000000 0.000000 21.789997 -44.414749 -88.125000 7.874975 3.335350 1.539975 47846.dat
9 0 0.000000 0.000000 -1.000000 0.000000 1.000000 0.000000 1.000000 0.000000 0.000000 30.000002 -42.179253 -81.959999 1.539975 5.570775 9.750000 47846.dat
9 0 0.000000 0.000000 -1.000000 0.000000 1.000000 0.000000 1.000000 0.000000 0.000000 -29.999998 -41.588501 -81.959999 1.539975 6.161450 9.750000 47846.dat
9 0 0.187816 -0.224393 -0.956228 0.886920 0.457044 0.066951 0.422015 -0.860673 0.284859 -31.828875 -15.121201 -36.438000 19.052824 3.379350 1.625025 47846.dat
9 0 -0.001286 -0.411158 -0.911563 0.909328 0.378801 -0.172140 0.416078 -0.829131 0.373390 -36.038898 -29.460251 -67.454758 27.087502 2.799825 1.625025 47846.dat
9 0 0.000000 -0.386319 -0.922365 0.000000 0.922365 -0.386319 1.000000 0.000000 0.000000 -38.124977 -32.401749 -57.418751 22.654125 6.657550 1.625025 47846.dat
9 0 0.091624 -0.370305 -0.924380 0.896353 0.435032 -0.085427 0.433769 -0.820744 0.371783 -29.086798 -25.408251 -68.384003 15.062974 5.604975 0.981375 47846.dat
9 0 0.822884 -0.407606 -0.395877 0.568209 0.589705 0.573922 -0.000483 -0.697212 0.716865 -21.962448 -35.264500 -88.954994 6.234375 12.672874 1.075650 47846.dat
9 0 -0.001573 -0.716864 -0.697212 0.999999 -0.001465 -0.000750 -0.000483 -0.697212 0.716865 -28.570398 -44.658001 -97.328995 1.604950 8.280850 1.625025 47846.dat
9 0 0.001573 -0.716864 -0.697212 -0.999999 -0.001465 -0.000751 -0.000483 0.697212 -0.716865 28.570498 -44.658001 -97.328995 1.604950 8.280850 1.625025 47846.dat
9 0 -0.822885 -0.407606 -0.395876 -0.568208 0.589706 0.573922 -0.000483 0.697212 -0.716865 21.962500 -35.264252 -88.955246 6.234375 12.672874 1.075225 47846.dat
9 0 -0.091624 -0.370305 -0.924380 -0.896353 0.435032 -0.085427 0.433769 0.820744 -0.371783 29.079746 -25.421501 -68.378006 15.062974 5.604975 0.997425 47846.dat
9 0 0.000000 -0.386319 -0.922365 0.000000 0.922365 -0.386319 1.000000 0.000000 0.000000 38.124996 -32.401749 -57.418751 22.654125 6.657550 1.625025 47846.dat
9 0 0.001286 -0.411158 -0.911563 -0.909328 0.378801 -0.172140 0.416078 0.829131 -0.373390 36.039001 -29.460251 -67.454758 27.087502 2.799825 1.625025 47846.dat
9 0 -0.187816 -0.224393 -0.956228 -0.886920 0.457044 0.066951 0.422015 0.860673 -0.284859 31.828999 -15.121201 -36.438000 19.052824 3.379350 1.625025 47846.dat
9 0 0.000000 0.000000 -1.000000 0.000000 1.000000 0.000000 1.000000 0.000000 0.000000 15.116247 -6.562275 43.749996 12.250000 1.062275 8.383850 47846.dat
9 0 0.000000 0.000000 -1.000000 0.000000 1.000000 0.000000 1.000000 0.000000 0.000000 0.000003 -46.362503 -98.272255 1.539975 1.387500 39.750000 47846.dat
9 0 0.000000 0.000000 -1.000000 0.000000 1.000000 0.000000 1.000000 0.000000 0.000000 -38.039974 -45.420250 -88.125000 7.874975 2.329700 1.539975 47846.dat
9 0 0.000000 0.000000 -1.000000 0.000000 1.000000 0.000000 1.000000 0.000000 0.000000 38.209999 -45.420250 -88.125000 7.874975 2.329700 1.539975 47846.dat
9 0 0.000000 0.000000 -1.000000 0.000000 1.000000 0.000000 1.000000 0.000000 0.000000 -10.000001 -12.000000 80.499992 19.250000 11.750000 2.000000 47846.dat
9 0 0.000000 0.000000 -1.000000 0.000000 1.000000 0.000000 1.000000 0.000000 0.000000 4.249999 -12.012501 62.374996 1.125000 11.762500 31.750000 47846.dat
10 0 -10.000000 0.000000 -70.000000 190.000000 52.450001 10.000000 47846.dat
3 23 0.000000 0.000000 -1.000000 0.000000 1.000000 0.000000 1.000000 0.000000 0.000000 39.999996 -48.000000 59.999996 8 16 18:1:1,23:4:1,18:2:1,29:0:1,29:0:1,29:0:1,29:0:1,29:0:1,29:0:1,29:0:1,29:0:1,29:0:1,29:0:1,29:0:1,18:2:1,23:4:1,18:1:1,23:4:1,1:4:4,23:4:1,29:0:1,29:0:1,29:0:1,29:0:1,29:0:1,29:0:1,29:0:1,29:0:1,29:0:1,29:0:1,29:0:1,23:4:1,1:4:0,23:4:1,18:1:1,23:4:1,18:1:1,29:0:1,29:0:1,29:0:1,29:0:1,29:0:1,29:0:1,29:0:1,29:0:1,29:0:1,29:0:1,29:0:1,18:1:1,23:4:1,18:2:1,29:0:1,29:0:1,29:0:1,29:0:1,29:0:1,29:0:1,29:0:1,29:0:1,29:0:1,29:0:1,29:0:1,29:0:1,29:0:1,29:0:1,29:0:1,29:0:1,29:0:1,29:0:1,29:0:1,29:0:1,29:0:1,29:0:1,29:0:1,29:0:1,29:0:1,29:0:1,29:0:1,29:0:1,29:0:1,29:0:1,29:0:1,29:0:1,29:0:1,29:0:1,29:0:1,29:0:1,29:0:1,29:0:1,29:0:1,29:0:1,29:0:1,29:0:1,29:0:1,29:0:1,29:0:1,29:0:1,29:0:1,29:0:1,29:0:1,29:0:1,29:0:1,18:1:1,23:4:1,18:1:1,29:0:1,29:0:1,29:0:1,29:0:1,29:0:1,29:0:1,29:0:1,29:0:1,29:0:1,29:0:1,29:0:1,18:1:1,23:4:1,18:2:1,23:4:1,1:4:4,23:4:1,29:0:1,29:0:1,29:0:1,29:0:1,29:0:1,29:0:1,29:0:1,29:0:1,29:0:1,29:0:1,29:0:1,23:4:1,1:4:0,23:4:1,18:1:1,23:4:1,18:2:1,29:0:1,29:0:1,29:0:1,29:0:1,29:0:1,29:0:1,29:0:1,29:0:1,29:0:1,29:0:1,29:0:1,18:2:1,23:4:1,18:1:1, 47846.dat
3 23 0.000000 0.000000 -1.000000 0.000000 1.000000 0.000000 1.000000 0.000000 0.000000 39.999996 -24.000000 100.000000 8 16 18:1:1,23:4:1,18:2:1,23:4:1,29:0:1,29:0:1,29:0:1,29:0:1,29:0:1,29:0:1,29:0:1,29:0:1,29:0:1,29:0:1,29:0:1,29:0:1,29:0:1,23:4:1,1:4:1,23:4:1,1:4:1,23:4:1,29:0:1,29:0:1,29:0:1,29:0:1,29:0:1,29:0:1,29:0:1,29:0:1,29:0:1,29:0:1,29:0:1,29:0:1,18:2:1,23:4:1,18:4:1,23:4:1,29:0:1,29:0:1,29:0:1,29:0:1,29:0:1,29:0:1,29:0:1,29:0:1,29:0:1,23:4:1,29:0:1,23:4:1,29:0:1,23:4:1,1:4:1,23:4:1,1:4:1,23:4:1,29:0:1,29:0:1,29:0:1,29:0:1,29:0:1,29:0:1,29:0:1,23:4:1,1:4:0,23:4:1,1:4:0,23:4:1,18:2:1,23:4:1,18:4:1,23:4:1,29:0:1,29:0:1,29:0:1,29:0:1,29:0:1,29:0:1,29:0:1,29:0:1,29:0:1,23:4:1,18:4:1,23:4:1,29:0:1,23:4:1,1:4:1,23:4:1,1:4:1,23:4:1,29:0:1,29:0:1,29:0:1,29:0:1,29:0:1,29:0:1,29:0:1,23:4:1,1:4:0,23:4:1,1:4:0,23:4:1,18:2:1,23:4:1,18:4:1,23:4:1,29:0:1,29:0:1,29:0:1,29:0:1,29:0:1,29:0:1,29:0:1,29:0:1,29:0:1,23:4:1,29:0:1,23:4:1,29:0:1,23:4:1,1:4:1,23:4:1,1:4:1,23:4:1,29:0:1,29:0:1,29:0:1,29:0:1,29:0:1,29:0:1,29:0:1,29:0:1,29:0:1,29:0:1,29:0:1,29:0:1,18:1:1,23:4:1,18:2:1,23:4:1,29:0:1,29:0:1,29:0:1,29:0:1,29:0:1,29:0:1,29:0:1,29:0:1,29:0:1,29:0:1,29:0:1,29:0:1,29:0:1, 47846.dat
3 23 0.000000 0.000000 -1.000000 0.000000 1.000000 0.000000 1.000000 0.000000 0.000000 19.999998 -16.000000 -0.253004 4 2 18:1:1,23:4:1,29:0:1,23:4:1,1:4:0,23:4:1,18:2:1,23:4:1,29:0:1,23:4:1,1:4:0,23:4:1,18:1:1,23:4:1,29:0:1, 47846.dat
3 23 0.000000 0.000000 -1.000000 0.000000 1.000000 0.000000 1.000000 0.000000 0.000000 19.999998 -8.000000 59.999996 4 6 29:0:1,23:4:1,29:0:1,23:4:1,29:0:1,23:4:1,29:0:1,23:4:1,1:4:0,23:4:1,1:4:0,23:4:1,1:4:1,23:4:1,29:0:1,23:4:1,18:4:1,23:4:1,18:4:1,23:4:1,29:0:1,23:4:1,1:4:0,23:4:1,1:4:0,23:4:1,1:4:1,23:4:1,29:0:1,23:4:1,29:0:1,23:4:1,29:0:1,23:4:1,29:0:1, 47846.dat
2 22 0.000000 0.000000 -1.000000 0.000000 1.000000 0.000000 1.000000 0.000000 0.000000 39.999996 0.000000 100.000000 8 4 22:1:1,22:2:1,22:2:1,22:2:1,22:1:1,22:2:1,15:4:1,23:4:1,15:4:1,22:2:1,22:2:1,23:4:1,7:4:2,23:4:1,22:2:1,22:2:1,15:4:1,23:4:1,15:4:1,22:2:1,22:2:1,23:4:1,7:4:2,23:4:1,22:2:1,22:2:1,15:4:1,23:4:1,15:4:1,22:2:1,22:2:1,23:4:1,7:4:2,23:4:1,22:2:1,22:2:1,15:4:1,23:4:1,15:4:1,22:2:1,22:1:1,22:2:1,22:2:1,22:2:1,22:1:1, 47846.dat
0 2 -1.000000 -0.000000 0.000000 -0.000000 -0.000000 1.000000 -0.000000 1.000000 0.000000 19.999998 -14.500000 100.000000 0 0 0.800000 0 0 47846.dat
0 2 -1.000000 -0.000000 0.000000 -0.000000 -0.000000 1.000000 -0.000000 1.000000 0.000000 0.000000 -14.500000 100.000000 0 0 0.800000 0 0 47846.dat
0 2 -1.000000 -0.000000 0.000000 -0.000000 -0.000000 1.000000 -0.000000 1.000000 0.000000 -20.000002 -14.500000 100.000000 0 0 0.800000 0 0 47846.dat
0 12 1.000000 0.000000 0.000000 0.000000 1.000000 0.000000 -0.000000 0.000000 1.000000 0.000000 -5.250000 39.999996 0 0 0.110000 0 0 47846.dat
0 6 0.000000 0.000000 -1.000000 -0.000000 -1.000000 -0.000000 -1.000000 0.000000 -0.000000 30.000002 -52.450001 49.999996 0 0 0.287000 0 0 47846.dat
0 6 0.000000 0.000000 -1.000000 -0.000000 -1.000000 -0.000000 -1.000000 0.000000 -0.000000 -30.000002 -52.450001 49.999996 0 0 0.287000 0 0 47846.dat
2 22 -1.000000 -0.000000 0.000000 -0.000000 -0.000000 1.000000 -0.000000 1.000000 0.000000 30.000002 -4.500000 100.000000 2 6 22:1:1,22:2:1,22:2:1,22:2:1,22:2:1,22:2:1,22:1:1,22:2:1,16:4:64,22:2:1,16:4:64,22:2:1,16:4:64,22:2:1,22:1:1,22:2:1,22:2:1,22:2:1,22:2:1,22:2:1,22:1:1, 47846.dat
