9 0 0.707106 0.000000 0.707107 -0.707107 0.000000 0.707106 -0.000000 -1.000000 0.000000 0.000000 8.000001 0.000000 2.436650 52.095001 2.436650 4790.dat
9 0 -0.000000 -0.000000 1.000000 -1.000000 -0.000000 0.000000 0.000000 -1.000000 -0.000000 0.000000 8.000001 0.000000 2.436650 52.095001 2.436650 4790.dat
9 0 1.000000 0.000000 0.000000 0.000000 -0.000000 1.000000 0.000000 -1.000000 -0.000000 0.000000 8.000001 0.000000 2.436650 52.095001 2.436650 4790.dat
9 0 0.707106 -0.000000 -0.707107 0.707107 0.000000 0.707106 0.000000 -1.000000 0.000000 0.000000 8.000001 0.000000 2.436650 52.095001 2.436650 4790.dat
9 0 -1.000000 -0.000000 -0.000000 0.000000 0.000000 -1.000000 0.000000 -1.000000 0.000000 0.000000 9.999999 0.000000 6.337825 6.337825 9.750000 4790.dat
9 0 -1.000000 -0.000000 -0.000000 0.000000 0.000000 -1.000000 0.000000 -1.000000 0.000000 0.000000 30.000002 0.000000 3.756800 3.756800 9.750000 4790.dat
9 0 -1.000000 -0.000000 -0.000000 0.000000 0.000000 -1.000000 0.000000 -1.000000 0.000000 0.000000 7.549500 28.671000 15.153975 1.811100 5.950450 4790.dat
9 0 -0.707106 0.000001 -0.707107 0.707107 -0.000000 -0.707106 -0.000001 -1.000000 -0.000000 -20.273476 7.549500 20.273476 15.153975 1.811100 5.950450 4790.dat
9 0 -0.000000 0.000000 -1.000000 1.000000 -0.000000 0.000000 -0.000000 -1.000000 -0.000000 -28.671000 7.549500 0.000000 15.153975 1.811100 5.950450 4790.dat
9 0 0.707106 -0.000000 -0.707107 0.707107 0.000000 0.707106 0.000000 -1.000000 0.000000 -20.273476 7.549500 -20.273476 15.153975 1.811100 5.950450 4790.dat
9 0 1.000000 0.000000 0.000000 0.000000 -0.000000 1.000000 0.000000 -1.000000 -0.000000 0.000000 7.549500 -28.671000 15.153975 1.811100 5.950450 4790.dat
9 0 0.707106 0.000000 0.707107 -0.707107 0.000000 0.707106 -0.000000 -1.000000 0.000000 20.273476 7.549500 -20.273476 15.153975 1.811125 5.950450 4790.dat
9 0 -0.000000 -0.000000 1.000000 -1.000000 -0.000000 0.000000 0.000000 -1.000000 -0.000000 28.671000 7.549500 0.000000 15.153975 1.811125 5.950450 4790.dat
9 0 -0.707107 0.000001 0.707106 -0.707106 0.000000 -0.707107 -0.000001 -1.000000 0.000000 20.273476 7.549500 20.273476 15.153975 1.811100 5.950450 4790.dat
10 0 -53.750004 0.000000 -53.750004 53.750004 44.450001 53.750004 4790.dat
3 23 1.000000 0.000000 0.000000 0.000000 1.000000 0.000000 0.000000 0.000000 1.000000 -10.000000 0.000000 10.000000 2 2 29:0:0,29:0:0,29:0:0,29:0:0,0:4:34,29:0:0,29:0:0,29:0:0,29:0:0, 4790.dat
0 3 -0.000000 0.000000 1.000000 0.000000 1.000000 0.000000 -1.000000 0.000000 -0.000000 0.000000 40.000000 0.000000 0 1 0.800000 0 0 4790.dat
0 7 -0.000000 1.000000 -0.000000 0.000000 -0.000000 -1.000000 -1.000000 0.000000 -0.000000 0.000000 8.000001 34.428001 1 0 0.612879 0 0 4790.dat
0 7 -0.000000 1.000000 -0.000000 0.000000 -0.000000 -1.000000 -1.000000 0.000000 -0.000000 0.000000 8.000001 9.250000 1 1 0.681183 0 1 4790.dat
0 7 -0.000000 1.000000 -0.000001 0.707106 -0.000000 -0.707107 -0.707107 -0.000001 -0.707106 -24.344299 8.000001 24.344299 1 0 0.612879 0 0 4790.dat
0 7 -0.000000 1.000000 -0.000001 0.707106 -0.000000 -0.707107 -0.707107 -0.000001 -0.707106 -6.540725 8.000001 6.540725 1 1 0.681183 0 1 4790.dat
0 7 0.000000 1.000000 -0.000000 1.000000 0.000000 0.000000 0.000000 -0.000000 -1.000000 -34.428001 8.000001 0.000000 1 0 0.612879 0 0 4790.dat
0 7 0.000000 1.000000 -0.000000 1.000000 0.000000 0.000000 0.000000 -0.000000 -1.000000 -9.250000 8.000001 0.000000 1 1 0.681183 0 1 4790.dat
0 7 -0.000000 1.000000 0.000001 0.707106 -0.000000 0.707107 0.707107 0.000001 -0.707106 -6.540725 8.000001 -6.540725 1 1 0.681183 0 1 4790.dat
0 7 -0.000000 1.000000 0.000001 0.707106 -0.000000 0.707107 0.707107 0.000001 -0.707106 -24.344299 8.000001 -24.344299 1 0 0.612879 0 0 4790.dat
0 7 -0.000000 1.000000 0.000000 0.000000 -0.000000 1.000000 1.000000 0.000000 -0.000000 0.000000 8.000001 -9.250000 1 1 0.681183 0 1 4790.dat
0 7 -0.000000 1.000000 0.000000 0.000000 -0.000000 1.000000 1.000000 0.000000 -0.000000 0.000000 8.000001 -34.428001 1 0 0.612879 0 0 4790.dat
0 7 0.000000 1.000000 -0.000000 -0.707106 0.000000 0.707107 0.707107 -0.000000 0.707106 6.540725 8.000001 -6.540725 1 1 0.681183 0 1 4790.dat
0 7 0.000000 1.000000 -0.000000 -0.707106 0.000000 0.707107 0.707107 -0.000000 0.707106 24.344299 8.000001 -24.344299 1 0 0.612879 0 0 4790.dat
0 7 -0.000000 1.000000 0.000000 -1.000000 -0.000000 0.000000 0.000000 0.000000 1.000000 9.250000 8.000001 0.000000 1 1 0.681183 0 1 4790.dat
0 7 -0.000000 1.000000 0.000000 -1.000000 -0.000000 0.000000 0.000000 0.000000 1.000000 34.428001 8.000001 0.000000 1 0 0.612879 0 0 4790.dat
0 7 0.000000 1.000000 0.000000 -0.707106 0.000000 -0.707107 -0.707107 0.000000 0.707106 6.540725 8.000001 6.540725 1 1 0.681183 0 1 4790.dat
0 7 0.000000 1.000000 0.000000 -0.707106 0.000000 -0.707107 -0.707107 0.000000 0.707106 24.344299 8.000001 24.344299 1 0 0.612879 0 0 4790.dat
