9 0 0.000000 -1.000000 0.000000 1.000000 0.000000 0.000000 0.000000 0.000000 1.000000 -9.999995 -0.000009 0.000000 9.750000 9.750000 9.000000 47973.dat
9 0 0.000000 -1.000000 0.000000 1.000000 0.000000 0.000000 0.000000 0.000000 1.000000 -27.588993 -0.000015 0.001150 3.750000 7.339050 6.414550 47973.dat
9 0 0.000000 -1.000000 0.000000 1.000000 0.000000 0.000000 0.000000 0.000000 1.000000 -21.587492 -0.000013 0.001150 8.500000 1.337500 2.153175 47973.dat
9 0 -0.661940 -0.749557 0.000000 0.749557 -0.661940 0.000000 0.000000 0.000000 1.000000 -10.250495 14.731365 -7.375000 9.750000 3.925925 1.625000 47973.dat
9 0 0.000000 -1.000000 0.000000 1.000000 0.000000 0.000000 0.000000 0.000000 1.000000 -3.374994 -0.112033 0.000000 19.637976 3.125000 9.000000 47973.dat
9 0 0.000000 -0.707107 -0.707107 1.000000 0.000000 0.000000 0.000000 -0.707107 0.707107 -1.500000 19.999992 0.000000 6.295800 1.037700 6.295800 47973.dat
9 0 0.749534 -0.661966 0.000000 0.661966 0.749534 0.000000 0.000000 0.000000 1.000000 -4.765676 24.877844 0.000000 1.320700 0.986050 6.295800 47973.dat
9 0 0.749534 -0.661966 0.000000 0.661966 0.749534 0.000000 0.000000 0.000000 1.000000 -3.071001 26.796692 0.000000 1.320700 1.502925 3.065150 47973.dat
9 0 0.000000 -1.000000 0.000000 1.000000 0.000000 0.000000 0.000000 0.000000 1.000000 -4.483050 18.446667 0.000000 6.307000 2.016950 5.963150 47973.dat
9 0 -0.661940 -0.749557 0.000000 0.749557 -0.661940 0.000000 0.000000 0.000000 1.000000 -10.250495 14.731365 7.375000 9.750000 3.925925 1.625000 47973.dat
9 0 0.000000 -0.707107 0.707107 1.000000 0.000000 0.000000 -0.000000 0.707107 0.707107 9.056675 19.999998 0.000000 3.900000 10.693350 3.588750 47973.dat
9 0 -0.661941 0.749556 -0.000000 0.749556 0.661941 -0.000000 0.000000 -0.000000 -1.000000 -10.250486 -14.731259 -7.375000 9.750000 3.925925 1.625000 47973.dat
9 0 -0.000000 0.707107 -0.707107 1.000000 0.000000 0.000000 0.000000 -0.707107 -0.707107 -1.499988 -20.000006 0.000000 6.295800 1.037700 6.295800 47973.dat
9 0 0.749534 0.661966 -0.000000 0.661966 -0.749534 0.000000 -0.000000 -0.000000 -1.000000 -4.765661 -24.877758 0.000000 1.320700 0.986050 6.295800 47973.dat
9 0 0.749534 0.661966 -0.000000 0.661966 -0.749534 0.000000 -0.000000 -0.000000 -1.000000 -3.070985 -26.796759 0.000000 1.320700 1.502925 3.065150 47973.dat
9 0 -0.000000 1.000000 -0.000000 1.000000 0.000000 0.000000 0.000000 -0.000000 -1.000000 -4.483038 -18.446760 0.000000 6.307000 2.016950 5.963150 47973.dat
9 0 -0.661941 0.749556 -0.000000 0.749556 0.661941 -0.000000 0.000000 -0.000000 -1.000000 -10.250486 -14.731259 7.375000 9.750000 3.925925 1.625000 47973.dat
9 0 -0.000000 0.707107 0.707107 1.000000 0.000000 0.000000 -0.000000 0.707107 -0.707107 9.056688 -20.000004 0.000000 3.900000 10.693350 3.588750 47973.dat
10 0 -9.250000 0.000000 -9.250000 49.250000 56.119751 9.250000 47973.dat
0 3 0.000000 -1.000000 0.000000 1.000000 0.000000 0.000000 0.000000 0.000000 1.000000 20.000000 20.000000 0.000000 0 1 0.800000 0 0 47973.dat
0 3 0.000000 -1.000000 0.000000 1.000000 0.000000 0.000000 0.000000 0.000000 1.000000 20.000011 -20.000000 0.000000 0 1 0.800000 0 0 47973.dat
6 3 -1.000000 -0.000000 -0.000000 -0.000000 1.000000 -0.000000 0.000000 -0.000000 -1.000000 -29.999996 -0.000016 0.001150 0.000000 0.000000 0.000000 0.000000 0 47973.dat
