9 0 -1.000000 0.000000 -0.000000 0.000000 1.000000 0.000000 0.000000 0.000000 -1.000000 51.759422 12.000000 -11.401581 23.759424 11.750000 11.151575 47974.dat
9 0 -1.000000 0.000000 -0.000000 0.000000 1.000000 0.000000 0.000000 0.000000 -1.000000 0.000012 12.000000 -41.118275 56.325752 11.750000 15.195701 47974.dat
9 0 -1.000000 0.000000 -0.000000 0.000000 1.000000 0.000000 0.000000 0.000000 -1.000000 -0.015736 12.000000 -66.166527 22.796301 11.750000 9.352425 47974.dat
9 0 -1.000000 0.000000 -0.000000 0.000000 1.000000 0.000000 0.000000 0.000000 -1.000000 -51.723499 12.000000 -11.903940 23.723576 11.750000 11.653900 47974.dat
9 0 -1.000000 0.000000 -0.000000 0.000000 1.000000 0.000000 0.000000 0.000000 -1.000000 9.999996 12.000000 -13.823019 2.000000 11.750000 13.573000 47974.dat
9 0 -1.000000 0.000000 -0.000000 0.000000 1.000000 0.000000 0.000000 0.000000 -1.000000 -10.000002 12.000000 -13.823027 2.000000 11.750000 13.573000 47974.dat
9 0 -1.000000 0.000000 -0.000000 0.000000 1.000000 0.000000 0.000000 0.000000 -1.000000 0.000006 20.644175 -28.282022 56.325752 3.105825 28.032000 47974.dat
9 0 -1.000000 0.000000 -0.000000 0.000000 1.000000 0.000000 0.000000 0.000000 -1.000000 0.000006 0.874999 -28.282022 56.325752 0.625000 28.032000 47974.dat
9 0 -0.707604 0.000000 -0.706609 0.000000 1.000000 0.000000 0.706609 0.000000 -0.707604 42.905010 12.000000 -42.949509 21.010000 11.750000 15.195701 47974.dat
9 0 -0.703604 0.000000 0.710592 0.000000 1.000000 0.000000 -0.710592 0.000000 -0.703604 -42.956238 12.000000 -43.128033 21.675800 11.750000 15.195701 47974.dat
9 0 -0.919169 0.000000 -0.393864 0.000000 1.000000 0.000000 0.393864 0.000000 -0.919169 25.261265 9.375000 -58.960266 5.992250 9.125000 15.195724 47974.dat
9 0 -0.920163 0.000000 0.391535 0.000000 1.000000 0.000000 -0.391535 0.000000 -0.920163 -25.302483 9.375000 -58.916782 5.992250 9.125000 15.195701 47974.dat
9 0 -0.401432 0.000000 0.915889 0.000000 1.000000 0.000000 -0.915889 0.000000 -0.401432 -59.147507 9.375000 -25.262117 5.992250 9.125000 15.195701 47974.dat
9 0 -0.391574 0.000000 -0.920147 0.000000 1.000000 0.000000 0.920147 0.000000 -0.391574 58.923851 9.375000 -25.304827 5.992250 9.125000 15.195701 47974.dat
10 0 -10.000000 -0.011425 -70.000000 150.000000 28.450001 10.000000 47974.dat
3 23 -1.000000 0.000000 -0.000000 0.000000 1.000000 0.000000 0.000000 0.000000 -1.000000 80.000015 0.000000 -79.999992 8 16 29:0:1,29:0:1,29:0:1,29:0:1,29:0:1,29:0:1,29:0:1,23:4:1,18:2:1,23:4:1,29:0:1,29:0:1,29:0:1,29:0:1,29:0:1,29:0:1,29:0:1,29:0:1,29:0:1,29:0:1,29:0:1,29:0:1,29:0:1,23:4:1,0:4:0,23:4:1,0:4:0,23:4:1,29:0:1,29:0:1,29:0:1,29:0:1,29:0:1,29:0:1,29:0:1,29:0:1,29:0:1,29:0:1,29:0:1,23:4:1,18:3:1,23:4:1,18:4:1,23:4:1,18:3:1,23:4:1,29:0:1,29:0:1,29:0:1,29:0:1,29:0:1,29:0:1,29:0:1,29:0:1,0:4:0,23:4:1,0:4:1,23:4:1,0:4:1,23:4:1,0:4:1,23:4:1,0:4:1,23:4:1,0:4:0,29:0:1,29:0:1,29:0:1,29:0:1,29:0:1,29:0:1,23:4:1,18:4:1,23:4:1,18:4:1,23:4:1,18:4:1,23:4:1,18:4:1,23:4:1,18:4:1,23:4:1,29:0:1,29:0:1,29:0:1,29:0:1,29:0:1,23:4:1,0:4:1,23:4:1,0:4:1,23:4:1,0:4:1,23:4:1,0:4:1,23:4:1,0:4:1,23:4:1,0:4:1,23:4:1,29:0:1,29:0:1,29:0:1,23:4:1,18:3:1,23:4:1,18:4:1,23:4:1,18:4:1,23:4:1,18:4:1,23:4:1,18:4:1,23:4:1,18:4:1,23:4:1,18:3:1,23:4:1,29:0:1,23:4:1,0:4:0,23:4:1,0:4:1,23:4:1,1:4:1,23:4:1,1:4:1,23:4:1,1:4:1,23:4:1,1:4:1,23:4:1,0:4:1,23:4:1,0:4:0,23:4:1,18:1:1,23:4:1,18:2:1,23:4:1,18:2:1,23:4:1,18:2:1,23:4:1,18:2:1,23:4:1,18:2:1,23:4:1,18:2:1,23:4:1,18:2:1,23:4:1,18:1:1, 47974.dat
2 22 -1.000000 0.000000 -0.000000 0.000000 1.000000 0.000000 0.000000 0.000000 -1.000000 80.000015 24.000000 -79.999992 8 16 29:0:1,29:0:1,29:0:1,29:0:1,29:0:1,29:0:1,22:2:1,22:2:1,22:2:1,22:2:1,22:2:1,29:0:1,29:0:1,29:0:1,29:0:1,29:0:1,29:0:1,29:0:1,29:0:1,29:0:1,29:0:1,22:2:1,29:0:1,23:4:1,15:4:1,22:2:1,15:4:1,23:4:1,29:0:1,22:2:1,29:0:1,29:0:1,29:0:1,29:0:1,29:0:1,29:0:1,29:0:1,22:2:1,15:4:0,23:4:1,7:4:2,23:4:1,22:2:1,23:4:1,7:4:2,23:4:1,15:4:0,22:2:1,29:0:1,29:0:1,29:0:1,29:0:1,29:0:1,22:2:1,15:4:0,22:2:1,15:4:1,23:4:1,15:4:1,22:2:1,15:4:1,23:4:1,15:4:1,22:2:1,15:4:0,22:2:1,29:0:1,29:0:1,29:0:1,22:2:1,22:2:1,22:2:1,8:4:2,22:2:1,22:2:1,22:2:1,8:4:2,22:2:1,22:2:1,22:2:1,8:4:2,22:2:1,22:2:1,22:2:1,29:0:1,29:0:1,29:0:1,23:4:1,15:4:1,22:2:1,15:4:0,23:4:1,15:4:0,23:4:1,15:4:0,23:4:1,15:4:0,22:2:1,15:4:1,23:4:1,29:0:1,29:0:1,22:2:1,23:4:1,7:4:2,23:4:1,22:2:1,23:4:1,8:4:0,23:4:1,8:4:0,23:4:1,8:4:0,23:4:1,22:2:1,23:4:1,7:4:2,23:4:1,22:2:1,22:2:1,15:4:0,23:4:1,15:4:1,22:2:1,15:4:0,23:4:1,15:4:0,23:4:1,15:4:0,23:4:1,15:4:0,22:2:1,15:4:1,23:4:1,15:4:0,22:2:1,22:1:1,22:2:1,22:2:1,22:2:1,22:2:1,22:2:1,22:2:1,22:2:1,22:2:1,22:2:1,22:2:1,22:2:1,22:2:1,22:2:1,22:2:1,22:2:1,22:1:1, 47974.dat
0 2 -1.000000 0.000000 -0.000000 -0.000000 -0.000000 1.000000 -0.000000 1.000000 0.000000 19.999992 9.500000 -0.000016 0 0 0.800000 0 0 47974.dat
0 2 -1.000000 0.000000 -0.000000 -0.000000 -0.000000 1.000000 -0.000000 1.000000 0.000000 -0.000006 9.500000 -0.000023 0 0 0.800000 0 0 47974.dat
0 2 -1.000000 0.000000 -0.000000 -0.000000 -0.000000 1.000000 -0.000000 1.000000 0.000000 -20.000004 9.500000 -0.000029 0 0 0.800000 0 0 47974.dat
2 22 -1.000000 0.000000 -0.000000 -0.000000 -0.000000 1.000000 -0.000000 1.000000 0.000000 29.999996 19.500000 -0.000013 2 6 22:1:1,22:2:1,22:2:1,22:2:1,22:2:1,22:2:1,22:1:1,22:2:1,16:4:64,22:2:1,16:4:64,22:2:1,16:4:64,22:2:1,22:1:1,22:2:1,22:2:1,22:2:1,22:2:1,22:2:1,22:1:1, 47974.dat
