9 0 0.000000 -1.000000 0.000000 1.000000 0.000000 0.000000 0.000000 0.000000 1.000000 -9.912493 -0.000009 0.000000 13.500001 9.662500 9.000000 47994.dat
9 0 0.000000 -1.000000 0.000000 1.000000 0.000000 0.000000 0.000000 0.000000 1.000000 -22.389748 9.749987 0.000000 3.750000 3.360275 7.750000 47994.dat
9 0 -0.738961 -0.673748 0.000000 0.673748 -0.738961 0.000000 0.000000 0.000000 1.000000 -11.339499 15.995166 -7.375000 7.662450 3.925925 1.625000 47994.dat
9 0 0.000000 -1.000000 0.000000 1.000000 0.000000 0.000000 0.000000 0.000000 1.000000 -3.374994 -0.112033 0.000000 19.412500 3.125000 9.000000 47994.dat
9 0 0.000000 -0.707107 -0.707107 1.000000 0.000000 0.000000 0.000000 -0.707107 0.707107 -1.500000 19.999992 0.000000 6.295800 1.037700 6.295800 47994.dat
9 0 0.749534 -0.661966 0.000000 0.661966 0.749534 0.000000 0.000000 0.000000 1.000000 -4.839876 24.793793 0.000000 1.320700 0.873950 6.295800 47994.dat
9 0 0.749534 -0.661966 0.000000 0.661966 0.749534 0.000000 0.000000 0.000000 1.000000 -3.396826 26.427742 0.000000 1.320700 1.010675 3.065150 47994.dat
9 0 0.000000 -1.000000 0.000000 1.000000 0.000000 0.000000 0.000000 0.000000 1.000000 -4.483050 18.446667 0.000000 6.307000 2.016950 5.963150 47994.dat
9 0 0.000000 -0.707107 0.707107 1.000000 0.000000 0.000000 -0.000000 0.707107 0.707107 9.056675 19.999998 0.000000 4.242350 10.693350 3.905425 47994.dat
9 0 -0.000000 0.707107 -0.707107 1.000000 0.000000 0.000000 0.000000 -0.707107 -0.707107 -1.499988 -20.000006 0.000000 6.295800 1.037700 6.295800 47994.dat
9 0 -0.000000 1.000000 -0.000000 1.000000 0.000000 0.000000 0.000000 -0.000000 -1.000000 -4.483038 -18.446760 0.000000 6.307000 2.016950 5.963150 47994.dat
9 0 -0.000000 0.707107 0.707107 1.000000 0.000000 0.000000 -0.000000 0.707107 -0.707107 9.056688 -20.000004 0.000000 4.242350 10.693350 3.905425 47994.dat
9 0 -0.738961 -0.673748 0.000000 0.673748 -0.738961 0.000000 0.000000 0.000000 1.000000 -11.339499 15.995166 7.375000 7.662450 3.925925 1.625000 47994.dat
9 0 -0.738962 0.673747 -0.000000 0.673747 0.738962 -0.000000 0.000000 -0.000000 -1.000000 -11.339487 -15.995259 7.375000 7.662450 3.925925 1.625000 47994.dat
9 0 -0.738962 0.673747 -0.000000 0.673747 0.738962 -0.000000 0.000000 -0.000000 -1.000000 -11.339487 -15.995259 -7.375000 7.662450 3.925925 1.625000 47994.dat
9 0 0.000000 -1.000000 0.000000 1.000000 0.000000 0.000000 0.000000 0.000000 1.000000 -28.037495 9.749986 6.000000 3.750000 7.787500 1.750000 47994.dat
9 0 0.000000 -1.000000 0.000000 1.000000 0.000000 0.000000 0.000000 0.000000 1.000000 -28.037495 9.749986 -6.000000 3.750000 7.787500 1.750000 47994.dat
9 0 0.000000 -1.000000 0.000000 1.000000 0.000000 0.000000 0.000000 0.000000 1.000000 -22.389742 -9.750013 0.000000 3.750000 3.360275 7.750000 47994.dat
9 0 0.000000 -1.000000 0.000000 1.000000 0.000000 0.000000 0.000000 0.000000 1.000000 -28.037489 -9.750016 6.000000 3.750000 7.787500 1.750000 47994.dat
9 0 0.000000 -1.000000 0.000000 1.000000 0.000000 0.000000 0.000000 0.000000 1.000000 -28.037489 -9.750016 -6.000000 3.750000 7.787500 1.750000 47994.dat
9 0 0.749534 0.661966 -0.000000 0.661966 -0.749534 0.000000 -0.000000 -0.000000 -1.000000 -4.839861 -24.793758 0.000000 1.320700 0.873950 6.295800 47994.dat
9 0 0.749534 0.661966 -0.000000 0.661966 -0.749534 0.000000 -0.000000 -0.000000 -1.000000 -3.396809 -26.427757 0.000000 1.320700 1.010675 3.065150 47994.dat
10 0 -9.250000 0.000000 -9.250000 49.250000 56.075001 9.250000 47994.dat
0 3 0.000000 -1.000000 0.000000 1.000000 0.000000 0.000000 0.000000 0.000000 1.000000 20.000000 20.000000 0.000000 0 1 0.800000 0 0 47994.dat
0 3 0.000000 -1.000000 0.000000 1.000000 0.000000 0.000000 0.000000 0.000000 1.000000 20.000011 -20.000000 0.000000 0 1 0.800000 0 0 47994.dat
0 6 1.000000 0.000000 0.000000 -0.000000 1.000000 0.000000 0.000000 0.000000 1.000000 -29.999996 13.749984 0.000000 0 0 0.320000 1 0 47994.dat
0 6 1.000000 0.000000 0.000000 -0.000000 1.000000 0.000000 0.000000 0.000000 1.000000 -29.999989 -5.750014 0.000000 0 0 0.320000 1 0 47994.dat
