9 0 1.000000 0.000000 0.000000 0.000000 1.000000 0.000000 0.000000 0.000000 1.000000 29.875002 -26.040251 0.000000 4.625000 9.710050 9.750000 47990.dat
9 0 1.000000 0.000000 0.000000 0.000000 1.000000 0.000000 0.000000 0.000000 1.000000 0.000000 -56.528503 -4.379275 12.209425 7.778450 5.377775 47990.dat
9 0 1.000000 0.000000 0.000000 0.000000 1.000000 0.000000 0.000000 0.000000 1.000000 0.000000 -40.558498 -0.346750 4.750000 11.808575 6.096750 47990.dat
9 0 1.000000 0.000000 0.000000 0.000000 1.000000 0.000000 0.000000 0.000000 1.000000 -29.875002 -26.165251 0.000000 4.625000 9.834850 9.750000 47990.dat
9 0 1.000000 0.000000 0.000000 0.000000 1.000000 0.000000 0.000000 0.000000 1.000000 0.000000 -9.230000 -5.570675 17.875000 8.980000 4.070675 47990.dat
9 0 1.000000 0.000000 0.000000 0.000000 1.000000 0.000000 0.000000 0.000000 1.000000 -0.022950 -46.551250 4.028725 22.379925 3.801350 1.721275 47990.dat
9 0 1.000000 0.000000 0.000000 0.000000 1.000000 0.000000 0.000000 0.000000 1.000000 -0.022950 -31.489500 4.028725 22.379925 2.760425 1.721275 47990.dat
9 0 0.731354 0.681998 0.000000 -0.681998 0.731354 0.000000 0.000000 0.000000 1.000000 21.133501 -13.806875 4.375000 8.223950 10.683599 5.420475 47990.dat
9 0 0.731354 -0.681998 0.000000 0.681998 0.731354 0.000000 0.000000 0.000000 1.000000 -21.212950 -13.775550 4.352275 8.223950 10.683599 5.397725 47990.dat
9 0 1.000000 0.000000 0.000000 0.000000 1.000000 0.000000 0.000000 0.000000 1.000000 0.000000 -70.125000 3.295925 14.749999 1.625000 6.454100 47990.dat
9 0 0.707107 -0.707107 0.000000 0.707107 0.707107 0.000000 0.000000 0.000000 1.000000 0.000000 -47.887753 -0.700550 7.335475 7.335475 6.450575 47990.dat
9 0 1.000000 0.000000 0.000000 0.000000 0.664889 0.746943 0.000000 -0.746943 0.664889 0.000000 -67.038498 -5.314500 12.209425 1.625000 4.723550 47990.dat
9 0 0.707107 -0.707107 0.000000 0.707107 0.707107 0.000000 0.000000 0.000000 1.000000 -19.999975 -14.479925 21.084499 3.750050 3.730075 8.536651 47990.dat
9 0 0.611071 -0.791576 0.000000 0.791576 0.611071 0.000000 0.000000 0.000000 1.000000 -8.479000 -24.331825 -8.016225 11.750725 3.659025 1.733775 47990.dat
9 0 0.796319 -0.604877 0.000000 0.604877 0.796319 0.000000 0.000000 0.000000 1.000000 -21.030075 -52.213253 -6.023150 12.150225 4.396900 1.733775 47990.dat
9 0 0.794052 -0.603155 -0.075400 0.451447 0.502120 0.737611 -0.407034 -0.619741 0.671002 -22.764400 -59.843750 -4.405450 11.197775 1.625000 4.782275 47990.dat
9 0 0.796319 -0.604877 0.000000 0.604877 0.796319 0.000000 0.000000 0.000000 1.000000 -23.740398 -63.006252 4.225100 12.150225 1.625000 5.524900 47990.dat
9 0 -0.121869 -0.992546 0.000000 0.992546 -0.121869 0.000000 0.000000 0.000000 1.000000 -31.376823 -44.919498 1.750000 12.150225 1.625000 8.000000 47990.dat
9 0 1.000000 0.000000 0.000000 0.000000 1.000000 0.000000 0.000000 0.000000 1.000000 0.000000 -9.230000 4.397725 19.703726 8.980000 5.397725 47990.dat
9 0 0.121870 -0.992546 -0.000000 -0.992546 -0.121870 -0.000000 0.000000 0.000000 -1.000000 31.376749 -44.919498 1.750000 12.150225 1.625000 8.000000 47990.dat
9 0 -0.796319 -0.604877 -0.000000 -0.604877 0.796319 -0.000000 0.000000 0.000000 -1.000000 23.740499 -63.006252 4.225100 12.150225 1.625000 5.524900 47990.dat
9 0 -0.794052 -0.603155 -0.075399 -0.451447 0.502121 0.737611 -0.407034 0.619740 -0.671003 22.764502 -59.843750 -4.405450 11.197775 1.625000 4.782275 47990.dat
9 0 -0.796319 -0.604877 -0.000000 -0.604877 0.796319 -0.000000 0.000000 0.000000 -1.000000 21.030001 -52.213253 -6.023150 12.150225 4.396900 1.733775 47990.dat
9 0 -0.611071 -0.791576 -0.000000 -0.791576 0.611071 -0.000000 0.000000 0.000000 -1.000000 8.479000 -24.331825 -8.016225 11.750725 3.659025 1.733775 47990.dat
9 0 -0.707108 -0.707106 -0.000000 -0.707106 0.707108 -0.000000 0.000000 0.000000 -1.000000 20.000002 -14.479925 21.084499 3.750050 3.730075 8.536651 47990.dat
10 0 -24.750000 0.000000 -30.000002 44.750000 72.000000 10.007050 47990.dat
2 22 1.000000 0.000000 0.000000 0.000000 1.000000 0.000000 0.000000 0.000000 1.000000 -20.000000 0.000000 10.000000 2 4 22:1:1,22:2:1,22:2:1,22:2:1,22:1:1,22:2:1,15:4:0,9:4:1,15:4:0,22:2:1,22:1:1,22:2:1,22:2:1,22:2:1,22:1:1, 47990.dat
3 23 1.000000 0.000000 0.000000 0.000000 -0.000000 1.000000 0.000000 -1.000000 -0.000000 -25.000000 -48.500000 2.000000 2 2 29:0:0,29:0:0,29:0:0,29:0:0,1:4:38,29:0:0,29:0:0,29:0:0,29:0:0, 47990.dat
3 23 1.000000 0.000000 0.000000 0.000000 -0.000000 1.000000 0.000000 -1.000000 -0.000000 5.000000 -48.500000 2.000000 2 2 29:0:0,29:0:0,29:0:0,29:0:0,1:4:38,29:0:0,29:0:0,29:0:0,29:0:0, 47990.dat
0 3 -0.000000 1.000000 0.000000 0.000000 -0.000000 1.000000 1.000000 0.000000 -0.000000 20.000002 -14.500000 30.000002 0 1 0.800000 0 0 47990.dat
0 3 -0.000000 1.000000 0.000000 0.000000 -0.000000 1.000000 1.000000 0.000000 -0.000000 -20.000000 -14.500000 30.000002 0 1 0.800000 0 0 47990.dat
0 6 -0.000000 1.000000 -0.000000 0.000000 -0.000000 -1.000000 -1.000000 0.000000 -0.000000 -15.000001 -38.500000 -2.450000 0 0 0.338000 0 0 47990.dat
0 6 -0.000000 1.000000 -0.000000 0.000000 -0.000000 -1.000000 -1.000000 0.000000 -0.000000 15.000001 -38.500000 -2.450000 0 0 0.338000 0 0 47990.dat
