9 0 -1.000000 0.000000 -0.000000 0.000000 1.000000 0.000000 0.000000 0.000000 -1.000000 -70.000008 -4.000000 9.999977 39.750000 3.750000 19.750000 47992.dat
9 0 -0.000000 0.884486 0.466568 0.000000 0.466568 -0.884486 -1.000000 -0.000000 -0.000001 -68.455505 -13.819975 24.242104 1.337975 21.485449 83.708000 47992.dat
9 0 -1.000000 0.000000 -0.000000 0.000000 1.000000 0.000000 0.000000 0.000000 -1.000000 -70.126022 -166.520004 69.765732 19.876049 1.230050 19.984249 47992.dat
9 0 -1.000000 0.000000 -0.000000 0.000000 -0.273140 -0.961974 -0.000000 -0.961974 0.273140 -70.000015 -98.722000 63.386475 19.470049 1.662950 28.121250 47992.dat
9 0 -1.000000 0.000000 -0.000000 0.000000 -0.273140 -0.961974 -0.000000 -0.961974 0.273140 -70.000023 -135.901245 73.942978 11.975050 1.662950 14.851350 47992.dat
9 0 -1.000000 0.000000 -0.000000 0.000000 -0.273140 -0.961974 -0.000000 -0.961974 0.273140 -70.000023 -153.846497 79.038475 31.957748 1.662950 8.486375 47992.dat
9 0 0.779243 -0.602890 0.171183 0.000000 -0.273140 -0.961974 0.626722 0.749612 -0.212842 -116.915024 -142.892761 75.928215 21.972025 1.662950 4.689650 47992.dat
9 0 1.000000 0.000000 0.000000 0.000000 -0.273140 -0.961974 0.000000 0.961974 -0.273140 -134.541779 -127.384995 71.524963 6.535975 1.662950 6.090150 47992.dat
9 0 1.000000 0.000000 0.000000 0.000000 -0.273140 -0.961974 0.000000 0.961974 -0.273140 -112.753021 -135.744507 73.898468 14.752924 1.662950 14.780125 47992.dat
9 0 1.000000 0.000000 0.000000 0.000000 -0.273140 -0.961974 0.000000 0.961974 -0.273140 -110.324524 -104.056755 64.901215 20.074474 1.662950 1.765700 47992.dat
9 0 1.000000 0.000000 0.000000 0.000000 -0.273140 -0.961974 0.000000 0.961974 -0.273140 -110.324524 -88.056747 60.353214 20.074474 1.662950 1.765700 47992.dat
9 0 1.000000 0.000000 0.000000 0.000000 -0.273140 -0.961974 0.000000 0.961974 -0.273140 -110.324524 -72.057999 55.801712 20.074474 1.662950 1.765700 47992.dat
9 0 1.000000 0.000000 0.000000 0.000000 -0.273140 -0.961974 0.000000 0.961974 -0.273140 -110.000023 -89.775749 60.832466 2.250000 1.662950 34.317749 47992.dat
9 0 0.963898 0.256146 -0.072729 0.000000 -0.273140 -0.961974 -0.266271 0.927245 -0.263279 -148.041779 -88.114998 60.662704 8.188174 1.953875 34.317749 47992.dat
9 0 1.000000 0.000000 0.000000 0.000000 -0.273140 -0.961974 0.000000 0.961974 -0.273140 -139.664520 -91.034004 61.491455 9.268175 1.953875 34.317749 47992.dat
9 0 0.674415 0.710276 -0.201674 0.000000 -0.273141 -0.961974 -0.738353 0.648769 -0.184211 -173.177765 -36.747250 46.077442 4.318950 1.953875 17.483326 47992.dat
9 0 1.000000 0.000000 0.000000 0.000000 -0.273140 -0.961974 0.000000 0.961974 -0.273140 -128.888016 -38.660999 46.620960 38.638000 1.953875 17.483326 47992.dat
9 0 0.000000 1.000000 -0.000000 -1.000000 0.000000 -0.000000 -0.000000 0.000000 1.000000 -81.644775 -134.472748 79.999977 3.628100 0.330250 9.750000 47992.dat
9 0 -0.707108 0.707106 -0.000000 -0.707106 -0.707108 -0.000000 -0.000000 0.000000 1.000000 -84.084770 -128.582504 79.999969 3.628100 0.330250 9.750000 47992.dat
9 0 -1.000000 0.000000 -0.000000 -0.000000 -1.000000 0.000000 -0.000000 0.000000 1.000000 -89.975021 -126.142502 79.999969 3.628100 0.330250 9.750000 47992.dat
9 0 -0.707108 -0.707106 -0.000000 0.707106 -0.707108 0.000000 -0.000000 0.000000 1.000000 -95.865273 -128.582504 79.999969 3.628100 0.330250 9.750000 47992.dat
9 0 -0.000000 -1.000000 0.000000 1.000000 0.000000 0.000000 -0.000000 0.000000 1.000000 -98.317772 -134.472748 79.999969 3.628100 0.317725 9.750000 47992.dat
9 0 -0.431357 -0.902171 -0.004384 0.760611 -0.366278 0.536015 -0.485183 0.227880 0.844197 -111.100754 -156.290497 45.547714 1.192975 22.940849 7.929225 47992.dat
9 0 -0.422383 -0.906417 -0.000000 0.906417 -0.422383 0.000000 -0.000000 0.000000 1.000000 -109.323524 -157.076996 68.370216 1.192975 22.281174 15.785549 47992.dat
9 0 -0.688761 -0.724988 -0.000000 0.555334 -0.527585 0.642852 -0.466060 0.442771 0.765990 -140.434998 -131.866257 2.633704 1.192975 14.603326 1.146400 47992.dat
9 0 -0.956871 -0.290514 0.000000 0.282228 -0.929579 0.237131 -0.068889 0.226904 0.971478 -158.197525 -86.854248 57.734447 1.192975 39.533001 9.728451 47992.dat
9 0 -0.688762 -0.724988 -0.000000 0.724988 -0.688762 0.000000 -0.000000 0.000000 1.000000 -137.665512 -134.497253 44.787956 1.192975 12.193850 33.747250 47992.dat
9 0 -0.956871 -0.290514 -0.000000 0.290514 -0.956871 0.000000 -0.000000 0.000000 1.000000 -158.358261 -86.324753 23.997223 1.192975 40.211250 33.747250 47992.dat
9 0 -0.686480 -0.727148 -0.000000 0.727148 -0.686480 0.000000 -0.000000 0.000000 1.000000 -178.361755 -37.148750 21.684893 1.337975 13.714425 31.435001 47992.dat
9 0 -0.000000 0.884485 0.466568 0.630969 0.361967 -0.686191 -0.775808 0.294390 -0.558083 -162.974762 -13.891450 24.377522 1.337975 24.568226 4.980550 47992.dat
9 0 0.463301 -0.886201 0.000000 0.648580 0.339073 -0.681450 0.603902 0.315716 0.731865 -170.357010 -12.434376 22.157619 1.337975 23.559950 5.804200 47992.dat
9 0 0.463300 -0.886202 0.000000 0.886202 0.463300 0.000000 -0.000000 0.000000 1.000000 -169.323502 -11.894025 1.389745 1.337975 22.384926 11.139800 47992.dat
9 0 1.000000 0.000000 0.000000 0.000000 1.000000 0.000000 -0.000000 0.000000 1.000000 -129.999985 -4.000000 -20.000042 19.750000 3.750000 29.750002 47992.dat
9 0 -0.779242 -0.602891 0.171183 0.000000 -0.273140 -0.961974 0.626723 -0.749611 0.212842 -23.085051 -142.892761 75.928246 21.972025 1.662950 4.689650 47992.dat
9 0 -1.000000 0.000000 -0.000000 0.000000 -0.273140 -0.961974 -0.000000 -0.961974 0.273140 -5.458174 -127.384995 71.525002 6.535975 1.662950 6.090150 47992.dat
9 0 -1.000000 0.000000 -0.000000 0.000000 -0.273140 -0.961974 -0.000000 -0.961974 0.273140 -27.247025 -135.744507 73.898491 14.752924 1.662950 14.780125 47992.dat
9 0 -1.000000 0.000000 -0.000000 0.000000 -0.273140 -0.961974 -0.000000 -0.961974 0.273140 -29.675520 -104.056755 64.901237 20.074474 1.662950 1.765700 47992.dat
9 0 -1.000000 0.000000 -0.000000 0.000000 -0.273140 -0.961974 -0.000000 -0.961974 0.273140 -29.675520 -88.056747 60.353237 20.074474 1.662950 1.765700 47992.dat
9 0 -1.000000 0.000000 -0.000000 0.000000 -0.273140 -0.961974 -0.000000 -0.961974 0.273140 -29.675516 -72.057999 55.801739 20.074474 1.662950 1.765700 47992.dat
9 0 -1.000000 0.000000 -0.000000 0.000000 -0.273140 -0.961974 -0.000000 -0.961974 0.273140 -30.000023 -89.775749 60.832489 2.250000 1.662950 34.317749 47992.dat
9 0 -0.963899 0.256145 -0.072729 0.000000 -0.273140 -0.961974 -0.266270 -0.927246 0.263279 8.041780 -88.114998 60.662754 8.188174 1.953875 34.317749 47992.dat
9 0 -1.000000 0.000000 -0.000000 0.000000 -0.273140 -0.961974 -0.000000 -0.961974 0.273140 -0.335445 -91.034004 61.491501 9.268175 1.953875 34.317749 47992.dat
9 0 -0.674415 0.710276 -0.201674 0.000001 -0.273140 -0.961974 -0.738352 -0.648770 0.184209 33.177738 -36.747250 46.077511 4.318950 1.953875 17.483326 47992.dat
9 0 -1.000000 0.000000 -0.000000 0.000000 -0.273140 -0.961974 -0.000000 -0.961974 0.273140 -11.111965 -38.660999 46.620998 38.638000 1.953875 17.483326 47992.dat
9 0 0.000000 1.000000 0.000000 1.000000 -0.000000 0.000000 0.000000 0.000000 -1.000000 -58.355270 -134.472748 79.999985 3.628100 0.330250 9.750000 47992.dat
9 0 0.707107 0.707107 0.000000 0.707107 -0.707107 0.000000 0.000000 0.000000 -1.000000 -55.915272 -128.582504 79.999985 3.628100 0.330250 9.750000 47992.dat
9 0 1.000000 0.000000 0.000000 0.000000 -1.000000 0.000000 0.000000 0.000000 -1.000000 -50.025021 -126.142502 79.999985 3.628100 0.330250 9.750000 47992.dat
9 0 0.707107 -0.707107 0.000000 -0.707107 -0.707107 -0.000000 0.000000 0.000000 -1.000000 -44.134777 -128.582504 79.999992 3.628100 0.330250 9.750000 47992.dat
9 0 0.000000 -1.000000 0.000000 -1.000000 -0.000000 -0.000000 0.000000 0.000000 -1.000000 -41.682278 -134.472748 79.999992 3.628100 0.317725 9.750000 47992.dat
9 0 0.431357 -0.902171 -0.004383 -0.760611 -0.366277 0.536015 -0.485183 -0.227880 -0.844197 -28.899265 -156.290497 45.547741 1.192975 22.940849 7.929225 47992.dat
9 0 0.422384 -0.906417 0.000000 -0.906417 -0.422384 -0.000000 0.000000 0.000000 -1.000000 -30.676519 -157.076996 68.370239 1.192975 22.281174 15.785549 47992.dat
9 0 0.688761 -0.724989 -0.000000 -0.555335 -0.527585 0.642852 -0.466060 -0.442771 -0.765991 0.434999 -131.866257 2.633750 1.192975 14.603326 1.146400 47992.dat
9 0 0.956871 -0.290513 0.000000 -0.282227 -0.929579 0.237130 -0.068889 -0.226903 -0.971478 18.197481 -86.854248 57.734509 1.192975 39.533001 9.728451 47992.dat
9 0 0.688761 -0.724989 0.000000 -0.724989 -0.688761 -0.000000 0.000000 0.000000 -1.000000 -2.334490 -134.497253 44.787998 1.192975 12.193850 33.747250 47992.dat
9 0 0.956871 -0.290513 0.000000 -0.290513 -0.956871 -0.000000 0.000000 0.000000 -1.000000 18.358192 -86.324753 23.997282 1.192975 40.211250 33.747250 47992.dat
9 0 0.686481 -0.727148 0.000000 -0.727148 -0.686481 -0.000000 0.000000 0.000000 -1.000000 38.361992 -37.148750 21.684963 1.337975 13.714425 31.435001 47992.dat
9 0 -0.000000 0.884486 0.466567 -0.630968 0.361967 -0.686192 -0.775809 -0.294389 0.558082 22.974667 -13.891450 24.377583 1.337975 24.568226 4.980550 47992.dat
9 0 -0.463300 -0.886201 -0.000000 -0.648580 0.339073 -0.681450 0.603902 -0.315716 -0.731865 30.356995 -12.434376 22.157686 1.337975 23.559950 5.804200 47992.dat
9 0 -0.463300 -0.886201 -0.000000 -0.886201 0.463300 -0.000000 0.000000 0.000000 -1.000000 29.323500 -11.894025 1.389810 1.337975 22.384926 11.139800 47992.dat
9 0 -1.000000 0.000000 -0.000000 0.000000 1.000000 0.000000 0.000000 0.000000 -1.000000 -9.999993 -4.000000 -20.000004 19.750000 3.750000 29.750002 47992.dat
9 0 -0.715424 0.698675 0.004644 -0.143278 -0.140201 -0.979702 -0.683842 -0.701568 0.200408 -57.375019 -59.916504 55.323231 2.329925 4.038600 14.361724 47992.dat
9 0 -0.707107 -0.707107 -0.000000 -0.707107 0.707107 -0.000000 0.000000 0.000000 -1.000000 -44.121529 -140.376251 79.999992 3.628100 0.311775 9.750000 47992.dat
9 0 -1.000000 0.000000 -0.000000 0.000000 1.000000 0.000000 0.000000 0.000000 -1.000000 -50.025021 -142.855499 79.999985 3.628100 0.277825 9.750000 47992.dat
9 0 -0.707107 0.707107 -0.000000 0.707107 0.707107 0.000000 0.000000 0.000000 -1.000000 -55.924271 -140.372009 79.999985 3.628100 0.317725 9.750000 47992.dat
9 0 0.707108 -0.707106 0.000000 0.707106 0.707108 0.000000 -0.000000 0.000000 1.000000 -95.878525 -140.376251 79.999969 3.628100 0.311775 9.750000 47992.dat
9 0 1.000000 0.000000 0.000000 0.000000 1.000000 0.000000 -0.000000 0.000000 1.000000 -89.975021 -142.846252 79.999969 3.628100 0.286975 9.750000 47992.dat
9 0 0.707108 0.707106 0.000000 -0.707106 0.707108 -0.000000 -0.000000 -0.000000 1.000000 -84.075775 -140.372009 79.999969 3.628100 0.317725 9.750000 47992.dat
10 0 -50.000000 0.000000 -50.000000 190.205505 172.449997 90.060501 47992.dat
3 23 -1.000000 0.000000 -0.000000 0.000000 1.000000 0.000000 0.000000 0.000000 -1.000000 -50.000019 -168.000000 49.999985 4 4 18:1:1,23:4:1,18:2:1,23:4:1,18:1:1,23:4:1,1:4:1,23:4:1,1:4:1,23:4:1,18:2:1,23:4:1,18:4:1,23:4:1,18:2:1,23:4:1,1:4:1,23:4:1,1:4:1,23:4:1,18:1:1,23:4:1,18:2:1,23:4:1,18:1:1, 47992.dat
2 22 -1.000000 0.000000 -0.000000 0.000000 1.000000 0.000000 0.000000 0.000000 -1.000000 10.000016 0.000000 -49.999996 8 16 22:1:1,22:2:1,22:2:1,22:2:1,22:1:1,29:0:1,29:0:1,29:0:1,29:0:1,29:0:1,29:0:1,29:0:1,22:1:1,22:2:1,22:2:1,22:2:1,22:1:1,22:2:1,15:4:1,23:4:1,15:4:1,22:2:1,29:0:1,29:0:1,29:0:1,29:0:1,29:0:1,29:0:1,29:0:1,22:2:1,15:4:1,23:4:1,15:4:1,22:2:1,22:2:1,23:4:1,7:4:2,23:4:1,22:2:1,29:0:1,29:0:1,29:0:1,29:0:1,29:0:1,29:0:1,29:0:1,22:2:1,23:4:1,7:4:2,23:4:1,22:2:1,22:2:1,15:4:1,23:4:1,15:4:1,22:2:1,29:0:1,29:0:1,29:0:1,29:0:1,29:0:1,29:0:1,29:0:1,22:2:1,15:4:1,23:4:1,15:4:1,22:2:1,22:2:1,23:4:1,7:4:2,23:4:1,22:3:1,22:2:1,22:2:1,22:2:1,22:2:1,22:2:1,22:2:1,22:2:1,22:3:1,23:4:1,7:4:2,23:4:1,22:2:1,22:2:1,15:4:1,23:4:1,15:4:1,22:2:1,15:4:1,23:4:1,15:4:1,23:4:1,15:4:1,23:4:1,15:4:1,22:2:1,15:4:1,23:4:1,15:4:1,22:2:1,22:1:1,22:2:1,22:2:1,22:2:1,22:3:1,23:4:1,7:4:2,23:4:1,7:4:2,23:4:1,7:4:2,23:4:1,22:3:1,22:2:1,22:2:1,22:2:1,22:1:1,29:0:1,29:0:1,29:0:1,29:0:1,22:2:1,15:4:1,23:4:1,15:4:1,23:4:1,15:4:1,23:4:1,15:4:1,22:2:1,29:0:1,29:0:1,29:0:1,29:0:1,29:0:1,29:0:1,29:0:1,29:0:1,22:1:1,22:2:1,22:2:1,22:2:1,22:2:1,22:2:1,22:2:1,22:2:1,22:1:1,29:0:1,29:0:1,29:0:1,29:0:1, 47992.dat
0 2 0.000000 1.000000 0.000000 -0.000000 -0.000000 1.000000 1.000000 0.000000 0.000000 -90.000031 -134.500000 89.999969 0 0 0.800000 0 0 47992.dat
0 2 0.000000 1.000000 0.000000 -0.000000 -0.000000 1.000000 1.000000 0.000000 0.000000 -50.000031 -134.500000 89.999977 0 0 0.800000 0 0 47992.dat
2 22 -1.000000 0.000000 -0.000000 -0.000000 -0.000000 1.000000 -0.000000 1.000000 0.000000 -40.000031 -124.500000 89.999985 2 6 29:0:1,22:2:1,29:0:1,29:0:1,29:0:1,22:2:1,29:0:1,22:2:1,16:4:64,22:2:1,29:0:1,22:2:1,16:4:64,22:2:1,29:0:1,22:2:1,29:0:1,29:0:1,29:0:1,22:2:1,29:0:1, 47992.dat
2 22 -1.000000 0.000000 -0.000000 0.000000 -0.000000 -1.000000 -0.000000 -1.000000 0.000000 -40.000023 -144.500000 69.999985 2 6 29:0:1,22:2:1,29:0:1,29:0:1,29:0:1,22:2:1,29:0:1,22:2:1,16:4:64,22:2:1,29:0:1,22:2:1,16:4:64,22:2:1,29:0:1,22:2:1,29:0:1,29:0:1,29:0:1,22:2:1,29:0:1, 47992.dat
