9 0 -0.000000 0.000000 -1.000000 -1.000000 -0.000000 0.000000 0.000000 1.000000 0.000000 54.243248 -20.000002 0.499550 1.296850 17.993324 4.375000 48168.dat
9 0 -0.111965 0.000000 -0.993712 -0.993712 -0.000000 0.111965 0.000000 1.000000 0.000000 53.902252 -20.000002 -5.573775 1.296850 17.993324 4.375000 48168.dat
9 0 -0.222521 0.000000 -0.974928 -0.974928 -0.000000 0.222521 0.000000 1.000000 0.000000 52.883251 -20.000002 -11.570724 1.296850 17.993324 4.375000 48168.dat
9 0 -0.330279 0.000000 -0.943883 -0.943883 -0.000000 0.330279 0.000000 1.000000 0.000000 51.199253 -20.000002 -17.415874 1.296850 17.993324 4.375000 48168.dat
9 0 -0.433884 0.000000 -0.900969 -0.900969 -0.000000 0.433884 0.000000 1.000000 0.000000 48.871250 -20.000002 -23.035727 1.296825 17.993324 4.375000 48168.dat
9 0 -0.532032 0.000000 -0.846724 -0.846724 -0.000000 0.532032 0.000000 1.000000 0.000000 45.929001 -22.687500 -28.359499 1.296825 17.993324 7.062500 48168.dat
9 0 -0.623490 0.000000 -0.781832 -0.781832 -0.000000 0.623490 0.000000 1.000000 0.000000 42.408749 -22.687500 -33.320503 1.296850 17.993324 7.062500 48168.dat
9 0 -0.707107 0.000000 -0.707107 -0.707107 -0.000000 0.707107 0.000000 1.000000 0.000000 38.355499 -22.687500 -37.856251 1.296850 17.993324 7.062500 48168.dat
9 0 -0.781832 0.000000 -0.623490 -0.623490 -0.000000 0.781832 0.000000 1.000000 0.000000 33.819752 -22.687500 -41.909500 1.296850 17.993324 7.062500 48168.dat
9 0 -0.846724 0.000000 -0.532032 -0.532032 -0.000000 0.846724 0.000000 1.000000 0.000000 28.858751 -22.687500 -45.429501 1.296850 17.993324 7.062500 48168.dat
9 0 -0.900969 0.000000 -0.433884 -0.433884 -0.000000 0.900969 0.000000 1.000000 0.000000 23.534874 -22.687500 -48.371750 1.296850 17.993324 7.062500 48168.dat
9 0 -0.943883 0.000000 -0.330279 -0.330279 -0.000000 0.943883 0.000000 1.000000 0.000000 17.915001 -22.687500 -50.699501 1.296825 17.993324 7.062500 48168.dat
9 0 -0.974928 0.000000 -0.222521 -0.222521 -0.000000 0.974928 0.000000 1.000000 0.000000 12.069825 -22.687500 -52.383499 1.296850 17.993324 7.062500 48168.dat
9 0 -0.993712 0.000000 -0.111964 -0.111964 -0.000000 0.993712 0.000000 1.000000 0.000000 6.072875 -22.687500 -53.402252 1.296825 17.993324 7.062500 48168.dat
9 0 1.000000 0.000000 0.000000 0.000000 0.000000 -1.000000 0.000000 1.000000 0.000000 0.000450 -22.687502 54.743248 1.296850 17.993324 7.062500 48168.dat
9 0 0.993712 0.000000 -0.111964 -0.111964 0.000000 -0.993712 0.000000 1.000000 0.000000 6.073775 -22.687502 54.402248 1.296850 17.993324 7.062500 48168.dat
9 0 0.974928 0.000000 -0.222521 -0.222521 0.000000 -0.974928 0.000000 1.000000 0.000000 12.070725 -22.687502 53.383247 1.296850 17.993324 7.062500 48168.dat
9 0 0.943883 0.000000 -0.330279 -0.330279 0.000000 -0.943883 0.000000 1.000000 0.000000 17.915874 -22.687502 51.699249 1.296850 17.993324 7.062500 48168.dat
9 0 0.900969 0.000000 -0.433883 -0.433883 0.000000 -0.900969 0.000000 1.000000 0.000000 23.535725 -22.687502 49.371250 1.296825 17.993324 7.062500 48168.dat
9 0 0.846724 0.000000 -0.532032 -0.532032 0.000000 -0.846724 0.000000 1.000000 0.000000 28.859499 -22.687502 46.429001 1.296825 17.993324 7.062500 48168.dat
9 0 0.781831 0.000000 -0.623490 -0.623490 0.000000 -0.781831 0.000000 1.000000 0.000000 33.820499 -22.687502 42.908749 1.296850 17.993324 7.062500 48168.dat
9 0 0.707107 0.000000 -0.707107 -0.707107 0.000000 -0.707107 0.000000 1.000000 0.000000 38.356251 -22.687502 38.855499 1.296850 17.993324 7.062500 48168.dat
9 0 0.623490 0.000000 -0.781831 -0.781831 0.000000 -0.623490 0.000000 1.000000 0.000000 42.409500 -22.687502 34.319748 1.296850 17.993324 7.062500 48168.dat
9 0 0.532032 0.000000 -0.846724 -0.846724 0.000000 -0.532032 0.000000 1.000000 0.000000 45.929501 -22.687500 29.358751 1.296850 17.993324 7.062500 48168.dat
9 0 0.433884 0.000000 -0.900969 -0.900969 0.000000 -0.433884 0.000000 1.000000 0.000000 48.871750 -20.000002 24.034874 1.296850 17.993324 4.375000 48168.dat
9 0 0.330279 0.000000 -0.943883 -0.943883 0.000000 -0.330279 0.000000 1.000000 0.000000 51.199501 -20.000002 18.414999 1.296825 17.993324 4.375000 48168.dat
9 0 0.222521 0.000000 -0.974928 -0.974928 0.000000 -0.222521 0.000000 1.000000 0.000000 52.883499 -20.000002 12.569825 1.296850 17.993324 4.375000 48168.dat
9 0 0.111964 0.000000 -0.993712 -0.993712 0.000000 -0.111964 0.000000 1.000000 0.000000 53.902252 -20.000002 6.572875 1.296825 17.993324 4.375000 48168.dat
9 0 -0.000000 -0.000000 1.000000 1.000000 -0.000000 0.000000 0.000000 1.000000 0.000000 -54.243248 -20.000002 0.500450 1.296850 17.993324 4.375000 48168.dat
9 0 0.111964 -0.000000 0.993712 0.993712 0.000000 -0.111964 0.000000 1.000000 0.000000 -53.902252 -20.000002 6.573775 1.296850 17.993324 4.375000 48168.dat
9 0 0.222521 -0.000000 0.974928 0.974928 0.000000 -0.222521 0.000000 1.000000 0.000000 -52.883251 -20.000002 12.570725 1.296850 17.993324 4.375000 48168.dat
9 0 0.330279 -0.000000 0.943883 0.943883 0.000000 -0.330279 0.000000 1.000000 0.000000 -51.199253 -20.000002 18.415874 1.296850 17.993324 4.375000 48168.dat
9 0 0.433884 -0.000000 0.900969 0.900969 0.000000 -0.433884 0.000000 1.000000 0.000000 -48.871250 -20.000002 24.035725 1.296825 17.993324 4.375000 48168.dat
9 0 0.532032 -0.000000 0.846724 0.846724 0.000000 -0.532032 0.000000 1.000000 0.000000 -45.929001 -22.687500 29.359499 1.296825 17.993324 7.062500 48168.dat
9 0 0.623490 -0.000000 0.781831 0.781831 0.000000 -0.623490 0.000000 1.000000 0.000000 -42.408749 -22.687502 34.320499 1.296850 17.993324 7.062500 48168.dat
9 0 0.707107 -0.000000 0.707107 0.707107 0.000000 -0.707107 0.000000 1.000000 0.000000 -38.355499 -22.687502 38.856251 1.296850 17.993324 7.062500 48168.dat
9 0 0.781831 -0.000000 0.623490 0.623490 0.000000 -0.781831 0.000000 1.000000 0.000000 -33.819752 -22.687502 42.909500 1.296850 17.993324 7.062500 48168.dat
9 0 0.846724 -0.000000 0.532032 0.532032 0.000000 -0.846724 0.000000 1.000000 0.000000 -28.858751 -22.687502 46.429501 1.296850 17.993324 7.062500 48168.dat
9 0 0.900969 -0.000000 0.433883 0.433883 0.000000 -0.900969 0.000000 1.000000 0.000000 -23.534874 -22.687502 49.371750 1.296850 17.993324 7.062500 48168.dat
9 0 0.943883 -0.000000 0.330279 0.330279 0.000000 -0.943883 0.000000 1.000000 0.000000 -17.915001 -22.687502 51.699501 1.296825 17.993324 7.062500 48168.dat
9 0 0.974928 -0.000000 0.222521 0.222521 0.000000 -0.974928 0.000000 1.000000 0.000000 -12.069825 -22.687502 53.383499 1.296850 17.993324 7.062500 48168.dat
9 0 0.993712 -0.000000 0.111964 0.111964 0.000000 -0.993712 0.000000 1.000000 0.000000 -6.072875 -22.687502 54.402248 1.296825 17.993324 7.062500 48168.dat
9 0 1.000000 0.000000 0.000000 0.000000 0.000000 -1.000000 0.000000 1.000000 0.000000 -41.000000 -48.312504 0.500000 8.750000 19.750000 0.312500 48168.dat
9 0 1.000000 0.000000 0.000000 0.000000 0.000000 -1.000000 0.000000 1.000000 0.000000 41.000000 -48.312504 0.500000 8.750000 19.750000 0.312500 48168.dat
9 0 1.000000 0.000000 0.000000 0.000000 0.000000 -1.000000 0.000000 1.000000 0.000000 40.000000 -35.437500 -28.332502 9.750000 0.832575 5.187500 48168.dat
9 0 1.000000 0.000000 0.000000 0.000000 0.000000 -1.000000 0.000000 1.000000 0.000000 40.000000 -35.437500 29.332500 9.750000 0.832575 5.187500 48168.dat
9 0 1.000000 0.000000 0.000000 0.000000 0.000000 -1.000000 0.000000 1.000000 0.000000 -40.000000 -35.437500 29.332500 9.750000 0.832575 5.187500 48168.dat
9 0 1.000000 0.000000 0.000000 0.000000 0.000000 -1.000000 0.000000 1.000000 0.000000 -40.000000 -35.437500 -28.332502 9.750000 0.832575 5.187500 48168.dat
9 0 1.000000 0.000000 0.000000 0.000000 0.000000 -1.000000 0.000000 1.000000 0.000000 40.000000 -39.437504 10.500000 9.750000 2.000000 9.187500 48168.dat
9 0 1.000000 0.000000 0.000000 0.000000 0.000000 -1.000000 0.000000 1.000000 0.000000 40.000000 -39.437504 -9.500000 9.750000 2.000000 9.187500 48168.dat
9 0 1.000000 0.000000 0.000000 0.000000 0.000000 -1.000000 0.000000 1.000000 0.000000 -40.000000 -39.437504 -9.500000 9.750000 2.000000 9.187500 48168.dat
9 0 1.000000 0.000000 0.000000 0.000000 0.000000 -1.000000 0.000000 1.000000 0.000000 -40.000000 -39.437504 10.500000 9.750000 2.000000 9.187500 48168.dat
9 0 1.000000 0.000000 0.000000 0.000000 0.766044 -0.642788 0.000000 0.642788 0.766044 -41.000000 -45.622826 26.526499 8.750000 0.144000 3.152100 48168.dat
9 0 1.000000 0.000000 0.000000 0.000000 -0.766044 -0.642788 0.000000 0.642788 -0.766044 -41.000000 -45.636101 -25.541500 8.750000 0.144000 3.152100 48168.dat
9 0 1.000000 0.000000 0.000000 0.000000 -0.766044 -0.642788 0.000000 0.642788 -0.766044 41.000000 -45.636101 -25.541500 8.750000 0.144000 3.152100 48168.dat
9 0 1.000000 0.000000 0.000000 0.000000 0.766044 -0.642788 0.000000 0.642788 0.766044 41.000000 -45.622826 26.526499 8.750000 0.144000 3.152100 48168.dat
9 0 1.000000 0.000000 0.000000 0.000000 0.000000 -1.000000 0.000000 1.000000 0.000000 -0.006100 -22.687502 48.094250 31.091999 11.344300 7.062500 48168.dat
9 0 0.707107 -0.000000 0.707107 0.707107 0.000000 -0.707107 0.000000 1.000000 0.000000 -28.200251 -22.687502 39.607998 23.372850 11.344300 7.062500 48168.dat
9 0 -0.000000 -0.000000 1.000000 1.000000 -0.000000 0.000000 0.000000 1.000000 0.000000 -47.594250 -20.000002 0.493900 31.091999 11.344300 4.375000 48168.dat
9 0 -0.707107 -0.000000 0.707107 0.707107 -0.000000 0.707107 0.000000 1.000000 0.000000 -28.196001 -22.687500 -38.612499 23.378950 11.344300 7.062500 48168.dat
9 0 -1.000000 0.000000 -0.000000 -0.000000 -0.000000 1.000000 0.000000 1.000000 0.000000 0.006100 -22.687500 -47.094250 31.091999 11.344300 7.062500 48168.dat
9 0 -0.707107 0.000000 -0.707107 -0.707107 -0.000000 0.707107 0.000000 1.000000 0.000000 28.153500 -22.687500 -38.655003 23.306450 11.344300 7.062500 48168.dat
9 0 -0.000000 0.000000 -1.000000 -1.000000 -0.000000 0.000000 0.000000 1.000000 0.000000 47.594250 -20.000002 0.506100 31.091999 11.344300 4.375025 48168.dat
9 0 0.707107 0.000000 -0.707107 -0.707107 0.000000 -0.707107 0.000000 1.000000 0.000000 28.196001 -22.687502 39.612499 23.378950 11.344300 7.062500 48168.dat
9 0 -1.000000 0.000000 -0.000000 -0.000000 -0.000000 1.000000 0.000000 1.000000 0.000000 -0.000450 -22.687500 -53.743248 1.296850 17.993324 7.062500 48168.dat
9 0 -0.993712 -0.000000 0.111964 0.111964 -0.000000 0.993712 0.000000 1.000000 0.000000 -6.073775 -22.687500 -53.402252 1.296850 17.993324 7.062500 48168.dat
9 0 -0.974928 -0.000000 0.222521 0.222521 -0.000000 0.974928 0.000000 1.000000 0.000000 -12.070725 -22.687500 -52.383251 1.296850 17.993324 7.062500 48168.dat
9 0 -0.943883 -0.000000 0.330279 0.330279 -0.000000 0.943883 0.000000 1.000000 0.000000 -17.915874 -22.687500 -50.699253 1.296850 17.993324 7.062500 48168.dat
9 0 -0.900969 -0.000000 0.433884 0.433884 -0.000000 0.900969 0.000000 1.000000 0.000000 -23.535725 -22.687500 -48.371250 1.296825 17.993324 7.062500 48168.dat
9 0 -0.846724 -0.000000 0.532032 0.532032 -0.000000 0.846724 0.000000 1.000000 0.000000 -28.859499 -22.687500 -45.429001 1.296825 17.993324 7.062500 48168.dat
9 0 -0.781832 -0.000000 0.623490 0.623490 -0.000000 0.781832 0.000000 1.000000 0.000000 -33.820499 -22.687500 -41.908749 1.296850 17.993324 7.062500 48168.dat
9 0 -0.707107 -0.000000 0.707107 0.707107 -0.000000 0.707107 0.000000 1.000000 0.000000 -38.356251 -22.687500 -37.855499 1.296850 17.993324 7.062500 48168.dat
9 0 -0.623490 -0.000000 0.781832 0.781832 -0.000000 0.623490 0.000000 1.000000 0.000000 -42.409500 -22.687500 -33.319752 1.296850 17.993324 7.062500 48168.dat
9 0 -0.532032 -0.000000 0.846724 0.846724 -0.000000 0.532032 0.000000 1.000000 0.000000 -45.929501 -22.687500 -28.358751 1.296850 17.993324 7.062500 48168.dat
9 0 -0.433884 -0.000000 0.900969 0.900969 -0.000000 0.433884 0.000000 1.000000 0.000000 -48.871750 -20.000002 -23.034876 1.296850 17.993324 4.375000 48168.dat
9 0 -0.330279 -0.000000 0.943883 0.943883 -0.000000 0.330279 0.000000 1.000000 0.000000 -51.199501 -20.000002 -17.415001 1.296825 17.993324 4.375000 48168.dat
9 0 -0.222521 -0.000000 0.974928 0.974928 -0.000000 0.222521 0.000000 1.000000 0.000000 -52.883499 -20.000002 -11.569825 1.296850 17.993324 4.375000 48168.dat
9 0 -0.111965 -0.000000 0.993712 0.993712 -0.000000 0.111965 0.000000 1.000000 0.000000 -53.902252 -20.000002 -5.572875 1.296825 17.993324 4.375000 48168.dat
10 0 -72.447754 -72.384750 -14.624999 72.447754 72.384750 20.000000 48168.dat
0 2 -0.000000 -1.000000 0.000000 -1.000000 -0.000000 0.000000 -0.000000 -0.000000 -1.000000 30.000002 -40.000000 -19.500000 0 0 0.800000 0 0 48168.dat
0 2 -0.000000 -1.000000 0.000000 -1.000000 -0.000000 0.000000 -0.000000 -0.000000 -1.000000 30.000002 -40.000000 0.500000 0 0 0.800000 0 0 48168.dat
0 2 -0.000000 -1.000000 0.000000 -1.000000 -0.000000 0.000000 -0.000000 -0.000000 -1.000000 30.000002 -40.000000 20.500000 0 0 0.800000 0 0 48168.dat
0 2 -0.000000 -1.000000 0.000000 -1.000000 -0.000000 0.000000 -0.000000 -0.000000 -1.000000 -50.000000 -40.000000 20.500000 0 0 0.800000 0 0 48168.dat
0 2 -0.000000 -1.000000 0.000000 -1.000000 -0.000000 0.000000 -0.000000 -0.000000 -1.000000 -50.000000 -40.000000 0.500000 0 0 0.800000 0 0 48168.dat
0 2 -0.000000 -1.000000 0.000000 -1.000000 -0.000000 0.000000 -0.000000 -0.000000 -1.000000 -50.000000 -40.000000 -19.500000 0 0 0.800000 0 0 48168.dat
6 56 -0.000000 -0.000000 -1.000000 0.000000 -1.000000 0.000000 -1.000000 -0.000000 -0.000000 0.000000 -20.000002 0.500000 0.000000 0.000000 0.000000 0.000000 1 48168.dat
2 22 0.000000 -0.000000 1.000000 -1.000000 -0.000000 -0.000000 0.000000 -1.000000 -0.000000 -50.000000 -50.000000 -29.500002 2 6 22:1:1,22:2:1,22:2:1,22:2:1,22:2:1,22:2:1,22:1:1,22:2:1,16:4:64,22:2:1,16:4:64,22:2:1,16:4:64,22:2:1,22:1:1,22:2:1,22:2:1,22:2:1,22:2:1,22:2:1,22:1:1, 48168.dat
2 22 0.000000 -0.000000 1.000000 -1.000000 -0.000000 -0.000000 0.000000 -1.000000 -0.000000 30.000002 -50.000000 -29.500002 2 6 22:1:1,22:2:1,22:2:1,22:2:1,22:2:1,22:2:1,22:1:1,22:2:1,16:4:64,22:2:1,16:4:64,22:2:1,16:4:64,22:2:1,22:1:1,22:2:1,22:2:1,22:2:1,22:2:1,22:2:1,22:1:1, 48168.dat
2 22 0.000000 -0.000000 -1.000000 1.000000 0.000000 0.000000 0.000000 -1.000000 0.000000 -30.000002 -50.000000 30.500000 2 6 22:1:1,22:2:1,22:2:1,22:2:1,22:2:1,22:2:1,22:1:1,22:2:1,16:4:64,22:2:1,16:4:64,22:2:1,16:4:64,22:2:1,22:1:1,22:2:1,22:2:1,22:2:1,22:2:1,22:2:1,22:1:1, 48168.dat
2 22 0.000000 -0.000000 -1.000000 1.000000 0.000000 0.000000 0.000000 -1.000000 0.000000 50.000000 -50.000000 30.500000 2 6 22:1:1,22:2:1,22:2:1,22:2:1,22:2:1,22:2:1,22:1:1,22:2:1,16:4:64,22:2:1,16:4:64,22:2:1,16:4:64,22:2:1,22:1:1,22:2:1,22:2:1,22:2:1,22:2:1,22:2:1,22:1:1, 48168.dat
