9 0 1.000000 -0.000000 0.000000 -0.000000 0.000000 1.000000 -0.000000 -1.000000 -0.000000 13.875003 12.000000 0.000001 5.875000 19.750000 11.750000 48170.dat
9 0 1.000000 -0.000000 0.000000 -0.000000 0.000000 1.000000 -0.000000 -1.000000 -0.000000 0.000003 0.835975 -0.000003 19.750000 19.750000 0.585975 48170.dat
9 0 1.000000 -0.000000 0.000000 -0.000000 0.000000 1.000000 -0.000000 -1.000000 -0.000000 0.000003 20.625000 -0.000003 19.750000 19.750000 3.125000 48170.dat
9 0 1.000000 -0.000000 0.000000 -0.000000 0.000000 1.000000 -0.000000 -1.000000 -0.000000 20.199677 12.000000 0.000003 2.050325 15.641025 11.750000 48170.dat
9 0 1.000000 -0.000000 0.000000 -0.000000 0.000000 1.000000 -0.000000 -1.000000 -0.000000 25.910776 0.504799 0.000005 5.660775 7.250000 3.745200 48170.dat
9 0 1.000000 -0.000000 0.000000 -0.000000 0.000000 1.000000 -0.000000 -1.000000 -0.000000 40.000000 -0.500001 8.167410 3.299650 0.152200 9.750000 48170.dat
9 0 1.000000 -0.000000 0.000000 -0.000000 0.000000 1.000000 -0.000000 -1.000000 -0.000000 48.178253 -0.500001 0.000013 0.173525 3.540850 9.750000 48170.dat
9 0 0.828862 -0.559452 0.000001 0.000000 0.000001 1.000000 -0.559452 -0.828862 0.000001 52.060501 -0.146700 0.000013 0.149650 3.744550 5.226700 48170.dat
9 0 0.586085 -0.559472 -0.586084 0.707106 -0.000000 0.707107 -0.395607 -0.828849 0.395606 48.528255 -0.146700 -8.528112 0.149750 3.744550 5.226700 48170.dat
9 0 0.000001 -0.559469 -0.828851 1.000000 -0.000000 0.000001 -0.000001 -0.828851 0.559469 40.000008 -0.146700 -12.060590 0.149700 3.744550 5.226700 48170.dat
9 0 0.586094 -0.559453 0.586095 -0.707107 0.000000 0.707106 -0.395593 -0.828862 -0.395593 48.528248 -0.146700 8.528138 0.149650 3.744550 5.226700 48170.dat
9 0 -0.000000 -0.559455 0.828861 -1.000000 -0.000000 -0.000000 0.000000 -0.828861 -0.559454 40.000000 -0.146700 12.060610 0.149625 3.744550 5.226700 48170.dat
9 0 -0.586092 -0.559458 0.586092 -0.707107 0.000000 -0.707107 0.395596 -0.828859 -0.395597 31.471876 -0.146700 8.528132 0.149575 3.744550 5.226700 48170.dat
9 0 1.000000 -0.000000 0.000000 -0.000000 0.000000 1.000000 -0.000000 -1.000000 -0.000000 -13.874996 12.000000 -0.000007 5.875000 19.750000 11.750000 48170.dat
9 0 -0.586089 -0.559462 -0.586090 0.707107 -0.000000 -0.707106 0.395599 -0.828856 0.395600 31.471882 -0.146700 -8.528117 0.149600 3.744550 5.226700 48170.dat
9 0 0.707107 -0.000001 -0.707107 0.707107 -0.000000 0.707106 -0.000001 -1.000000 0.000000 45.768749 -0.500001 5.777987 3.299650 0.152200 9.750000 48170.dat
9 0 -0.707106 0.000000 -0.707107 0.707107 0.000000 -0.707106 0.000000 -1.000000 -0.000000 45.768757 -0.500001 -5.759288 3.299650 0.152200 9.750000 48170.dat
9 0 -1.000000 0.000000 -0.000000 0.000000 -0.000000 -1.000000 -0.000000 -1.000000 0.000000 40.000008 -0.500001 -8.148740 3.299650 0.152200 9.750000 48170.dat
9 0 -0.707107 -0.000000 0.707107 -0.707107 0.000000 -0.707107 -0.000000 -1.000000 -0.000000 34.231380 -0.500001 -5.759292 3.299650 0.152200 9.750000 48170.dat
9 0 -0.000000 0.000000 1.000000 -1.000000 -0.000000 -0.000000 0.000000 -1.000000 0.000000 31.841928 -0.500001 0.009333 3.299650 0.152200 9.750000 48170.dat
9 0 0.707106 0.000001 0.707107 -0.707107 -0.000000 0.707106 0.000001 -1.000000 0.000000 34.231377 -0.500001 5.777958 3.299650 0.152200 9.750000 48170.dat
10 0 -46.631001 -0.019575 -30.000002 30.000002 34.503750 10.000000 48170.dat
3 23 -1.000000 0.000000 -0.000000 0.000000 1.000000 0.000000 0.000000 0.000000 -1.000000 20.000011 0.000000 -19.999998 4 4 18:1:1,23:4:1,18:2:1,23:4:1,18:1:1,23:4:1,1:4:1,23:4:1,1:4:1,23:4:1,29:0:1,23:4:1,18:4:1,23:4:1,18:2:1,23:4:1,1:4:1,23:4:1,1:4:1,23:4:1,18:1:1,23:4:1,18:2:1,23:4:1,18:1:1, 48170.dat
2 22 -1.000000 0.000000 -0.000000 0.000000 1.000000 0.000000 0.000000 0.000000 -1.000000 20.000011 24.000000 -19.999998 4 4 22:1:1,22:2:1,22:2:1,22:2:1,22:1:1,22:2:1,15:4:0,23:4:1,15:4:1,22:2:1,22:2:1,23:4:1,7:4:1,23:4:1,22:2:1,22:2:1,15:4:0,23:4:1,15:4:1,22:2:1,22:1:1,22:2:1,22:2:1,22:2:1,22:1:1, 48170.dat
0 2 -1.000000 0.000000 -0.000000 0.000000 -1.000000 -0.000000 -0.000000 -0.000000 1.000000 40.000004 -10.492251 0.009335 0 0 0.800000 0 0 48170.dat
0 2 -1.000000 0.000000 -0.000000 -0.000000 -0.000000 1.000000 -0.000000 1.000000 0.000000 -0.000003 9.500000 19.999998 0 0 0.800000 0 0 48170.dat
0 2 -1.000000 0.000000 -0.000000 0.000000 -0.000000 -1.000000 -0.000000 -1.000000 0.000000 0.000010 9.490199 -20.000004 0 0 0.800000 0 0 48170.dat
2 22 -1.000000 0.000000 -0.000000 -0.000000 -0.000000 1.000000 -0.000000 1.000000 0.000000 9.999997 19.500000 20.000000 2 2 22:1:1,22:2:1,22:1:1,22:2:1,16:4:64,22:2:1,22:1:1,22:2:1,22:1:1, 48170.dat
2 22 -1.000000 0.000000 -0.000000 0.000000 -0.000000 -1.000000 -0.000000 -1.000000 0.000000 10.000010 -0.500001 -20.000002 2 2 22:1:1,22:2:1,22:1:1,22:2:1,16:4:64,22:2:1,22:1:1,22:2:1,22:1:1, 48170.dat
2 22 -1.000000 0.000000 -0.000000 -0.000000 -1.000000 0.000000 -0.000000 0.000000 1.000000 50.000000 -10.500000 10.000012 2 2 29:0:1,22:2:1,29:0:1,22:2:1,16:4:64,22:2:1,29:0:1,22:2:1,29:0:1, 48170.dat
2 22 -1.000000 0.000000 -0.000000 0.000000 1.000000 0.000000 0.000000 0.000000 -1.000000 50.000008 9.500000 -9.999987 2 2 29:0:1,22:2:1,29:0:1,22:2:1,16:4:64,22:2:1,29:0:1,22:2:1,29:0:1, 48170.dat
