9 0 0.000000 -0.000000 -1.000000 1.000000 -0.000000 0.000000 -0.000000 -1.000000 0.000000 13.875003 12.000000 0.000001 19.750000 5.875000 11.750000 48171.dat
9 0 0.000000 -0.000000 -1.000000 1.000000 -0.000000 0.000000 -0.000000 -1.000000 0.000000 -13.874996 12.000000 -0.000007 19.750000 5.875000 11.750000 48171.dat
9 0 0.000000 -0.000000 -1.000000 1.000000 -0.000000 0.000000 -0.000000 -1.000000 0.000000 0.000003 20.625000 -0.000003 19.750000 7.500000 3.125000 48171.dat
9 0 0.000000 -0.000000 -1.000000 1.000000 -0.000000 0.000000 -0.000000 -1.000000 0.000000 0.000003 0.848949 -0.000003 19.750000 7.500000 0.598950 48171.dat
9 0 0.000000 -0.000000 -1.000000 1.000000 -0.000000 0.000000 -0.000000 -1.000000 0.000000 25.493055 10.945900 -7.249995 2.000000 5.243075 12.804100 48171.dat
9 0 0.000000 -0.000000 -1.000000 1.000000 -0.000000 0.000000 -0.000000 -1.000000 0.000000 40.000008 0.975774 -9.999990 9.750000 3.625000 0.482600 48171.dat
9 0 0.000000 0.000000 -1.000000 0.000000 1.000000 0.000000 1.000000 0.000000 0.000000 48.503506 9.500000 -9.999989 9.750000 3.625000 0.503400 48171.dat
9 0 0.000000 -0.000000 -1.000000 -0.707107 0.707106 -0.000000 0.707106 0.707107 -0.000000 46.012756 15.512824 -9.999989 9.750000 3.625000 0.503400 48171.dat
9 0 0.000000 0.000000 -1.000000 -1.000000 -0.000000 -0.000000 -0.000000 1.000000 0.000000 40.000008 18.003399 -9.999990 9.750000 3.625000 0.503400 48171.dat
9 0 0.000001 0.000001 -1.000000 -0.707107 -0.707106 -0.000001 -0.707106 0.707107 0.000000 33.987183 15.512824 -9.999992 9.750000 3.625000 0.503425 48171.dat
9 0 -0.000000 0.000000 1.000000 0.000000 -1.000000 0.000000 1.000000 0.000000 0.000000 31.496605 9.500000 -9.999992 9.750000 3.625000 0.503400 48171.dat
9 0 0.000000 0.496434 -0.868075 1.000000 0.000000 0.000000 0.000000 -0.868075 -0.496434 39.756756 -1.909001 -9.949989 5.498725 6.438600 0.503400 48171.dat
9 0 -0.361401 0.340346 -0.868075 0.685583 0.727995 0.000000 0.631954 -0.595137 -0.496434 48.139008 1.501100 -9.949964 5.498725 6.438600 0.503400 48171.dat
9 0 -0.495540 -0.029763 -0.868075 -0.059954 0.998201 -0.000000 0.866513 0.052044 -0.496433 51.403004 9.941225 -9.949962 5.498725 6.438600 0.503400 48171.dat
9 0 -0.318067 -0.381156 -0.868075 -0.767788 0.640704 -0.000000 0.556179 0.666497 -0.496433 47.496506 18.103874 -9.949964 5.498725 6.438600 0.503425 48171.dat
9 0 0.059419 -0.492865 -0.868075 -0.992811 -0.119691 -0.000001 -0.103901 0.861834 -0.496434 38.876007 20.856125 -9.949966 5.498725 6.438600 0.503400 48171.dat
9 0 0.399540 -0.294643 -0.868075 -0.593519 -0.804820 -0.000000 -0.698644 0.515219 -0.496434 30.962158 16.467226 -9.949968 5.498725 6.438600 0.503425 48171.dat
9 0 0.488415 0.088861 -0.868075 0.178998 -0.983850 -0.000000 -0.854055 -0.155384 -0.496433 28.731707 7.697100 -9.949969 5.498725 6.438600 0.503425 48171.dat
9 0 0.270160 0.416486 -0.868075 0.838956 -0.544200 0.000000 -0.472406 -0.728276 -0.496434 33.587154 0.060700 -9.949992 5.498725 6.438600 0.503425 48171.dat
9 0 0.000000 -0.000000 -1.000000 1.000000 -0.000000 0.000000 -0.000000 -1.000000 0.000000 21.125004 12.000000 0.050279 14.116176 2.125000 11.750000 48171.dat
9 0 0.000000 -0.000000 -1.000000 1.000000 -0.000000 0.000000 -0.000000 -1.000000 0.000000 25.493059 10.058300 -11.244745 1.494750 5.243075 6.629700 48171.dat
9 0 0.000000 -0.000000 -1.000000 1.000000 -0.000000 0.000000 -0.000000 -1.000000 0.000000 22.500002 -1.053999 0.000004 9.250000 2.250000 0.804100 48171.dat
9 0 0.000001 -0.000001 -1.000000 0.707107 -0.707106 0.000001 -0.707106 -0.707107 0.000000 33.972481 3.472474 -9.999992 9.750000 3.625000 0.482600 48171.dat
9 0 0.000000 0.000000 -1.000000 0.707107 0.707106 0.000000 0.707106 -0.707107 -0.000000 46.027504 3.472474 -9.999989 9.750000 3.625000 0.482600 48171.dat
10 0 -46.631001 -2.141950 -30.000002 30.000002 31.142000 10.000000 48171.dat
3 23 -1.000000 0.000000 -0.000000 0.000000 1.000000 0.000000 0.000000 0.000000 -1.000000 20.000011 0.000000 -19.999998 4 4 18:1:1,23:4:1,18:2:1,23:4:1,18:1:1,23:4:1,1:4:1,23:4:1,1:4:1,23:4:1,29:0:1,23:4:1,18:4:1,23:4:1,18:2:1,23:4:1,1:4:1,23:4:1,1:4:1,23:4:1,18:1:1,23:4:1,18:2:1,23:4:1,18:1:1, 48171.dat
2 22 -1.000000 0.000000 -0.000000 0.000000 1.000000 0.000000 0.000000 0.000000 -1.000000 20.000011 24.000000 -19.999998 4 4 22:1:1,22:2:1,22:2:1,22:2:1,22:1:1,22:2:1,15:4:0,23:4:1,15:4:1,22:2:1,22:2:1,23:4:1,7:4:2,23:4:1,22:2:1,22:2:1,15:4:0,23:4:1,15:4:1,22:2:1,22:1:1,22:2:1,22:2:1,22:2:1,22:1:1, 48171.dat
0 2 -1.000000 0.000000 -0.000000 0.000000 -0.000000 -1.000000 -0.000000 -1.000000 0.000000 40.000008 9.493176 -19.999992 0 0 0.800000 0 0 48171.dat
0 2 -1.000000 0.000000 -0.000000 -0.000000 -0.000000 1.000000 -0.000000 1.000000 0.000000 -0.000003 9.500000 19.999998 0 0 0.800000 0 0 48171.dat
0 2 1.000000 -0.000000 0.000000 0.000000 0.000000 -1.000000 0.000000 1.000000 0.000000 0.000010 9.490199 -20.000004 0 0 0.800000 0 0 48171.dat
2 22 -1.000000 0.000000 -0.000000 0.000000 -0.000000 -1.000000 -0.000000 -1.000000 0.000000 50.000011 -0.500001 -19.999990 2 6 29:0:1,22:2:1,29:0:1,29:0:1,22:1:1,22:2:1,22:1:1,22:2:1,16:4:64,22:2:1,29:0:1,22:2:1,16:4:64,22:2:1,29:0:1,22:2:1,29:0:1,29:0:1,22:1:1,22:2:1,22:1:1, 48171.dat
2 22 -1.000000 0.000000 -0.000000 -0.000000 -0.000000 1.000000 -0.000000 1.000000 0.000000 50.000008 19.500000 0.000013 2 2 29:0:1,22:2:1,29:0:1,22:2:1,16:4:64,22:2:1,29:0:1,22:2:1,29:0:1, 48171.dat
2 22 -1.000000 0.000000 -0.000000 -0.000000 -0.000000 1.000000 -0.000000 1.000000 0.000000 9.999997 19.500000 20.000000 2 2 22:1:1,22:2:1,22:1:1,22:2:1,16:4:64,22:2:1,22:1:1,22:2:1,22:1:1, 48171.dat
