9 0 0.000000 0.000000 -1.000000 0.000000 1.000000 0.000000 1.000000 0.000000 0.000000 0.000000 4.000000 0.000000 19.750000 3.750000 19.750000 48183.dat
9 0 0.000000 0.000000 -1.000000 0.000000 1.000000 0.000000 1.000000 0.000000 0.000000 -29.375002 4.000000 38.500004 1.250000 3.750000 9.125000 48183.dat
9 0 -0.316096 0.000000 -0.948727 0.000000 1.000000 0.000000 0.948727 0.000000 -0.316096 36.759747 4.000000 36.011600 1.316800 3.750000 1.192125 48183.dat
9 0 0.316096 0.000000 -0.948727 0.000000 1.000000 0.000000 0.948727 0.000000 0.316096 -23.060951 1.375000 8.952226 28.185251 1.125000 5.852150 48183.dat
9 0 0.000000 0.000000 -1.000000 0.000000 1.000000 0.000000 1.000000 0.000000 0.000000 29.374998 4.000000 38.500004 1.250000 3.750000 9.125000 48183.dat
9 0 0.000000 0.000000 -1.000000 0.000000 1.000000 0.000000 1.000000 0.000000 0.000000 21.499998 4.000000 26.625002 10.125000 3.750000 1.250000 48183.dat
9 0 -0.316096 0.000000 -0.948727 0.000000 1.000000 0.000000 0.948727 0.000000 -0.316096 22.503752 4.000000 -7.462499 12.436175 3.750000 1.192125 48183.dat
9 0 -0.316096 0.000000 -0.948727 0.000000 1.000000 0.000000 0.948727 0.000000 -0.316096 22.503752 4.000000 -7.462499 12.436175 3.750000 1.192125 48183.dat
9 0 -0.316096 0.000000 -0.948727 0.000000 1.000000 0.000000 0.948727 0.000000 -0.316096 31.399500 4.000000 19.697702 2.855050 3.750000 1.192125 48183.dat
9 0 0.000000 0.000000 -1.000000 0.000000 1.000000 0.000000 1.000000 0.000000 0.000000 25.035000 4.000000 18.125002 1.625000 3.750000 4.785100 48183.dat
9 0 0.000000 0.000000 -1.000000 0.000000 1.000000 0.000000 1.000000 0.000000 0.000000 -25.035101 4.000000 18.125000 1.625000 3.750000 4.785100 48183.dat
9 0 0.000000 0.000000 -1.000000 0.000000 1.000000 0.000000 1.000000 0.000000 0.000000 -21.500000 4.000000 26.625002 10.125000 3.750000 1.250000 48183.dat
9 0 0.316096 0.000000 -0.948727 0.000000 1.000000 0.000000 0.948727 0.000000 0.316096 -22.640100 5.375000 -7.513750 12.430574 2.375000 1.192125 48183.dat
9 0 0.316096 0.000000 -0.948727 0.000000 1.000000 0.000000 0.948727 0.000000 0.316096 -31.516951 5.375000 19.664501 2.849475 2.375000 1.192125 48183.dat
9 0 0.311716 0.000000 -0.950175 0.000000 1.000000 0.000000 0.950175 0.000000 0.311716 -36.896652 5.375000 35.977001 1.299750 2.375000 1.192125 48183.dat
9 0 -0.316096 0.000000 -0.948727 0.000000 1.000000 0.000000 0.948727 0.000000 -0.316096 23.141497 1.375000 8.925351 28.185251 1.125000 5.767125 48183.dat
10 0 -10.000000 0.000000 -70.000000 50.000000 12.450000 10.000000 48183.dat
3 23 0.000000 0.000000 -1.000000 0.000000 1.000000 0.000000 1.000000 0.000000 0.000000 19.999998 0.000000 20.000002 4 4 18:1:1,23:4:1,18:2:1,23:4:1,18:1:1,23:4:1,0:4:1,23:4:1,0:4:1,23:4:1,18:2:1,23:4:1,18:4:1,23:4:1,18:2:1,23:4:1,0:4:1,23:4:1,0:4:1,23:4:1,18:1:1,23:4:1,18:2:1,23:4:1,18:1:1, 48183.dat
2 22 0.000000 0.000000 -1.000000 0.000000 1.000000 0.000000 1.000000 0.000000 0.000000 39.999996 8.000000 40.000004 8 6 22:1:1,29:0:1,29:0:1,29:0:1,29:0:1,29:0:1,29:0:1,22:2:1,15:4:0,22:2:1,29:0:1,22:2:1,29:0:1,29:0:1,22:1:1,22:2:1,22:3:1,22:2:1,22:2:1,22:2:1,22:1:1,29:0:1,29:0:1,22:2:1,15:4:1,23:4:1,15:4:1,22:2:1,29:0:1,29:0:1,22:2:1,23:4:1,7:4:2,23:4:1,22:2:1,29:0:1,29:0:1,22:2:1,15:4:1,23:4:1,15:4:1,22:2:1,22:1:1,22:2:1,22:3:1,22:2:1,22:2:1,22:2:1,22:1:1,22:2:1,15:4:0,22:2:1,29:0:1,22:2:1,29:0:1,29:0:1,22:1:1,29:0:1,29:0:1,29:0:1,29:0:1,29:0:1,29:0:1, 48183.dat
