9 0 -0.000000 0.000000 -1.000000 0.000000 1.000000 0.000000 1.000000 0.000000 -0.000000 4.425956 -4.425950 10.249998 9.500000 1.449050 1.449050 482.dat
9 0 -0.000000 0.000000 -1.000000 0.000000 1.000000 0.000000 1.000000 0.000000 -0.000000 6.250001 -0.037375 -6.362001 6.112000 4.463375 1.750000 482.dat
9 0 -0.000000 0.000000 -1.000000 0.000000 1.000000 0.000000 1.000000 0.000000 -0.000000 -6.249999 -0.037375 -6.361999 6.112000 4.463375 1.750000 482.dat
9 0 -0.000000 0.000000 -1.000000 0.000000 1.000000 0.000000 1.000000 0.000000 -0.000000 6.249999 0.000000 -12.638927 2.388925 2.274825 1.750000 482.dat
9 0 -0.000000 0.000000 -1.000000 0.000000 1.000000 0.000000 1.000000 0.000000 -0.000000 -6.250001 0.000000 -12.638924 2.388925 2.274825 1.750000 482.dat
9 0 -0.000000 0.000000 -1.000000 0.000000 1.000000 0.000000 1.000000 0.000000 -0.000000 4.425956 4.425950 10.249998 9.500000 1.449050 1.449050 482.dat
9 0 -0.000000 0.000000 -1.000000 0.000000 1.000000 0.000000 1.000000 0.000000 -0.000000 -4.425944 4.425950 10.250001 9.500000 1.449050 1.449050 482.dat
9 0 -0.000000 0.000000 -1.000000 0.000000 1.000000 0.000000 1.000000 0.000000 -0.000000 -4.425944 -4.425950 10.250001 9.500000 1.449050 1.449050 482.dat
9 0 -0.000000 0.000000 -1.000000 0.000000 1.000000 0.000000 1.000000 0.000000 -0.000000 0.000006 -7.225000 10.250000 9.500000 0.850000 2.450000 482.dat
9 0 -0.000000 0.000000 -1.000000 0.000000 1.000000 0.000000 1.000000 0.000000 -0.000000 0.000006 7.225000 10.250000 9.500000 0.850000 2.450000 482.dat
9 0 -0.000000 -0.000000 -1.000000 1.000000 0.000000 -0.000000 0.000000 -1.000000 0.000000 7.225007 0.000000 10.249997 9.500000 0.850000 2.450000 482.dat
9 0 -0.000000 0.000000 -1.000000 -1.000000 0.000000 0.000000 0.000000 1.000000 0.000000 -7.224993 0.000000 10.250003 9.500000 0.850000 2.450000 482.dat
9 0 -0.000000 0.000000 -1.000000 0.707106 -0.707108 -0.000000 -0.707108 -0.707106 0.000000 5.095706 -5.095700 10.249998 9.500000 0.831400 2.450000 482.dat
9 0 -0.000000 0.000000 -1.000000 -0.707106 -0.707108 0.000000 -0.707108 0.707106 0.000000 -5.095694 -5.095700 10.250001 9.500000 0.831400 2.450000 482.dat
9 0 -0.000000 -0.000000 -1.000000 0.707106 0.707108 -0.000000 0.707108 -0.707106 -0.000000 5.095706 5.095700 10.249998 9.500000 0.831400 2.450000 482.dat
9 0 -0.000000 0.000000 -1.000000 -0.707106 0.707108 0.000000 0.707108 0.707106 -0.000000 -5.095694 5.095700 10.250001 9.500000 0.831400 2.450000 482.dat
10 0 -6.150000 -8.750000 -8.750000 30.000002 8.750000 8.750000 482.dat
0 4 0.000000 1.000000 -0.000000 0.000000 0.000000 1.000000 1.000000 -0.000000 -0.000000 0.000009 0.000000 20.000002 0 1 0.800000 0 0 482.dat
6 2 0.000000 0.000000 1.000000 -1.000000 -0.000000 0.000000 0.000000 -1.000000 -0.000000 0.000000 0.000000 -10.000000 1.570796 -1.570796 1.570796 -1.570796 0 482.dat
