9 0 -1.000000 0.000000 -0.000000 0.000000 1.000000 0.000000 0.000000 0.000000 -1.000000 -34.840752 1.596275 -0.000011 24.113825 28.767500 2.980350 48284.dat
9 0 -0.707107 0.000000 -0.707107 0.000000 1.000000 0.000000 0.707107 0.000000 -0.707107 0.041525 -0.431175 0.000000 2.607800 11.546000 2.607800 48284.dat
9 0 -0.353553 0.612372 -0.707107 0.866025 0.500000 0.000000 0.353554 -0.612373 -0.707106 -18.379549 -24.091000 -0.278481 2.607800 21.552675 2.607800 48284.dat
9 0 0.122788 0.696364 -0.707107 0.984808 -0.173648 0.000001 -0.122787 -0.696364 -0.707107 -80.222252 -26.336250 0.085924 2.607800 44.796749 2.607800 48284.dat
9 0 -1.000000 0.000000 -0.000000 0.000000 1.000000 0.000000 0.000000 0.000000 -1.000000 -4.018525 -11.925076 -0.000001 6.893725 4.687000 3.691225 48284.dat
9 0 -1.000000 0.000000 -0.000000 0.000000 1.000000 0.000000 0.000000 0.000000 -1.000000 -3.544075 9.761050 -0.000001 7.056550 2.659800 3.241475 48284.dat
9 0 -0.989893 -0.141814 -0.000000 -0.141814 0.989893 -0.000000 0.000000 0.000000 -1.000000 -88.064995 -5.890500 -0.000029 36.986752 11.513700 2.980350 48284.dat
9 0 -0.142324 0.989820 -0.000000 0.989820 0.142324 0.000000 0.000000 0.000000 -1.000000 -67.178001 -5.053200 -0.000022 24.618000 12.561950 2.980350 48284.dat
10 0 -5.000000 -32.240501 -5.000000 127.041992 38.061249 5.000000 48284.dat
0 7 -1.000000 0.000000 -0.000000 0.000000 1.000000 0.000000 0.000000 0.000000 -1.000000 0.000000 7.000000 0.000000 1 1 0.560000 0 1 48284.dat
