9 0 1.000000 0.000000 0.000000 0.000000 1.000000 0.000000 0.000000 0.000000 1.000000 0.000000 18.021626 0.000000 2.468375 11.371625 2.468375 48729.dat
9 0 0.632705 -0.774393 0.000000 0.774393 0.632705 0.000000 0.000000 0.000000 1.000000 5.372150 5.910925 0.000000 4.237075 1.113925 1.250000 48729.dat
9 0 -0.632705 -0.774393 -0.000000 -0.774393 0.632705 -0.000000 0.000000 0.000000 -1.000000 -5.372150 5.910925 0.000000 4.237075 1.113925 1.250000 48729.dat
9 0 -0.936308 -0.351181 -0.000000 -0.351181 0.936308 -0.000000 0.000000 0.000000 -1.000000 -5.591025 4.177502 0.000000 3.431800 1.000500 3.750000 48729.dat
9 0 -0.277473 0.960733 -0.000000 0.960733 0.277473 0.000000 0.000000 -0.000000 -1.000000 -6.396650 -0.227749 0.000000 3.926150 1.654325 3.750000 48729.dat
9 0 0.936308 -0.351181 0.000000 0.351181 0.936308 0.000000 0.000000 0.000000 1.000000 5.591025 4.177502 0.000000 3.431800 1.000500 3.750000 48729.dat
9 0 0.277473 0.960733 0.000000 -0.960733 0.277473 0.000000 0.000000 0.000000 1.000000 6.396650 -0.227749 0.000000 3.926150 1.654325 3.750000 48729.dat
9 0 0.292479 0.956272 0.000000 -0.956272 0.292479 0.000000 0.000000 0.000000 1.000000 6.310075 -0.418249 0.000000 6.172550 0.486150 3.750000 48729.dat
9 0 -0.292478 0.956272 -0.000000 0.956272 0.292478 0.000000 0.000000 -0.000000 -1.000000 -6.319125 -0.418249 0.000000 6.172550 0.486150 3.750000 48729.dat
10 0 -10.000000 0.000000 -4.000000 10.000000 37.271500 4.000000 48729.dat
0 7 0.000000 -0.000000 -1.000000 0.000000 -1.000000 0.000000 -1.000000 -0.000000 0.000000 0.000000 10.500000 0.000000 0 0 0.720000 0 0 48729.dat
0 6 -0.000000 1.000000 -0.000000 0.000000 -0.000000 -1.000000 -1.000000 0.000000 -0.000000 0.000000 0.500000 -4.000000 0 0 0.320000 1 0 48729.dat
2 22 1.000000 0.000000 0.000000 0.000000 1.000000 0.000000 0.000000 0.000000 1.000000 -10.000000 30.500000 10.000000 2 2 29:0:0,29:0:0,29:0:0,29:0:0,9:4:32,29:0:0,29:0:0,29:0:0,29:0:0, 48729.dat
