9 0 1.000000 0.000000 0.000000 0.000000 1.000000 0.000000 0.000000 0.000000 1.000000 0.000000 2.000000 -8.205125 4.818650 11.750000 0.205125 48723.dat
9 0 1.000000 0.000000 0.000000 0.000000 1.000000 0.000000 0.000000 0.000000 1.000000 -4.581050 -8.624999 4.581050 2.081050 1.125000 2.081050 48723.dat
9 0 1.000000 0.000000 0.000000 0.000000 1.000000 0.000000 0.000000 0.000000 1.000000 -4.581050 -8.624999 -4.581050 2.081050 1.125000 2.081050 48723.dat
9 0 1.000000 0.000000 0.000000 0.000000 1.000000 0.000000 0.000000 0.000000 1.000000 4.581050 -8.624999 4.581050 2.081050 1.125000 2.081050 48723.dat
9 0 1.000000 0.000000 0.000000 0.000000 1.000000 0.000000 0.000000 0.000000 1.000000 4.581050 -8.624999 -4.581050 2.081050 1.125000 2.081050 48723.dat
9 0 0.500000 0.000000 0.866025 0.000000 1.000000 0.000000 -0.866025 0.000000 0.500000 7.105850 2.000000 -4.102550 4.818650 11.750000 0.205125 48723.dat
9 0 -0.500000 0.000000 0.866025 0.000000 1.000000 0.000000 -0.866025 0.000000 -0.500000 7.105850 2.000000 4.102575 4.818650 11.750000 0.205125 48723.dat
9 0 -1.000000 0.000000 -0.000000 0.000000 1.000000 0.000000 0.000000 0.000000 -1.000000 0.000000 2.000000 8.205125 4.818650 11.750000 0.205125 48723.dat
9 0 -0.500000 0.000000 -0.866025 0.000000 1.000000 0.000000 0.866025 0.000000 -0.500000 -7.105850 2.000000 4.102550 4.818650 11.750000 0.205125 48723.dat
9 0 0.500000 0.000000 -0.866025 0.000000 1.000000 0.000000 0.866025 0.000000 0.500000 -7.105850 2.000000 -4.102575 4.818650 11.750000 0.205125 48723.dat
9 0 0.707107 -0.707107 0.000000 0.707107 0.707107 0.000000 0.000000 0.000000 1.000000 0.000000 0.000775 -19.132299 2.667700 2.667700 10.617701 48723.dat
9 0 0.000000 -0.707107 0.707106 0.000000 0.707106 0.707107 -1.000000 -0.000000 0.000000 19.132299 0.000775 0.000000 2.667700 2.667700 10.617701 48723.dat
9 0 -0.707108 -0.707106 -0.000000 -0.707106 0.707108 -0.000000 0.000000 0.000000 -1.000000 0.000000 0.000775 19.132299 2.667700 2.667700 10.617701 48723.dat
9 0 0.000000 -0.707107 -0.707106 0.000000 0.707106 -0.707107 1.000000 0.000000 0.000000 -19.132299 0.000775 0.000000 2.667700 2.667700 10.617701 48723.dat
10 0 -30.000002 0.000000 -30.000002 30.000002 24.000000 30.000002 48723.dat
0 7 -0.000000 1.000000 0.000000 -1.000000 -0.000000 0.000000 0.000000 0.000000 1.000000 -30.000002 0.000775 0.000000 0 1 0.770000 0 0 48723.dat
0 7 -0.000000 1.000000 -0.000000 0.000000 -0.000000 -1.000000 -1.000000 0.000000 -0.000000 0.000000 0.000775 -30.000002 0 1 0.770000 0 0 48723.dat
0 7 0.000000 1.000000 -0.000000 1.000000 0.000000 0.000000 0.000000 -0.000000 -1.000000 30.000002 0.000775 0.000000 0 1 0.770000 0 0 48723.dat
0 7 -0.000000 1.000000 0.000000 0.000000 -0.000000 1.000000 1.000000 0.000000 -0.000000 0.000000 0.000775 30.000002 0 1 0.770000 0 0 48723.dat
0 4 1.000000 0.000000 0.000000 0.000000 1.000000 0.000000 0.000000 0.000000 1.000000 0.000000 -7.250000 0.000000 0 0 0.110000 0 0 48723.dat
0 2 -0.000000 0.000000 1.000000 0.000000 1.000000 0.000000 -1.000000 0.000000 -0.000000 0.000000 14.000000 0.000000 0 0 0.800000 0 0 48723.dat
2 22 -0.000000 1.000000 0.000000 -1.000000 -0.000000 0.000000 0.000000 0.000000 1.000000 -30.000002 -9.999225 10.000000 2 2 29:0:0,29:0:0,29:0:0,29:0:0,9:4:32,29:0:0,29:0:0,29:0:0,29:0:0, 48723.dat
2 22 -0.000000 -1.000000 0.000000 1.000000 -0.000000 0.000000 0.000000 0.000000 1.000000 30.000002 10.000775 10.000000 2 2 29:0:0,29:0:0,29:0:0,29:0:0,9:4:32,29:0:0,29:0:0,29:0:0,29:0:0, 48723.dat
2 22 -0.000000 1.000000 0.000000 0.000000 -0.000000 1.000000 1.000000 0.000000 -0.000000 10.000000 -9.999225 30.000002 2 2 29:0:0,29:0:0,29:0:0,29:0:0,9:4:32,29:0:0,29:0:0,29:0:0,29:0:0, 48723.dat
2 22 -0.000000 -1.000000 0.000000 -0.000000 -0.000000 -1.000000 1.000000 0.000000 -0.000000 10.000000 10.000775 -30.000002 2 2 29:0:0,29:0:0,29:0:0,29:0:0,9:4:32,29:0:0,29:0:0,29:0:0,29:0:0, 48723.dat
2 22 1.000000 0.000000 0.000000 0.000000 1.000000 0.000000 0.000000 0.000000 1.000000 -10.000000 14.000000 10.000000 2 2 29:0:0,29:0:0,29:0:0,29:0:0,15:4:32,29:0:0,29:0:0,29:0:0,29:0:0, 48723.dat
