9 0 0.000000 0.000000 -1.000000 0.000000 1.000000 0.000000 1.000000 0.000000 0.000000 0.000000 12.439000 -4.196325 25.831751 12.164000 9.550000 48812.dat
9 0 -0.000000 -1.000000 0.000000 0.000000 -0.000000 -1.000000 1.000000 0.000000 0.000000 5.863250 36.249249 -22.497126 11.519150 5.090275 3.330200 48812.dat
9 0 0.000000 0.500000 -0.866025 -0.000000 0.866025 0.500000 1.000000 0.000000 0.000000 -0.000000 18.575399 29.150501 2.461675 14.669500 3.500000 48812.dat
9 0 -0.000000 -0.898794 0.438371 0.000000 -0.438371 -0.898794 1.000000 0.000000 0.000000 -5.876675 34.352749 -23.915451 13.052575 4.656450 3.330025 48812.dat
9 0 0.000000 -0.743145 -0.669131 0.000000 0.669131 -0.743145 1.000000 0.000000 0.000000 0.000000 -2.791650 -29.976749 16.170650 11.573400 5.235600 48812.dat
9 0 0.000000 -0.874969 -0.484179 0.000000 0.484179 -0.874969 1.000000 0.000000 0.000000 -0.000000 25.952499 19.329975 22.254200 4.669825 9.550000 48812.dat
10 0 -39.387501 -48.125500 -9.800000 49.793999 23.179525 9.800000 48812.dat
3 23 0.000000 0.000000 -1.000000 0.000000 1.000000 0.000000 1.000000 0.000000 0.000000 10.000000 0.000000 10.000000 2 2 29:0:0,29:0:0,29:0:0,29:0:0,1:4:32,29:0:0,29:0:0,29:0:0,29:0:0, 48812.dat
2 22 0.000000 0.000000 -1.000000 0.000000 1.000000 0.000000 1.000000 0.000000 0.000000 10.000000 48.000000 30.000002 2 6 29:0:1,29:0:1,29:0:1,29:0:1,29:0:1,29:0:1,29:0:1,29:0:1,15:4:0,29:0:1,29:0:1,29:0:1,15:4:0,29:0:1,29:0:1,29:0:1,29:0:1,29:0:1,29:0:1,29:0:1,29:0:1, 48812.dat
