9 0 -0.000000 -0.000000 -1.000000 0.000000 -1.000000 0.000000 -1.000000 -0.000000 0.000000 0.013920 28.336147 0.000000 9.750000 0.265525 2.197725 48989.dat
9 0 -0.000000 1.000000 -0.000000 0.000000 0.000000 1.000000 1.000000 0.000000 -0.000000 -0.023251 20.001949 18.875002 4.074575 10.875000 4.032125 48989.dat
9 0 -0.000000 -0.000000 -1.000000 0.000000 -1.000000 0.000000 -1.000000 -0.000000 0.000000 0.013927 -28.292501 0.000003 9.750000 0.265525 2.197725 48989.dat
9 0 -0.000000 -0.000000 -1.000000 -1.000000 -0.000000 0.000000 -0.000000 1.000000 -0.000000 -8.500002 -0.000003 0.000000 9.750000 0.500000 12.000000 48989.dat
9 0 -0.000000 -0.000000 -1.000000 -1.000000 -0.000000 0.000000 -0.000000 1.000000 -0.000000 8.499999 0.000000 0.000000 9.750000 0.500000 12.000000 48989.dat
9 0 -0.000000 1.000000 -0.000000 0.000000 0.000000 1.000000 1.000000 0.000000 -0.000000 -0.024476 -19.998003 -18.874996 4.072800 10.875000 4.032125 48989.dat
9 0 -0.000000 1.000000 -0.000000 0.000000 0.000000 1.000000 1.000000 0.000000 -0.000000 -0.024472 -19.997997 18.875004 4.072800 10.875000 4.032125 48989.dat
9 0 -0.000000 1.000000 -0.000000 0.000000 0.000000 1.000000 1.000000 0.000000 -0.000000 -0.023256 20.001945 -18.875000 4.072800 10.875000 4.032125 48989.dat
9 0 1.000000 -0.000003 0.000002 -0.000003 -1.000000 -0.000001 0.000002 0.000000 -1.000000 -0.000001 -13.875003 -8.874994 8.999975 5.875000 0.875050 48989.dat
9 0 1.000000 -0.000003 0.000002 -0.000003 -1.000000 -0.000001 0.000002 0.000000 -1.000000 0.000002 -13.875000 8.875028 8.999975 5.875000 0.875050 48989.dat
9 0 1.000000 -0.000003 0.000002 -0.000003 -1.000000 -0.000001 0.000002 0.000000 -1.000000 -0.000002 13.875023 8.875026 8.999975 5.875000 0.875050 48989.dat
9 0 1.000000 -0.000003 0.000002 -0.000003 -1.000000 -0.000001 0.000002 0.000000 -1.000000 -0.000004 13.875021 -8.874997 8.999975 5.875000 0.875050 48989.dat
9 0 -1.000000 0.000002 0.000003 0.000002 1.000000 -0.000001 -0.000003 -0.000001 -1.000000 -0.000005 28.162544 -0.101247 9.750000 0.138900 3.024825 48989.dat
9 0 -1.000000 -0.000004 -0.000000 -0.000001 0.248008 0.968758 -0.000004 0.968758 -0.248008 -0.000003 22.051622 7.912776 9.750000 0.138900 3.164000 48989.dat
9 0 -1.000000 0.000002 0.000004 -0.000003 0.269597 -0.962973 -0.000003 -0.962973 -0.269597 -0.000005 22.191471 -7.929000 9.750000 0.138900 3.434700 48989.dat
9 0 1.000000 -0.000003 0.000002 -0.000003 -1.000000 -0.000001 0.000002 0.000000 -1.000000 0.000002 -28.179502 -0.101244 9.750000 0.138900 3.434700 48989.dat
9 0 1.000000 -0.000004 0.000002 0.000001 -0.269598 -0.962973 0.000004 0.962973 -0.269598 0.000001 -22.191502 -7.928997 9.750000 0.138900 3.147075 48989.dat
9 0 1.000000 0.000004 -0.000002 0.000003 -0.244992 0.969525 0.000004 -0.969525 -0.244992 0.000002 -22.026749 7.919054 9.750000 0.138900 3.258725 48989.dat
9 0 -1.000000 0.000004 0.000000 0.000003 0.819152 -0.573576 -0.000003 -0.573576 -0.819152 -0.000005 26.658619 -4.763749 9.750000 0.138900 3.434700 48989.dat
9 0 -1.000000 0.000000 0.000004 0.000002 0.819152 0.573576 -0.000003 0.573576 -0.819152 -0.000004 26.751772 4.626501 9.750000 0.138900 3.047425 48989.dat
9 0 1.000000 -0.000004 0.000001 -0.000002 -0.819152 -0.573576 0.000003 0.573576 -0.819152 0.000001 -26.658749 -4.763746 9.750000 0.138900 3.078100 48989.dat
9 0 1.000000 -0.000000 0.000003 -0.000002 -0.819152 0.573577 0.000003 -0.573577 -0.819152 0.000003 -26.753998 4.628006 9.750000 0.138900 2.938000 48989.dat
9 0 1.000000 0.000002 -0.000004 0.000002 0.582695 0.812691 0.000004 -0.812691 0.582695 0.000001 -15.192251 6.604002 9.750000 0.138900 3.160550 48989.dat
9 0 1.000000 -0.000004 -0.000000 0.000002 0.564385 -0.825511 0.000004 0.825511 0.564386 -0.000000 -15.412249 -6.811497 9.750000 0.138900 3.005450 48989.dat
9 0 -1.000000 -0.000002 -0.000004 -0.000002 -0.582696 0.812690 -0.000004 0.812690 0.582696 -0.000002 15.188898 6.608851 9.750000 0.138900 3.047175 48989.dat
9 0 -1.000000 0.000004 -0.000000 -0.000002 -0.564386 -0.825511 -0.000004 -0.825511 0.564386 -0.000004 15.412271 -6.811500 9.750000 0.138900 3.434700 48989.dat
10 0 -10.000000 0.000000 -10.000000 50.000000 60.000004 10.000000 48989.dat
0 3 0.000000 -1.000000 0.000000 0.000000 0.000000 1.000000 -1.000000 -0.000000 0.000000 0.000000 20.000000 30.000002 0 1 0.800000 0 0 48989.dat
0 3 0.000000 -1.000000 0.000000 0.000000 0.000000 1.000000 -1.000000 -0.000000 0.000000 0.000005 -19.999998 30.000004 0 1 0.800000 0 0 48989.dat
0 3 0.000000 -1.000000 0.000000 -0.000000 -0.000000 -1.000000 1.000000 0.000000 0.000000 -0.000002 -20.000004 -30.000002 0 1 0.800000 0 0 48989.dat
0 3 0.000000 -1.000000 0.000000 -0.000000 -0.000000 -1.000000 1.000000 0.000000 0.000000 -0.000007 19.999992 -30.000002 0 1 0.800000 0 0 48989.dat
0 2 0.000000 -1.000000 0.000000 1.000000 0.000000 -0.000000 0.000000 0.000000 1.000000 9.999996 19.999998 0.000000 0 0 0.800000 0 0 48989.dat
0 2 0.000000 -1.000000 0.000000 1.000000 0.000000 -0.000000 0.000000 0.000000 1.000000 10.000002 -20.000000 0.000003 0 0 0.800000 0 0 48989.dat
0 2 0.000000 -1.000000 0.000000 0.000000 0.000000 1.000000 -1.000000 -0.000000 0.000000 0.000000 -0.000001 10.000002 0 0 0.800000 0 0 48989.dat
2 22 0.000000 -1.000000 0.000000 1.000000 0.000000 -0.000000 0.000000 0.000000 1.000000 9.999996 29.999998 10.000001 2 6 22:1:1,22:2:1,22:2:1,22:2:1,22:2:1,22:2:1,22:1:1,22:2:1,16:4:64,22:2:1,22:2:1,22:2:1,16:4:64,22:2:1,22:1:1,22:2:1,22:2:1,22:2:1,22:2:1,22:2:1,22:1:1, 48989.dat
2 22 -0.000000 1.000000 0.000000 -1.000000 -0.000000 0.000000 0.000000 0.000000 1.000000 -9.999996 -30.000002 10.000004 2 6 22:1:1,22:2:1,22:2:1,22:2:1,22:2:1,22:2:1,22:1:1,22:2:1,16:4:64,22:2:1,22:2:1,22:2:1,16:4:64,22:2:1,22:1:1,22:2:1,22:2:1,22:2:1,22:2:1,22:2:1,22:1:1, 48989.dat
2 22 0.000000 -1.000000 0.000000 -0.000000 -0.000000 -1.000000 1.000000 0.000000 0.000000 9.999996 9.999998 -9.999999 2 2 22:1:1,22:2:1,22:1:1,22:2:1,16:4:64,22:2:1,22:1:1,22:2:1,22:1:1, 48989.dat
2 22 0.000000 -1.000000 0.000000 0.000000 0.000000 1.000000 -1.000000 -0.000000 0.000000 -10.000002 9.999997 10.000001 2 2 22:1:1,22:2:1,22:1:1,22:2:1,16:4:64,22:2:1,22:1:1,22:2:1,22:1:1, 48989.dat
