9 0 0.000000 0.000000 -1.000000 0.000000 1.000000 0.000000 1.000000 0.000000 0.000000 0.000000 4.000000 50.000000 19.750000 3.750000 59.750004 50303.dat
9 0 -0.316632 0.000000 -0.948548 0.000000 1.000000 0.000000 0.948548 0.000000 -0.316632 36.624496 4.000000 34.429001 2.950350 3.750000 23.325249 50303.dat
9 0 -0.447302 0.000000 -0.894383 0.000000 1.000000 0.000000 0.894383 0.000000 -0.447302 0.975251 4.000000 -55.324745 4.365625 3.750000 23.325249 50303.dat
9 0 0.316959 0.000000 -0.948439 0.000000 1.000000 0.000000 0.948439 0.000000 0.316959 -21.615250 4.000000 -10.479999 12.436375 3.750000 23.325249 50303.dat
9 0 0.448660 0.000000 -0.893703 0.000000 1.000000 0.000000 0.893703 0.000000 0.448660 -17.321751 4.000000 -22.627747 3.336225 3.750000 23.325249 50303.dat
9 0 0.000000 0.000000 -1.000000 0.000000 1.000000 0.000000 1.000000 0.000000 0.000000 0.000000 4.000000 -15.846247 53.903751 3.750000 19.750000 50303.dat
9 0 0.316959 0.000000 -0.948439 0.000000 1.000000 0.000000 0.948439 0.000000 0.316959 -36.625725 4.000000 34.436504 2.951000 3.750000 23.325249 50303.dat
9 0 0.448660 0.000000 -0.893703 0.000000 1.000000 0.000000 0.893703 0.000000 0.448660 -8.435249 4.000000 -40.329243 3.476675 3.750000 23.325249 50303.dat
9 0 0.448660 0.000000 -0.893703 0.000000 1.000000 0.000000 0.893703 0.000000 0.448660 -0.937000 4.000000 -55.265247 4.365600 3.750000 23.325249 50303.dat
9 0 0.316959 0.000000 -0.948439 0.000000 1.000000 0.000000 0.948439 0.000000 0.316959 -30.634577 4.000000 16.509003 2.951000 3.750000 23.325249 50303.dat
9 0 -0.316632 0.000000 -0.948548 0.000000 1.000000 0.000000 0.948548 0.000000 -0.316632 30.640251 4.000000 16.502253 2.950350 3.750000 23.325249 50303.dat
9 0 -0.316632 0.000000 -0.948548 0.000000 1.000000 0.000000 0.948548 0.000000 -0.316632 21.629000 4.000000 -10.492998 12.436375 3.750000 23.325249 50303.dat
9 0 -0.447302 0.000000 -0.894383 0.000000 1.000000 0.000000 0.894383 0.000000 -0.447302 8.451003 4.000000 -40.377247 3.476700 3.750000 23.325249 50303.dat
9 0 -0.447302 0.000000 -0.894383 0.000000 1.000000 0.000000 0.894383 0.000000 -0.447302 17.252249 4.000000 -22.778999 3.199950 3.750000 23.325249 50303.dat
9 0 0.321052 0.000000 -0.947062 0.000000 1.000000 0.000000 0.947062 0.000000 0.321052 -12.073499 4.000000 -11.698747 53.903751 3.750000 18.500000 50303.dat
9 0 -0.311400 0.000000 -0.950279 0.000000 1.000000 0.000000 0.950279 0.000000 -0.311400 13.423753 4.000000 -10.055995 53.903751 3.750000 18.500000 50303.dat
9 0 0.370361 0.000000 -0.928888 0.000000 1.000000 0.000000 0.928888 0.000000 0.370361 -21.478752 1.375000 -12.289995 53.903751 1.125000 19.750000 50303.dat
9 0 -0.368381 0.000000 -0.929675 0.000000 1.000000 0.000000 0.929675 0.000000 -0.368381 21.355747 1.375000 -12.286997 53.903751 1.125000 19.750000 50303.dat
10 0 -10.000000 0.000000 -110.000000 130.000000 12.450000 10.000000 50303.dat
3 23 0.000000 0.000000 -1.000000 0.000000 1.000000 0.000000 1.000000 0.000000 0.000000 60.000004 0.000000 70.000008 12 14 18:1:1,23:4:1,18:2:1,23:4:1,29:0:1,29:0:1,29:0:1,29:0:1,29:0:1,29:0:1,29:0:1,29:0:1,29:0:1,29:0:1,29:0:1,23:4:1,0:4:1,23:4:1,0:4:1,23:4:1,29:0:1,29:0:1,29:0:1,29:0:1,29:0:1,29:0:1,29:0:1,29:0:1,29:0:1,29:0:1,18:2:1,23:4:1,18:4:1,23:4:1,18:3:1,23:4:1,29:0:1,23:4:1,29:0:1,23:4:1,29:0:1,29:0:1,29:0:1,29:0:1,29:0:1,23:4:1,0:4:1,23:4:1,0:4:1,23:4:1,0:4:1,23:4:1,0:4:1,23:4:1,0:4:1,23:4:1,29:0:1,29:0:1,29:0:1,29:0:1,18:2:1,23:4:1,18:4:1,23:4:1,18:4:1,23:4:1,18:4:1,23:4:1,18:4:1,23:4:1,29:0:1,23:4:1,29:0:1,23:4:1,18:1:1,23:4:1,0:4:1,23:4:1,0:4:1,23:4:1,0:4:1,23:4:1,0:4:1,23:4:1,0:4:1,23:4:1,0:4:1,23:4:1,0:4:1,23:4:1,18:2:1,23:4:1,18:4:1,23:4:1,18:4:1,23:4:1,18:4:1,23:4:1,18:4:1,23:4:1,18:4:1,23:4:1,18:4:1,23:4:1,18:2:1,23:4:1,0:4:1,23:4:1,0:4:1,23:4:1,0:4:1,23:4:1,0:4:1,23:4:1,0:4:1,23:4:1,0:4:1,23:4:1,0:4:1,23:4:1,18:2:1,23:4:1,18:4:1,23:4:1,18:4:1,23:4:1,18:4:1,23:4:1,18:4:1,23:4:1,29:0:1,23:4:1,29:0:1,23:4:1,18:1:1,23:4:1,0:4:1,23:4:1,0:4:1,23:4:1,0:4:1,23:4:1,0:4:1,23:4:1,0:4:1,23:4:1,29:0:1,29:0:1,29:0:1,29:0:1,18:2:1,23:4:1,18:4:1,23:4:1,18:3:1,23:4:1,29:0:1,23:4:1,29:0:1,23:4:1,29:0:1,29:0:1,29:0:1,29:0:1,29:0:1,23:4:1,0:4:1,23:4:1,0:4:1,23:4:1,29:0:1,29:0:1,29:0:1,29:0:1,29:0:1,29:0:1,29:0:1,29:0:1,29:0:1,29:0:1,18:1:1,23:4:1,18:2:1,23:4:1,29:0:1,29:0:1,29:0:1,29:0:1,29:0:1,29:0:1,29:0:1,29:0:1,29:0:1,29:0:1,29:0:1, 50303.dat
2 22 0.000000 0.000000 -1.000000 0.000000 1.000000 0.000000 1.000000 0.000000 0.000000 60.000004 8.000000 70.000008 12 14 22:1:1,22:2:1,22:2:1,22:2:1,22:2:1,29:0:1,29:0:1,29:0:1,29:0:1,29:0:1,29:0:1,29:0:1,29:0:1,29:0:1,29:0:1,22:2:1,15:4:1,23:4:1,15:4:1,23:4:1,29:0:1,22:2:1,29:0:1,29:0:1,29:0:1,29:0:1,29:0:1,29:0:1,29:0:1,29:0:1,22:2:1,23:4:1,7:4:2,23:4:1,7:4:2,23:4:1,7:4:2,23:4:1,22:2:1,22:2:1,22:2:1,29:0:1,29:0:1,29:0:1,29:0:1,22:2:1,15:4:1,23:4:1,15:4:1,23:4:1,15:4:1,23:4:1,15:4:1,23:4:1,15:4:1,23:4:1,29:0:1,22:2:1,29:0:1,29:0:1,22:2:1,23:4:1,7:4:2,23:4:1,7:4:2,23:4:1,7:4:2,23:4:1,7:4:2,23:4:1,7:4:2,23:4:1,7:4:2,22:2:1,22:1:1,22:2:1,15:4:1,23:4:1,15:4:1,23:4:1,15:4:1,23:4:1,15:4:1,23:4:1,15:4:1,23:4:1,15:4:1,23:4:1,15:4:1,22:2:1,22:2:1,23:4:1,7:4:2,23:4:1,7:4:2,23:4:1,7:4:2,23:4:1,7:4:2,23:4:1,7:4:2,23:4:1,7:4:2,23:4:1,22:2:1,22:2:1,15:4:1,23:4:1,15:4:1,23:4:1,15:4:1,23:4:1,15:4:1,23:4:1,15:4:1,23:4:1,15:4:1,23:4:1,15:4:1,22:2:1,22:2:1,23:4:1,7:4:2,23:4:1,7:4:2,23:4:1,7:4:2,23:4:1,7:4:2,23:4:1,7:4:2,23:4:1,7:4:2,22:2:1,22:1:1,22:2:1,15:4:1,23:4:1,15:4:1,23:4:1,15:4:1,23:4:1,15:4:1,23:4:1,15:4:1,23:4:1,29:0:1,22:2:1,29:0:1,29:0:1,22:2:1,23:4:1,7:4:2,23:4:1,7:4:2,23:4:1,7:4:2,23:4:1,22:2:1,22:2:1,22:2:1,29:0:1,29:0:1,29:0:1,29:0:1,22:2:1,15:4:1,23:4:1,15:4:1,23:4:1,29:0:1,22:2:1,29:0:1,29:0:1,29:0:1,29:0:1,29:0:1,29:0:1,29:0:1,29:0:1,22:1:1,22:2:1,22:2:1,22:2:1,22:2:1,29:0:1,29:0:1,29:0:1,29:0:1,29:0:1,29:0:1,29:0:1,29:0:1,29:0:1,29:0:1, 50303.dat
