9 0 -0.000000 -0.000000 -1.000000 1.000000 0.000000 -0.000000 0.000000 -1.000000 0.000000 -19.999977 4.000000 0.000000 79.750000 9.750000 3.750000 50305.dat
9 0 -0.000000 -0.000000 -1.000000 1.000000 0.000000 -0.000000 0.000000 -1.000000 0.000000 0.000040 4.000000 59.999985 19.750000 29.750002 3.750000 50305.dat
9 0 0.948876 0.000000 -0.315649 0.315649 -0.000000 0.948876 0.000000 -1.000000 -0.000000 1.774769 1.375000 -10.110253 10.715051 56.207500 1.125000 50305.dat
9 0 -0.311768 0.000001 -0.950158 0.950158 0.000000 -0.311768 -0.000000 -1.000000 -0.000001 27.298033 4.000000 37.523991 2.944950 1.545400 3.750000 50305.dat
9 0 -0.314706 -0.000001 -0.949189 0.949189 -0.000000 -0.314706 0.000000 -1.000000 0.000001 21.228275 4.000000 19.607241 3.002075 1.627975 3.750000 50305.dat
9 0 -0.316602 0.000000 -0.948558 0.948558 0.000000 -0.316602 0.000000 -1.000000 -0.000000 11.123018 4.000000 -10.419262 15.679275 1.708150 3.750000 50305.dat
9 0 -0.316756 -0.000001 -0.948507 0.948507 -0.000000 -0.316756 0.000000 -1.000000 0.000001 0.924933 4.000000 -40.291508 3.002075 1.933575 3.750000 50305.dat
9 0 -0.314821 0.000000 -0.949151 0.949151 0.000000 -0.314821 -0.000000 -1.000000 -0.000000 -8.119524 4.000000 -67.225876 12.406150 2.024325 3.750000 50305.dat
9 0 0.949011 -0.000000 -0.315242 0.315242 0.000000 0.949011 -0.000000 -1.000000 0.000000 -7.836973 1.375000 17.748243 10.045851 27.404249 1.125000 50305.dat
9 0 -0.000000 -0.000000 -1.000000 1.000000 0.000000 -0.000000 0.000000 -1.000000 0.000000 -7.937483 4.000000 -12.062502 51.812500 1.812500 3.750000 50305.dat
9 0 -0.000000 -0.000000 -1.000000 1.000000 0.000000 -0.000000 0.000000 -1.000000 0.000000 4.125026 4.000000 16.427744 23.322350 9.750000 3.750000 50305.dat
9 0 -0.000000 -0.000000 -1.000000 1.000000 0.000000 -0.000000 0.000000 -1.000000 0.000000 -3.812485 4.000000 -15.634757 8.240149 1.812500 3.750000 50305.dat
9 0 -0.000000 -0.000000 -1.000000 1.000000 0.000000 -0.000000 0.000000 -1.000000 0.000000 15.634783 4.000000 37.937492 1.812500 1.259850 3.750000 50305.dat
10 0 -10.000000 0.000000 -10.000000 150.000000 12.450000 50.000000 50305.dat
3 23 0.000000 0.000000 1.000000 0.000000 1.000000 0.000000 -1.000000 0.000000 0.000000 -30.000004 0.000000 -79.999992 6 16 18:1:1,23:4:1,18:2:1,23:4:1,18:2:1,23:4:1,18:2:1,23:4:1,18:2:1,23:4:1,18:2:1,23:4:1,18:2:1,23:4:1,18:2:1,23:4:1,18:1:1,23:4:1,0:4:1,23:4:1,0:4:1,23:4:1,0:4:1,23:4:1,0:4:1,23:4:1,0:4:1,23:4:1,0:4:1,23:4:1,0:4:1,23:4:1,0:4:1,23:4:1,18:1:1,23:4:1,18:2:1,23:4:1,29:0:1,23:4:1,18:3:1,23:4:1,18:4:1,23:4:1,18:4:1,23:4:1,18:4:1,23:4:1,18:4:1,23:4:1,18:2:1,29:0:1,29:0:1,29:0:1,29:0:1,29:0:1,29:0:1,23:4:1,0:4:1,23:4:1,0:4:1,23:4:1,0:4:1,23:4:1,0:4:1,23:4:1,0:4:1,23:4:1,29:0:1,29:0:1,29:0:1,29:0:1,29:0:1,29:0:1,18:1:1,23:4:1,18:2:1,23:4:1,29:0:1,23:4:1,18:3:1,23:4:1,18:4:1,23:4:1,18:2:1,29:0:1,29:0:1,29:0:1,29:0:1,29:0:1,29:0:1,29:0:1,29:0:1,29:0:1,29:0:1,29:0:1,29:0:1,23:4:1,0:4:1,23:4:1,0:4:1,23:4:1,29:0:1,29:0:1,29:0:1,29:0:1,29:0:1,29:0:1,29:0:1,29:0:1,29:0:1,29:0:1,29:0:1,29:0:1,18:1:1,23:4:1,18:2:1,23:4:1,18:1:1, 50305.dat
2 22 0.000000 0.000000 1.000000 0.000000 1.000000 0.000000 -1.000000 0.000000 0.000000 -30.000004 8.000000 -79.999992 6 16 22:1:1,22:2:1,22:2:1,22:2:1,22:2:1,22:2:1,22:2:1,22:2:1,22:2:1,22:2:1,22:2:1,22:2:1,22:2:1,22:2:1,22:2:1,22:2:1,22:1:1,22:2:1,15:4:1,23:4:1,15:4:1,23:4:1,15:4:1,23:4:1,15:4:1,23:4:1,15:4:1,23:4:1,15:4:1,23:4:1,15:4:1,23:4:1,15:4:1,22:2:1,22:1:1,22:2:1,22:2:1,23:4:1,7:4:2,23:4:1,7:4:2,23:4:1,7:4:2,23:4:1,7:4:2,23:4:1,7:4:2,23:4:1,7:4:2,23:4:1,22:2:1,29:0:1,29:0:1,22:2:1,29:0:1,22:2:1,29:0:1,23:4:1,15:4:1,23:4:1,15:4:1,23:4:1,15:4:1,23:4:1,15:4:1,23:4:1,15:4:1,22:2:1,29:0:1,29:0:1,29:0:1,29:0:1,29:0:1,29:0:1,22:2:1,22:2:1,22:2:1,23:4:1,7:4:2,23:4:1,7:4:2,23:4:1,7:4:2,23:4:1,22:2:1,29:0:1,29:0:1,29:0:1,29:0:1,29:0:1,29:0:1,29:0:1,29:0:1,22:2:1,29:0:1,22:2:1,29:0:1,23:4:1,15:4:1,23:4:1,15:4:1,22:2:1,29:0:1,29:0:1,29:0:1,29:0:1,29:0:1,29:0:1,29:0:1,29:0:1,29:0:1,29:0:1,29:0:1,29:0:1,22:1:1,22:2:1,22:2:1,22:2:1,22:1:1, 50305.dat
