9 0 0.000000 -1.000000 0.000000 1.000000 0.000000 0.000000 0.000000 0.000000 1.000000 -7.864250 -0.000002 0.000000 4.270825 7.614250 7.250000 50862.dat
9 0 -0.707107 -0.707107 0.000000 0.707107 -0.707107 0.000000 0.000000 0.000000 1.000000 0.000000 0.000000 0.000000 3.699400 3.699400 9.750000 50862.dat
9 0 -0.707107 -0.707107 0.000000 0.707107 -0.707107 0.000000 0.000000 0.000000 1.000000 0.000000 0.000000 0.000000 1.494950 1.494950 13.750000 50862.dat
9 0 -0.500000 -0.866026 0.000000 0.866026 -0.500000 0.000000 0.000000 0.000000 1.000000 -6.810676 3.932098 0.000000 4.270825 7.614250 7.250000 50862.dat
9 0 -0.866025 -0.500000 0.000000 0.500000 -0.866025 0.000000 0.000000 0.000000 1.000000 -3.932177 6.810623 0.000000 4.270825 7.614250 7.250000 50862.dat
9 0 -1.000000 -0.000000 0.000000 0.000000 -1.000000 0.000000 0.000000 0.000000 1.000000 -0.000002 7.864250 0.000000 4.270825 7.614250 7.250000 50862.dat
9 0 -0.866026 0.500000 0.000000 -0.500000 -0.866026 0.000000 0.000000 0.000000 1.000000 3.932098 6.810676 0.000000 4.270825 7.614250 7.250000 50862.dat
9 0 -0.500000 0.866025 0.000000 -0.866025 -0.500000 0.000000 0.000000 0.000000 1.000000 6.810623 3.932177 0.000000 4.270825 7.614250 7.250000 50862.dat
9 0 -0.000000 1.000000 0.000000 -1.000000 -0.000000 0.000000 0.000000 0.000000 1.000000 7.864250 0.000002 0.000000 4.270825 7.614250 7.250000 50862.dat
9 0 0.500000 0.866026 0.000000 -0.866026 0.500000 0.000000 0.000000 0.000000 1.000000 6.810676 -3.932098 0.000000 4.270825 7.614250 7.250000 50862.dat
9 0 0.866025 0.500000 0.000000 -0.500000 0.866025 0.000000 0.000000 0.000000 1.000000 3.932177 -6.810623 0.000000 4.270825 7.614250 7.250000 50862.dat
9 0 1.000000 0.000000 0.000000 -0.000000 1.000000 0.000000 0.000000 0.000000 1.000000 0.000002 -7.864250 0.000000 4.270825 7.614250 7.250000 50862.dat
9 0 0.866026 -0.500000 0.000000 0.500000 0.866026 0.000000 0.000000 0.000000 1.000000 -3.932098 -6.810676 0.000000 4.270825 7.614250 7.250000 50862.dat
9 0 0.500000 -0.866025 0.000000 0.866025 0.500000 0.000000 0.000000 0.000000 1.000000 -6.810623 -3.932177 0.000000 4.270825 7.614250 7.250000 50862.dat
10 0 -17.025074 -17.007599 -24.000000 16.988499 16.967001 4.000000 50862.dat
6 61 -1.000000 -0.000000 0.000000 -0.000000 0.000000 -1.000000 0.000000 -1.000000 -0.000000 0.000000 0.000000 -0.125000 0.000000 0.000000 0.000000 0.000000 0 50862.dat
4 49 0.000000 -1.000000 0.000000 -0.000000 -0.000000 1.000000 -1.000000 -0.000000 -0.000000 0.000000 0.000000 0.000000 1 50862.dat
4 49 0.000000 -1.000000 0.000000 0.000000 0.000000 -1.000000 1.000000 0.000000 0.000000 0.000000 0.000000 0.000000 1 50862.dat
