9 0 0.000000 0.458770 0.888555 -0.000000 0.888555 -0.458770 -1.000000 0.000000 0.000000 0.003168 -58.137501 -23.890446 2.584125 15.061424 13.936501 50860.dat
9 0 0.000000 -0.982576 0.185861 0.000000 0.185861 0.982576 -1.000000 0.000000 0.000000 0.003164 -47.508751 -35.757244 2.584125 7.777150 12.250000 50860.dat
9 0 -0.000000 -0.989943 -0.141469 0.000000 -0.141469 0.989943 -1.000000 0.000000 0.000000 0.003159 -47.658749 -51.506744 2.216025 8.638575 12.250000 50860.dat
9 0 0.000000 0.466990 0.884263 -0.000000 0.884263 -0.466990 -1.000000 0.000000 0.000000 -0.024451 -47.035751 -3.454095 20.889200 6.874800 1.953075 50860.dat
9 0 0.000000 0.466990 0.884263 -0.000000 0.884263 -0.466990 -1.000000 0.000000 0.000000 -0.087525 -53.266251 -0.163770 20.889200 1.417500 6.985600 50860.dat
9 0 0.000000 0.268273 0.963343 -0.000000 0.963343 -0.268273 -1.000000 0.000000 0.000000 -0.154671 -34.499748 13.430955 1.990750 12.706526 12.343100 50860.dat
9 0 0.000000 0.258819 0.965926 -0.000000 0.965926 -0.258819 -1.000000 0.000000 0.000000 -0.154664 -27.932999 37.937256 2.321450 16.876625 15.867149 50860.dat
9 0 0.000000 0.265897 0.964001 -0.000000 0.964001 -0.265897 -1.000000 0.000000 0.000000 -0.154668 -16.494974 23.011280 13.894451 1.861575 15.867149 50860.dat
9 0 0.000000 0.287498 0.957781 -0.000000 0.957781 -0.287498 -1.000000 0.000000 0.000000 0.003184 -26.264250 26.910505 13.012250 12.020950 0.998350 50860.dat
9 0 -0.000000 -0.976091 -0.217361 0.000000 -0.217361 0.976091 -1.000000 0.000000 0.000000 -0.154655 -47.492252 64.131256 2.623075 23.392776 10.234750 50860.dat
9 0 -1.000000 -0.000000 0.000000 0.000000 -0.217361 0.976091 0.000000 0.976091 0.217361 -13.398731 -40.793751 53.980263 2.623075 12.028525 5.456625 50860.dat
9 0 -1.000000 -0.000000 0.000000 0.000000 -0.217361 0.976091 0.000000 0.976091 0.217361 13.089417 -42.256252 53.654747 2.623075 12.028525 5.456625 50860.dat
9 0 -0.921195 -0.339800 0.189564 0.000000 0.487186 0.873298 -0.389100 0.804478 -0.448794 -11.964003 -42.201000 -8.045116 1.533300 5.137150 13.507575 50860.dat
9 0 -0.921195 -0.339800 0.189564 0.000000 0.487186 0.873298 -0.389100 0.804478 -0.448794 -10.286999 -40.419250 3.298408 1.533300 5.137150 9.197475 50860.dat
9 0 0.921196 -0.339800 0.189564 0.000000 0.487186 0.873298 -0.389100 -0.804478 0.448794 11.970423 -42.201000 -8.045124 1.533300 5.137150 13.507575 50860.dat
9 0 0.921196 -0.339800 0.189564 0.000000 0.487186 0.873298 -0.389100 -0.804478 0.448794 10.293351 -40.419250 3.298401 1.533300 5.137150 9.197475 50860.dat
10 0 -60.542000 5.282350 -35.054749 90.049751 72.705750 4.061200 50860.dat
4 52 1.000000 0.000000 -0.000000 0.000000 1.000000 0.000000 0.000000 0.000000 1.000000 0.000006 -11.272350 17.198380 2 50860.dat
0 6 0.000000 -0.923880 0.382683 1.000000 0.000000 -0.000000 0.000000 0.382683 0.923880 13.753055 -11.272350 17.198376 0 0 0.150000 1 0 50860.dat
0 6 0.000000 -0.923880 0.382683 1.000000 0.000000 -0.000000 0.000000 0.382683 0.923880 -9.995243 -11.272350 17.198381 0 0 0.150000 1 0 50860.dat
4 54 -0.000000 0.965926 -0.258819 -1.000000 0.000000 0.000000 0.000000 0.258819 0.965926 1.251535 -24.014925 34.225254 2 50860.dat
4 54 0.000000 -0.965926 0.258818 1.000000 0.000000 -0.000000 0.000000 0.258818 0.965926 -1.245165 -24.014925 34.225254 2 50860.dat
