9 0 1.000000 0.000000 0.000000 0.000000 1.000000 0.000000 0.000000 0.000000 1.000000 0.000000 4.000000 -1.875000 19.750000 3.750000 11.625000 50949.dat
9 0 1.000000 0.000000 0.000000 0.000000 1.000000 0.000000 0.000000 0.000000 1.000000 0.000000 12.000000 -20.000000 19.750000 3.750000 9.750000 50949.dat
9 0 1.000000 0.000000 0.000000 0.000000 1.000000 0.000000 0.000000 0.000000 1.000000 21.875000 4.000000 -14.869401 1.625000 3.750000 4.619400 50949.dat
9 0 1.000000 0.000000 0.000000 0.000000 0.780921 0.624629 0.000000 -0.624629 0.780921 21.875000 5.231100 -23.075226 1.625000 1.914200 5.419000 50949.dat
9 0 1.000000 0.000000 0.000000 0.000000 1.000000 0.000000 0.000000 0.000000 1.000000 25.202751 9.379999 -18.409376 4.952725 1.120000 8.159375 50949.dat
9 0 0.970725 -0.240192 0.000000 0.240192 0.970725 0.000000 0.000000 0.000000 1.000000 32.429501 8.791450 -17.439301 1.527225 0.994775 7.189300 50949.dat
9 0 0.537145 -0.843490 0.000000 0.843490 0.537145 0.000000 0.000000 0.000000 1.000000 35.750999 6.256150 -16.367100 1.527225 0.865100 6.117100 50949.dat
9 0 0.099776 -0.995010 0.000000 0.995010 0.099776 0.000000 0.000000 0.000000 1.000000 37.371002 2.258524 -15.181375 1.800350 1.158475 4.931375 50949.dat
9 0 0.955669 -0.294442 0.000000 0.294442 0.955669 0.000000 0.000000 0.000000 1.000000 25.782501 11.738700 -11.875001 6.530750 2.119800 1.625000 50949.dat
9 0 -1.000000 0.000000 -0.000000 0.000000 1.000000 0.000000 0.000000 0.000000 -1.000000 -21.875000 4.000000 -14.869401 1.625000 3.750000 4.619400 50949.dat
9 0 -1.000000 0.000000 -0.000000 -0.000000 0.780922 0.624629 0.000000 0.624629 -0.780922 -21.875000 5.231100 -23.075226 1.625000 1.914200 5.419000 50949.dat
9 0 -1.000000 0.000000 -0.000000 0.000000 1.000000 0.000000 0.000000 0.000000 -1.000000 -25.202724 9.379999 -18.409376 4.952725 1.120000 8.159375 50949.dat
9 0 -0.970725 -0.240193 -0.000000 -0.240193 0.970725 -0.000000 0.000000 0.000000 -1.000000 -32.429626 8.791450 -17.439301 1.527225 0.994775 7.189300 50949.dat
9 0 -0.537145 -0.843490 -0.000000 -0.843490 0.537145 -0.000000 0.000000 0.000000 -1.000000 -35.750999 6.256150 -16.367100 1.527225 0.865100 6.117100 50949.dat
9 0 -0.099775 -0.995010 -0.000000 -0.995010 0.099775 -0.000000 0.000000 0.000000 -1.000000 -37.371002 2.258524 -15.181375 1.800350 1.158475 4.931375 50949.dat
9 0 -0.955669 -0.294444 -0.000000 -0.294444 0.955669 -0.000000 0.000000 0.000000 -1.000000 -25.782400 11.738700 -11.875001 6.530750 2.119800 1.625000 50949.dat
10 0 -30.000002 0.000000 -30.000002 50.000000 20.450001 10.000000 50949.dat
3 23 1.000000 0.000000 0.000000 0.000000 1.000000 0.000000 0.000000 0.000000 1.000000 -20.000000 0.000000 10.000001 2 4 18:1:1,23:4:1,18:2:1,23:4:1,18:1:1,23:4:1,0:4:1,23:4:1,0:4:1,23:4:1,29:0:1,23:4:1,18:2:1,23:4:1,29:0:1, 50949.dat
2 22 1.000000 0.000000 0.000000 0.000000 1.000000 0.000000 0.000000 0.000000 1.000000 -20.000000 16.000000 -10.000000 2 4 22:1:1,22:2:1,22:2:1,22:2:1,22:1:1,22:2:1,15:4:1,9:4:1,15:4:1,22:2:1,22:1:1,22:2:1,22:2:1,22:2:1,22:1:1, 50949.dat
2 22 1.000000 0.000000 0.000000 0.000000 1.000000 0.000000 0.000000 0.000000 1.000000 -20.000000 8.000000 10.000001 2 4 22:1:1,22:2:1,22:2:1,22:2:1,22:1:1,22:2:1,15:4:1,9:4:1,15:4:1,22:2:1,22:1:1,22:2:1,22:2:1,22:2:1,22:1:1, 50949.dat
