9 0 1.000000 -0.000000 0.000000 -0.000000 0.000000 1.000000 -0.000000 -1.000000 -0.000000 0.000000 4.000000 -0.000003 19.750000 9.750000 3.750000 50947.dat
9 0 0.603353 -0.797474 -0.000001 0.000000 -0.000000 1.000000 -0.797474 -0.603353 0.000000 22.653076 0.031900 0.000004 7.705100 9.750000 0.817225 50947.dat
9 0 0.991131 -0.132889 0.000001 -0.000001 0.000000 1.000000 -0.132889 -0.991131 -0.000000 36.966999 -8.027950 0.000009 10.017850 9.750000 0.836900 50947.dat
9 0 0.874891 0.484319 0.000000 -0.000000 0.000000 1.000000 0.484319 -0.874891 0.000000 56.107502 -3.108475 0.000015 11.126326 9.750000 1.414050 50947.dat
9 0 1.000000 -0.000000 0.000000 -0.000000 0.000000 1.000000 -0.000000 -1.000000 -0.000000 65.053757 5.500000 8.125017 4.696275 1.625000 2.250000 50947.dat
9 0 1.000000 -0.000000 0.000000 -0.000000 0.000000 1.000000 -0.000000 -1.000000 -0.000000 65.053757 5.500000 -8.124982 4.696275 1.625000 2.250000 50947.dat
10 0 -60.000004 0.000000 -10.000000 30.000002 18.401100 10.000000 50947.dat
2 22 -1.000000 0.000000 -0.000000 0.000000 1.000000 0.000000 0.000000 0.000000 -1.000000 20.000004 8.000000 -9.999997 2 4 22:1:1,22:2:1,22:2:1,22:2:1,22:1:1,22:2:1,15:4:1,9:4:1,15:4:1,22:2:1,22:1:1,22:2:1,22:2:1,22:2:1,22:1:1, 50947.dat
