9 0 -1.000000 -0.000001 0.000001 -0.000001 -0.000001 -1.000000 0.000001 -1.000000 0.000001 0.000000 21.500000 -10.000001 9.750000 19.750000 2.250000 50950.dat
9 0 -1.000000 -0.000001 0.000001 -0.000001 -0.000001 -1.000000 0.000001 -1.000000 0.000001 0.000000 10.001075 14.112501 9.750000 15.637501 5.748925 50950.dat
9 0 -1.000000 -0.000001 0.000001 -0.000001 -0.000001 -1.000000 0.000001 -1.000000 0.000001 -0.000000 2.001074 24.637499 9.750000 5.112500 1.751075 50950.dat
9 0 -1.000000 -0.000001 0.000001 -0.000001 -0.000001 -1.000000 0.000001 -1.000000 0.000001 0.000000 17.044924 -2.923575 9.750000 12.673600 6.705100 50950.dat
9 0 -1.000000 0.000000 0.000000 -0.000000 0.181205 -0.983445 -0.000000 -0.983445 -0.181205 0.000000 3.884800 9.136850 9.750000 10.355325 1.667375 50950.dat
9 0 -1.000000 -0.000001 0.000000 -0.000001 0.395406 -0.918506 0.000001 -0.918506 -0.395406 0.000000 8.785750 -8.053501 9.750000 7.703375 1.667375 50950.dat
9 0 -1.000000 0.000000 0.000000 -0.000000 0.539090 -0.842248 -0.000000 -0.842248 -0.539090 0.000000 16.001125 -21.640499 9.750000 8.388576 1.667375 50950.dat
10 0 -10.000000 -8.000000 -10.000000 50.000000 16.000000 10.000000 50950.dat
2 22 0.000000 0.000000 -1.000000 0.000000 1.000000 0.000000 1.000000 0.000000 0.000000 10.000000 24.000000 10.000000 2 4 22:1:1,22:2:1,22:2:1,22:2:1,22:1:1,22:2:1,15:4:1,15:4:1,15:4:1,22:2:1,22:1:1,22:2:1,22:2:1,22:2:1,22:1:1, 50950.dat
2 22 0.000000 0.000000 -1.000000 0.000000 1.000000 0.000000 1.000000 0.000000 0.000000 10.000000 16.000000 30.000002 2 2 22:1:1,22:2:1,22:2:1,22:2:1,15:4:1,22:2:1,22:1:1,22:2:1,22:2:1, 50950.dat
