9 0 -0.000000 -0.000000 1.000000 -1.000000 0.000000 -0.000000 0.000000 -1.000000 -0.000000 0.000000 4.000000 -0.204875 19.750000 9.750000 3.750000 50967.dat
9 0 -0.000000 -0.000000 1.000000 -1.000000 0.000000 -0.000000 0.000000 -1.000000 -0.000000 0.000000 -2.337300 -30.205000 9.750000 9.750000 5.412700 50967.dat
9 0 -0.000000 -0.161806 0.986823 -1.000000 0.000000 -0.000000 0.000000 -0.986823 -0.161806 0.000001 -1.761800 -72.028503 16.859699 9.750000 2.560150 50967.dat
9 0 0.000001 -0.374595 0.927189 -1.000000 -0.000000 0.000001 -0.000000 -0.927189 -0.374595 0.010751 11.138300 -113.218246 26.698250 9.750000 2.780825 50967.dat
9 0 0.000000 0.000000 -1.000000 -1.000000 -0.000000 -0.000000 -0.000000 1.000000 -0.000000 -8.119623 20.571600 -117.079750 2.875000 1.630375 11.178400 50967.dat
9 0 0.000000 -0.550497 -0.834837 -1.000000 -0.000000 -0.000000 -0.000000 0.834837 -0.550497 -8.114274 16.926775 -107.758751 2.875000 1.625000 15.744650 50967.dat
9 0 -0.000000 -0.000000 1.000000 -1.000000 0.000000 -0.000000 0.000000 -1.000000 -0.000000 0.000000 17.875000 -2.079875 1.625025 9.750000 13.875000 50967.dat
9 0 -0.000000 -0.553675 0.832733 -1.000000 0.000000 -0.000000 0.000000 -0.832733 -0.553675 8.130375 16.086250 -12.637225 3.412800 1.619625 16.424925 50967.dat
9 0 -0.000001 -0.044708 0.999000 -1.000000 -0.000000 -0.000001 -0.000000 -0.999000 -0.044708 0.000001 -3.771575 -47.446003 7.172900 9.750000 3.650450 50967.dat
9 0 0.000000 -0.550497 -0.834837 -1.000000 -0.000000 -0.000000 -0.000000 0.834837 -0.550497 -8.114274 16.926775 -107.758751 2.875000 1.625000 15.744650 50967.dat
9 0 -0.000000 -0.553675 0.832733 -1.000000 0.000000 -0.000000 0.000000 -0.832733 -0.553675 -8.114275 16.086250 -12.637225 3.412800 1.625000 16.424925 50967.dat
9 0 0.000000 0.000000 -1.000000 -1.000000 -0.000000 -0.000000 -0.000000 1.000000 -0.000000 8.130377 20.571600 -117.079750 2.875000 1.619625 11.178400 50967.dat
9 0 0.000000 -0.814814 0.579723 -1.000000 -0.000000 0.000000 -0.000000 -0.579723 -0.814814 -8.114275 9.283800 -22.576252 2.883750 1.625000 24.745399 50967.dat
9 0 0.000000 -0.814814 0.579723 -1.000000 -0.000000 0.000000 -0.000000 -0.579723 -0.814814 8.135726 9.283800 -22.576252 2.883750 1.625000 24.745399 50967.dat
10 0 -10.000000 -24.000000 -10.010750 150.204758 16.000000 10.000000 50967.dat
2 22 0.000000 0.000000 -1.000000 0.000000 1.000000 0.000000 1.000000 0.000000 0.000000 10.000000 8.000000 20.000000 2 2 22:1:1,22:2:1,29:0:1,22:2:1,15:4:1,22:2:1,22:1:1,22:2:1,29:0:1, 50967.dat
2 22 0.000000 0.000000 -1.000000 0.000000 1.000000 0.000000 1.000000 0.000000 0.000000 10.000002 24.000000 -119.999992 2 2 29:0:1,22:2:1,22:1:1,22:2:1,15:4:1,22:2:1,29:0:1,22:2:1,22:1:1, 50967.dat
3 23 0.000000 0.000000 -1.000000 0.000000 1.000000 0.000000 1.000000 0.000000 0.000000 10.000000 0.000000 20.000000 2 4 18:1:1,23:4:1,18:2:1,23:4:1,29:0:1,23:4:1,0:4:1,23:4:1,0:4:1,23:4:1,18:1:1,23:4:1,18:2:1,23:4:1,29:0:1, 50967.dat
