9 0 -0.263449 -0.770502 0.580450 -0.001689 0.602073 0.798439 -0.964672 0.209368 -0.159917 -54.784000 -49.558250 28.870729 0.444150 14.836375 30.203751 50986.dat
9 0 -0.342235 -0.058282 0.937805 -0.017978 0.998298 0.055481 -0.939442 0.002127 -0.342700 -87.498001 -11.369275 42.765343 0.855900 5.975525 12.454600 50986.dat
9 0 -0.206598 -0.375474 0.903514 -0.054950 0.926431 0.372433 -0.976882 0.027296 -0.212031 -50.392498 -30.079000 46.725029 0.673650 12.205725 24.391750 50986.dat
9 0 1.000000 0.000000 0.000000 0.000000 1.000000 0.000000 -0.000000 0.000000 1.000000 -98.125008 -20.981600 13.124940 1.625000 20.731600 6.625000 50986.dat
9 0 1.000000 0.000000 0.000000 0.000000 1.000000 0.000000 -0.000000 0.000000 1.000000 -90.000000 -8.689674 29.674643 9.750000 8.439675 9.424700 50986.dat
9 0 0.255421 0.943942 -0.209123 -0.004860 -0.215041 -0.976593 -0.966817 0.250459 -0.050339 -51.622234 -60.935001 9.688830 0.331550 11.146400 26.722500 50986.dat
9 0 -0.000000 -0.049770 0.998761 -0.000000 0.998761 0.049770 -1.000000 0.000000 -0.000000 -0.000006 -9.992375 56.973721 1.011450 9.627475 25.369999 50986.dat
9 0 0.000094 -0.382857 0.923808 -0.000000 0.923808 0.382857 -1.000000 -0.000036 0.000087 -0.000256 -33.055500 50.655819 1.136575 14.849225 25.369999 50986.dat
9 0 -0.000029 -0.792734 0.609567 0.000155 0.609567 0.792735 -1.000000 0.000117 0.000105 0.002497 -55.389500 33.349670 1.260200 14.849225 25.369999 50986.dat
9 0 -0.000000 -0.976770 0.214290 -0.000000 0.214290 0.976770 -1.000000 -0.000000 -0.000000 0.000006 -66.412003 10.727297 1.625050 11.122675 25.369999 50986.dat
9 0 -0.136824 -0.047801 0.989441 -0.006585 0.998857 0.047345 -0.990574 -0.000037 -0.136983 -35.010517 -2.758575 56.297207 0.744975 2.406450 9.386075 50986.dat
9 0 -0.229584 0.000000 0.973289 0.000000 1.000000 0.000000 -0.973289 0.000000 -0.229584 -60.159515 -2.656450 50.992126 1.611600 2.406450 3.163125 50986.dat
9 0 -0.336848 0.000000 0.941559 0.000000 1.000000 0.000000 -0.941559 0.000000 -0.336848 -87.504005 -2.656450 42.435543 1.516250 2.406450 12.307300 50986.dat
9 0 -0.210405 -0.048596 0.976406 -0.010237 0.998819 0.047505 -0.977561 -0.000000 -0.210654 -50.411011 -12.134950 51.851730 0.664625 6.523300 25.434500 50986.dat
9 0 1.000000 0.000000 0.000000 0.000000 0.386261 -0.922389 -0.000000 0.922389 0.386261 -98.125008 -20.325699 20.281389 1.625000 14.525725 10.005050 50986.dat
9 0 1.000000 0.000000 0.000000 0.000000 0.791588 -0.611056 -0.000000 0.611056 0.791588 -98.125008 -28.970751 12.970565 1.625000 13.288376 10.005050 50986.dat
9 0 1.000000 0.000000 0.000000 0.000000 0.976736 -0.214446 -0.000000 0.214446 0.976736 -98.124992 -33.317501 3.871438 1.625000 13.248449 7.526600 50986.dat
9 0 0.925601 -0.295238 0.236851 0.378364 0.738633 -0.557909 -0.010229 0.606017 0.795386 -86.698257 -43.268250 24.146593 12.532475 0.531075 10.005050 50986.dat
9 0 0.922038 -0.378093 0.083011 0.386868 0.907450 -0.163914 -0.013354 0.183249 0.982976 -86.549248 -51.367996 7.869543 12.569350 0.604800 7.526600 50986.dat
9 0 0.921239 -0.377994 -0.091870 0.388576 0.905205 0.172081 0.018116 -0.194227 0.980789 -86.599991 -51.276249 -7.976556 12.569350 0.710250 7.526600 50986.dat
9 0 0.923226 -0.304953 -0.233788 0.384190 0.743901 0.546817 0.007162 -0.594655 0.803949 -86.884735 -43.468750 -24.241060 12.532451 0.598225 10.005050 50986.dat
9 0 1.000000 -0.000000 0.000000 -0.000000 0.976736 0.214446 -0.000000 -0.214446 0.976736 -98.124992 -33.372250 -3.883812 1.625000 13.304575 7.526600 50986.dat
9 0 1.000000 -0.000000 0.000000 -0.000000 0.791588 0.611056 -0.000000 -0.611056 0.791588 -98.124992 -29.058752 -13.038561 1.625000 13.374149 10.005050 50986.dat
9 0 1.000000 -0.000000 0.000000 -0.000000 0.386261 0.922389 -0.000000 -0.922389 0.386261 -98.124992 -20.304949 -20.232058 1.625000 14.472026 10.005050 50986.dat
9 0 -0.210405 -0.048596 -0.976406 -0.010237 0.998819 -0.047505 0.977561 0.000000 -0.210654 -50.410973 -12.134975 -51.851799 0.664625 6.523300 25.434500 50986.dat
9 0 -0.336848 0.000000 -0.941559 0.000000 1.000000 0.000000 0.941559 0.000000 -0.336848 -87.503983 -2.656450 -42.435558 1.516250 2.406450 12.307300 50986.dat
9 0 -0.229583 0.000000 -0.973289 0.000000 1.000000 0.000000 0.973289 0.000000 -0.229583 -60.159481 -2.656450 -50.992298 1.611600 2.406450 3.163125 50986.dat
9 0 -0.136824 -0.047801 -0.989442 -0.006585 0.998857 -0.047345 0.990574 0.000037 -0.136982 -35.010483 -2.758575 -56.297291 0.744975 2.406450 9.386075 50986.dat
9 0 0.253049 0.944554 0.209246 -0.004862 -0.215041 0.976593 0.967441 -0.248144 -0.049824 -51.593494 -60.821747 -9.663794 0.517375 11.146400 26.722500 50986.dat
9 0 1.000000 0.000000 0.000000 0.000000 1.000000 0.000000 -0.000000 0.000000 1.000000 -89.999977 -8.635075 -29.674810 9.750000 8.385075 9.424700 50986.dat
9 0 1.000000 0.000000 0.000000 0.000000 1.000000 0.000000 -0.000000 0.000000 1.000000 -98.124992 -20.935175 -13.125062 1.625000 20.685175 6.625000 50986.dat
9 0 -0.231172 -0.374666 -0.897878 -0.054949 0.926431 -0.372433 0.971360 -0.036759 -0.234752 -50.188732 -31.067749 -45.794296 0.570800 13.479850 24.391750 50986.dat
9 0 -0.342234 -0.058282 -0.937805 -0.017978 0.998298 -0.055481 0.939443 -0.002127 -0.342700 -87.533974 -11.681925 -42.862057 0.855900 6.281650 12.454600 50986.dat
9 0 -0.271926 -0.762990 -0.586432 0.000387 0.609308 -0.792933 0.962318 -0.215847 -0.165391 -54.729973 -49.476250 -28.783548 0.492625 14.836375 30.203751 50986.dat
9 0 0.342235 -0.058283 -0.937805 0.017977 0.998298 -0.055482 0.939442 0.002129 0.342700 87.534019 -11.681925 -42.862000 0.855900 6.281650 12.454600 50986.dat
9 0 -1.000000 0.000000 -0.000000 0.000000 1.000000 0.000000 0.000000 0.000000 -1.000000 90.000015 -9.398300 -29.674751 9.750000 9.148300 9.424700 50986.dat
9 0 0.000000 -0.049770 -0.998761 0.000000 0.998761 -0.049770 1.000000 -0.000000 0.000000 0.000030 -9.992375 -56.973778 1.011450 9.627475 25.369999 50986.dat
9 0 -0.000095 -0.382857 -0.923808 -0.000000 0.923808 -0.382857 1.000000 -0.000036 -0.000087 0.000274 -32.868500 -50.204777 1.625000 14.849225 25.369999 50986.dat
9 0 0.000029 -0.792735 -0.609567 -0.000155 0.609567 -0.792735 1.000000 0.000117 -0.000105 -0.002486 -55.100502 -33.127277 1.625000 14.849225 25.369999 50986.dat
9 0 0.000000 -0.976770 -0.214290 0.000000 0.214290 -0.976770 1.000000 0.000000 0.000000 0.000012 -66.412003 -10.727278 1.625050 11.122675 25.369999 50986.dat
9 0 0.136824 -0.047802 -0.989441 0.006585 0.998857 -0.047346 0.990573 -0.000037 0.136982 35.010780 -2.758575 -56.297268 0.744975 2.406450 9.386075 50986.dat
9 0 0.229584 0.000000 -0.973289 0.000000 1.000000 0.000000 0.973289 0.000000 0.229584 60.159527 -2.656450 -50.992264 1.611600 2.406450 3.163125 50986.dat
9 0 0.336848 0.000000 -0.941559 0.000000 1.000000 0.000000 0.941559 0.000000 0.336848 87.504021 -2.656450 -42.435497 1.516250 2.406450 12.307300 50986.dat
9 0 0.210405 -0.048596 -0.976406 0.010236 0.998819 -0.047505 0.977561 0.000001 0.210654 50.411022 -12.134975 -51.851761 0.664625 6.523300 25.434500 50986.dat
9 0 0.210405 -0.048596 0.976406 0.010236 0.998819 0.047505 -0.977561 -0.000001 0.210654 50.410992 -12.134950 51.851761 0.664625 6.523300 25.434500 50986.dat
9 0 0.336847 0.000000 0.941559 0.000000 1.000000 0.000000 -0.941559 0.000000 0.336847 87.503990 -2.656450 42.435600 1.516250 2.406450 12.307300 50986.dat
9 0 0.229583 0.000000 0.973289 0.000000 1.000000 0.000000 -0.973289 0.000000 0.229583 60.159492 -2.656450 50.992168 1.611600 2.406450 3.163125 50986.dat
9 0 0.136823 -0.047802 0.989441 0.006585 0.998857 0.047346 -0.990574 0.000037 0.136982 35.010742 -2.758575 56.297230 0.744975 2.406450 9.386075 50986.dat
9 0 -1.000000 0.000000 -0.000000 0.000000 1.000000 0.000000 0.000000 0.000000 -1.000000 90.000000 -9.398300 29.674700 9.750000 9.148300 9.424700 50986.dat
9 0 0.342234 -0.058283 0.937805 0.017977 0.998298 0.055482 -0.939443 -0.002129 0.342699 87.533989 -11.681925 42.861973 0.855900 6.281650 12.454600 50986.dat
9 0 1.000000 0.000000 0.000000 0.000000 1.000000 0.000000 -0.000000 0.000000 1.000000 -81.875000 -17.597126 28.068045 1.624975 17.347126 7.818100 50986.dat
9 0 1.000000 0.000000 0.000000 0.000000 1.000000 0.000000 -0.000000 0.000000 1.000000 -81.874977 -17.597126 -28.068054 1.624975 17.347126 7.818100 50986.dat
9 0 1.000000 0.000000 0.000000 0.000000 1.000000 0.000000 -0.000000 0.000000 1.000000 -88.124992 -17.597126 -21.875059 7.874975 17.347126 1.625000 50986.dat
9 0 1.000000 0.000000 0.000000 0.000000 1.000000 0.000000 -0.000000 0.000000 1.000000 -88.125000 -17.597126 21.874943 7.874975 17.347126 1.625000 50986.dat
9 0 0.263449 -0.770501 0.580450 0.001687 0.602073 0.798439 -0.964672 -0.209369 0.159915 54.784000 -49.558250 28.870764 0.444150 14.836375 30.203751 50986.dat
9 0 0.206597 -0.375473 0.903514 0.054950 0.926431 0.372432 -0.976882 -0.027296 0.212030 50.392490 -30.079000 46.725063 0.673650 12.205725 24.391750 50986.dat
9 0 -1.000000 0.000000 -0.000000 0.000000 1.000000 0.000000 0.000000 0.000000 -1.000000 98.125008 -20.981600 13.125004 1.625000 20.731600 6.625000 50986.dat
9 0 -0.255421 0.943943 -0.209123 0.004860 -0.215041 -0.976593 -0.966818 -0.250459 0.050338 51.622253 -60.935001 9.688865 0.331550 11.146400 26.722500 50986.dat
9 0 -1.000000 0.000000 -0.000000 0.000000 0.386261 -0.922390 0.000000 -0.922390 -0.386261 98.125000 -20.325699 20.281454 1.625000 14.525725 10.005050 50986.dat
9 0 -1.000000 0.000000 -0.000000 0.000000 0.791587 -0.611056 0.000000 -0.611056 -0.791587 98.125008 -28.970751 12.970630 1.625000 13.288376 10.005050 50986.dat
9 0 -1.000000 0.000000 -0.000000 0.000000 0.976736 -0.214445 0.000000 -0.214445 -0.976736 98.125008 -33.317501 3.871503 1.625000 13.248449 7.526600 50986.dat
9 0 -0.925601 -0.295238 0.236850 -0.378363 0.738632 -0.557910 -0.010229 -0.606018 -0.795385 86.698349 -43.268250 24.146648 12.532475 0.531075 10.005050 50986.dat
9 0 -0.922039 -0.378093 0.083011 -0.386868 0.907450 -0.163915 -0.013353 -0.183251 -0.982976 86.549255 -51.367996 7.869600 12.569350 0.604800 7.526600 50986.dat
9 0 -0.921239 -0.377993 -0.091871 -0.388576 0.905206 0.172080 0.018117 0.194226 -0.980790 86.599960 -51.276249 -7.976499 12.569350 0.710250 7.526600 50986.dat
9 0 -0.923226 -0.304954 -0.233789 -0.384191 0.743902 0.546816 0.007162 0.594654 -0.803950 86.884811 -43.468750 -24.241001 12.532451 0.598225 10.005050 50986.dat
9 0 -1.000000 0.000000 -0.000000 -0.000000 0.976736 0.214445 0.000000 0.214445 -0.976736 98.125008 -33.372250 -3.883746 1.625000 13.304575 7.526600 50986.dat
9 0 -1.000000 0.000000 -0.000000 -0.000000 0.791587 0.611056 0.000000 0.611056 -0.791587 98.125008 -29.058752 -13.038495 1.625000 13.374149 10.005050 50986.dat
9 0 -1.000000 0.000000 -0.000000 -0.000000 0.386261 0.922390 0.000000 0.922390 -0.386261 98.125015 -20.304949 -20.231998 1.625000 14.472026 10.005050 50986.dat
9 0 -0.253050 0.944554 0.209246 0.004861 -0.215041 0.976593 0.967441 0.248144 0.049825 51.593506 -60.821747 -9.663761 0.517375 11.146400 26.722500 50986.dat
9 0 -1.000000 0.000000 -0.000000 0.000000 1.000000 0.000000 0.000000 0.000000 -1.000000 98.125008 -20.935175 -13.124996 1.625000 20.685175 6.625000 50986.dat
9 0 0.231172 -0.374665 -0.897878 0.054949 0.926431 -0.372432 0.971360 0.036758 0.234753 50.188766 -31.067749 -45.794262 0.570800 13.479850 24.391750 50986.dat
9 0 0.271927 -0.762991 -0.586431 -0.000387 0.609307 -0.792934 0.962318 0.215847 0.165391 54.730015 -49.476250 -28.783512 0.492625 14.836375 30.203751 50986.dat
9 0 -1.000000 0.000000 -0.000000 0.000000 1.000000 0.000000 0.000000 0.000000 -1.000000 81.875000 -17.597126 28.068098 1.624975 17.347126 7.818100 50986.dat
9 0 -1.000000 0.000000 -0.000000 0.000000 1.000000 0.000000 0.000000 0.000000 -1.000000 81.875015 -17.597126 -28.068001 1.624975 17.347126 7.818100 50986.dat
9 0 -0.942582 -0.129542 -0.307829 -0.333426 0.417889 0.845101 0.019163 0.899215 -0.437087 87.309525 -27.597500 -37.617748 12.535851 0.681725 10.005050 50986.dat
9 0 0.942582 -0.129541 -0.307829 0.333425 0.417888 0.845102 0.019163 -0.899215 0.437086 -87.309479 -27.597500 -37.617809 12.535851 0.681725 10.005050 50986.dat
9 0 -0.942582 -0.129542 0.307829 -0.333425 0.417889 -0.845101 -0.019162 -0.899215 -0.437087 87.309494 -27.597500 37.617851 12.535851 0.681725 10.005050 50986.dat
9 0 0.942582 -0.129541 0.307829 0.333426 0.417888 -0.845101 -0.019163 0.899215 0.437086 -87.309502 -27.597500 37.617794 12.535851 0.681725 10.005050 50986.dat
9 0 -1.000000 0.000000 -0.000000 0.000000 1.000000 0.000000 0.000000 0.000000 -1.000000 88.125015 -17.597126 -21.875000 7.874975 17.347126 1.625000 50986.dat
9 0 -1.000000 0.000000 -0.000000 0.000000 1.000000 0.000000 0.000000 0.000000 -1.000000 88.125000 -17.597126 21.875000 7.874975 17.347126 1.625000 50986.dat
10 0 -10.000000 0.000000 -90.000000 190.000000 72.000000 30.000002 50986.dat
2 22 -1.000000 0.000000 -0.000000 0.000000 1.000000 0.000000 0.000000 0.000000 -1.000000 100.000023 0.000000 -59.999992 12 20 29:0:1,29:0:1,29:0:1,29:0:1,29:0:1,29:0:1,22:2:1,22:2:1,22:2:1,22:2:1,22:2:1,22:2:1,22:2:1,22:2:1,22:2:1,29:0:1,29:0:1,29:0:1,29:0:1,29:0:1,29:0:1,29:0:1,29:0:1,29:0:1,29:0:1,22:2:1,29:0:1,29:0:1,29:0:1,29:0:1,29:0:1,29:0:1,29:0:1,29:0:1,29:0:1,29:0:1,29:0:1,22:2:1,29:0:1,29:0:1,29:0:1,29:0:1,22:2:1,22:2:1,22:2:1,29:0:1,29:0:1,29:0:1,29:0:1,29:0:1,29:0:1,29:0:1,29:0:1,29:0:1,29:0:1,29:0:1,29:0:1,29:0:1,29:0:1,29:0:1,22:2:1,22:2:1,22:2:1,22:2:1,15:4:0,22:2:1,29:0:1,29:0:1,29:0:1,29:0:1,29:0:1,29:0:1,29:0:1,29:0:1,29:0:1,29:0:1,29:0:1,29:0:1,29:0:1,29:0:1,29:0:1,22:2:1,15:4:0,22:2:1,22:2:1,22:2:1,22:2:1,29:0:1,29:0:1,29:0:1,29:0:1,29:0:1,29:0:1,29:0:1,29:0:1,29:0:1,29:0:1,29:0:1,29:0:1,29:0:1,29:0:1,29:0:1,22:2:1,22:2:1,22:2:1,22:2:1,29:0:1,29:0:1,29:0:1,29:0:1,29:0:1,29:0:1,29:0:1,29:0:1,29:0:1,29:0:1,29:0:1,29:0:1,29:0:1,29:0:1,29:0:1,29:0:1,29:0:1,29:0:1,29:0:1,22:2:1,22:2:1,29:0:1,29:0:1,29:0:1,29:0:1,29:0:1,29:0:1,29:0:1,29:0:1,29:0:1,29:0:1,29:0:1,29:0:1,29:0:1,29:0:1,29:0:1,29:0:1,29:0:1,29:0:1,15:4:0,22:2:1,22:2:1,29:0:1,29:0:1,29:0:1,29:0:1,29:0:1,29:0:1,29:0:1,29:0:1,29:0:1,29:0:1,29:0:1,29:0:1,29:0:1,29:0:1,29:0:1,29:0:1,29:0:1,29:0:1,29:0:1,22:2:1,22:2:1,22:2:1,22:2:1,29:0:1,29:0:1,29:0:1,29:0:1,29:0:1,29:0:1,29:0:1,29:0:1,29:0:1,29:0:1,29:0:1,29:0:1,29:0:1,29:0:1,29:0:1,22:2:1,22:2:1,22:2:1,22:2:1,15:4:0,22:2:1,29:0:1,29:0:1,29:0:1,29:0:1,29:0:1,29:0:1,29:0:1,29:0:1,29:0:1,29:0:1,29:0:1,29:0:1,29:0:1,29:0:1,29:0:1,22:2:1,15:4:0,22:2:1,22:2:1,22:2:1,22:2:1,29:0:1,29:0:1,29:0:1,29:0:1,29:0:1,29:0:1,29:0:1,29:0:1,29:0:1,29:0:1,29:0:1,29:0:1,29:0:1,29:0:1,29:0:1,22:2:1,22:2:1,22:2:1,29:0:1,29:0:1,29:0:1,29:0:1,22:2:1,29:0:1,29:0:1,29:0:1,29:0:1,29:0:1,29:0:1,29:0:1,29:0:1,29:0:1,29:0:1,29:0:1,22:2:1,29:0:1,29:0:1,29:0:1,29:0:1,29:0:1,29:0:1,29:0:1,29:0:1,29:0:1,29:0:1,22:2:1,22:2:1,22:2:1,22:2:1,22:2:1,22:2:1,22:2:1,22:2:1,22:2:1,29:0:1,29:0:1,29:0:1,29:0:1,29:0:1,29:0:1, 50986.dat
