9 0 -0.000000 -0.000000 -1.000000 1.000000 0.000000 -0.000000 0.000000 -1.000000 0.000000 0.000019 60.000004 60.000004 49.750000 2.000000 19.750000 51000.dat
9 0 -0.000000 -0.446906 -0.894581 1.000000 0.000000 -0.000000 0.000000 -0.894581 0.446906 0.000019 37.905251 61.055000 44.471249 2.000000 19.750000 51000.dat
9 0 -0.000001 0.447271 -0.894399 1.000000 0.000000 -0.000000 -0.000000 -0.894399 -0.447271 0.000019 82.114601 61.055748 44.471249 2.000000 19.750000 51000.dat
9 0 -0.000000 -0.000000 -1.000000 1.000000 0.000000 -0.000000 0.000000 -1.000000 0.000000 0.000004 96.250000 12.550025 8.300025 2.000000 3.500000 51000.dat
9 0 -0.000000 -0.000000 -1.000000 1.000000 0.000000 -0.000000 0.000000 -1.000000 0.000000 0.000004 23.750002 12.550025 8.300025 2.000000 3.500000 51000.dat
9 0 0.474188 -0.000000 0.880423 -0.880423 0.000000 0.474188 -0.000000 -1.000000 0.000000 -3.109398 96.250000 5.563476 4.063550 1.097100 3.500000 51000.dat
9 0 0.186782 -0.000001 -0.982401 0.982401 0.000000 0.186781 -0.000000 -1.000000 0.000001 -4.859076 96.250000 -0.836399 3.210650 0.600350 3.500000 51000.dat
9 0 0.474188 -0.000000 0.880423 -0.880423 0.000000 0.474188 -0.000000 -1.000000 0.000000 -3.109423 23.750002 5.563476 4.063550 1.097100 3.500000 51000.dat
9 0 0.186782 -0.000001 -0.982401 0.982401 0.000000 0.186781 -0.000000 -1.000000 0.000001 -4.859076 23.750002 -0.836399 3.210650 0.600350 3.500000 51000.dat
9 0 -0.474188 -0.000000 0.880424 0.880424 0.000000 0.474188 -0.000000 1.000000 -0.000000 3.109402 96.250000 5.563474 4.063550 1.097100 3.500000 51000.dat
9 0 -0.186782 -0.000001 -0.982401 -0.982401 0.000000 0.186782 -0.000000 1.000000 -0.000001 4.859075 96.250000 -0.836402 3.210650 0.600350 3.500000 51000.dat
9 0 -0.474188 -0.000000 0.880424 0.880424 0.000000 0.474188 -0.000000 1.000000 -0.000000 3.109402 23.750002 5.563474 4.063550 1.097100 3.500000 51000.dat
9 0 -0.186782 -0.000001 -0.982401 -0.982401 0.000000 0.186782 -0.000000 1.000000 -0.000001 4.859075 23.750002 -0.836402 3.210650 0.600350 3.500000 51000.dat
10 0 -5.625000 -20.000000 -6.586650 110.000000 100.000000 6.586650 51000.dat
0 6 0.000000 0.000000 1.000000 -0.000000 -1.000000 0.000000 1.000000 -0.000000 -0.000000 0.000000 92.500000 0.000000 0 0 0.300000 1 0 51000.dat
0 6 0.000000 0.000000 1.000000 -0.000000 -1.000000 0.000000 1.000000 -0.000000 -0.000000 0.000000 19.999998 0.000000 0 0 0.300000 1 0 51000.dat
