9 0 1.000000 0.000000 0.000000 0.000000 1.000000 0.000000 0.000000 0.000000 1.000000 9.025000 -18.425125 0.026625 8.750000 0.376200 5.335650 51342.dat
9 0 0.725735 -0.687975 0.000000 0.687975 0.725735 0.000000 0.000000 0.000000 1.000000 175.324753 15.719750 0.203500 73.199997 41.793503 3.399100 51342.dat
9 0 1.000000 0.000000 0.000000 0.000000 1.000000 0.000000 0.000000 0.000000 1.000000 -8.288275 39.460251 0.933050 6.436725 19.135275 0.969225 51342.dat
9 0 1.000000 0.000000 0.000000 0.000000 1.000000 0.000000 0.000000 0.000000 1.000000 26.603249 -29.850000 0.933050 41.328251 9.675000 0.969225 51342.dat
9 0 1.000000 0.000000 0.000000 0.000000 1.000000 0.000000 0.000000 0.000000 1.000000 9.025000 0.000000 0.000000 8.750000 2.000000 7.931550 51342.dat
9 0 1.000000 0.000000 0.000000 0.000000 -0.000000 1.000000 0.000000 -1.000000 -0.000000 9.025000 0.197075 -8.468850 8.750000 0.341525 14.717799 51342.dat
9 0 1.000000 0.000000 0.000000 0.000000 1.000000 0.000000 0.000000 0.000000 1.000000 9.025000 18.503252 0.056950 8.750000 0.290925 4.687150 51342.dat
9 0 1.000000 0.000000 0.000000 0.000000 -0.000000 1.000000 0.000000 -1.000000 -0.000000 9.025000 0.197075 8.430900 8.750000 0.337350 14.717799 51342.dat
9 0 0.949976 0.312322 0.000000 -0.312322 0.949976 0.000000 0.000000 0.000000 1.000000 200.932495 -33.454975 0.000000 112.942505 11.405000 0.969225 51342.dat
9 0 0.656059 0.754710 0.000000 -0.754710 0.656059 0.000000 0.000000 0.000000 1.000000 331.378021 21.017250 0.238250 32.141251 2.085075 2.927350 51342.dat
9 0 1.000000 0.000000 0.000000 0.000000 1.000000 0.000000 0.000000 0.000000 1.000000 159.402252 89.455750 0.933050 9.972300 46.045502 0.969225 51342.dat
9 0 0.987688 0.156435 0.000000 -0.156435 0.987688 0.000000 0.000000 0.000000 1.000000 151.425751 -67.131248 0.000000 67.132500 1.396150 6.571475 51342.dat
9 0 0.707107 -0.707107 0.000000 0.707107 0.707107 0.000000 0.000000 0.000000 1.000000 63.039749 -56.219250 0.000000 28.001499 5.008100 6.428525 51342.dat
9 0 1.000000 0.000000 0.000000 0.000000 1.000000 0.000000 0.000000 0.000000 1.000000 125.655243 -15.714601 0.000000 58.952248 49.963501 6.428525 51342.dat
9 0 1.000000 0.000000 0.000000 0.000000 1.000000 0.000000 0.000000 0.000000 1.000000 45.753498 -0.907825 0.203500 24.653400 28.889999 5.919475 51342.dat
9 0 1.000000 0.000000 0.000000 0.000000 1.000000 0.000000 0.000000 0.000000 1.000000 -8.288275 39.460251 0.933050 6.436725 19.135275 0.969225 51342.dat
9 0 1.000000 0.000000 0.000000 0.000000 1.000000 0.000000 0.000000 0.000000 1.000000 27.913248 27.746252 0.933050 42.638252 7.421300 0.969225 51342.dat
9 0 0.865542 -0.500836 0.000000 0.500836 0.865542 0.000000 0.000000 0.000000 1.000000 27.757498 28.955252 0.933050 43.377251 8.717975 0.969225 51342.dat
9 0 0.998360 0.057251 0.000000 -0.057251 0.998360 0.000000 0.000000 0.000000 1.000000 216.435745 31.209251 0.933050 28.692001 29.583750 0.969225 51342.dat
10 0 -14.974999 -149.625000 -9.249950 354.666748 69.634003 9.250000 51342.dat
0 2 -0.000000 1.000000 0.000000 -1.000000 -0.000000 0.000000 0.000000 0.000000 1.000000 0.000000 -10.000000 0.000000 0 1 0.800000 0 0 51342.dat
0 2 -0.000000 1.000000 0.000000 -1.000000 -0.000000 0.000000 0.000000 0.000000 1.000000 0.000000 10.074999 0.000000 0 1 0.800000 0 0 51342.dat
0 6 -0.000000 1.000000 -0.000000 0.000000 -0.000000 -1.000000 -1.000000 0.000000 -0.000000 89.700005 -69.925003 -6.750000 0 0 0.540000 0 0 51342.dat
0 7 0.754710 -0.656059 0.000000 -0.656059 -0.754710 0.000000 -0.000000 -0.000000 -1.000000 336.199493 26.697001 0.000000 0 0 0.800000 0 0 51342.dat
