9 0 -1.000000 0.000000 -0.000000 0.000000 1.000000 0.000000 0.000000 0.000000 -1.000000 -51.893753 -19.999975 -0.000017 71.643753 2.442800 2.442800 51645.dat
9 0 0.000000 -1.000000 0.000000 -1.000000 -0.000000 -0.000000 0.000000 0.000000 -1.000000 0.000000 -7.124975 0.000000 6.875000 2.442800 2.442800 51645.dat
9 0 0.000000 -1.000000 0.000000 -1.000000 -0.000000 -0.000000 0.000000 0.000000 -1.000000 -80.000000 -7.124975 -0.000026 6.875000 2.442800 2.442800 51645.dat
9 0 -1.000000 0.000000 -0.000000 0.000000 1.000000 0.000000 0.000000 0.000000 -1.000000 0.000000 -20.000000 0.000000 6.250000 5.500000 4.750000 51645.dat
9 0 -1.000000 0.000000 -0.000000 0.000000 1.000000 0.000000 0.000000 0.000000 -1.000000 -80.000000 -20.000000 -0.000026 6.250000 5.500000 4.750000 51645.dat
9 0 -1.000000 0.000000 -0.000000 0.000000 1.000000 0.000000 0.000000 0.000000 -1.000000 -113.979996 -20.000000 -0.000037 6.250000 5.500000 4.750000 51645.dat
9 0 0.091903 -0.995768 0.000000 -0.995768 -0.091903 -0.000000 0.000000 0.000000 -1.000000 -117.630753 -34.453999 -0.000038 4.388700 17.104050 2.770700 51645.dat
9 0 -0.073040 -0.997329 -0.000000 -0.997329 0.073040 -0.000000 0.000000 0.000000 -1.000000 -146.475006 -35.331249 -0.000048 2.887000 12.564651 2.075825 51645.dat
9 0 0.091904 0.995768 0.000000 -0.995768 0.091904 -0.000000 -0.000000 -0.000000 1.000000 -117.630753 -5.546050 -0.000038 4.388700 17.104050 2.770700 51645.dat
9 0 -0.073039 0.997329 -0.000000 -0.997329 -0.073039 -0.000000 -0.000000 0.000000 1.000000 -146.475006 -4.668675 -0.000048 2.887000 12.564651 2.075825 51645.dat
10 0 -20.000000 -0.396000 -5.000000 159.987503 40.396000 5.000000 51645.dat
0 7 0.000000 0.000000 -1.000000 0.000000 1.000000 0.000000 1.000000 0.000000 0.000000 0.000000 0.000000 0.000000 0 1 0.570000 0 0 51645.dat
0 7 0.000000 0.000000 -1.000000 0.000000 1.000000 0.000000 1.000000 0.000000 0.000000 -80.000000 0.000000 -0.000026 0 1 0.570000 0 0 51645.dat
0 7 0.000000 1.000000 0.000000 1.000000 -0.000000 0.000000 0.000000 0.000000 -1.000000 20.000000 -19.999975 0.000007 0 1 0.540000 0 0 51645.dat
0 7 0.000000 1.000000 0.000000 1.000000 -0.000000 0.000000 0.000000 0.000000 -1.000000 -86.500000 -19.999975 -0.000028 1 1 0.855500 0 1 51645.dat
0 7 0.000000 1.000000 0.000000 1.000000 -0.000000 0.000000 0.000000 0.000000 -1.000000 -6.500000 -19.999975 -0.000002 1 1 2.676000 0 1 51645.dat
2 22 -1.000000 0.000000 -0.000000 0.000000 1.000000 0.000000 0.000000 0.000000 -1.000000 10.000003 0.000000 -9.999997 2 2 29:0:0,29:0:0,29:0:0,29:0:0,9:4:32,29:0:0,29:0:0,29:0:0,29:0:0, 51645.dat
2 22 -1.000000 0.000000 -0.000000 0.000000 1.000000 0.000000 0.000000 0.000000 -1.000000 -69.999992 0.000000 -10.000023 2 2 29:0:0,29:0:0,29:0:0,29:0:0,9:4:32,29:0:0,29:0:0,29:0:0,29:0:0, 51645.dat
2 22 0.000000 1.000000 0.000000 1.000000 -0.000000 0.000000 0.000000 0.000000 -1.000000 20.000004 -30.000002 -9.999993 2 2 29:0:0,29:0:0,29:0:0,29:0:0,9:4:32,29:0:0,29:0:0,29:0:0,29:0:0, 51645.dat
