9 0 -1.000000 -0.000000 -0.000000 0.000000 0.000000 -1.000000 0.000000 -1.000000 0.000000 0.000000 4.000025 0.000000 19.000000 19.750000 3.750000 51739.dat
9 0 -1.000000 0.000000 0.000000 -0.000000 -0.000001 -1.000000 -0.000000 -1.000000 0.000001 0.000000 4.000000 18.500774 38.250000 1.249225 3.750000 51739.dat
9 0 0.449905 0.000001 -0.893076 0.893076 0.000000 0.449905 0.000001 -1.000000 -0.000001 -27.901627 4.000000 -0.028950 3.539175 1.602500 3.750000 51739.dat
9 0 0.446297 -0.000000 -0.894885 0.894885 0.000000 0.446297 0.000000 -1.000000 0.000000 -34.848652 4.000000 16.630251 1.710500 2.849050 3.750000 51739.dat
9 0 -0.895194 0.000000 -0.445677 0.445677 0.000000 -0.895194 0.000000 -1.000000 0.000000 -21.955076 1.375000 -0.076300 6.881425 18.394501 1.125000 51739.dat
9 0 0.449905 0.000001 -0.893076 0.893076 0.000000 0.449905 0.000001 -1.000000 -0.000001 -20.405228 4.000025 -15.016252 4.348050 1.602500 3.750000 51739.dat
9 0 0.449905 0.000001 -0.893076 0.893076 0.000000 0.449905 0.000001 -1.000000 -0.000001 -23.591751 4.000000 -6.786800 3.935150 0.793850 3.750000 51739.dat
9 0 -0.449906 0.000002 -0.893076 -0.893076 -0.000001 0.449906 0.000000 1.000000 0.000002 27.910751 4.000000 -0.028950 3.539175 1.602500 3.750000 51739.dat
9 0 -0.446297 -0.000001 -0.894885 -0.894885 -0.000000 0.446297 -0.000001 1.000000 -0.000000 34.857750 4.000000 16.630251 1.710500 2.849050 3.750000 51739.dat
9 0 0.895194 -0.000000 -0.445677 -0.445677 -0.000000 -0.895194 -0.000000 1.000000 -0.000000 21.964001 1.375000 -0.076300 6.881425 18.394501 1.125000 51739.dat
9 0 -0.449906 0.000002 -0.893076 -0.893076 -0.000001 0.449906 0.000000 1.000000 0.000002 20.414251 4.000025 -15.016252 4.348050 1.602500 3.750000 51739.dat
9 0 -0.449906 0.000002 -0.893076 -0.893076 -0.000001 0.449906 0.000000 1.000000 0.000002 23.600752 4.000000 -6.786800 3.935150 0.793850 3.750000 51739.dat
10 0 -8.500025 0.000000 -10.000000 68.500000 12.425000 30.000002 51739.dat
3 23 1.000000 0.000000 0.000000 0.000000 1.000000 0.000000 0.000000 0.000000 1.000000 -20.000002 0.000000 20.000000 4 4 18:1:1,23:4:1,18:2:1,23:4:1,18:1:1,23:4:1,0:4:1,23:4:1,0:4:1,23:4:1,29:0:1,23:4:1,18:4:1,23:4:1,29:0:1,23:4:1,0:4:1,23:4:1,0:4:1,23:4:1,18:1:1,23:4:1,18:2:1,23:4:1,18:1:1, 51739.dat
2 22 1.000000 0.000000 0.000000 0.000000 1.000000 0.000000 0.000000 0.000000 1.000000 -20.000002 8.000000 20.000000 4 4 22:2:1,22:2:1,22:2:1,22:2:1,22:2:1,22:2:1,15:4:1,23:4:1,15:4:1,22:2:1,22:2:1,23:4:1,7:4:2,23:4:1,22:2:1,22:2:1,15:4:1,23:4:1,15:4:1,22:2:1,22:1:1,22:2:1,22:2:1,22:2:1,22:1:1, 51739.dat
