9 0 1.000000 0.000000 0.000000 0.000000 1.000000 0.000000 0.000000 0.000000 1.000000 -81.875000 4.000000 0.000000 37.875000 3.750000 19.750000 52036.dat
9 0 1.000000 0.000000 0.000000 0.000000 1.000000 0.000000 0.000000 0.000000 1.000000 81.875000 4.000000 0.000000 37.875000 3.750000 19.750000 52036.dat
9 0 1.000000 0.000000 0.000000 0.000000 1.000000 0.000000 0.000000 0.000000 1.000000 0.000000 17.625000 0.000000 13.500001 1.375000 16.750000 52036.dat
9 0 1.000000 0.000000 0.000000 0.000000 1.000000 0.000000 0.000000 0.000000 1.000000 0.000000 8.000000 -30.000002 39.750000 7.750000 9.750000 52036.dat
9 0 1.000000 0.000000 0.000000 0.000000 1.000000 0.000000 0.000000 0.000000 1.000000 0.000000 8.000000 30.000002 39.750000 7.750000 9.750000 52036.dat
9 0 1.000000 0.000000 0.000000 0.000000 1.000000 0.000000 0.000000 0.000000 1.000000 43.124996 13.249999 0.000000 2.875000 5.750000 19.750000 52036.dat
9 0 1.000000 0.000000 0.000000 0.000000 1.000000 0.000000 0.000000 0.000000 1.000000 -43.125004 13.249999 0.000000 2.875000 5.750000 19.750000 52036.dat
9 0 0.569208 -0.822194 0.000000 0.822194 0.569208 0.000000 0.000000 0.000000 1.000000 -50.056751 9.335550 -18.125000 4.311675 8.685451 1.625000 52036.dat
9 0 0.569208 -0.822194 0.000000 0.822194 0.569208 0.000000 0.000000 0.000000 1.000000 -50.056751 9.335550 18.125000 4.311675 8.685451 1.625000 52036.dat
9 0 -0.569208 -0.822194 -0.000000 -0.822194 0.569208 -0.000000 0.000000 0.000000 -1.000000 50.056744 9.335550 -18.125000 4.311675 8.685451 1.625000 52036.dat
9 0 -0.569208 -0.822194 -0.000000 -0.822194 0.569208 -0.000000 0.000000 0.000000 -1.000000 50.056744 9.335550 18.125000 4.311675 8.685451 1.625000 52036.dat
9 0 0.954475 0.000000 -0.298291 0.000000 1.000000 0.000000 0.298291 0.000000 0.954475 41.412498 8.000000 -29.464849 1.543900 7.750000 10.226900 52036.dat
9 0 -0.954475 0.000000 -0.298291 0.000000 1.000000 0.000000 0.298291 0.000000 -0.954475 -41.381001 8.000000 -29.454851 1.577375 7.750000 10.226900 52036.dat
9 0 0.954475 0.000000 0.298291 0.000000 1.000000 0.000000 -0.298291 0.000000 0.954475 41.430748 8.000000 29.470501 1.524925 7.750000 10.226900 52036.dat
9 0 -0.954475 0.000000 0.298291 0.000000 1.000000 0.000000 -0.298291 0.000000 -0.954475 -41.384251 8.000000 29.456001 1.574075 7.750000 10.226900 52036.dat
9 0 1.000000 0.000000 0.000000 0.000000 1.000000 0.000000 0.000000 0.000000 1.000000 -35.000004 17.625000 0.000000 8.500000 1.375000 16.750000 52036.dat
9 0 1.000000 0.000000 0.000000 0.000000 1.000000 0.000000 0.000000 0.000000 1.000000 35.000004 17.625000 0.000000 8.500000 1.375000 16.750000 52036.dat
9 0 1.000000 0.000000 0.000000 0.000000 1.000000 0.000000 0.000000 0.000000 1.000000 1.874995 17.625000 11.625000 41.625000 1.375000 5.125000 52036.dat
9 0 1.000000 0.000000 0.000000 0.000000 1.000000 0.000000 0.000000 0.000000 1.000000 1.874995 17.625000 -11.625000 41.625000 1.375000 5.125000 52036.dat
10 0 -10.000000 -11.250000 -50.000000 230.000000 12.450000 30.000002 52036.dat
3 23 1.000000 0.000000 0.000000 0.000000 1.000000 0.000000 0.000000 0.000000 1.000000 -120.000008 0.000000 40.000000 8 24 29:0:1,29:0:1,29:0:1,29:0:1,29:0:1,29:0:1,29:0:1,29:0:1,18:1:1,23:4:1,18:2:1,23:4:1,18:2:1,23:4:1,18:2:1,23:4:1,18:1:1,29:0:1,29:0:1,29:0:1,29:0:1,29:0:1,29:0:1,29:0:1,29:0:1,29:0:1,29:0:1,29:0:1,29:0:1,29:0:1,29:0:1,29:0:1,29:0:1,23:4:1,0:4:1,23:4:1,0:4:1,23:4:1,0:4:1,23:4:1,0:4:1,23:4:1,29:0:1,29:0:1,29:0:1,29:0:1,29:0:1,29:0:1,29:0:1,29:0:1,18:1:1,23:4:1,18:2:1,23:4:1,18:2:1,23:4:1,18:2:1,23:4:1,18:2:1,23:4:1,18:2:1,23:4:1,18:2:1,23:4:1,18:2:1,23:4:1,18:2:1,23:4:1,18:2:1,23:4:1,18:2:1,23:4:1,18:2:1,23:4:1,18:1:1,23:4:1,0:4:1,23:4:1,0:4:1,23:4:1,0:4:1,23:4:1,0:4:1,23:4:1,29:0:1,29:0:1,29:0:1,29:0:1,29:0:1,29:0:1,29:0:1,23:4:1,0:4:1,23:4:1,0:4:1,23:4:1,0:4:1,23:4:1,0:4:1,23:4:1,18:2:1,23:4:1,18:4:1,23:4:1,18:4:1,23:4:1,18:4:1,23:4:1,18:2:1,29:0:1,29:0:1,29:0:1,29:0:1,29:0:1,29:0:1,29:0:1,18:2:1,23:4:1,18:4:1,23:4:1,18:4:1,23:4:1,18:4:1,23:4:1,18:2:1,23:4:1,0:4:1,23:4:1,0:4:1,23:4:1,0:4:1,23:4:1,0:4:1,23:4:1,29:0:1,29:0:1,29:0:1,29:0:1,29:0:1,29:0:1,29:0:1,23:4:1,0:4:1,23:4:1,0:4:1,23:4:1,0:4:1,23:4:1,0:4:1,23:4:1,18:1:1,23:4:1,18:2:1,23:4:1,18:2:1,23:4:1,18:2:1,23:4:1,18:2:1,23:4:1,18:2:1,23:4:1,18:2:1,23:4:1,18:2:1,23:4:1,18:2:1,23:4:1,18:2:1,23:4:1,18:2:1,23:4:1,18:2:1,23:4:1,18:1:1,29:0:1,29:0:1,29:0:1,29:0:1,29:0:1,29:0:1,29:0:1,29:0:1,23:4:1,0:4:1,23:4:1,0:4:1,23:4:1,0:4:1,23:4:1,0:4:1,23:4:1,29:0:1,29:0:1,29:0:1,29:0:1,29:0:1,29:0:1,29:0:1,29:0:1,29:0:1,29:0:1,29:0:1,29:0:1,29:0:1,29:0:1,29:0:1,29:0:1,18:1:1,23:4:1,18:2:1,23:4:1,18:2:1,23:4:1,18:2:1,23:4:1,18:1:1,29:0:1,29:0:1,29:0:1,29:0:1,29:0:1,29:0:1,29:0:1,29:0:1, 52036.dat
3 23 1.000000 0.000000 0.000000 0.000000 1.000000 0.000000 0.000000 0.000000 1.000000 -40.000004 16.000000 20.000002 4 8 29:0:0,29:0:0,29:0:0,29:0:0,29:0:0,29:0:0,29:0:0,29:0:0,29:0:0,23:4:1,0:4:0,23:4:1,0:4:0,23:4:1,0:4:0,23:4:1,0:4:0,23:4:1,29:0:1,23:4:1,18:4:0,23:4:1,18:4:1,23:4:1,18:4:0,23:4:1,29:0:1,23:4:1,0:4:0,23:4:1,0:4:0,23:4:1,0:4:0,23:4:1,0:4:0,23:4:1,29:0:0,29:0:0,29:0:0,29:0:0,29:0:0,29:0:0,29:0:0,29:0:0,29:0:0, 52036.dat
2 22 1.000000 0.000000 0.000000 0.000000 1.000000 0.000000 0.000000 0.000000 1.000000 -120.000008 8.000000 20.000002 4 24 22:1:1,22:2:1,22:2:1,22:2:1,22:2:1,22:2:1,22:1:1,29:0:1,29:0:1,29:0:1,29:0:1,29:0:1,29:0:1,29:0:1,29:0:1,29:0:1,29:0:1,29:0:1,22:1:1,22:2:1,22:2:1,22:2:1,22:2:1,22:2:1,22:1:1,22:2:1,15:4:1,23:4:1,15:4:1,23:4:1,15:4:1,22:2:1,29:0:1,29:0:1,29:0:1,29:0:1,29:0:1,29:0:1,29:0:1,29:0:1,29:0:1,29:0:1,29:0:1,22:2:1,15:4:1,23:4:1,15:4:1,23:4:1,15:4:1,22:2:1,22:2:1,23:4:1,7:4:2,23:4:1,7:4:2,22:2:1,22:2:1,29:0:1,29:0:1,29:0:1,29:0:1,29:0:1,29:0:1,29:0:1,29:0:1,29:0:1,29:0:1,29:0:1,22:2:1,22:2:1,7:4:2,23:4:1,7:4:2,23:4:1,22:2:1,22:2:1,15:4:1,23:4:1,15:4:1,23:4:1,15:4:1,22:2:1,29:0:1,29:0:1,29:0:1,29:0:1,29:0:1,29:0:1,29:0:1,29:0:1,29:0:1,29:0:1,29:0:1,22:2:1,15:4:1,23:4:1,15:4:1,23:4:1,15:4:1,22:2:1,22:1:1,22:2:1,22:2:1,22:2:1,22:2:1,22:2:1,22:1:1,29:0:1,29:0:1,29:0:1,29:0:1,29:0:1,29:0:1,29:0:1,29:0:1,29:0:1,29:0:1,29:0:1,22:1:1,22:2:1,22:2:1,22:2:1,22:2:1,22:2:1,22:1:1, 52036.dat
2 22 1.000000 0.000000 0.000000 0.000000 1.000000 0.000000 0.000000 0.000000 1.000000 -40.000004 16.000000 40.000000 8 8 22:1:1,22:2:1,22:2:1,22:2:1,22:2:1,22:2:1,22:2:1,22:2:1,22:1:1,22:2:1,15:4:1,9:4:1,15:4:1,9:4:1,15:4:1,9:4:1,15:4:1,22:2:1,22:1:1,22:2:1,22:2:1,22:2:1,22:2:1,22:2:1,22:2:1,22:2:1,22:1:1,29:0:0,29:0:0,29:0:0,29:0:0,29:0:0,29:0:0,29:0:0,29:0:0,29:0:0,29:0:0,29:0:0,29:0:0,29:0:0,29:0:0,29:0:0,29:0:0,29:0:0,29:0:0,29:0:0,29:0:0,29:0:0,29:0:0,29:0:0,29:0:0,29:0:0,29:0:0,29:0:0,22:1:1,22:2:1,22:2:1,22:2:1,22:2:1,22:2:1,22:2:1,22:2:1,22:1:1,22:2:1,15:4:1,9:4:1,15:4:1,9:4:1,15:4:1,9:4:1,15:4:1,22:2:1,22:1:1,22:2:1,22:2:1,22:2:1,22:2:1,22:2:1,22:2:1,22:2:1,22:1:1, 52036.dat
