9 0 -1.000000 -0.000000 -0.000000 0.000000 0.000000 -1.000000 0.000000 -1.000000 0.000000 -50.625004 12.000000 -25.000004 9.125000 34.750000 3.750000 52031.dat
9 0 -1.000000 -0.000000 -0.000000 0.000000 0.000000 -1.000000 0.000000 -1.000000 0.000000 0.000000 4.000000 -1.875001 49.402248 11.625000 3.750000 52031.dat
9 0 -0.781820 0.623504 -0.000001 0.008013 0.010047 -0.999918 -0.623452 -0.781756 -0.012851 -53.989201 5.272700 -2.491254 6.133650 12.175426 1.205125 52031.dat
9 0 -1.000000 -0.000000 -0.000000 0.000000 0.000000 -1.000000 0.000000 -1.000000 0.000000 0.000000 12.000000 -60.625004 39.750000 9.125000 3.750000 52031.dat
9 0 -0.830168 0.557514 0.000001 0.000282 0.000422 -1.000000 -0.557513 -0.830168 -0.000507 -56.916023 7.698375 -30.039003 2.478375 14.939025 1.205125 52031.dat
9 0 -0.830168 0.557513 0.000001 0.000283 0.000422 -1.000000 -0.557513 -0.830168 -0.000508 -51.376976 3.972275 -19.824251 3.697300 4.724075 1.205125 52031.dat
9 0 -0.771543 0.517917 0.369438 -0.306432 0.206358 -0.929255 -0.557514 -0.830168 -0.000508 -53.703476 5.604675 -36.261826 1.735025 12.569425 1.205125 52031.dat
9 0 -1.000000 -0.000000 -0.000000 0.000000 0.053735 -0.998555 0.000000 -0.998555 -0.053735 0.000000 1.703149 -23.874252 47.496750 8.851925 0.965825 52031.dat
9 0 1.000000 0.000000 0.000000 0.000000 0.991910 0.126945 0.000000 -0.126945 0.991910 0.000000 2.819699 -43.194275 44.676502 0.286100 10.067451 52031.dat
9 0 1.000000 0.000000 0.000000 0.000000 0.971964 0.235128 0.000000 -0.235128 0.971964 0.000000 9.900700 -60.788979 39.750000 3.746225 8.202476 52031.dat
9 0 -0.900948 -0.000048 0.433926 -0.422397 0.229085 -0.876984 -0.099364 -0.973407 -0.206414 -48.213123 6.750750 -53.447678 7.526075 10.761225 1.057650 52031.dat
9 0 -0.894553 0.000000 0.446962 -0.446961 0.000000 -0.894553 -0.000000 -1.000000 0.000000 -42.341175 12.000000 -66.763275 3.291000 1.596650 3.750000 52031.dat
9 0 0.894553 0.000000 0.446961 0.446961 0.000000 -0.894553 0.000000 1.000000 -0.000000 42.341251 12.000000 -66.763275 3.291000 1.596650 3.750000 52031.dat
9 0 0.900948 -0.000048 0.433927 0.422397 0.229084 -0.876984 -0.099364 0.973407 0.206413 48.212997 6.750750 -53.447678 7.526075 10.761225 1.057650 52031.dat
9 0 0.771541 0.517919 0.369439 0.306433 0.206358 -0.929255 -0.557515 0.830166 0.000507 53.703499 5.604675 -36.261852 1.735025 12.569425 1.205125 52031.dat
9 0 0.830168 0.557513 0.000000 -0.000283 0.000421 -1.000000 -0.557513 0.830168 0.000507 51.376999 3.972275 -19.824251 3.697300 4.724075 1.205125 52031.dat
9 0 0.830168 0.557514 -0.000000 -0.000283 0.000421 -1.000000 -0.557514 0.830168 0.000507 56.916000 7.698375 -30.039003 2.478375 14.939025 1.205125 52031.dat
9 0 0.781821 0.623503 0.000001 -0.008012 0.010048 -0.999917 -0.623452 0.781756 0.012852 53.989254 5.272700 -2.491254 6.133650 12.175426 1.205125 52031.dat
9 0 1.000000 0.000000 0.000000 0.000000 -0.000000 -1.000000 0.000000 1.000000 -0.000000 50.625004 12.000000 -25.000004 9.125000 34.750000 3.750000 52031.dat
10 0 -10.000000 0.000000 -70.000000 110.000000 20.450001 10.000000 52031.dat
3 23 1.000000 0.000000 0.000000 0.000000 1.000000 0.000000 0.000000 0.000000 1.000000 -40.000000 0.000000 9.999996 2 8 18:1:1,23:4:1,18:2:1,23:4:1,18:2:1,23:4:1,18:2:1,23:4:1,18:1:1,23:4:1,0:4:1,23:4:1,0:4:1,23:4:1,0:4:1,23:4:1,0:4:1,23:4:1,29:0:1,23:4:1,29:0:1,23:4:1,29:0:1,23:4:1,29:0:1,23:4:1,29:0:1, 52031.dat
2 22 1.000000 0.000000 0.000000 0.000000 1.000000 0.000000 0.000000 0.000000 1.000000 -60.000004 16.000000 9.999996 8 12 22:1:1,22:2:1,22:1:1,29:0:1,29:0:1,29:0:1,29:0:1,29:0:1,29:0:1,29:0:1,22:1:1,22:2:1,22:1:1,22:2:1,15:4:1,22:2:1,29:0:1,29:0:1,29:0:1,29:0:1,29:0:1,29:0:1,29:0:1,22:2:1,15:4:1,22:2:1,22:2:1,9:4:1,22:2:1,29:0:1,29:0:1,29:0:1,29:0:1,29:0:1,29:0:1,29:0:1,22:2:1,9:4:1,22:2:1,22:2:1,15:4:1,22:2:1,29:0:1,29:0:1,29:0:1,29:0:1,29:0:1,29:0:1,29:0:1,22:2:1,15:4:1,22:2:1,22:2:1,9:4:1,22:2:1,29:0:1,29:0:1,29:0:1,29:0:1,29:0:1,29:0:1,29:0:1,22:2:1,9:4:1,22:2:1,22:2:1,15:4:1,22:2:1,29:0:1,29:0:1,29:0:1,29:0:1,29:0:1,29:0:1,29:0:1,22:2:1,15:4:1,22:2:1,22:2:1,9:4:1,22:3:1,22:2:1,22:2:1,22:2:1,22:2:1,22:2:1,22:2:1,22:2:1,22:3:1,9:4:1,22:2:1,22:2:1,15:4:0,22:2:1,15:4:1,9:4:1,15:4:1,9:4:1,15:4:1,9:4:1,15:4:1,22:2:1,15:4:0,22:2:1,29:0:1,22:2:1,22:2:1,22:2:1,22:2:1,22:2:1,22:2:1,22:2:1,22:2:1,22:2:1,22:2:1,22:2:1,29:0:1, 52031.dat
2 22 1.000000 0.000000 0.000000 0.000000 1.000000 0.000000 0.000000 0.000000 1.000000 -40.000000 8.000000 9.999996 2 8 22:1:1,22:2:1,22:2:1,22:2:1,22:2:1,22:2:1,22:2:1,22:2:1,22:1:1,22:2:1,15:4:0,9:4:1,15:4:0,9:4:1,15:4:0,9:4:1,15:4:0,22:2:1,22:1:1,22:2:1,22:2:1,22:2:1,22:2:1,22:2:1,22:2:1,22:2:1,22:1:1, 52031.dat
