9 0 0.000000 0.000000 1.000000 0.000000 1.000000 0.000000 -1.000000 0.000000 0.000000 7.762954 -40.051727 62.697624 26.756250 9.877026 2.012950 52035.dat
9 0 0.000000 0.000000 1.000000 0.000000 1.000000 0.000000 -1.000000 0.000000 0.000000 -0.000009 -29.887850 21.772501 13.092125 10.252174 1.000000 52035.dat
9 0 0.000000 0.000000 1.000000 0.000000 1.000000 0.000000 -1.000000 0.000000 0.000000 15.214809 -37.885223 3.102493 8.838800 16.121500 1.000000 52035.dat
9 0 0.000000 0.000000 1.000000 0.000000 1.000000 0.000000 -1.000000 0.000000 0.000000 -15.214840 -37.658752 3.102505 8.838800 15.895000 1.000000 52035.dat
9 0 0.000000 0.000000 1.000000 0.000000 1.000000 0.000000 -1.000000 0.000000 0.000000 -0.000013 -37.649353 9.715751 2.225525 15.885600 16.214825 52035.dat
9 0 0.000000 0.205750 0.978604 -0.000000 0.978604 -0.205750 -1.000000 0.000000 0.000000 -0.000015 -56.460922 0.795999 6.625775 1.220150 15.097725 52035.dat
9 0 0.000000 0.000000 1.000000 0.000000 1.000000 0.000000 -1.000000 0.000000 0.000000 -0.000021 -67.786873 -16.637749 8.838800 13.116725 6.231450 52035.dat
9 0 0.000000 0.644552 0.764561 -0.000000 0.764561 -0.644552 -1.000000 0.000000 0.000000 -0.000025 -69.331947 -28.735250 5.069325 10.727675 27.105001 52035.dat
9 0 0.000000 0.522882 0.852405 -0.000000 0.852405 -0.522882 -1.000000 0.000000 0.000000 -18.579380 -53.405453 -43.002243 2.818700 10.727675 8.525575 52035.dat
9 0 0.000000 0.522882 0.852405 -0.000000 0.852405 -0.522882 -1.000000 0.000000 0.000000 18.579321 -53.405453 -43.002254 2.818700 10.727675 8.525575 52035.dat
9 0 0.159324 -0.039751 0.986426 0.007217 0.999209 0.039100 -0.987200 0.000890 0.159485 -28.542513 6.647497 10.566509 23.100599 1.132325 1.000000 52035.dat
9 0 -0.124220 -0.631459 -0.765395 0.100028 -0.775409 0.623487 -0.987200 0.000889 0.159485 -32.844021 -30.214226 -15.927988 15.337851 12.147625 1.000000 52035.dat
9 0 0.574276 -0.466727 -0.672586 -0.059575 -0.843215 0.534265 -0.816491 -0.266746 -0.512044 -26.634777 -43.523800 -38.046741 15.337851 12.147625 1.000000 52035.dat
9 0 -0.574277 -0.466727 -0.672586 0.059576 -0.843215 0.534265 -0.816491 0.266746 0.512044 26.634724 -43.523800 -38.046753 15.337851 12.147625 1.000000 52035.dat
9 0 0.124220 -0.631459 -0.765395 -0.100027 -0.775409 0.623487 -0.987200 -0.000889 -0.159484 32.843979 -30.214226 -15.928012 15.337851 12.147625 1.000000 52035.dat
9 0 -0.159323 -0.039751 0.986426 -0.007217 0.999209 0.039100 -0.987200 -0.000890 -0.159484 27.106241 -11.589500 19.559240 13.276275 18.993124 1.000000 52035.dat
9 0 0.000000 0.000000 1.000000 0.000000 1.000000 0.000000 -1.000000 0.000000 0.000000 -39.112270 -71.972504 -14.346236 1.625000 9.737500 10.387800 52035.dat
9 0 0.000000 0.000000 1.000000 0.000000 1.000000 0.000000 -1.000000 0.000000 0.000000 39.112228 -71.972504 -14.346260 1.625000 9.737500 10.387800 52035.dat
9 0 -0.101353 -0.278395 0.955104 0.000000 0.960048 0.279836 -0.994851 0.028362 -0.097304 16.450655 -21.004501 70.129570 17.861099 5.610425 5.551900 52035.dat
9 0 0.092832 -0.278628 0.955902 0.000000 0.960048 0.279836 -0.995682 -0.025978 0.089123 -15.912668 -20.873749 69.681328 18.494699 5.610425 5.551900 52035.dat
9 0 0.000000 -0.156224 0.987722 0.000000 0.987722 0.156224 -1.000000 0.000000 0.000000 11.499989 -13.527500 11.423746 0.987525 5.610425 1.250000 52035.dat
9 0 0.000000 0.201560 0.979476 -0.000000 0.979476 -0.201560 -1.000000 0.000000 0.000000 11.499992 -13.198251 23.489996 0.987525 5.610425 1.250000 52035.dat
9 0 0.000000 -0.156224 0.987722 0.000000 0.987722 0.156224 -1.000000 0.000000 0.000000 -11.500012 -13.527500 11.423752 0.987525 5.610425 1.250000 52035.dat
9 0 0.000000 0.201560 0.979476 -0.000000 0.979476 -0.201560 -1.000000 0.000000 0.000000 -11.500009 -13.198251 23.490004 0.987525 5.610425 1.250000 52035.dat
9 0 0.000000 0.000000 1.000000 0.000000 1.000000 0.000000 -1.000000 0.000000 0.000000 -0.000028 -50.279598 -38.759499 0.868500 13.515951 9.391425 52035.dat
9 0 -0.000000 -0.946569 -0.322503 0.000000 -0.322503 0.946569 -1.000000 0.000000 0.000000 -0.000031 -32.522076 -48.831249 0.868500 8.827625 9.391425 52035.dat
9 0 -0.000000 -0.787471 -0.616352 0.000000 -0.616352 0.787471 -1.000000 0.000000 0.000000 -8.945756 -28.277576 -46.710003 5.888250 5.521425 0.445725 52035.dat
9 0 -0.000000 -0.787471 -0.616352 0.000000 -0.616352 0.787471 -1.000000 0.000000 0.000000 8.945695 -28.078375 -46.554001 6.141200 5.521425 0.445725 52035.dat
9 0 0.000000 0.113189 0.993573 -0.000000 0.993573 -0.113189 -1.000000 0.000000 0.000000 -0.000009 -18.332249 21.346500 11.601475 1.682900 25.962500 52035.dat
9 0 0.000000 0.000000 1.000000 0.000000 1.000000 0.000000 -1.000000 0.000000 0.000000 0.000004 -48.214375 62.697624 26.756250 1.714375 9.775900 52035.dat
9 0 0.000000 0.000000 1.000000 0.000000 1.000000 0.000000 -1.000000 0.000000 0.000000 -7.762946 -40.051727 62.697624 26.756250 9.877026 2.012950 52035.dat
9 0 -0.159323 -0.039751 0.986426 -0.007217 0.999209 0.039100 -0.987200 -0.000890 -0.159484 28.726488 -18.820499 9.569990 23.100599 11.365726 1.000000 52035.dat
9 0 -0.159323 -0.039751 0.986426 -0.007217 0.999209 0.039100 -0.987200 -0.000890 -0.159484 31.882233 -10.398001 -10.010010 2.949000 18.993124 1.000000 52035.dat
9 0 -0.159323 -0.039751 0.986426 -0.007217 0.999209 0.039100 -0.987200 -0.000890 -0.159484 28.542488 6.647497 10.566491 23.100599 1.132325 1.000000 52035.dat
9 0 0.159324 -0.039751 0.986426 0.007217 0.999209 0.039100 -0.987200 0.000890 0.159485 -31.882269 -10.398001 -10.009986 2.949000 18.993124 1.000000 52035.dat
9 0 0.159324 -0.039751 0.986426 0.007217 0.999209 0.039100 -0.987200 0.000890 0.159485 -28.726513 -18.820499 9.570008 23.100599 11.365726 1.000000 52035.dat
9 0 0.159324 -0.039751 0.986426 0.007217 0.999209 0.039100 -0.987200 0.000890 0.159485 -27.154509 -11.577499 19.260757 13.578725 18.993124 1.000000 52035.dat
10 0 -109.946251 -60.557251 -49.750000 39.703751 31.959999 49.750000 52035.dat
3 23 0.000000 0.000000 1.000000 0.000000 1.000000 0.000000 -1.000000 0.000000 0.000000 -10.000003 -50.000000 40.000004 2 4 29:0:1,23:4:1,29:0:1,23:4:1,29:0:1,23:4:1,1:4:0,23:4:1,1:4:0,23:4:1,29:0:1,23:4:1,29:0:1,23:4:1,29:0:1, 52035.dat
3 23 0.000000 0.000000 1.000000 1.000000 -0.000000 -0.000000 0.000000 1.000000 -0.000000 -10.000003 -30.000002 39.941376 2 2 29:0:0,29:0:0,29:0:0,29:0:0,1:4:32,29:0:0,29:0:0,29:0:0,29:0:0, 52035.dat
3 23 0.000000 0.000000 1.000000 -1.000000 -0.000000 0.000000 0.000000 -1.000000 -0.000000 9.999997 -50.000000 39.941372 2 2 29:0:0,29:0:0,29:0:0,29:0:0,1:4:32,29:0:0,29:0:0,29:0:0,29:0:0, 52035.dat
3 23 -0.000000 -1.000000 -0.000000 0.000000 -0.000000 1.000000 -1.000000 0.000000 0.000000 -50.000019 -62.000000 -16.221231 2 2 29:0:0,29:0:0,29:0:0,29:0:0,1:4:32,29:0:0,29:0:0,29:0:0,29:0:0, 52035.dat
3 23 -0.000000 -1.000000 -0.000000 0.000000 -0.000000 1.000000 -1.000000 0.000000 0.000000 29.999981 -62.000000 -16.221260 2 2 29:0:0,29:0:0,29:0:0,29:0:0,1:4:32,29:0:0,29:0:0,29:0:0,29:0:0, 52035.dat
3 23 -0.000000 -1.000000 -0.000000 0.000000 -0.000000 1.000000 -1.000000 0.000000 0.000000 -10.000029 -38.000000 -39.946247 2 2 29:0:0,29:0:0,29:0:0,29:0:0,1:4:33,29:0:0,29:0:0,29:0:0,29:0:0, 52035.dat
0 6 -0.000000 -1.000000 -0.000000 1.000000 -0.000000 -0.000000 0.000000 0.000000 1.000000 12.999990 -11.361751 17.360247 0 0 0.120000 1 0 52035.dat
0 6 -0.000000 -1.000000 -0.000000 1.000000 -0.000000 -0.000000 0.000000 0.000000 1.000000 -10.000010 -11.361751 17.360252 0 0 0.120000 1 0 52035.dat
4 52 1.000000 0.000000 -0.000000 0.000000 1.000000 0.000000 0.000000 0.000000 1.000000 -0.000010 -11.361751 17.360249 2 52035.dat
4 54 0.000000 -0.996195 0.087155 1.000000 0.000000 -0.000000 0.000000 0.087155 0.996195 -1.250005 -27.010273 33.667927 2 52035.dat
4 54 -0.000000 0.996195 -0.087155 -1.000000 -0.000000 0.000001 0.000000 0.087155 0.996195 1.249995 -27.010273 33.667927 2 52035.dat
