9 0 0.000000 0.000000 1.000000 0.000000 1.000000 0.000000 -1.000000 0.000000 0.000000 -0.000012 24.215508 0.000015 19.750000 23.965424 39.750000 52258.dat
9 0 0.000000 0.000000 1.000000 0.000000 1.000000 0.000000 -1.000000 0.000000 0.000000 -0.000042 11.057007 -94.062241 73.187752 18.458475 16.273924 52258.dat
9 0 0.000000 0.000000 1.000000 0.000000 1.000000 0.000000 -1.000000 0.000000 0.000000 0.000012 22.171509 69.227516 48.017250 30.413250 34.824501 52258.dat
9 0 0.000000 0.000000 1.000000 0.000000 1.000000 0.000000 -1.000000 0.000000 0.000000 0.000027 15.931511 111.325264 10.424874 14.470474 17.185801 52258.dat
9 0 0.000000 -0.472440 0.881363 0.000000 0.881363 0.472440 -1.000000 0.000000 0.000000 0.000024 48.180008 104.508766 39.841751 7.027900 23.275126 52258.dat
9 0 0.000000 0.181914 0.983314 -0.000000 0.983314 -0.181914 -1.000000 0.000000 0.000000 -0.000072 38.254749 -206.878235 30.489250 2.084600 16.097824 52258.dat
9 0 0.000000 -0.703093 0.711097 0.000000 0.711097 0.703093 -1.000000 0.000000 0.000000 -0.000072 29.644251 -190.391235 14.368425 5.141700 16.097824 52258.dat
9 0 0.083321 0.182460 0.979677 -0.186427 0.968593 -0.164540 -0.978929 -0.168929 0.114720 17.617676 34.297001 -203.221756 24.594826 5.680675 1.312100 52258.dat
9 0 -0.083321 0.182460 0.979677 0.186427 0.968593 -0.164540 -0.978929 0.168929 -0.114719 -16.598320 34.297001 -203.221725 24.594826 5.680675 1.312100 52258.dat
9 0 -0.117302 -0.005357 0.993082 0.167145 0.985614 0.025060 -0.978929 0.168928 -0.114719 -19.450563 29.970253 -176.228973 8.634275 8.938550 2.170225 52258.dat
9 0 0.117303 -0.005357 0.993082 -0.167145 0.985614 0.025060 -0.978929 -0.168928 0.114720 20.348682 29.949261 -176.214767 8.634275 8.938550 2.170225 52258.dat
9 0 0.000000 0.000000 1.000000 0.000000 1.000000 0.000000 -1.000000 0.000000 0.000000 -0.792748 135.071320 28.232491 10.956900 8.678675 58.694752 52258.dat
9 0 0.000000 0.000000 1.000000 0.000000 1.000000 0.000000 -1.000000 0.000000 0.000000 -30.998493 135.071320 55.393028 18.843725 8.678675 10.813025 52258.dat
9 0 0.000000 -0.400078 0.916481 0.000000 0.916481 0.400078 -1.000000 0.000000 0.000000 -30.167013 127.379776 -2.051476 19.795275 4.487075 11.978575 52258.dat
9 0 0.000000 -0.735239 0.677808 0.000000 0.677808 0.735239 -1.000000 0.000000 0.000000 -31.154490 79.413010 67.377281 15.449349 45.356251 13.564549 52258.dat
9 0 -0.000000 -0.735239 0.677808 -0.010170 0.677773 0.735201 -0.999948 -0.006893 -0.007477 -29.932726 94.512009 100.262772 7.818650 35.090752 5.041750 52258.dat
9 0 0.000000 -0.623561 0.781774 0.000000 0.781774 0.623561 -1.000000 0.000000 0.000000 -30.998486 120.143463 75.970284 27.309000 8.678675 10.813025 52258.dat
9 0 0.000000 0.000000 1.000000 0.000000 1.000000 0.000000 -1.000000 0.000000 0.000000 32.018185 135.071320 55.393005 18.843725 8.678675 10.813025 52258.dat
9 0 0.000000 -0.400078 0.916481 0.000000 0.916481 0.400078 -1.000000 0.000000 0.000000 31.186516 127.344582 -2.066994 19.795275 4.365875 11.978575 52258.dat
9 0 0.000000 -0.735239 0.677808 0.000000 0.677808 0.735239 -1.000000 0.000000 0.000000 32.174187 79.413010 67.377258 15.449349 45.356251 13.564549 52258.dat
9 0 0.000001 -0.735239 0.677808 0.010170 0.677773 0.735201 -0.999948 0.006893 0.007478 30.952299 94.512009 100.262764 7.818650 35.090752 5.041750 52258.dat
9 0 0.000000 -0.623561 0.781774 0.000000 0.781774 0.623561 -1.000000 0.000000 0.000000 32.018192 120.143463 75.970253 27.309000 8.678675 10.813025 52258.dat
9 0 -0.080338 0.139511 0.986956 0.011319 0.990221 -0.139051 -0.996703 -0.000000 -0.081132 -17.927574 21.613752 -223.317749 2.875425 4.493625 0.952475 52258.dat
9 0 -0.080338 0.139511 0.986956 0.011319 0.990221 -0.139051 -0.996703 -0.000000 -0.081132 -18.952328 22.634256 -210.729248 2.875425 5.245275 0.952475 52258.dat
9 0 0.080339 0.139511 0.986956 -0.011319 0.990221 -0.139051 -0.996703 0.000000 0.081132 18.946918 21.613752 -223.317764 2.875425 4.493625 0.952475 52258.dat
9 0 0.080339 0.139511 0.986956 -0.011319 0.990221 -0.139051 -0.996703 0.000000 0.081132 19.954926 22.605251 -210.934753 1.802650 5.245275 0.952475 52258.dat
9 0 -0.387417 -0.030391 0.921403 0.224795 0.966175 0.126386 -0.894078 0.256091 -0.367481 -14.636832 27.017260 -230.823730 7.481800 4.019150 0.952475 52258.dat
9 0 0.569995 0.025188 0.821262 -0.224795 0.966175 0.126386 -0.790300 -0.256655 0.556376 14.496666 27.015007 -232.861496 6.538675 4.018175 0.952475 52258.dat
9 0 0.000000 -0.300658 0.953732 0.000000 0.953732 0.300658 -1.000000 0.000000 0.000000 0.203666 26.940250 -237.404724 1.223075 4.493625 12.652375 52258.dat
9 0 0.000000 0.000000 1.000000 0.000000 1.000000 0.000000 -1.000000 0.000000 0.000000 0.000000 -13.476491 26.151865 4.748725 7.275800 34.824501 52258.dat
9 0 0.000000 0.000000 1.000000 0.000000 1.000000 0.000000 -1.000000 0.000000 0.000000 -0.000018 -14.889490 -23.349983 2.122475 8.688700 34.824501 52258.dat
9 0 0.000000 0.000000 1.000000 0.000000 1.000000 0.000000 -1.000000 0.000000 0.000000 -18.688715 15.931511 141.300278 18.424850 7.748525 0.814625 52258.dat
9 0 0.000000 0.000000 1.000000 0.000000 1.000000 0.000000 -1.000000 0.000000 0.000000 18.722784 15.931511 141.300278 18.424850 7.748525 0.814625 52258.dat
9 0 0.000000 0.000000 1.000000 -1.000000 -0.000000 0.000000 0.000000 -1.000000 -0.000000 0.527036 -3.284240 141.300278 18.424850 7.748525 0.814625 52258.dat
9 0 0.000000 0.000000 1.000000 -1.000000 -0.000000 0.000000 0.000000 -1.000000 -0.000000 0.527036 34.127258 141.300278 18.424850 7.748525 0.814625 52258.dat
9 0 0.000000 0.000000 1.000000 0.000000 1.000000 0.000000 -1.000000 0.000000 0.000000 -0.000066 6.275761 -177.592987 4.842975 23.239849 16.273924 52258.dat
9 0 0.000000 0.396405 0.918076 -0.000000 0.918076 -0.396405 -1.000000 0.000000 0.000000 -0.000006 40.075256 6.811468 30.199251 18.458450 28.205750 52258.dat
9 0 0.000000 0.269395 0.963030 -0.000000 0.963030 -0.269395 -1.000000 0.000000 0.000000 -0.000024 18.961000 -52.843231 30.199251 18.458475 16.175200 52258.dat
10 0 -271.817749 -0.009425 -110.000000 129.974991 168.000000 10.000000 52258.dat
2 22 0.000000 0.000000 1.000000 0.000000 1.000000 0.000000 -1.000000 0.000000 0.000000 -60.000015 144.000000 0.000036 12 8 29:0:1,29:0:1,22:2:1,22:2:1,22:2:1,29:0:1,29:0:1,29:0:1,29:0:1,22:2:1,29:0:1,23:4:1,15:4:1,23:4:1,29:0:1,29:0:1,29:0:1,29:0:1,22:2:1,22:2:1,22:2:1,23:4:1,7:4:2,23:4:1,22:2:1,22:2:1,22:2:1,22:2:1,15:4:1,9:4:1,15:4:1,23:4:1,15:4:1,23:4:1,15:4:1,22:2:1,22:2:1,22:2:1,22:2:1,23:4:1,7:4:2,23:4:1,22:2:1,22:2:1,22:2:1,22:2:1,29:0:1,22:2:1,15:4:1,23:4:1,15:4:1,23:4:1,29:0:1,29:0:1,29:0:1,29:0:1,22:2:1,22:2:1,22:2:1,29:0:1,29:0:1,29:0:1,29:0:1,22:2:1,29:0:1,22:2:1,15:4:1,23:4:1,15:4:1,23:4:1,29:0:1,29:0:1,22:2:1,22:2:1,22:2:1,23:4:1,7:4:2,23:4:1,22:2:1,22:2:1,22:2:1,22:2:1,15:4:1,9:4:1,15:4:1,23:4:1,15:4:1,23:4:1,15:4:1,22:2:1,22:2:1,22:2:1,22:2:1,23:4:1,7:4:2,23:4:1,22:2:1,22:2:1,22:2:1,22:2:1,29:0:1,22:2:1,15:4:1,23:4:1,29:0:1,29:0:1,29:0:1,29:0:1,29:0:1,29:0:1,22:2:1,22:2:1,22:2:1,29:0:1,29:0:1,29:0:1,29:0:1, 52258.dat
3 23 0.000000 0.000000 1.000000 0.000000 1.000000 0.000000 -1.000000 0.000000 0.000000 -9.490335 32.000004 -229.999969 2 2 29:0:0,29:0:0,29:0:0,29:0:0,1:4:34,29:0:0,29:0:0,29:0:0,29:0:0, 52258.dat
0 2 -0.000000 1.000000 -0.000000 -0.000000 -0.000000 -1.000000 -1.000000 0.000000 0.000000 0.509781 16.000008 122.000031 1 0 0.800000 0 0 52258.dat
3 23 0.000000 0.000000 1.000000 0.000000 1.000000 0.000000 -1.000000 0.000000 0.000000 -40.000015 0.000000 -19.999971 8 4 18:1:1,23:4:1,18:2:1,23:4:1,18:1:1,23:4:1,1:4:1,23:4:1,1:4:1,23:4:1,18:2:1,23:4:1,18:4:1,23:4:1,18:2:1,23:4:1,1:4:1,23:4:1,1:4:1,23:4:1,18:2:1,23:4:1,18:4:1,23:4:1,18:2:1,23:4:1,1:4:1,23:4:1,1:4:1,23:4:1,18:2:1,23:4:1,18:4:1,23:4:1,18:2:1,23:4:1,1:4:1,23:4:1,1:4:1,23:4:1,18:1:1,23:4:1,18:2:1,23:4:1,18:1:1, 52258.dat
6 115 0.000000 1.000000 -0.000000 1.000000 -0.000000 -0.000000 -0.000000 0.000000 -1.000000 -0.000066 0.106251 -169.999985 0.000000 0.000000 0.000000 0.000000 1 52258.dat
