9 0 0.000000 0.000000 -1.000000 0.000000 1.000000 0.000000 1.000000 0.000000 0.000000 -14.999994 -8.500000 25.054152 16.793400 0.500000 4.750000 53533.dat
9 0 0.000000 0.000000 -1.000000 0.000000 1.000000 0.000000 1.000000 0.000000 0.000000 -15.999996 8.500000 25.942877 17.682125 0.500000 3.750000 53533.dat
9 0 0.000000 0.676010 -0.736892 -0.000000 0.736892 0.676010 1.000000 0.000000 0.000000 -16.000002 7.021375 44.814877 3.275025 0.384800 3.750000 53533.dat
9 0 0.000000 0.000000 -1.000000 0.000000 1.000000 0.000000 1.000000 0.000000 0.000000 -15.000004 0.212375 48.500000 0.500000 4.587375 4.750000 53533.dat
9 0 0.000000 -0.627607 -0.778531 0.000000 0.778531 -0.627607 1.000000 0.000000 0.000000 -15.000002 -7.238025 44.514828 3.275025 0.384475 4.750000 53533.dat
9 0 0.000000 0.000000 -1.000000 0.000000 1.000000 0.000000 1.000000 0.000000 0.000000 -10.999997 7.750000 30.000004 2.000000 1.250000 0.750000 53533.dat
9 0 0.448212 0.000000 -0.893927 0.000000 1.000000 0.000000 0.893927 0.000000 0.448212 -12.587687 0.000000 1.834503 10.818524 9.000000 2.401800 53533.dat
9 0 0.707107 0.000000 -0.707107 0.000000 1.000000 0.000000 0.707107 0.000000 0.707107 -6.112860 0.000000 -5.703998 3.840025 9.750000 0.340800 53533.dat
9 0 0.000000 0.000000 -1.000000 0.000000 1.000000 0.000000 1.000000 0.000000 0.000000 -14.999991 0.000000 10.130254 1.869625 9.000000 4.750000 53533.dat
9 0 1.000000 0.000000 0.000000 0.000000 1.000000 0.000000 -0.000000 0.000000 1.000000 0.000015 0.000000 -8.519495 6.318100 9.667825 0.480575 53533.dat
9 0 0.000000 0.000000 -1.000000 0.000000 1.000000 0.000000 1.000000 0.000000 0.000000 15.002759 0.000000 11.400011 0.600000 9.000000 4.750000 53533.dat
9 0 -1.000000 0.000000 -0.000000 0.000000 1.000000 0.000000 0.000000 0.000000 -1.000000 0.001410 0.000000 8.623258 10.816775 9.673875 0.541600 53533.dat
9 0 -0.448211 0.000000 -0.893928 0.000000 1.000000 0.000000 0.893928 0.000000 -0.448211 12.599762 0.000000 1.829758 10.818524 9.000000 2.391450 53533.dat
9 0 0.000000 0.000000 -1.000000 0.000000 1.000000 0.000000 1.000000 0.000000 0.000000 11.002753 7.750000 30.000010 2.000000 1.250000 0.750000 53533.dat
9 0 0.000000 -0.627606 -0.778531 -0.000000 -0.778531 0.627606 -1.000000 0.000000 -0.000000 15.002749 -7.238025 44.514835 3.275025 0.384475 4.750000 53533.dat
9 0 0.000000 0.000000 -1.000000 0.000000 1.000000 0.000000 1.000000 0.000000 0.000000 15.002747 0.212375 48.500015 0.500000 4.587375 4.750000 53533.dat
9 0 0.000000 0.676010 -0.736892 -0.000000 0.736892 0.676010 1.000000 0.000000 0.000000 16.002747 7.021375 44.814888 3.275025 0.384800 3.750000 53533.dat
9 0 0.000000 0.000000 -1.000000 0.000000 1.000000 0.000000 1.000000 0.000000 0.000000 16.002752 8.500000 25.942886 17.682125 0.500000 3.750000 53533.dat
9 0 0.000000 0.000000 -1.000000 0.000000 1.000000 0.000000 1.000000 0.000000 0.000000 15.002756 -8.500000 25.054163 16.793400 0.500000 4.750000 53533.dat
9 0 -0.448211 0.000000 -0.893928 0.000000 1.000000 0.000000 0.893928 0.000000 -0.448211 12.599511 0.000000 1.828510 10.818524 9.000000 2.391750 53533.dat
9 0 0.000000 0.000000 -1.000000 0.000000 1.000000 0.000000 1.000000 0.000000 0.000000 -14.999998 0.000000 30.000002 2.000000 9.000000 4.750000 53533.dat
9 0 0.000000 0.000000 -1.000000 0.000000 1.000000 0.000000 1.000000 0.000000 0.000000 15.000002 0.000000 30.000013 2.000000 9.000000 4.750000 53533.dat
9 0 0.707107 -0.000550 0.707107 0.000000 1.000000 0.000778 -0.707107 -0.000550 0.707106 5.708765 0.004775 -6.122491 3.840025 9.750000 0.334050 53533.dat
9 0 -0.707107 -0.000550 0.707106 -0.000000 1.000000 0.000778 -0.707107 0.000550 -0.707107 6.123011 -0.004450 5.709010 3.840025 9.750000 0.326625 53533.dat
9 0 -0.707107 0.000550 -0.707107 -0.000000 1.000000 0.000778 0.707107 0.000550 -0.707106 -5.713914 -0.004750 6.118006 3.840025 9.750000 0.326625 53533.dat
9 0 1.000000 0.000000 0.000000 0.000000 1.000000 0.000000 -0.000000 0.000000 1.000000 0.005743 -4.652200 -19.237492 2.813750 0.402200 9.737374 53533.dat
9 0 -0.000000 1.000000 0.000000 -1.000000 -0.000000 -0.000000 -0.000000 0.000000 1.000000 4.657942 0.000000 -19.237492 2.813750 0.402200 9.737374 53533.dat
9 0 -1.000000 0.000000 -0.000000 -0.000000 -1.000000 0.000000 -0.000000 0.000000 1.000000 0.005743 4.652200 -19.237492 2.813750 0.402200 9.737374 53533.dat
9 0 -0.000000 -1.000000 0.000000 1.000000 -0.000000 0.000000 -0.000000 0.000000 1.000000 -4.646458 0.000000 -19.237492 2.813750 0.402200 9.737374 53533.dat
9 0 0.707106 0.707107 0.000000 -0.707107 0.707106 -0.000000 -0.000000 0.000000 1.000000 3.006071 -3.006050 -28.249994 3.725000 0.137500 0.750000 53533.dat
9 0 0.707106 -0.707107 0.000000 0.707107 0.707106 0.000000 -0.000000 -0.000000 1.000000 -3.006029 -3.006050 -28.249994 3.725000 0.137500 0.750000 53533.dat
9 0 -0.707106 -0.707107 0.000000 0.707107 -0.707106 0.000001 -0.000001 0.000001 1.000000 -3.006029 3.006050 -28.249994 3.725000 0.137500 0.750000 53533.dat
9 0 -0.707106 0.707107 0.000000 -0.707107 -0.707106 -0.000001 -0.000001 -0.000001 1.000000 3.006071 3.006050 -28.249994 3.725000 0.137500 0.750000 53533.dat
9 0 -1.000000 0.000000 -0.000000 0.000000 1.000000 0.000000 0.000000 0.000000 -1.000000 0.001410 0.000000 7.130256 10.816775 7.750000 0.630375 53533.dat
9 0 -1.000000 0.000000 -0.000000 0.000000 1.000000 0.000000 0.000000 0.000000 -1.000000 0.001414 0.000000 -7.130244 8.554350 7.750000 0.630375 53533.dat
9 0 0.000000 0.000000 -1.000000 0.000000 1.000000 0.000000 1.000000 0.000000 0.000000 -14.999996 7.000000 28.437502 15.937500 0.500000 2.750000 53533.dat
9 0 0.000000 0.000000 -1.000000 0.000000 1.000000 0.000000 1.000000 0.000000 0.000000 -14.999996 -7.000000 28.437502 15.937500 0.500000 2.750000 53533.dat
9 0 0.000000 0.000000 -1.000000 0.000000 1.000000 0.000000 1.000000 0.000000 0.000000 15.000002 7.000000 28.437513 15.937500 0.500000 2.750000 53533.dat
9 0 0.000000 0.000000 -1.000000 0.000000 1.000000 0.000000 1.000000 0.000000 0.000000 15.000002 -7.000000 28.437513 15.937500 0.500000 2.750000 53533.dat
10 0 -9.250000 -10.000000 -40.000000 69.250000 10.200000 0.000000 53533.dat
0 2 -0.000000 1.000000 0.000000 -1.000000 -0.000000 -0.000000 -0.000000 0.000000 1.000000 -20.000000 0.000000 40.000000 0 0 0.400000 0 0 53533.dat
0 2 -0.000000 1.000000 0.000000 -1.000000 -0.000000 -0.000000 -0.000000 0.000000 1.000000 -19.999994 0.000000 20.000000 0 0 0.400000 0 0 53533.dat
0 2 -0.000000 1.000000 0.000000 -1.000000 -0.000000 -0.000000 -0.000000 0.000000 1.000000 10.000001 0.000000 40.000008 0 0 0.400000 0 0 53533.dat
0 2 -0.000000 1.000000 0.000000 -1.000000 -0.000000 -0.000000 -0.000000 0.000000 1.000000 10.000007 0.000000 20.000010 0 0 0.400000 0 0 53533.dat
0 2 1.000000 0.000000 0.000000 0.000000 1.000000 0.000000 -0.000000 0.000000 1.000000 0.000012 9.800000 0.000006 0 0 0.800000 0 0 53533.dat
0 3 -0.000000 1.000000 0.000000 -0.000000 -0.000000 1.000000 1.000000 0.000000 0.000000 0.000015 0.000000 -9.249994 1 0 0.800000 0 0 53533.dat
