9 0 0.000001 0.000001 -1.000000 -1.000000 0.000001 -0.000001 0.000001 1.000000 0.000001 0.000013 6.125008 -11.881070 3.506100 9.750000 1.625000 53543.dat
9 0 0.000001 0.000001 -1.000000 -1.000000 0.000001 -0.000001 0.000001 1.000000 0.000001 -0.000001 6.124994 10.204654 1.829650 9.750000 1.625000 53543.dat
9 0 0.000001 0.000001 -1.000000 -1.000000 0.000001 -0.000001 0.000001 1.000000 0.000001 -0.000021 6.139977 39.898506 0.935925 9.750000 1.610000 53543.dat
9 0 0.000001 0.000001 -1.000000 -1.000000 0.000001 -0.000001 0.000001 1.000000 0.000001 -0.000026 6.139971 48.260258 0.687500 4.750000 1.610000 53543.dat
9 0 0.000001 0.000001 -1.000000 -1.000000 0.000001 -0.000001 0.000001 1.000000 0.000001 -0.000012 6.874985 26.684258 14.150000 2.875000 0.875000 53543.dat
9 0 0.000001 0.000001 -1.000000 -1.000000 0.000001 -0.000001 0.000001 1.000000 0.000001 0.000009 -1.047692 -12.882675 0.745500 9.328550 8.797700 53543.dat
9 0 0.000001 0.204316 -0.978905 -1.000000 0.000001 -0.000001 0.000001 0.978905 0.204316 0.000017 -5.206832 -29.573254 3.096550 9.328550 1.103225 53543.dat
9 0 0.000001 0.000001 -1.000000 -1.000000 0.000001 -0.000001 0.000001 1.000000 0.000001 0.026860 4.890028 -47.312248 1.625000 7.276825 2.860000 53543.dat
9 0 0.707107 -0.000000 -0.707106 -0.707106 0.000001 -0.707107 0.000001 1.000000 0.000001 5.778948 1.124993 5.778955 2.961475 0.159050 2.875000 53543.dat
9 0 1.000000 -0.000001 0.000001 0.000001 0.000001 -1.000000 0.000001 1.000000 0.000001 -0.000003 1.124995 8.172651 2.961475 0.159050 2.875000 53543.dat
9 0 0.707106 -0.000001 0.707107 0.707107 -0.000000 -0.707106 0.000001 1.000000 0.000001 -5.778952 1.125000 5.778948 2.961475 0.159050 2.875000 53543.dat
9 0 -0.000001 -0.000001 1.000000 1.000000 -0.000001 0.000001 0.000001 1.000000 0.000001 -8.172647 1.125005 -0.000004 2.961475 0.159050 2.875000 53543.dat
9 0 -0.707107 0.000000 0.707106 0.707106 -0.000001 0.707107 0.000001 1.000000 0.000001 -5.778944 1.125007 -5.778952 2.961475 0.159050 2.875000 53543.dat
9 0 -1.000000 0.000001 -0.000001 -0.000001 -0.000001 1.000000 0.000001 1.000000 0.000001 0.000007 1.125005 -8.172648 2.961475 0.159050 2.875000 53543.dat
9 0 -0.707106 0.000001 -0.707107 -0.707107 0.000000 0.707106 0.000001 1.000000 0.000001 5.778955 1.125000 -5.778944 2.961475 0.159050 2.875000 53543.dat
9 0 0.000001 0.000001 -1.000000 -1.000000 0.000001 -0.000001 0.000001 1.000000 0.000001 8.172652 1.124995 0.000007 2.961475 0.159050 2.875000 53543.dat
9 0 0.000001 0.000001 -1.000000 -1.000000 0.000001 -0.000001 0.000001 1.000000 0.000001 -12.675015 6.874989 32.356747 9.677550 2.875000 0.875000 53543.dat
9 0 0.000001 0.000001 -1.000000 -1.000000 0.000001 -0.000001 0.000001 1.000000 0.000001 -11.962496 13.125002 8.337351 19.974525 1.712500 8.625000 53543.dat
9 0 0.000001 0.000001 -1.000000 -1.000000 0.000001 -0.000001 0.000001 1.000000 0.000001 -11.962499 17.624998 17.383354 6.400975 1.712500 8.625000 53543.dat
9 0 0.000001 0.000001 -1.000000 -1.000000 0.000001 -0.000001 0.000001 1.000000 0.000001 -11.962477 17.625019 -17.364721 6.400975 1.712500 8.625000 53543.dat
9 0 0.000001 0.000001 -1.000000 -1.000000 0.000001 -0.000001 0.000001 1.000000 0.000001 -11.962480 9.470670 -20.938925 8.801750 1.712500 10.804350 53543.dat
9 0 0.000001 0.000001 -1.000000 -1.000000 0.000001 -0.000001 0.000001 1.000000 0.000001 -9.062494 6.125007 -1.676426 13.710751 0.687500 1.625000 53543.dat
9 0 0.000001 0.000001 -1.000000 -1.000000 0.000001 -0.000001 0.000001 1.000000 0.000001 -19.062056 14.289721 25.559246 1.004875 4.887050 6.009725 53543.dat
9 0 0.000001 0.000001 -1.000000 -1.000000 0.000001 -0.000001 0.000001 1.000000 0.000001 -19.062052 14.289724 19.286470 0.972400 4.887050 6.009725 53543.dat
9 0 0.000001 0.000001 -1.000000 -1.000000 0.000001 -0.000001 0.000001 1.000000 0.000001 -19.062057 9.914723 22.439068 4.125000 4.887050 1.634725 53543.dat
9 0 0.120845 0.000001 -0.992671 -0.701924 0.707107 -0.085450 0.701925 0.707106 0.085451 -22.324293 14.172962 4.732995 20.044876 2.142525 1.423350 53543.dat
9 0 0.000001 0.000001 -1.000000 -1.000000 0.000001 -0.000001 0.000001 1.000000 0.000001 -23.664476 14.299276 -20.938932 8.801750 1.390275 2.500225 53543.dat
9 0 0.000001 0.000001 -1.000000 -1.000000 0.000001 -0.000001 0.000001 1.000000 0.000001 -19.614847 14.299279 -28.003252 1.737500 5.439875 2.500225 53543.dat
9 0 0.000001 0.000001 -1.000000 -1.000000 0.000001 -0.000001 0.000001 1.000000 0.000001 -19.614857 14.299271 -13.762179 1.625000 5.439875 2.500225 53543.dat
9 0 0.000001 0.122074 -0.992521 -1.000000 0.000001 -0.000001 0.000001 0.992521 0.122074 -8.683141 -6.492408 -18.995459 6.622875 2.320950 0.510875 53543.dat
9 0 -0.034120 0.261843 -0.964507 -0.999375 0.000000 0.035354 0.009258 0.965111 0.261679 -7.648330 -3.833326 -32.811256 6.622875 1.056275 0.510875 53543.dat
9 0 0.164391 0.423685 -0.890767 -0.983675 0.003390 -0.179925 -0.073212 0.905803 0.417325 -7.117094 0.357056 -43.832256 5.250000 1.056275 0.510875 53543.dat
9 0 0.000001 0.000001 -1.000000 -0.865548 -0.500825 -0.000001 -0.500825 0.865548 0.000000 -14.909434 2.040621 -19.857483 7.720300 1.301325 8.008574 53543.dat
9 0 0.284868 0.122522 -0.950704 -0.793322 -0.526561 -0.305571 -0.538043 0.841262 -0.052801 -12.077850 1.653678 -34.592255 7.720300 0.717225 4.444175 53543.dat
9 0 0.000001 0.000001 -1.000000 1.000000 -0.000001 0.000001 -0.000001 -1.000000 -0.000001 12.674986 6.874972 32.356766 9.677550 2.875000 0.875000 53543.dat
9 0 0.000001 0.000001 -1.000000 1.000000 -0.000001 0.000001 -0.000001 -1.000000 -0.000001 11.962504 13.124988 8.337367 19.974525 1.712500 8.625000 53543.dat
9 0 0.000001 0.000001 -1.000000 1.000000 -0.000001 0.000001 -0.000001 -1.000000 -0.000001 11.962502 17.624983 17.383369 6.400975 1.712500 8.625000 53543.dat
9 0 0.000001 0.000001 -1.000000 1.000000 -0.000001 0.000001 -0.000001 -1.000000 -0.000001 11.962524 17.625004 -17.364706 6.400975 1.712500 8.625000 53543.dat
9 0 0.000001 0.000001 -1.000000 1.000000 -0.000001 0.000001 -0.000001 -1.000000 -0.000001 11.962521 9.470655 -20.938911 8.801750 1.712500 10.804350 53543.dat
9 0 0.000001 0.000001 -1.000000 1.000000 -0.000001 0.000001 -0.000001 -1.000000 -0.000001 9.062507 6.124996 -1.676414 13.710751 0.687500 1.625000 53543.dat
9 0 0.000001 0.000001 -1.000000 1.000000 -0.000001 0.000001 -0.000001 -1.000000 -0.000001 19.062044 14.289698 25.559271 1.004875 4.887050 6.009725 53543.dat
9 0 0.000001 0.000001 -1.000000 1.000000 -0.000001 0.000001 -0.000001 -1.000000 -0.000001 19.062048 14.289701 19.286497 0.972400 4.887050 6.009725 53543.dat
9 0 0.000001 0.000001 -1.000000 1.000000 -0.000001 0.000001 -0.000001 -1.000000 -0.000001 19.062042 9.914700 22.439095 4.125000 4.887050 1.634725 53543.dat
9 0 -0.120844 0.000001 -0.992671 0.701925 0.707107 -0.085448 0.701925 -0.707107 -0.085450 22.324306 14.172933 4.733025 20.044876 2.142525 1.423350 53543.dat
9 0 0.000001 0.000001 -1.000000 1.000000 -0.000001 0.000001 -0.000001 -1.000000 -0.000001 23.664524 14.299247 -20.938900 8.801750 1.390275 2.500225 53543.dat
9 0 0.000001 0.000001 -1.000000 1.000000 -0.000001 0.000001 -0.000001 -1.000000 -0.000001 19.614904 14.299255 -28.003227 1.737500 5.439875 2.500225 53543.dat
9 0 0.000001 0.000001 -1.000000 1.000000 -0.000001 0.000001 -0.000001 -1.000000 -0.000001 19.614895 14.299247 -13.762152 1.625000 5.439875 2.500225 53543.dat
9 0 0.000001 0.122074 -0.992521 1.000000 -0.000001 0.000001 -0.000001 -0.992521 -0.122074 8.683160 -6.492419 -18.995447 6.622875 2.320950 0.510875 53543.dat
9 0 0.034129 0.261843 -0.964507 0.999375 -0.000001 0.035363 0.009259 -0.965110 -0.261679 7.648370 -3.833335 -32.811245 6.622875 1.056275 0.510875 53543.dat
9 0 -0.164389 0.423685 -0.890768 0.983675 0.003389 -0.179922 -0.073211 -0.905803 -0.417325 7.117155 0.357047 -43.832245 5.250000 1.056275 0.510875 53543.dat
9 0 0.000001 0.000001 -1.000000 0.865548 -0.500826 0.000000 -0.500827 -0.865548 -0.000001 14.909467 2.040602 -19.857462 7.720300 1.301325 8.008574 53543.dat
9 0 -0.284867 0.122522 -0.950705 0.793321 -0.526563 -0.305570 -0.538045 -0.841261 0.052801 12.077899 1.653663 -34.592239 7.720300 0.717225 4.444175 53543.dat
9 0 -0.660952 0.000001 -0.750428 0.750428 -0.000000 -0.660952 -0.000001 -1.000000 -0.000001 7.459076 6.139969 44.436512 1.694775 4.750000 1.610000 53543.dat
9 0 0.660953 0.000000 -0.750428 -0.750428 0.000001 -0.660953 0.000001 1.000000 0.000001 -7.459124 6.139979 44.436501 1.694775 4.750000 1.610000 53543.dat
9 0 -0.780262 0.000001 -0.625452 -0.625452 -0.000000 0.780262 0.000001 1.000000 0.000001 -9.836366 5.709334 -45.214252 0.943950 3.869525 1.051600 53543.dat
9 0 0.780264 -0.000000 -0.625451 0.625451 -0.000001 0.780264 -0.000001 -1.000000 -0.000001 9.836435 5.709321 -45.214237 0.943950 3.869525 1.051600 53543.dat
10 0 -49.209248 -28.573999 -28.299999 49.187248 28.573999 10.200000 53543.dat
0 2 -1.000000 0.000001 -0.000001 -0.000001 -1.000000 -0.000001 -0.000001 -0.000001 1.000000 0.000000 -1.800000 0.000000 0 0 0.400000 0 0 53543.dat
0 6 -1.000000 0.000001 -0.000001 -0.000001 -1.000000 -0.000001 -0.000001 -0.000001 1.000000 0.000006 -11.999988 -20.000006 0 0 0.560000 0 0 53543.dat
0 6 -1.000000 0.000001 -0.000001 -0.000001 -1.000000 -0.000001 -0.000001 -0.000001 1.000000 0.000026 -1.999976 -40.000000 0 0 0.400000 0 0 53543.dat
