9 0 0.000000 0.000000 -1.000000 1.000000 -0.000000 0.000000 -0.000000 -1.000000 -0.000000 0.000000 40.000000 0.000000 5.375000 1.687500 9.750000 53550.dat
9 0 0.000000 0.000000 -1.000000 1.000000 -0.000000 0.000000 -0.000000 -1.000000 -0.000000 0.000000 40.000000 0.000000 1.687500 5.375000 9.750000 53550.dat
9 0 0.000000 -0.382683 -0.923880 1.000000 -0.000000 0.000000 -0.000000 -0.923880 0.382683 -0.000005 -36.955250 15.307325 5.375000 1.687500 9.750000 53550.dat
9 0 0.000000 -0.382683 -0.923880 1.000000 -0.000000 0.000000 -0.000000 -0.923880 0.382683 -0.000005 -36.955250 15.307325 1.687500 5.375000 9.750000 53550.dat
9 0 0.707107 0.000000 -0.707107 0.000000 1.000000 0.000000 0.707107 0.000000 0.707107 0.000000 18.875000 0.000000 5.504325 10.875000 5.504325 53550.dat
9 0 0.707108 -0.270597 -0.653281 0.000000 -0.923880 0.382683 -0.707106 -0.270598 -0.653282 -0.000002 -17.438251 7.223150 5.504300 10.875000 5.504300 53550.dat
9 0 0.000000 0.000000 -1.000000 0.000000 1.000000 0.000000 1.000000 0.000000 0.000000 0.000004 -0.025749 -13.212700 0.307375 8.082425 9.750000 53550.dat
9 0 0.000000 -0.382683 -0.923880 0.000000 0.923880 -0.382683 1.000000 0.000000 0.000000 0.000004 -4.532248 -12.424001 0.307375 8.082400 9.750000 53550.dat
9 0 0.000000 0.000000 -1.000000 0.000000 1.000000 0.000000 1.000000 0.000000 0.000000 0.000023 11.161751 -74.084755 1.625000 23.759151 8.188200 53550.dat
9 0 0.000000 0.000000 -1.000000 0.000000 1.000000 0.000000 1.000000 0.000000 0.000000 0.000024 14.691999 -75.372749 2.912825 27.724001 3.285525 53550.dat
9 0 0.000000 -0.382683 -0.923880 -0.000000 -0.923880 0.382683 -1.000000 0.000000 -0.000000 0.000020 -38.663250 -64.174004 1.625000 23.759151 8.188200 53550.dat
9 0 0.000000 -0.382683 -0.923880 -0.000000 -0.923880 0.382683 -1.000000 0.000000 -0.000000 0.000020 -42.417503 -64.013000 2.912825 27.724001 3.285525 53550.dat
9 0 0.000000 -0.212177 -0.977231 0.000000 0.977231 -0.212177 1.000000 0.000000 0.000000 0.020973 -15.655499 -74.747505 2.797900 2.840550 3.285525 53550.dat
9 0 0.000000 -0.212178 -0.977231 -0.000000 -0.977231 0.212178 -1.000000 0.000000 -0.000000 0.000023 -14.776498 -73.518745 1.625000 1.316950 8.188200 53550.dat
9 0 0.000000 0.000000 -1.000000 0.000000 1.000000 0.000000 1.000000 0.000000 0.000000 0.000008 20.387751 -24.625000 1.375000 25.359249 9.750000 53550.dat
9 0 0.000000 -0.500000 -0.866025 0.000000 0.866025 -0.500000 1.000000 0.000000 0.000000 0.000005 37.375927 -16.134899 1.375000 9.205200 9.557250 53550.dat
9 0 0.000000 0.000000 -1.000000 0.000000 1.000000 0.000000 1.000000 0.000000 0.000000 0.000004 19.153250 -11.625000 1.375000 10.596675 9.750000 53550.dat
9 0 0.000000 0.000000 -1.000000 0.000000 1.000000 0.000000 1.000000 0.000000 0.000000 0.000006 12.882251 -18.125000 4.625000 5.221325 1.375000 53550.dat
9 0 0.000000 0.000000 -1.000000 0.000000 1.000000 0.000000 1.000000 0.000000 0.000000 0.000006 32.517349 -19.628700 3.121300 7.813800 1.375000 53550.dat
9 0 0.000000 0.000000 -1.000000 0.000000 1.000000 0.000000 1.000000 0.000000 0.000000 0.000004 19.410500 -11.816375 3.121300 10.204576 1.375000 53550.dat
9 0 0.000000 0.000000 -1.000000 0.000000 1.000000 0.000000 1.000000 0.000000 0.000000 0.000006 -3.649497 -18.125000 4.625000 4.710400 1.375000 53550.dat
9 0 0.000000 -0.382683 -0.923880 -0.000000 -0.923880 0.382683 -1.000000 0.000000 -0.000000 0.000005 -28.259499 -14.948501 1.375000 25.359249 9.750000 53550.dat
9 0 0.000000 0.130526 -0.991445 -0.000000 -0.991445 -0.130526 -1.000000 0.000000 -0.000000 0.000000 -40.705502 -0.603550 1.375000 9.205200 9.557250 53550.dat
9 0 0.000000 -0.382683 -0.923880 -0.000000 -0.923880 0.382683 -1.000000 0.000000 -0.000000 0.000001 -22.144001 -3.410450 1.375000 10.596675 9.750000 53550.dat
9 0 0.000000 -0.382683 -0.923880 -0.000000 -0.923880 0.382683 -1.000000 0.000000 -0.000000 0.000004 -18.837749 -11.815500 4.625000 5.221325 1.375000 53550.dat
9 0 0.000000 -0.382683 -0.923880 -0.000000 -0.923880 0.382683 -1.000000 0.000000 -0.000000 0.000002 -37.553753 -5.690700 3.121300 7.813800 1.375000 53550.dat
9 0 0.000000 -0.382683 -0.923880 -0.000000 -0.923880 0.382683 -1.000000 0.000000 -0.000000 0.000001 -22.455002 -3.488800 3.121300 10.204576 1.375000 53550.dat
9 0 0.000000 0.000000 -1.000000 0.000000 1.000000 0.000000 1.000000 0.000000 0.000000 24.817091 38.743549 -52.024746 5.225150 4.660000 2.067075 53550.dat
9 0 0.228467 0.000000 -0.973552 0.000000 1.000000 0.000000 0.973552 0.000000 0.228467 22.760612 38.743549 -38.417744 8.755200 4.660000 2.067075 53550.dat
9 0 0.864179 0.066241 -0.498806 -0.053349 0.997771 0.040077 0.500349 -0.008023 0.865786 11.797382 42.365501 -23.214247 8.755200 1.243450 5.069200 53550.dat
9 0 0.865324 -0.029331 -0.500354 0.029409 0.999537 -0.007733 0.500349 -0.008023 0.865786 11.824832 34.747952 -23.351248 8.849475 1.243450 4.632250 53550.dat
9 0 0.000000 -0.371630 -0.928381 0.000000 0.928381 -0.371630 1.000000 0.000000 0.000000 24.391544 37.924622 -61.104244 5.225150 3.729175 1.458450 53550.dat
9 0 -0.796689 -0.118685 -0.592622 -0.027623 0.986655 -0.160463 0.603758 -0.111469 -0.789335 18.996721 34.527451 -68.417244 5.225150 3.729175 1.179750 53550.dat
9 0 -0.949804 -0.086333 -0.300697 -0.062353 0.994125 -0.088469 0.306568 -0.065279 -0.949607 10.227798 31.695450 -72.739746 5.225150 3.729175 0.897700 53550.dat
9 0 0.000000 0.000000 -1.000000 0.000000 1.000000 0.000000 1.000000 0.000000 0.000000 24.817091 4.243499 -52.024746 5.225150 4.660000 2.067075 53550.dat
9 0 0.228467 0.000000 -0.973552 0.000000 1.000000 0.000000 0.973552 0.000000 0.228467 22.760612 4.243499 -38.417744 8.755200 4.660000 2.067075 53550.dat
9 0 0.864179 0.066241 -0.498806 -0.053349 0.997771 0.040077 0.500349 -0.008023 0.865786 11.797382 7.865500 -23.214247 8.755200 1.243450 5.069200 53550.dat
9 0 0.865324 -0.029331 -0.500354 0.029409 0.999537 -0.007733 0.500349 -0.008023 0.865786 11.824832 0.248000 -23.351248 8.849475 1.243450 4.632250 53550.dat
9 0 0.000000 -0.371630 -0.928381 0.000000 0.928381 -0.371630 1.000000 0.000000 0.000000 24.391544 3.424749 -61.104244 5.225150 3.729175 1.458450 53550.dat
9 0 -0.796689 -0.118685 -0.592622 -0.027623 0.986655 -0.160463 0.603758 -0.111469 -0.789335 18.996721 0.027499 -68.417244 5.225150 3.729175 1.179750 53550.dat
9 0 -0.949804 -0.086333 -0.300697 -0.062353 0.994125 -0.088469 0.306568 -0.065279 -0.949607 10.227798 -2.804500 -72.739746 5.225150 3.729175 0.897700 53550.dat
9 0 0.000000 -0.382683 -0.923880 -0.000000 -0.923880 0.382683 -1.000000 0.000000 -0.000000 24.817087 -39.766502 -39.839493 5.225150 4.660000 2.067075 53550.dat
9 0 0.228469 -0.372562 -0.899444 -0.000001 -0.923879 0.382684 -0.973551 -0.087430 -0.211078 22.760609 -34.559250 -27.267996 8.755200 4.660000 2.067075 53550.dat
9 0 0.864179 -0.252083 -0.435488 -0.053348 -0.906484 0.418856 -0.500349 -0.338734 -0.796812 11.797379 -32.087498 -11.835872 8.755200 1.243450 5.069200 53550.dat
9 0 0.865324 -0.164378 -0.473492 0.029409 -0.926412 0.375362 -0.500349 -0.338734 -0.796812 11.824829 -25.102251 -14.877547 8.849475 1.243450 4.632250 53550.dat
9 0 0.000000 -0.011936 -0.999929 -0.000000 -0.999929 0.011936 -1.000000 0.000000 -0.000000 24.391539 -42.484497 -48.540993 5.225150 3.729175 1.458450 53550.dat
9 0 -0.796688 -0.117136 -0.592931 -0.027623 -0.972957 0.229328 -0.603759 0.199081 0.771908 18.996719 -42.144501 -56.597496 5.225150 3.729175 1.179750 53550.dat
9 0 -0.949804 -0.035310 -0.310846 -0.062354 -0.952308 0.298700 -0.306568 0.303089 0.902304 10.227795 -41.181999 -61.674744 5.225150 3.729175 0.897700 53550.dat
9 0 0.000000 -0.382683 -0.923880 -0.000000 -0.923880 0.382683 -1.000000 0.000000 -0.000000 -24.817064 -55.703499 -33.238258 5.225150 4.660000 2.067075 53550.dat
9 0 -0.228468 -0.372562 -0.899444 0.000001 -0.923879 0.382684 -0.973551 0.087430 0.211077 -22.760593 -50.496246 -20.666782 8.755200 4.660000 2.067075 53550.dat
9 0 -0.864178 -0.252083 -0.435488 0.053348 -0.906484 0.418857 -0.500350 0.338734 0.796812 -11.797374 -48.024250 -5.234603 8.755200 1.243450 5.069200 53550.dat
9 0 -0.865324 -0.164378 -0.473492 -0.029409 -0.926412 0.375362 -0.500350 0.338734 0.796812 -11.824822 -41.039001 -8.276254 8.849475 1.243450 4.632250 53550.dat
9 0 0.000000 -0.011936 -0.999929 -0.000000 -0.999929 0.011936 -1.000000 0.000000 -0.000000 -24.391512 -58.421253 -41.939758 5.225150 3.729175 1.458450 53550.dat
9 0 0.796689 -0.117136 -0.592930 0.027623 -0.972957 0.229328 -0.603759 -0.199081 -0.771908 -18.996685 -58.081245 -49.996006 5.225150 3.729175 1.179750 53550.dat
9 0 0.949804 -0.035310 -0.310846 0.062354 -0.952308 0.298700 -0.306568 -0.303089 -0.902304 -10.227757 -57.118999 -55.073254 5.225150 3.729175 0.897700 53550.dat
9 0 0.000000 -0.382683 -0.923880 -0.000000 -0.923880 0.382683 -1.000000 0.000000 -0.000000 -24.817060 -23.829502 -46.440758 5.225150 4.660000 2.067075 53550.dat
9 0 -0.228468 -0.372562 -0.899444 0.000001 -0.923879 0.382684 -0.973551 0.087430 0.211077 -22.760590 -18.622250 -33.869255 8.755200 4.660000 2.067075 53550.dat
9 0 -0.864178 -0.252083 -0.435488 0.053348 -0.906484 0.418857 -0.500350 0.338734 0.796812 -11.797369 -16.150497 -18.437178 8.755200 1.243450 5.069200 53550.dat
9 0 -0.865324 -0.164378 -0.473492 -0.029409 -0.926412 0.375362 -0.500350 0.338734 0.796812 -11.824818 -9.165251 -21.478853 8.849475 1.243450 4.632250 53550.dat
9 0 0.000000 -0.011936 -0.999929 -0.000000 -0.999929 0.011936 -1.000000 0.000000 -0.000000 -24.391506 -26.547497 -55.142506 5.225150 3.729175 1.458450 53550.dat
9 0 0.796689 -0.117136 -0.592930 0.027623 -0.972957 0.229328 -0.603759 -0.199081 -0.771908 -18.996681 -26.207500 -63.198757 5.225150 3.729175 1.179750 53550.dat
9 0 0.949804 -0.035310 -0.310846 0.062354 -0.952308 0.298700 -0.306568 -0.303089 -0.902304 -10.227754 -25.245249 -68.276009 5.225150 3.729175 0.897700 53550.dat
9 0 0.000000 0.000000 -1.000000 0.000000 1.000000 0.000000 1.000000 0.000000 0.000000 -24.817059 21.493500 -52.024757 5.225150 4.660000 2.067075 53550.dat
9 0 -0.228467 0.000000 -0.973552 0.000000 1.000000 0.000000 0.973552 0.000000 -0.228467 -22.760588 21.493500 -38.417755 8.755200 4.660000 2.067075 53550.dat
9 0 -0.864178 0.066241 -0.498807 0.053349 0.997771 0.040077 0.500350 0.008023 -0.865786 -11.797368 25.115526 -23.214252 8.755200 1.243450 5.069200 53550.dat
9 0 -0.865324 -0.029331 -0.500354 -0.029409 0.999537 -0.007733 0.500350 0.008023 -0.865786 -11.824818 17.498001 -23.351229 8.849475 1.243450 4.632250 53550.dat
9 0 0.000000 -0.371630 -0.928381 0.000000 0.928381 -0.371630 1.000000 0.000000 0.000000 -24.391504 20.674749 -61.104256 5.225150 3.729175 1.458450 53550.dat
9 0 0.796689 -0.118685 -0.592622 0.027623 0.986655 -0.160463 0.603758 0.111469 0.789336 -18.996679 17.277500 -68.417007 5.225150 3.729175 1.179750 53550.dat
9 0 0.949804 -0.086333 -0.300696 0.062353 0.994125 -0.088469 0.306568 0.065279 0.949608 -10.227752 14.445498 -72.739754 5.225150 3.729175 0.897700 53550.dat
9 0 -0.000000 -0.965926 0.258819 0.000000 -0.258819 -0.965926 1.000000 0.000000 0.000000 0.000003 -2.163500 -8.057899 2.143600 0.324125 9.750000 53550.dat
9 0 0.000000 -0.965926 -0.258819 0.000000 0.258819 -0.965926 1.000000 0.000000 0.000000 0.000003 2.164251 -8.057651 2.143600 0.324125 9.750000 53550.dat
9 0 -0.000000 -0.707107 0.707107 0.000000 -0.707107 -0.707107 1.000000 0.000000 0.000000 0.000002 -5.911499 -5.894200 2.143600 0.324125 9.750000 53550.dat
9 0 0.000000 -0.258819 -0.965926 0.000000 0.965926 -0.258819 1.000000 0.000000 0.000000 0.000001 8.076000 -2.145400 2.143600 0.324125 9.750000 53550.dat
9 0 0.000000 0.258819 -0.965926 -0.000000 0.965926 0.258819 1.000000 0.000000 0.000000 -0.000001 8.075750 2.182400 2.143600 0.324125 9.750000 53550.dat
9 0 0.000000 -0.707107 -0.707107 0.000000 0.707107 -0.707107 1.000000 0.000000 0.000000 0.000002 5.912251 -5.893525 2.143600 0.324125 9.750000 53550.dat
9 0 0.000000 0.965926 -0.258819 -0.000000 0.258819 0.965926 1.000000 0.000000 0.000000 -0.000003 2.163500 8.093975 2.143600 0.324125 9.750000 53550.dat
9 0 -0.000000 0.965926 0.258819 -0.000000 -0.258819 0.965926 1.000000 0.000000 0.000000 -0.000003 -2.164251 8.093725 2.143600 0.324125 9.750000 53550.dat
9 0 0.000000 0.707107 -0.707107 -0.000000 0.707107 0.707107 1.000000 0.000000 0.000000 -0.000002 5.911499 5.930275 2.143600 0.324125 9.750000 53550.dat
9 0 -0.000000 0.258819 0.965926 -0.000000 -0.965926 0.258819 1.000000 0.000000 0.000000 -0.000001 -8.076000 2.181475 2.143600 0.324125 9.750000 53550.dat
9 0 -0.000000 -0.258819 0.965926 0.000000 -0.965926 -0.258819 1.000000 0.000000 0.000000 0.000001 -8.075750 -2.146325 2.143600 0.324125 9.750000 53550.dat
9 0 -0.000000 0.707107 0.707107 -0.000000 -0.707107 0.707107 1.000000 0.000000 0.000000 -0.000002 -5.912251 5.929600 2.143600 0.324125 9.750000 53550.dat
10 0 -24.792925 0.000000 -29.499998 83.834747 121.809006 29.499998 53550.dat
0 2 -0.000000 1.000000 0.000000 -1.000000 -0.000000 -0.000000 -0.000000 0.000000 1.000000 -10.000000 0.000000 -0.000003 0 0 0.800000 0 0 53550.dat
0 5 1.000000 0.000000 0.000000 0.000000 1.000000 0.000000 -0.000000 0.000000 1.000000 0.000000 50.000000 0.000000 0 0 0.800000 0 0 53550.dat
0 5 1.000000 0.000000 0.000000 0.000000 0.923880 -0.382683 -0.000000 0.382683 0.923880 -0.000004 -27.716499 11.480500 0 0 0.800000 0 0 53550.dat
