9 0 -0.866025 -0.500000 0.000000 0.500000 -0.866025 0.000000 0.000000 0.000000 1.000000 4.070202 -7.049774 -0.100000 2.449525 0.140375 4.750000 53551.dat
9 0 -0.866026 0.500000 0.000000 -0.500000 -0.866026 0.000000 0.000000 0.000000 1.000000 -4.070198 -7.049777 -0.100000 2.449525 0.140375 4.750000 53551.dat
9 0 -0.000000 1.000000 0.000000 -1.000000 -0.000000 0.000000 0.000000 0.000000 1.000000 -8.140375 -0.000003 -0.100000 2.449525 0.140375 4.750000 53551.dat
9 0 0.866025 0.500000 0.000000 -0.500000 0.866025 0.000000 0.000000 0.000000 1.000000 -4.070202 7.049774 -0.100000 2.449525 0.140375 4.750000 53551.dat
9 0 0.866026 -0.500000 0.000000 0.500000 0.866026 0.000000 0.000000 0.000000 1.000000 4.070198 7.049777 -0.100000 2.449525 0.140375 4.750000 53551.dat
9 0 0.000000 -1.000000 0.000000 1.000000 0.000000 0.000000 0.000000 0.000000 1.000000 8.140375 0.000003 -0.100000 2.449525 0.140375 4.750000 53551.dat
9 0 0.000000 -1.000000 0.000000 1.000000 0.000000 0.000000 0.000000 0.000000 1.000000 6.288830 -16.359249 -0.100000 3.778750 1.196700 2.384150 53551.dat
9 0 -1.000000 -0.000000 0.000000 0.000000 -1.000000 0.000000 0.000000 0.000000 1.000000 0.350382 -22.363550 -0.100000 3.778750 1.196700 1.448225 53551.dat
9 0 -0.839524 0.543322 0.000000 -0.543322 -0.839524 0.000000 0.000000 0.000000 1.000000 -3.829568 -21.228050 -0.100000 3.778750 1.196700 1.448225 53551.dat
9 0 0.323496 0.946230 0.000000 -0.946230 0.323496 0.000000 0.000000 0.000000 1.000000 -4.536747 -9.350701 -0.100000 2.331350 1.508325 1.448225 53551.dat
9 0 0.000000 -1.000000 0.000000 1.000000 0.000000 0.000000 0.000000 0.000000 1.000000 7.750002 -7.956498 -0.465850 7.706500 1.250000 2.384150 53551.dat
9 0 -0.000000 1.000000 0.000000 -1.000000 -0.000000 0.000000 0.000000 0.000000 1.000000 -6.288830 16.359249 -0.100000 3.778750 1.196700 2.384150 53551.dat
9 0 1.000000 0.000000 0.000000 -0.000000 1.000000 0.000000 0.000000 0.000000 1.000000 -0.350382 22.363550 -0.100000 3.778750 1.196700 1.448225 53551.dat
9 0 0.839524 -0.543322 0.000000 0.543322 0.839524 0.000000 0.000000 0.000000 1.000000 3.829568 21.228050 -0.100000 3.778750 1.196700 1.448225 53551.dat
9 0 -0.323496 -0.946230 0.000000 0.946230 -0.323496 0.000000 0.000000 0.000000 1.000000 4.536747 9.350701 -0.100000 2.331350 1.508325 1.448225 53551.dat
9 0 -0.000000 1.000000 0.000000 -1.000000 -0.000000 0.000000 0.000000 0.000000 1.000000 -7.750002 7.956498 -0.465850 7.706500 1.250000 2.384150 53551.dat
9 0 0.000000 -1.000000 0.000000 1.000000 0.000000 0.000000 0.000000 0.000000 1.000000 0.000003 -9.405849 -0.100000 1.405850 6.325925 2.384150 53551.dat
9 0 0.000000 -1.000000 0.000000 1.000000 0.000000 0.000000 0.000000 0.000000 1.000000 -0.000003 9.410550 -0.100000 1.406675 6.325925 2.384150 53551.dat
10 0 -25.143749 -9.250000 -9.900000 25.143749 9.250000 0.100000 53551.dat
0 6 1.000000 0.000000 -0.000000 -0.000000 -0.000000 -1.000000 -0.000000 1.000000 -0.000000 0.000005 -16.106226 -1.896475 0 0 0.157272 1 0 53551.dat
0 6 1.000000 0.000000 -0.000000 -0.000000 -0.000000 -1.000000 -0.000000 1.000000 -0.000000 -0.000005 16.106226 -1.896475 0 0 0.157272 1 0 53551.dat
0 2 1.000000 0.000000 -0.000000 -0.000000 -0.000000 -1.000000 -0.000000 1.000000 -0.000000 0.000000 0.000000 -5.100000 0 0 0.400000 0 0 53551.dat
1 12 -0.000000 0.000000 -1.000000 1.000000 0.000000 0.000000 0.000000 -1.000000 -0.000000 -0.000006 20.000000 0.000000 53551.dat
1 13 -0.000000 0.000000 1.000000 1.000000 0.000000 0.000000 -0.000000 1.000000 -0.000000 -0.000006 20.000000 0.000000 53551.dat
1 12 -0.000000 0.000000 1.000000 1.000000 0.000000 0.000000 -0.000000 1.000000 -0.000000 0.000006 -20.000000 0.000000 53551.dat
1 13 -0.000000 0.000000 -1.000000 1.000000 0.000000 0.000000 0.000000 -1.000000 -0.000000 0.000006 -20.000000 0.000000 53551.dat
