9 0 1.000000 0.000000 0.000000 0.000000 1.000000 0.000000 0.000000 0.000000 1.000000 -158.125000 108.000008 -0.000250 1.625025 3.750000 159.749741 53588.dat
9 0 -0.000000 0.000000 1.000000 0.000000 1.000000 0.000000 -1.000000 0.000000 -0.000000 0.000000 108.000008 -158.125000 1.625025 3.750000 159.749741 53588.dat
9 0 -0.000000 0.000000 1.000000 0.000000 1.000000 0.000000 -1.000000 0.000000 -0.000000 0.000000 108.000008 158.124741 1.625025 3.750000 159.749741 53588.dat
9 0 1.000000 0.000000 0.000000 0.000000 1.000000 0.000000 0.000000 0.000000 1.000000 158.125000 108.000008 -0.000250 1.625025 3.750000 159.749741 53588.dat
9 0 1.000000 0.000000 0.000000 0.000000 1.000000 0.000000 0.000000 0.000000 1.000000 -90.312401 1.875000 0.000000 10.062550 1.625000 59.750252 53588.dat
9 0 1.000000 0.000000 0.000000 0.000000 1.000000 0.000000 0.000000 0.000000 1.000000 90.312508 1.875000 -0.000250 10.062550 1.625000 59.750004 53588.dat
9 0 -0.000000 0.000000 1.000000 0.000000 1.000000 0.000000 -1.000000 0.000000 -0.000000 0.000000 1.875000 90.312752 10.062550 1.625000 59.750004 53588.dat
9 0 -0.000000 0.000000 1.000000 0.000000 1.000000 0.000000 -1.000000 0.000000 -0.000000 0.000000 1.875000 -90.312424 10.062550 1.625000 59.750252 53588.dat
9 0 1.000000 0.000000 0.000000 0.000000 1.000000 0.000000 0.000000 0.000000 1.000000 -70.312424 1.875000 50.000000 30.062500 1.625000 9.750100 53588.dat
9 0 -0.000000 0.000000 1.000000 0.000000 1.000000 0.000000 -1.000000 0.000000 -0.000000 -50.000252 1.875000 70.312248 30.062500 1.625000 9.749875 53588.dat
9 0 -0.000000 0.000000 1.000000 0.000000 1.000000 0.000000 -1.000000 0.000000 -0.000000 -49.999748 1.875000 -70.312820 30.062500 1.625000 9.749949 53588.dat
9 0 -1.000000 0.000000 -0.000000 0.000000 1.000000 0.000000 0.000000 0.000000 -1.000000 -70.312424 1.875000 -50.000500 30.062500 1.625000 9.749800 53588.dat
9 0 -0.000000 0.000000 -1.000000 0.000000 1.000000 0.000000 1.000000 0.000000 -0.000000 50.000000 1.875000 70.312500 30.062500 1.625000 9.749975 53588.dat
9 0 1.000000 0.000000 0.000000 0.000000 1.000000 0.000000 0.000000 0.000000 1.000000 70.312500 1.875000 50.000252 30.062500 1.625000 9.749975 53588.dat
9 0 -1.000000 0.000000 -0.000000 0.000000 1.000000 0.000000 0.000000 0.000000 -1.000000 70.312500 1.875000 -49.999996 30.062500 1.625000 9.749800 53588.dat
9 0 -0.000000 0.000000 -1.000000 0.000000 1.000000 0.000000 1.000000 0.000000 -0.000000 50.000252 1.875000 -70.312653 30.062500 1.625000 9.749975 53588.dat
9 0 1.000000 0.000000 0.000000 0.000000 1.000000 0.000000 0.000000 0.000000 1.000000 -96.062447 9.875000 -80.312553 8.062525 1.625000 23.812374 53588.dat
9 0 -0.000000 0.000000 1.000000 0.000000 1.000000 0.000000 -1.000000 0.000000 -0.000000 -80.312447 9.875000 -96.062500 8.062525 1.625000 23.812525 53588.dat
9 0 -1.000000 0.000000 -0.000000 0.000000 1.000000 0.000000 0.000000 0.000000 -1.000000 -64.250000 9.875000 -80.312500 7.750000 1.625000 23.812351 53588.dat
9 0 -0.000000 0.000000 -1.000000 0.000000 1.000000 0.000000 1.000000 0.000000 -0.000000 -80.312469 9.875000 -64.250000 7.749950 1.625000 23.812374 53588.dat
9 0 1.000000 0.000000 0.000000 0.000000 1.000000 0.000000 0.000000 0.000000 1.000000 -96.062447 9.875000 80.312004 8.062525 1.625000 23.812374 53588.dat
9 0 -0.000000 0.000000 -1.000000 0.000000 1.000000 0.000000 1.000000 0.000000 -0.000000 -80.312447 9.875000 96.124756 7.999925 1.625000 23.812525 53588.dat
9 0 -1.000000 0.000000 -0.000000 0.000000 1.000000 0.000000 0.000000 0.000000 -1.000000 -64.250000 9.875000 80.312004 7.750000 1.625000 23.812351 53588.dat
9 0 -0.000000 0.000000 1.000000 0.000000 1.000000 0.000000 -1.000000 0.000000 -0.000000 -80.312469 9.875000 64.249756 7.749975 1.625000 23.812374 53588.dat
9 0 -1.000000 0.000000 -0.000000 0.000000 1.000000 0.000000 0.000000 0.000000 -1.000000 96.062508 9.875000 -80.312553 8.062525 1.625000 23.812374 53588.dat
9 0 -0.000000 0.000000 1.000000 0.000000 1.000000 0.000000 -1.000000 0.000000 -0.000000 80.312500 9.875000 -96.062500 8.062525 1.625000 23.812525 53588.dat
9 0 1.000000 0.000000 0.000000 0.000000 1.000000 0.000000 0.000000 0.000000 1.000000 64.250008 9.875000 -80.312500 7.750000 1.625000 23.812351 53588.dat
9 0 -0.000000 0.000000 -1.000000 0.000000 1.000000 0.000000 1.000000 0.000000 -0.000000 80.312752 9.875000 -64.250000 7.749950 1.625000 23.812374 53588.dat
9 0 -1.000000 0.000000 -0.000000 0.000000 1.000000 0.000000 0.000000 0.000000 -1.000000 96.062508 9.875000 80.312004 8.062525 1.625000 23.812374 53588.dat
9 0 -0.000000 0.000000 -1.000000 0.000000 1.000000 0.000000 1.000000 0.000000 -0.000000 80.312500 9.875000 96.186760 7.937750 1.625000 23.812525 53588.dat
9 0 1.000000 0.000000 0.000000 0.000000 1.000000 0.000000 0.000000 0.000000 1.000000 64.250008 9.875000 80.312004 7.750000 1.625000 23.812351 53588.dat
9 0 -0.000000 0.000000 1.000000 0.000000 1.000000 0.000000 -1.000000 0.000000 -0.000000 80.312752 9.875000 64.249756 7.749975 1.625000 23.812374 53588.dat
9 0 1.000000 0.000000 0.000000 0.000000 1.000000 0.000000 0.000000 0.000000 1.000000 -62.500000 88.965248 146.607742 1.000075 15.017250 3.803500 53588.dat
9 0 1.000000 0.000000 0.000000 0.000000 1.000000 0.000000 0.000000 0.000000 1.000000 62.500000 87.984245 146.970993 1.000075 15.998176 4.166725 53588.dat
9 0 1.000000 0.000000 0.000000 0.000000 1.000000 0.000000 0.000000 0.000000 1.000000 62.500000 63.101749 -146.845001 1.000075 33.630501 4.166725 53588.dat
9 0 1.000000 0.000000 0.000000 0.000000 1.000000 0.000000 0.000000 0.000000 1.000000 -62.500000 32.073498 -115.390991 1.000075 32.409000 6.717925 53588.dat
9 0 0.987510 0.157557 0.000000 -0.157557 0.987510 0.000000 0.000000 0.000000 1.000000 -145.876236 71.106499 -3.514749 1.000075 33.138000 148.065247 53588.dat
9 0 0.894000 0.448066 0.000000 -0.448066 0.894000 0.000000 0.000000 0.000000 1.000000 -129.119995 22.227900 -3.514749 1.000075 27.493752 133.389496 53588.dat
9 0 -0.000000 0.000000 -1.000000 0.000000 1.000000 0.000000 1.000000 0.000000 -0.000000 3.495002 88.860001 153.455505 2.544175 14.863025 147.037750 53588.dat
9 0 -0.000000 0.000000 -1.000000 0.000000 1.000000 0.000000 1.000000 0.000000 -0.000000 2.933252 58.634003 138.145508 1.000075 14.863025 145.187500 53588.dat
9 0 0.000000 0.072988 -0.997333 -0.000000 0.997333 0.072988 1.000000 -0.000000 0.000000 4.739004 13.589375 117.796501 1.000075 19.072149 138.399506 53588.dat
9 0 -0.000000 0.898264 -0.439457 0.000000 0.439457 0.898264 1.000000 0.000000 -0.000000 3.495002 70.987000 146.045242 1.000075 8.585999 147.037750 53588.dat
9 0 -0.000000 0.801138 -0.598479 0.000000 0.598479 0.801138 1.000000 0.000000 -0.000000 0.368249 36.488998 127.893745 1.000075 13.173000 141.930740 53588.dat
9 0 -0.983313 0.181922 -0.000000 0.181922 0.983313 0.000000 0.000000 -0.000000 -1.000000 149.011246 71.625504 -5.724746 1.000075 33.492500 150.275253 53588.dat
9 0 -0.933942 0.357425 -0.000000 0.357425 0.933942 0.000000 0.000000 -0.000000 -1.000000 133.547241 22.227900 -6.770998 1.000075 27.493752 136.645752 53588.dat
9 0 0.000000 0.126319 0.991990 -0.000000 0.991990 -0.126319 -1.000000 0.000000 0.000000 0.000000 97.846497 -154.206253 1.000075 6.112350 156.000000 53588.dat
9 0 0.000000 0.086474 0.996254 -0.000000 0.996254 -0.086474 -1.000000 0.000000 0.000000 -60.889496 41.178001 -121.585999 1.000075 47.524498 42.551498 53588.dat
9 0 -0.000000 0.096302 0.995352 0.000000 0.995352 -0.096302 -1.000000 -0.000000 -0.000000 10.669004 26.800949 -120.613243 1.000075 31.703499 30.370750 53588.dat
9 0 0.000000 0.116315 0.993212 -0.000000 0.993212 -0.116315 -1.000000 0.000000 0.000000 71.826508 9.720150 -119.000992 1.000075 16.650524 30.370750 53588.dat
9 0 0.000000 0.998935 0.046133 -0.000000 0.046133 -0.998935 -1.000000 0.000000 0.000000 -59.593750 90.059753 -140.442490 1.000075 14.790951 42.551498 53588.dat
9 0 0.000000 0.998935 0.046133 -0.000000 0.046133 -0.998935 -1.000000 0.000000 0.000000 10.731256 59.133999 -137.387253 1.000075 14.790951 28.074751 53588.dat
9 0 0.000001 0.996899 0.078692 0.021387 0.078674 -0.996671 -0.999771 0.001684 -0.021321 70.519508 26.463949 -134.730499 1.000075 14.790951 29.142750 53588.dat
9 0 1.000000 0.000000 0.000000 0.000000 -0.000000 -1.000000 0.000000 1.000000 -0.000000 -18.014246 75.096001 -139.009750 1.000075 14.790951 16.266926 53588.dat
9 0 1.000000 0.000000 0.000000 0.000000 -0.000000 -1.000000 0.000000 1.000000 -0.000000 40.306007 43.471996 -137.313492 1.000075 14.790951 17.354549 53588.dat
9 0 1.000000 0.000000 0.000000 0.000000 -0.000000 -1.000000 0.000000 1.000000 -0.000000 101.477257 15.963375 -134.152252 1.000075 14.790951 10.138225 53588.dat
9 0 -0.000000 0.000000 -1.000000 0.000000 1.000000 0.000000 1.000000 0.000000 -0.000000 149.208008 88.887001 149.103012 6.896650 14.863025 6.791975 53588.dat
9 0 -0.000000 0.000000 -1.000000 0.000000 1.000000 0.000000 1.000000 0.000000 -0.000000 -154.310745 103.331009 -0.000250 155.999756 0.418950 1.689300 53588.dat
9 0 -0.000000 0.000000 -1.000000 0.000000 1.000000 0.000000 1.000000 0.000000 -0.000000 -149.207993 87.983253 149.103012 6.896650 15.766875 6.791975 53588.dat
9 0 0.000000 -0.002004 0.999998 0.000000 0.999998 0.002004 -1.000000 -0.000000 0.000000 67.102005 75.289749 -154.193253 1.000075 16.460199 83.644249 53588.dat
9 0 0.000000 -0.002004 0.999998 0.000000 0.999998 0.002004 -1.000000 -0.000000 0.000000 92.359756 44.081997 -151.138489 1.000075 16.460199 52.614246 53588.dat
9 0 0.000000 -0.002004 0.999998 0.000000 0.999998 0.002004 -1.000000 -0.000000 0.000000 117.083015 17.098475 -148.339005 1.000075 10.999374 16.858324 53588.dat
9 0 -0.841978 0.342417 0.416920 0.317173 0.939290 -0.130905 -0.436433 0.022017 -0.899467 139.485748 39.842499 -150.531998 2.843675 33.478500 7.697875 53588.dat
9 0 -0.000000 1.000000 0.000000 -1.000000 -0.000000 0.000000 0.000000 0.000000 1.000000 5.540252 -5.075550 -109.567024 2.101475 117.078743 8.672975 53588.dat
9 0 -0.000000 1.000000 -0.000000 0.000000 -0.000000 -1.000000 -1.000000 0.000000 -0.000000 -109.285202 -5.075550 -0.759250 2.101475 117.078743 8.410200 53588.dat
9 0 -0.000000 1.000000 0.000000 -1.000000 -0.000000 0.000000 0.000000 0.000000 1.000000 5.540252 -5.075550 109.344254 2.101475 117.078743 8.469650 53588.dat
9 0 -0.000000 1.000000 -0.000000 0.000000 -0.000000 -1.000000 -1.000000 0.000000 -0.000000 111.746994 -5.075550 -0.759250 2.101475 117.078743 10.871975 53588.dat
9 0 1.000000 0.000000 0.000000 0.000000 -0.000000 -1.000000 0.000000 1.000000 -0.000000 -101.145294 46.703251 -136.740738 1.000075 18.534325 42.551498 53588.dat
9 0 -0.000000 0.000000 1.000000 1.000000 -0.000000 0.000000 0.000000 1.000000 -0.000000 -122.463249 64.819748 -154.274994 1.000075 19.817924 26.307499 53588.dat
9 0 -0.000000 0.000000 1.000000 1.000000 -0.000000 0.000000 0.000000 1.000000 -0.000000 -116.657997 17.804375 -154.274994 1.000075 14.012625 20.207748 53588.dat
9 0 -0.360429 0.932485 0.023707 0.932464 0.360856 -0.017151 -0.024548 0.015924 -0.999572 -109.343925 -0.036600 -134.889252 2.895425 10.335500 20.207748 53588.dat
9 0 0.861668 0.424574 0.277968 0.336514 -0.068049 -0.939216 -0.379851 0.902832 -0.201510 -125.920250 18.739723 -143.090744 6.195500 10.335500 25.297251 53588.dat
9 0 0.807576 0.290534 0.513236 0.523805 0.046562 -0.850565 -0.271015 0.955731 -0.114581 -137.721985 68.057251 -147.546249 1.116200 7.503025 30.504751 53588.dat
9 0 -0.017936 0.916974 0.398545 0.007103 0.398716 -0.917047 -0.999814 -0.013617 -0.013664 115.557755 -0.439725 -131.639999 1.000075 18.154100 12.735801 53588.dat
9 0 1.000000 0.000000 0.000000 0.000000 0.442705 -0.896667 0.000000 0.896667 0.442705 100.821510 5.506424 -128.168747 0.596950 18.183275 7.615750 53588.dat
9 0 -0.000000 -0.000000 1.000000 -1.000000 -0.000000 0.000000 0.000000 -1.000000 -0.000000 0.000000 0.369550 102.975998 2.101475 100.375000 7.380450 53588.dat
9 0 -0.000000 -0.000000 1.000000 -1.000000 -0.000000 0.000000 0.000000 -1.000000 -0.000000 0.000000 0.369550 -102.976479 2.101450 100.375000 7.380450 53588.dat
9 0 1.000000 0.000000 0.000000 0.000000 -0.000000 -1.000000 0.000000 1.000000 -0.000000 -102.976418 0.809500 0.000000 2.101475 100.375000 7.482175 53588.dat
9 0 1.000000 0.000000 0.000000 0.000000 -0.000000 -1.000000 0.000000 1.000000 -0.000000 102.976501 0.707775 0.000000 2.101475 100.375000 7.380450 53588.dat
9 0 -1.000000 0.000000 -0.000000 0.000000 1.000000 0.000000 0.000000 0.000000 -1.000000 78.437508 5.875000 -58.124996 21.937500 5.625000 1.624800 53588.dat
9 0 -0.000000 0.000000 -1.000000 0.000000 1.000000 0.000000 1.000000 0.000000 -0.000000 58.125259 5.875000 -78.437653 21.937500 5.625000 1.625125 53588.dat
9 0 1.000000 0.000000 0.000000 0.000000 1.000000 0.000000 0.000000 0.000000 1.000000 -78.437424 5.875000 -58.124996 21.937500 5.625000 1.624800 53588.dat
9 0 -0.000000 0.000000 -1.000000 0.000000 1.000000 0.000000 1.000000 0.000000 -0.000000 -58.124996 5.875000 -78.437653 21.937500 5.625000 1.625100 53588.dat
9 0 -1.000000 0.000000 -0.000000 0.000000 1.000000 0.000000 0.000000 0.000000 -1.000000 78.437508 5.875000 58.124756 21.937500 5.625000 1.624975 53588.dat
9 0 -0.000000 0.000000 1.000000 0.000000 1.000000 0.000000 -1.000000 0.000000 -0.000000 58.125259 5.875000 78.437256 21.937500 5.625000 1.625125 53588.dat
9 0 1.000000 0.000000 0.000000 0.000000 1.000000 0.000000 0.000000 0.000000 1.000000 -78.437424 5.875000 58.124756 21.937500 5.625000 1.625100 53588.dat
9 0 -0.000000 0.000000 1.000000 0.000000 1.000000 0.000000 -1.000000 0.000000 -0.000000 -58.124996 5.875000 78.437256 21.937500 5.625000 1.625025 53588.dat
10 0 -70.000000 -104.000000 -249.999756 250.000000 17.372200 73.024002 53588.dat
0 2 0.000000 -0.000000 1.000000 0.000000 -1.000000 -0.000000 1.000000 0.000000 0.000000 -79.999992 8.000000 -79.999992 0 0 0.800000 0 0 53588.dat
0 2 0.000000 -0.000000 1.000000 0.000000 -1.000000 -0.000000 1.000000 0.000000 0.000000 80.000008 8.000000 80.000008 0 0 0.800000 0 0 53588.dat
0 2 0.000000 -0.000000 1.000000 0.000000 -1.000000 -0.000000 1.000000 0.000000 0.000000 80.000008 8.000000 -79.999992 0 0 0.800000 0 0 53588.dat
0 2 0.000000 -0.000000 1.000000 0.000000 -1.000000 -0.000000 1.000000 0.000000 0.000000 -79.999992 8.000000 80.000008 0 0 0.800000 0 0 53588.dat
