9 0 -1.000000 0.000000 0.000000 -0.000000 -1.000000 -0.000000 0.000000 -0.000000 1.000000 -0.000750 3.985351 4.037951 9.750000 1.397525 1.447500 53586.dat
9 0 -1.000000 0.000000 0.000000 -0.000000 -1.000000 -0.000000 0.000000 -0.000000 1.000000 -0.000751 -4.021322 -4.020051 9.750000 1.431700 1.447500 53586.dat
9 0 -1.000000 0.000000 0.000000 -0.000000 -1.000000 -0.000000 0.000000 -0.000000 1.000000 -0.000751 -4.021324 4.037949 9.750000 1.431700 1.447500 53586.dat
9 0 -1.000000 0.000000 0.000000 -0.000000 -1.000000 -0.000000 0.000000 -0.000000 1.000000 -0.000750 3.985353 -4.037949 9.750000 1.397525 1.447500 53586.dat
9 0 1.000000 -0.000000 0.000000 0.000000 0.000000 -1.000000 0.000000 1.000000 0.000000 -0.000750 0.000000 7.787500 9.750000 1.250000 3.743800 53586.dat
9 0 1.000000 -0.000000 0.000000 0.000000 0.000000 -1.000000 0.000000 1.000000 0.000000 -0.000750 0.000004 -7.750000 9.750000 1.250000 3.743775 53586.dat
9 0 -1.000000 0.000000 0.000000 0.000000 1.000000 0.000000 -0.000000 0.000000 -1.000000 -0.000749 7.750002 0.000002 9.750000 1.250000 3.743800 53586.dat
9 0 -1.000000 0.000000 0.000000 0.000000 1.000000 0.000000 -0.000000 0.000000 -1.000000 -0.000752 -7.749998 -0.000002 9.750000 1.250000 3.743800 53586.dat
9 0 0.000000 0.000000 -1.000000 -0.000000 -1.000000 -0.000000 -1.000000 0.000000 0.000000 -4.601248 15.531272 -84.635994 4.375000 1.531250 1.531250 53586.dat
9 0 0.000000 0.000000 -1.000000 -0.000000 -1.000000 -0.000000 -1.000000 0.000000 0.000000 -4.601244 24.478722 -85.010994 4.750000 1.541200 1.531250 53586.dat
9 0 0.000000 0.000000 -1.000000 -0.000000 -1.000000 -0.000000 -1.000000 0.000000 0.000000 4.328305 24.478720 -84.635994 4.375000 1.541200 1.523325 53586.dat
9 0 0.000000 0.000000 -1.000000 -0.000000 -1.000000 -0.000000 -1.000000 0.000000 0.000000 4.328303 15.531270 -85.010994 4.750000 1.531250 1.523325 53586.dat
9 0 0.000000 0.000000 -1.000000 -0.000000 -1.000000 -0.000000 -1.000000 0.000000 0.000000 -8.566623 13.082804 -0.010947 9.000000 6.707800 0.434125 53586.dat
9 0 0.000000 0.000000 -1.000000 -0.000000 -1.000000 -0.000000 -1.000000 0.000000 0.000000 8.385403 13.082799 -0.010947 9.000000 6.707800 0.517900 53586.dat
9 0 0.000000 0.000000 -1.000000 -1.000000 0.000000 0.000000 0.000000 1.000000 0.000000 -8.305995 20.000013 -40.010994 49.750000 0.173500 2.781950 53586.dat
9 0 0.000000 0.000000 -1.000000 -0.707107 -0.707107 -0.000000 -0.707107 0.707107 0.000000 -5.912022 14.220487 -40.010998 49.750000 0.173500 2.781950 53586.dat
9 0 0.000000 0.000000 -1.000000 -0.000000 -1.000000 -0.000000 -1.000000 0.000000 0.000000 -0.132497 11.826511 -40.010998 49.750000 0.173500 2.781950 53586.dat
9 0 0.000000 0.000000 -1.000000 0.707107 -0.707107 -0.000000 -0.707107 -0.707107 -0.000000 5.647028 14.220485 -40.010998 49.750000 0.173500 2.781950 53586.dat
9 0 0.000000 0.000000 -1.000000 1.000000 -0.000000 0.000000 -0.000000 -1.000000 -0.000000 8.041005 20.000010 -40.010994 49.750000 0.173500 2.781950 53586.dat
9 0 0.000000 0.000000 -1.000000 0.707107 0.707107 0.000000 0.707107 -0.707107 -0.000000 5.647031 25.779510 -40.010994 49.750000 0.173500 2.781950 53586.dat
9 0 0.000000 0.000000 -1.000000 0.000000 1.000000 0.000000 1.000000 -0.000000 -0.000000 -0.132494 28.173512 -40.010994 49.750000 0.173500 2.781950 53586.dat
9 0 0.000000 0.000000 -1.000000 -0.707107 0.707107 0.000000 0.707107 0.707107 0.000000 -5.912019 25.779512 -40.010994 49.750000 0.173500 2.781950 53586.dat
10 0 -9.989050 -9.250000 -19.868250 90.011002 29.249998 0.131750 53586.dat
0 4 -0.000000 -1.000000 -0.000000 1.000000 -0.000000 -0.000000 0.000000 -0.000000 1.000000 9.999249 -0.000000 0.000000 0 0 0.800000 0 0 53586.dat
0 4 0.000000 1.000000 0.000000 0.000000 0.000000 -1.000000 -1.000000 0.000000 0.000000 -0.000746 20.000025 -90.010994 0 0 0.400000 0 0 53586.dat
0 2 0.000000 1.000000 0.000000 0.000000 0.000000 -1.000000 -1.000000 0.000000 0.000000 -0.132496 20.000021 -80.010994 0 0 3.600000 0 0 53586.dat
