9 0 0.000000 0.000000 -1.000000 0.707107 0.707107 0.000000 0.707107 -0.707107 0.000000 14.664477 -54.812504 -55.206501 28.052000 7.343125 7.601800 53793.dat
9 0 0.000000 0.000000 -1.000000 0.707107 -0.707107 0.000000 -0.707107 -0.707107 -0.000000 -14.812374 -54.664497 -55.206501 28.052000 7.343125 7.601800 53793.dat
9 0 0.000000 0.000000 -1.000000 -0.707107 0.707107 -0.000000 0.707107 0.707107 0.000000 14.812428 -25.335499 -55.206501 28.052000 7.343125 7.601800 53793.dat
9 0 0.000000 0.000000 -1.000000 0.000000 1.000000 0.000000 1.000000 0.000000 0.000000 0.000000 8.531876 -3.899251 19.750000 0.478575 9.750000 53793.dat
9 0 0.000000 0.000000 -1.000000 0.000000 1.000000 0.000000 1.000000 0.000000 0.000000 0.000000 -12.308576 -4.000026 29.000000 4.216475 9.750000 53793.dat
9 0 0.000000 0.000000 -1.000000 0.000000 1.000000 0.000000 1.000000 0.000000 0.000000 0.000001 -6.745125 -32.500000 0.500025 6.494400 9.750000 53793.dat
9 0 0.000000 0.567325 -0.823494 -0.000000 0.823494 0.567325 1.000000 0.000000 0.000000 0.000001 4.747250 -30.710501 0.150800 3.213725 9.750000 53793.dat
9 0 0.000000 -0.601798 -0.798648 0.000000 0.798648 -0.601798 1.000000 0.000000 0.000000 0.000000 4.882275 22.637424 0.171450 3.010950 9.750000 53793.dat
9 0 -0.000000 -1.000000 0.000000 0.000000 -0.000000 -1.000000 1.000000 0.000000 0.000000 0.000000 0.709175 6.017274 8.301275 1.917650 9.750000 53793.dat
9 0 -0.000000 -1.000000 0.000000 0.000000 -0.000000 -1.000000 1.000000 0.000000 0.000000 0.000000 0.709175 -13.995251 8.301275 1.930100 9.750000 53793.dat
9 0 0.000000 0.000000 -1.000000 0.000000 1.000000 0.000000 1.000000 0.000000 0.000000 0.000000 -6.745125 24.399250 0.399250 6.494400 9.750000 53793.dat
9 0 0.000000 0.000000 -1.000000 -0.000000 -1.000000 -0.000000 -1.000000 0.000000 -0.000000 -19.137474 -33.723751 -24.918751 49.918751 21.488724 6.637500 53793.dat
9 0 0.000000 0.000000 -1.000000 -0.000000 -1.000000 -0.000000 -1.000000 0.000000 -0.000000 19.137501 -33.520748 -24.918751 49.918751 21.691851 6.637525 53793.dat
9 0 0.000000 0.000000 -1.000000 -1.000000 -0.000000 -0.000000 -0.000000 1.000000 -0.000000 0.000051 -14.220224 -26.077499 51.077503 13.331175 1.985225 53793.dat
9 0 0.000000 0.000000 -1.000000 -1.000000 -0.000000 -0.000000 -0.000000 1.000000 -0.000000 0.000051 -59.706253 -24.918751 49.918751 25.775000 6.756225 53793.dat
9 0 1.000000 -0.000000 0.000000 -0.000000 -1.000000 -0.000000 0.000000 0.000000 -1.000000 -6.774975 -22.237549 -1.276825 5.225000 5.212500 26.276749 53793.dat
9 0 0.000000 0.000000 -1.000000 -0.000000 -1.000000 -0.000000 -1.000000 0.000000 -0.000000 0.000051 -39.348751 -18.943750 7.693749 27.113750 25.775000 53793.dat
9 0 0.000000 0.000000 -1.000000 -0.707107 -0.707107 -0.000000 -0.707107 0.707107 -0.000000 -14.664425 -25.187502 -55.206501 28.052000 7.343125 7.601800 53793.dat
9 0 0.000000 0.000000 -1.000000 -1.000000 -0.000000 -0.000000 -0.000000 1.000000 -0.000000 21.012501 -51.689499 -24.100000 38.962502 8.512475 11.590650 53793.dat
9 0 0.000000 0.000000 -1.000000 -1.000000 -0.000000 -0.000000 -0.000000 1.000000 -0.000000 -21.012524 -51.689499 -24.100000 38.962502 8.512475 11.590650 53793.dat
10 0 -10.000000 -10.000000 -39.774998 109.124992 70.962502 19.775000 53793.dat
0 2 0.000000 0.000000 -1.000000 -1.000000 -0.000000 -0.000000 -0.000000 1.000000 -0.000000 -10.000000 0.000000 16.000000 0 0 0.800000 0 0 53793.dat
0 2 0.000000 0.000000 -1.000000 -1.000000 -0.000000 -0.000000 -0.000000 1.000000 -0.000000 -10.000000 0.000000 -4.000000 0 0 0.800000 0 0 53793.dat
0 2 0.000000 0.000000 -1.000000 -1.000000 -0.000000 -0.000000 -0.000000 1.000000 -0.000000 -9.999999 0.000000 -24.000000 0 0 0.800000 0 0 53793.dat
8 6 -0.000000 -1.000000 0.000000 0.000000 -0.000000 -1.000000 1.000000 0.000000 0.000000 0.000001 -40.000000 -93.125000 1 1 0.970000 0 53793.dat
4 28 -0.000000 1.000000 0.000000 -0.000000 -0.000000 1.000000 1.000000 0.000000 0.000000 -1.300000 -27.700001 -4.750000 2 Port0 53793.dat
2 22 0.000000 0.000000 -1.000000 -1.000000 -0.000000 -0.000000 -0.000000 1.000000 -0.000000 -10.000000 10.000000 26.000000 2 6 22:1:1,22:2:1,22:2:1,22:2:1,22:2:1,22:2:1,22:1:1,22:2:1,16:4:64,22:2:1,16:4:64,22:2:1,16:4:64,22:2:1,22:1:1,22:2:1,22:2:1,22:2:1,22:2:1,22:2:1,22:1:1, 53793.dat
2 22 -0.000000 0.000000 1.000000 1.000000 0.000000 0.000000 0.000000 1.000000 -0.000000 10.000000 10.000000 -34.000000 2 6 22:1:1,22:2:1,22:2:1,22:2:1,22:2:1,22:2:1,22:1:1,22:2:1,16:4:64,22:2:1,16:4:64,22:2:1,16:4:64,22:2:1,22:1:1,22:2:1,22:2:1,22:2:1,22:2:1,22:2:1,22:1:1, 53793.dat
