9 0 1.000000 0.000000 0.000000 0.000000 0.000000 -1.000000 0.000000 1.000000 0.000000 -0.020225 -10.001401 40.011997 7.520225 31.937752 9.748600 53983.dat
9 0 -0.000000 -0.000000 1.000000 1.000000 -0.000000 0.000000 0.000000 1.000000 0.000000 -39.987999 -10.001400 0.012225 7.562050 31.945000 9.748600 53983.dat
9 0 -1.000000 0.000000 -0.000000 -0.000000 -0.000000 1.000000 0.000000 1.000000 0.000000 -0.020225 -10.001399 -39.962250 7.520225 31.912500 9.748600 53983.dat
9 0 -0.000000 0.000000 -1.000000 -1.000000 -0.000000 0.000000 0.000000 1.000000 0.000000 39.978001 -10.001400 0.012225 7.562050 31.974751 9.748600 53983.dat
9 0 -0.000000 0.000000 -1.000000 -1.000000 -0.000000 0.000000 0.000000 1.000000 0.000000 92.737000 -10.001400 0.000000 7.500000 4.641750 9.748600 53983.dat
9 0 1.000000 0.000000 0.000000 0.000000 0.000000 -1.000000 0.000000 1.000000 0.000000 0.000000 -10.001401 92.737000 7.500000 4.641750 9.748600 53983.dat
9 0 -0.000000 -0.000000 1.000000 1.000000 -0.000000 0.000000 0.000000 1.000000 0.000000 -92.737000 -10.001400 0.000000 7.500000 4.641750 9.748600 53983.dat
9 0 -1.000000 0.000000 -0.000000 -0.000000 -0.000000 1.000000 0.000000 1.000000 0.000000 0.000000 -10.001399 -92.737000 7.500000 4.641750 9.748600 53983.dat
9 0 1.000000 0.000000 0.000000 0.000000 0.000000 -1.000000 0.000000 1.000000 0.000000 8.500000 -10.001400 0.000000 0.500000 97.378746 9.748600 53983.dat
9 0 1.000000 0.000000 0.000000 0.000000 0.000000 -1.000000 0.000000 1.000000 0.000000 -8.544825 -10.001400 0.000000 0.504375 97.378746 9.748600 53983.dat
9 0 -0.000000 0.000000 -1.000000 -1.000000 -0.000000 0.000000 0.000000 1.000000 0.000000 0.000000 -10.001400 -8.524925 0.475100 97.378746 9.748600 53983.dat
9 0 -0.000000 0.000000 -1.000000 -1.000000 -0.000000 0.000000 0.000000 1.000000 0.000000 0.000000 -10.001400 8.561749 0.487450 97.378746 9.748600 53983.dat
9 0 1.000000 0.000000 0.000000 0.000000 0.000000 -1.000000 0.000000 1.000000 0.000000 -30.646000 -11.959200 0.000000 22.605524 53.251499 7.790800 53983.dat
9 0 -1.000000 0.000000 -0.000000 -0.000000 -0.000000 1.000000 0.000000 1.000000 0.000000 30.625748 -11.959200 0.000000 22.625750 53.251499 7.790800 53983.dat
9 0 -0.000000 -0.000000 1.000000 1.000000 -0.000000 0.000000 0.000000 1.000000 0.000000 -61.710751 -30.802801 -0.000000 18.584175 1.383475 28.900000 53983.dat
9 0 -0.000000 -0.000000 1.000000 1.000000 -0.000000 0.000000 0.000000 1.000000 0.000000 -95.238998 -20.815300 -0.000000 28.908751 1.505025 18.912500 53983.dat
9 0 0.500000 -0.000000 0.866025 0.866025 0.000000 -0.500000 0.000000 1.000000 0.000000 -82.479248 -20.815300 47.619499 28.908751 1.505025 18.912500 53983.dat
9 0 0.500000 -0.000000 0.866025 0.866025 0.000000 -0.500000 0.000000 1.000000 0.000000 -53.443001 -30.802801 30.855501 18.584175 1.383475 28.900000 53983.dat
9 0 0.866026 -0.000000 0.500000 0.500000 0.000000 -0.866026 0.000000 1.000000 0.000000 -47.619251 -20.815300 82.479500 28.908751 1.505025 18.912500 53983.dat
9 0 0.866026 -0.000000 0.500000 0.500000 0.000000 -0.866026 0.000000 1.000000 0.000000 -30.855251 -30.802801 53.443001 18.584175 1.383475 28.900000 53983.dat
9 0 -1.000000 0.000000 -0.000000 -0.000000 -0.000000 1.000000 0.000000 1.000000 0.000000 0.000000 -30.802799 -61.710751 18.584175 1.383475 28.900000 53983.dat
9 0 -1.000000 0.000000 -0.000000 -0.000000 -0.000000 1.000000 0.000000 1.000000 0.000000 0.000000 -20.815300 -95.238998 28.908751 1.505025 18.912500 53983.dat
9 0 -0.866025 -0.000000 0.500000 0.500000 -0.000000 0.866025 0.000000 1.000000 0.000000 -47.619499 -20.815300 -82.479248 28.908751 1.505025 18.912500 53983.dat
9 0 -0.866025 -0.000000 0.500000 0.500000 -0.000000 0.866025 0.000000 1.000000 0.000000 -30.855501 -30.802799 -53.443001 18.584175 1.383475 28.900000 53983.dat
9 0 -0.500000 -0.000000 0.866025 0.866025 -0.000000 0.500000 0.000000 1.000000 0.000000 -82.479500 -20.815300 -47.619251 28.908751 1.505025 18.912500 53983.dat
9 0 -0.500000 -0.000000 0.866025 0.866025 -0.000000 0.500000 0.000000 1.000000 0.000000 -53.443001 -30.802801 -30.855251 18.584175 1.383475 28.900000 53983.dat
9 0 -0.000000 0.000000 -1.000000 -1.000000 -0.000000 0.000000 0.000000 1.000000 0.000000 61.710751 -30.802801 -0.000000 18.584175 1.383475 28.900000 53983.dat
9 0 -0.000000 0.000000 -1.000000 -1.000000 -0.000000 0.000000 0.000000 1.000000 0.000000 95.238998 -20.815300 -0.000000 28.908751 1.505025 18.912500 53983.dat
9 0 -0.500000 0.000000 -0.866025 -0.866025 -0.000000 0.500000 0.000000 1.000000 0.000000 82.479248 -20.815300 -47.619499 28.908751 1.505025 18.912500 53983.dat
9 0 -0.500000 0.000000 -0.866025 -0.866025 -0.000000 0.500000 0.000000 1.000000 0.000000 53.443001 -30.802801 -30.855501 18.584175 1.383475 28.900000 53983.dat
9 0 -0.866025 0.000000 -0.500000 -0.500000 -0.000000 0.866025 0.000000 1.000000 0.000000 47.619251 -20.815300 -82.479500 28.908751 1.505025 18.912500 53983.dat
9 0 -0.866025 0.000000 -0.500000 -0.500000 -0.000000 0.866025 0.000000 1.000000 0.000000 30.855251 -30.802799 -53.443001 18.584175 1.383475 28.900000 53983.dat
9 0 1.000000 0.000000 0.000000 0.000000 0.000000 -1.000000 0.000000 1.000000 0.000000 0.000000 -30.802801 61.710751 18.584175 1.383475 28.900000 53983.dat
9 0 1.000000 0.000000 0.000000 0.000000 0.000000 -1.000000 0.000000 1.000000 0.000000 0.000000 -20.815300 95.238998 28.908751 1.505025 18.912500 53983.dat
9 0 0.866026 0.000000 -0.500000 -0.500000 0.000000 -0.866026 0.000000 1.000000 0.000000 47.619499 -20.815300 82.479248 28.908751 1.505025 18.912500 53983.dat
9 0 0.866026 0.000000 -0.500000 -0.500000 0.000000 -0.866026 0.000000 1.000000 0.000000 30.855501 -30.802801 53.443001 18.584175 1.383475 28.900000 53983.dat
9 0 0.500000 0.000000 -0.866025 -0.866025 0.000000 -0.500000 0.000000 1.000000 0.000000 82.479500 -20.815300 47.619251 28.908751 1.505025 18.912500 53983.dat
9 0 0.500000 0.000000 -0.866025 -0.866025 0.000000 -0.500000 0.000000 1.000000 0.000000 53.443001 -30.802801 30.855251 18.584175 1.383475 28.900000 53983.dat
9 0 0.707107 -0.000000 0.707107 0.707107 0.000000 -0.707107 0.000000 1.000000 0.000000 53.309502 -25.822752 53.309502 14.388100 40.802250 5.569925 53983.dat
9 0 -0.707107 0.000000 -0.707107 -0.707107 -0.000000 0.707107 0.000000 1.000000 0.000000 -53.309502 -25.822750 -53.309502 14.388100 40.802250 5.569925 53983.dat
9 0 -0.707107 -0.000000 0.707107 0.707107 -0.000000 0.707107 0.000000 1.000000 0.000000 -53.309502 -25.822752 53.309502 14.388100 40.802250 5.569925 53983.dat
9 0 0.707107 0.000000 -0.707107 -0.707107 0.000000 -0.707107 0.000000 1.000000 0.000000 53.309502 -25.822750 -53.309502 14.388100 40.802250 5.569925 53983.dat
9 0 0.459087 0.548328 0.698982 0.457679 0.528371 -0.715090 -0.761426 0.648198 -0.008390 -16.433750 -21.759125 40.899502 9.995675 23.742149 1.413250 53983.dat
9 0 0.818878 0.548328 0.169631 -0.182018 0.528371 -0.829273 -0.544342 0.648198 0.532477 17.299850 -21.759125 40.540749 9.995675 23.742149 1.413250 53983.dat
9 0 0.698982 0.548328 -0.459087 -0.715090 0.528371 -0.457679 -0.008390 0.648198 0.761426 40.899502 -21.759125 16.433750 9.995675 23.742149 1.413250 53983.dat
9 0 0.169631 0.548328 -0.818878 -0.829273 0.528372 0.182017 0.532477 0.648198 0.544342 40.540749 -21.759125 -17.299850 9.995675 23.742149 1.413250 53983.dat
9 0 -0.459087 0.548328 -0.698982 -0.457678 0.528372 0.715090 0.761427 0.648197 0.008389 16.433750 -21.759125 -40.899502 9.995675 23.742149 1.413250 53983.dat
9 0 -0.169632 0.548328 0.818878 0.829273 0.528371 -0.182018 -0.532477 0.648197 -0.544342 -40.540749 -21.759125 17.299850 9.995675 23.742149 1.413250 53983.dat
9 0 -0.698982 0.548329 0.459086 0.715090 0.528371 0.457678 0.008391 0.648197 -0.761427 -40.899502 -21.759125 -16.433750 9.995675 23.742149 1.413250 53983.dat
9 0 -0.818883 0.548321 -0.169633 0.182012 0.528374 0.829272 0.544337 0.648201 -0.532478 -17.299850 -21.759125 -40.540749 9.995675 23.742149 1.413250 53983.dat
10 0 -100.000000 -100.000000 -20.000000 100.000000 100.000000 39.952747 53983.dat
0 2 -0.000000 -0.000000 -1.000000 0.000000 -1.000000 0.000000 -1.000000 -0.000000 -0.000000 0.000000 -20.000000 0.000000 0 0 0.800000 0 0 53983.dat
0 2 -0.000000 -0.000000 -1.000000 0.000000 -1.000000 0.000000 -1.000000 -0.000000 -0.000000 0.000000 -20.000002 80.000000 0 0 0.800000 0 0 53983.dat
0 2 -0.000000 -0.000000 -1.000000 0.000000 -1.000000 0.000000 -1.000000 -0.000000 -0.000000 0.000000 -19.999998 -80.000000 0 0 0.800000 0 0 53983.dat
0 2 -0.000000 -0.000000 -1.000000 0.000000 -1.000000 0.000000 -1.000000 -0.000000 -0.000000 -80.000000 -20.000000 0.000000 0 0 0.800000 0 0 53983.dat
0 2 -0.000000 -0.000000 -1.000000 0.000000 -1.000000 0.000000 -1.000000 -0.000000 -0.000000 80.000000 -20.000000 0.000000 0 0 0.800000 0 0 53983.dat
