9 0 0.000000 0.000000 1.000000 -0.972076 -0.234668 0.000000 0.234668 -0.972076 -0.000000 34.585522 3.735748 -0.000238 79.750000 5.799500 1.369100 54095.dat
9 0 0.000000 0.000000 1.000000 0.000000 -1.000000 -0.000000 1.000000 0.000000 -0.000000 39.622498 16.359499 -71.000061 8.750000 7.390425 11.622475 54095.dat
9 0 0.000000 0.000000 1.000000 0.000000 -1.000000 -0.000000 1.000000 0.000000 -0.000000 39.622543 16.359499 71.000008 8.750000 7.390425 11.622475 54095.dat
9 0 0.000000 0.000000 1.000000 0.000000 -1.000000 -0.000000 1.000000 0.000000 -0.000000 70.000023 45.570000 0.000000 79.750000 2.180000 9.750000 54095.dat
9 0 0.000000 0.000000 1.000000 -0.814116 -0.580703 0.000000 0.580703 -0.814116 -0.000000 55.791122 13.541248 -0.000244 79.750000 5.792000 1.369100 54095.dat
9 0 0.000000 0.000000 1.000000 -0.688355 -0.725374 0.000000 0.725374 -0.688355 -0.000000 64.520821 21.358248 -0.000250 79.750000 5.792000 1.559550 54095.dat
9 0 0.000000 0.000000 1.000000 -0.529920 -0.848048 0.000000 0.848048 -0.529920 -0.000000 68.445068 32.627876 -0.000250 79.750000 5.792000 5.378850 54095.dat
9 0 0.000000 0.000000 1.000000 -0.391537 -0.920162 0.000000 0.920162 -0.391537 -0.000000 72.733566 41.284824 -0.000250 79.750000 4.302125 5.709925 54095.dat
9 0 0.000000 0.000000 1.000000 -0.907373 -0.420327 0.000000 0.420327 -0.907373 -0.000000 45.654770 7.593250 -0.000244 79.750000 5.799500 1.369100 54095.dat
9 0 0.000000 0.000000 1.000000 0.000000 -1.000000 -0.000000 1.000000 0.000000 -0.000000 -10.000002 13.300249 -71.000053 8.750000 10.449800 2.000000 54095.dat
9 0 0.000000 0.000000 1.000000 0.000000 -1.000000 -0.000000 1.000000 0.000000 -0.000000 9.999996 13.300249 -71.000061 8.750000 10.449800 2.000000 54095.dat
9 0 0.000000 0.000000 1.000000 0.000000 -1.000000 -0.000000 1.000000 0.000000 -0.000000 -0.065750 22.875000 -71.000053 8.750000 0.875000 66.245750 54095.dat
9 0 0.000000 0.000000 1.000000 0.000000 -1.000000 -0.000000 1.000000 0.000000 -0.000000 -9.999961 13.300249 71.000023 8.750000 10.449800 2.000000 54095.dat
9 0 0.000000 0.000000 1.000000 0.000000 -1.000000 -0.000000 1.000000 0.000000 -0.000000 10.000038 13.300249 71.000023 8.750000 10.449800 2.000000 54095.dat
9 0 0.000000 0.000000 1.000000 0.000000 -1.000000 -0.000000 1.000000 0.000000 -0.000000 -0.065708 22.875000 71.000023 8.750000 0.875000 66.245750 54095.dat
9 0 0.000000 0.000000 1.000000 0.907373 -0.420327 -0.000000 0.420327 0.907373 -0.000000 -45.654732 7.593250 -0.000215 79.750000 5.799500 1.369100 54095.dat
9 0 0.000000 0.000000 1.000000 0.391537 -0.920162 -0.000000 0.920162 0.391537 -0.000000 -75.822479 39.970501 -0.000203 79.750000 4.302125 2.353125 54095.dat
9 0 0.000000 0.000000 1.000000 0.529920 -0.848048 -0.000000 0.848048 0.529920 -0.000000 -68.668480 32.488323 -0.000209 79.750000 5.792000 5.115475 54095.dat
9 0 0.000000 0.000000 1.000000 0.688355 -0.725374 -0.000000 0.725374 0.688355 -0.000000 -64.520721 21.358248 -0.000209 79.750000 5.792000 1.559550 54095.dat
9 0 0.000000 0.000000 1.000000 0.814116 -0.580703 -0.000000 0.580703 0.814116 -0.000000 -55.790977 13.541248 -0.000209 79.750000 5.792000 1.369100 54095.dat
9 0 0.000000 0.000000 1.000000 0.000000 -1.000000 -0.000000 1.000000 0.000000 -0.000000 -69.999977 45.570000 0.000042 79.750000 2.180000 9.750000 54095.dat
9 0 0.000000 0.000000 1.000000 0.000000 -1.000000 -0.000000 1.000000 0.000000 -0.000000 -39.622456 16.359499 71.000031 8.750000 7.390425 11.622475 54095.dat
9 0 0.000000 0.000000 1.000000 0.000000 -1.000000 -0.000000 1.000000 0.000000 -0.000000 -39.622505 16.359499 -71.000038 8.750000 7.390425 11.622475 54095.dat
9 0 0.000000 0.000000 1.000000 0.972076 -0.234668 -0.000000 0.234668 0.972076 -0.000000 -34.585484 3.735748 -0.000215 79.750000 5.799500 1.369100 54095.dat
9 0 0.000000 0.000000 1.000000 0.000000 -1.000000 -0.000000 1.000000 0.000000 -0.000000 0.000024 1.447749 0.000024 79.750000 0.469875 28.825001 54095.dat
10 0 -10.000074 0.000000 -150.000000 150.000000 52.450001 10.000000 54095.dat
0 2 0.000000 1.000000 -0.000000 0.000000 0.000000 1.000000 1.000000 -0.000000 -0.000000 20.000002 9.999999 -59.999985 0 0 0.800000 0 0 54095.dat
0 2 0.000000 1.000000 -0.000000 0.000000 0.000000 1.000000 1.000000 -0.000000 -0.000000 0.000006 9.999999 -59.999977 0 0 0.800000 0 0 54095.dat
0 2 0.000000 1.000000 -0.000000 0.000000 0.000000 1.000000 1.000000 -0.000000 -0.000000 -19.999992 9.999999 -59.999973 0 0 0.800000 0 0 54095.dat
0 2 0.000000 1.000000 -0.000000 0.000000 0.000000 1.000000 1.000000 -0.000000 -0.000000 20.000046 9.999999 80.000015 0 0 0.800000 0 0 54095.dat
0 2 0.000000 1.000000 -0.000000 0.000000 0.000000 1.000000 1.000000 -0.000000 -0.000000 0.000048 9.999999 80.000023 0 0 0.800000 0 0 54095.dat
0 2 0.000000 1.000000 -0.000000 0.000000 0.000000 1.000000 1.000000 -0.000000 -0.000000 -19.999950 9.999999 80.000023 0 0 0.800000 0 0 54095.dat
2 22 0.000000 0.000000 1.000000 0.000000 1.000000 0.000000 -1.000000 0.000000 0.000000 -80.000000 48.000000 -79.999954 16 16 22:1:1,22:2:1,22:2:1,22:2:1,22:2:1,22:2:1,22:2:1,22:2:1,22:2:1,22:2:1,22:2:1,22:2:1,22:2:1,22:2:1,22:2:1,22:2:1,22:1:1,22:2:1,15:4:1,15:4:1,15:4:1,15:4:1,15:4:1,15:4:1,15:4:1,15:4:1,15:4:1,15:4:1,15:4:1,15:4:1,15:4:1,15:4:1,15:4:1,22:2:1,22:1:1,22:2:1,22:2:1,22:2:1,22:2:1,22:2:1,22:2:1,22:2:1,22:2:1,22:2:1,22:2:1,22:2:1,22:2:1,22:2:1,22:2:1,22:2:1,22:1:1,29:0:1,29:0:1,29:0:1,29:0:1,29:0:1,29:0:1,29:0:1,29:0:1,29:0:1,29:0:1,29:0:1,29:0:1,29:0:1,29:0:1,29:0:1,29:0:1,29:0:1,29:0:1,29:0:1,29:0:1,29:0:1,29:0:1,29:0:1,29:0:1,29:0:1,29:0:1,29:0:1,29:0:1,29:0:1,29:0:1,29:0:1,29:0:1,29:0:1,29:0:1,29:0:1,29:0:1,29:0:1,29:0:1,29:0:1,29:0:1,29:0:1,29:0:1,29:0:1,29:0:1,29:0:1,29:0:1,29:0:1,29:0:1,29:0:1,29:0:1,29:0:1,29:0:1,29:0:1,29:0:1,29:0:1,29:0:1,29:0:1,29:0:1,29:0:1,29:0:1,29:0:1,29:0:1,29:0:1,29:0:1,29:0:1,29:0:1,29:0:1,29:0:1,29:0:1,29:0:1,29:0:1,29:0:1,29:0:1,29:0:1,29:0:1,29:0:1,29:0:1,29:0:1,29:0:1,29:0:1,29:0:1,29:0:1,29:0:1,29:0:1,29:0:1,29:0:1,29:0:1,29:0:1,29:0:1,29:0:1,29:0:1,29:0:1,29:0:1,29:0:1,29:0:1,29:0:1,29:0:1,29:0:1,29:0:1,29:0:1,29:0:1,29:0:1,29:0:1,29:0:1,29:0:1,29:0:1,29:0:1,29:0:1,29:0:1,29:0:1,29:0:1,29:0:1,29:0:1,29:0:1,29:0:1,29:0:1,29:0:1,29:0:1,29:0:1,29:0:1,29:0:1,29:0:1,29:0:1,29:0:1,29:0:1,29:0:1,29:0:1,29:0:1,29:0:1,29:0:1,29:0:1,29:0:1,29:0:1,29:0:1,29:0:1,29:0:1,29:0:1,29:0:1,29:0:1,29:0:1,29:0:1,29:0:1,29:0:1,29:0:1,29:0:1,29:0:1,29:0:1,29:0:1,29:0:1,29:0:1,29:0:1,29:0:1,29:0:1,29:0:1,29:0:1,29:0:1,29:0:1,29:0:1,29:0:1,29:0:1,29:0:1,29:0:1,29:0:1,29:0:1,29:0:1,29:0:1,29:0:1,29:0:1,29:0:1,29:0:1,29:0:1,29:0:1,29:0:1,29:0:1,29:0:1,29:0:1,29:0:1,29:0:1,29:0:1,29:0:1,29:0:1,29:0:1,29:0:1,29:0:1,29:0:1,29:0:1,29:0:1,22:1:1,22:2:1,22:2:1,22:2:1,22:2:1,22:2:1,22:2:1,22:2:1,22:2:1,22:2:1,22:2:1,22:2:1,22:2:1,22:2:1,22:2:1,22:2:1,22:1:1,22:2:1,15:4:1,15:4:1,15:4:1,15:4:1,15:4:1,15:4:1,15:4:1,15:4:1,15:4:1,15:4:1,15:4:1,15:4:1,15:4:1,15:4:1,15:4:1,22:2:1,22:1:1,22:2:1,22:2:1,22:2:1,22:2:1,22:2:1,22:2:1,22:2:1,22:2:1,22:2:1,22:2:1,22:2:1,22:2:1,22:2:1,22:2:1,22:2:1,22:1:1, 54095.dat
2 22 0.000000 0.000000 1.000000 0.000000 1.000000 0.000000 -1.000000 0.000000 0.000000 -59.999996 24.000000 -79.999962 12 16 29:0:1,29:0:1,29:0:1,29:0:1,29:0:1,29:0:1,29:0:1,29:0:1,29:0:1,29:0:1,29:0:1,29:0:1,29:0:1,29:0:1,29:0:1,29:0:1,29:0:1,22:2:1,15:4:1,22:2:1,29:0:1,29:0:1,29:0:1,29:0:1,29:0:1,29:0:1,29:0:1,29:0:1,29:0:1,29:0:1,29:0:1,22:2:1,15:4:1,22:2:1,22:2:1,15:4:1,22:2:1,29:0:1,29:0:1,29:0:1,29:0:1,29:0:1,29:0:1,29:0:1,29:0:1,29:0:1,29:0:1,29:0:1,22:2:1,15:4:1,22:2:1,22:2:1,15:4:1,22:2:1,29:0:1,29:0:1,29:0:1,29:0:1,29:0:1,29:0:1,29:0:1,29:0:1,29:0:1,29:0:1,29:0:1,22:2:1,15:4:1,22:2:1,22:2:1,11:4:1,22:2:1,29:0:1,29:0:1,29:0:1,29:0:1,29:0:1,29:0:1,29:0:1,29:0:1,29:0:1,29:0:1,29:0:1,22:2:1,11:4:1,22:2:1,22:2:1,15:4:1,22:2:1,29:0:1,29:0:1,29:0:1,29:0:1,29:0:1,29:0:1,29:0:1,29:0:1,29:0:1,29:0:1,29:0:1,22:2:1,15:4:1,22:2:1,22:2:1,11:4:1,22:2:1,29:0:1,29:0:1,29:0:1,29:0:1,29:0:1,29:0:1,29:0:1,29:0:1,29:0:1,29:0:1,29:0:1,22:2:1,11:4:1,22:2:1,22:2:1,15:4:1,22:2:1,29:0:1,29:0:1,29:0:1,29:0:1,29:0:1,29:0:1,29:0:1,29:0:1,29:0:1,29:0:1,29:0:1,22:2:1,15:4:1,22:2:1,22:2:1,11:4:1,22:2:1,29:0:1,29:0:1,29:0:1,29:0:1,29:0:1,29:0:1,29:0:1,29:0:1,29:0:1,29:0:1,29:0:1,22:2:1,11:4:1,22:2:1,22:2:1,15:4:1,22:2:1,29:0:1,29:0:1,29:0:1,29:0:1,29:0:1,29:0:1,29:0:1,29:0:1,29:0:1,29:0:1,29:0:1,22:2:1,15:4:1,22:2:1,22:2:1,15:4:1,22:2:1,29:0:1,29:0:1,29:0:1,29:0:1,29:0:1,29:0:1,29:0:1,29:0:1,29:0:1,29:0:1,29:0:1,22:2:1,15:4:1,22:2:1,22:2:1,15:4:1,22:2:1,29:0:1,29:0:1,29:0:1,29:0:1,29:0:1,29:0:1,29:0:1,29:0:1,29:0:1,29:0:1,29:0:1,22:2:1,15:4:1,22:2:1,29:0:1,29:0:1,29:0:1,29:0:1,29:0:1,29:0:1,29:0:1,29:0:1,29:0:1,29:0:1,29:0:1,29:0:1,29:0:1,29:0:1,29:0:1,29:0:1,29:0:1, 54095.dat
3 23 0.000000 0.000000 1.000000 0.000000 1.000000 0.000000 -1.000000 0.000000 0.000000 -20.000004 0.000000 -79.999969 4 16 18:1:1,23:4:1,18:2:1,23:4:1,18:2:1,23:4:1,18:2:1,23:4:1,18:2:1,23:4:1,18:2:1,23:4:1,18:2:1,23:4:1,18:2:1,23:4:1,18:1:1,23:4:1,1:4:1,23:4:1,0:4:1,23:4:1,0:4:1,23:4:1,0:4:1,23:4:1,0:4:1,23:4:1,0:4:1,23:4:1,0:4:1,23:4:1,1:4:1,23:4:1,18:2:1,23:4:1,18:4:1,23:4:1,18:4:1,23:4:1,18:4:1,23:4:1,18:4:1,23:4:1,18:4:1,23:4:1,18:4:1,23:4:1,18:4:1,23:4:1,18:2:1,23:4:1,1:4:1,23:4:1,0:4:1,23:4:1,0:4:1,23:4:1,0:4:1,23:4:1,0:4:1,23:4:1,0:4:1,23:4:1,0:4:1,23:4:1,1:4:1,23:4:1,18:1:1,23:4:1,18:2:1,23:4:1,18:2:1,23:4:1,18:2:1,23:4:1,18:2:1,23:4:1,18:2:1,23:4:1,18:2:1,23:4:1,18:2:1,23:4:1,18:1:1, 54095.dat
2 22 -1.000000 0.000000 0.000000 0.000000 -0.000000 1.000000 0.000000 1.000000 0.000000 30.000046 19.999998 80.000015 2 6 22:1:1,22:2:1,22:2:1,22:2:1,22:2:1,22:2:1,22:1:1,22:2:1,16:4:64,22:2:1,16:4:64,22:2:1,16:4:64,22:2:1,22:1:1,22:2:1,22:2:1,22:2:1,22:2:1,22:2:1,22:1:1, 54095.dat
2 22 -1.000000 -0.000000 0.000000 -0.000000 -0.000000 -1.000000 0.000000 -1.000000 0.000000 29.999996 0.000000 -79.999985 2 6 22:1:1,22:2:1,22:2:1,22:2:1,22:2:1,22:2:1,22:1:1,22:2:1,16:4:64,22:2:1,16:4:64,22:2:1,16:4:64,22:2:1,22:1:1,22:2:1,22:2:1,22:2:1,22:2:1,22:2:1,22:1:1, 54095.dat
