9 0 0.000000 0.000000 1.000000 0.000000 1.000000 0.000000 -1.000000 0.000000 0.000000 -1.144741 9.570000 -0.000003 39.750000 38.180000 0.894750 54097.dat
9 0 0.000000 0.000000 1.000000 0.475829 0.879538 -0.000000 -0.879538 0.475829 0.000000 -6.200091 -37.066254 0.000000 39.750000 9.658925 1.203575 54097.dat
9 0 0.000000 0.000000 1.000000 0.000000 1.000000 0.000000 -1.000000 0.000000 0.000000 -22.499990 12.019998 -0.999999 8.750050 19.750000 18.500000 54097.dat
9 0 -0.707107 0.000000 0.707107 0.000000 1.000000 0.000000 -0.707107 0.000000 -0.707107 -36.624992 11.948249 0.000009 2.375000 27.369249 2.375000 54097.dat
9 0 0.000000 0.000000 1.000000 0.705455 0.708755 -0.000000 -0.708755 0.705455 0.000000 -16.444740 -51.451256 0.000003 39.750000 7.651400 1.203575 54097.dat
9 0 0.000000 0.000000 1.000000 0.861807 0.507236 -0.000000 -0.507236 0.861807 0.000000 -30.525217 -62.259247 0.000006 24.319876 8.983900 1.203575 54097.dat
9 0 -0.544982 -0.320762 0.774665 0.667612 0.392938 0.632371 -0.507236 0.861807 0.000000 -29.506981 -61.660004 28.520256 3.633375 9.536500 1.203575 54097.dat
9 0 -0.544983 -0.320762 -0.774665 0.667611 0.392938 -0.632372 0.507237 -0.861807 -0.000000 -29.507000 -61.660004 -28.520346 3.633375 9.536500 1.203575 54097.dat
10 0 -10.000050 0.000000 -31.250000 70.000000 116.714249 14.450000 54097.dat
3 23 0.000000 0.000000 1.000000 -1.000000 -0.000000 0.000000 0.000000 -1.000000 -0.000000 0.000003 -9.999999 -20.000004 2 4 29:0:1,23:4:1,29:0:1,23:4:1,29:0:1,23:4:1,1:4:1,23:4:1,1:4:1,23:4:1,29:0:1,23:4:1,29:0:1,23:4:1,29:0:1, 54097.dat
0 7 -1.000000 0.000000 0.000000 0.000000 1.000000 0.000000 -0.000000 0.000000 -1.000000 -36.624992 39.960052 0.000009 0 1 0.320000 0 0 54097.dat
0 7 -1.000000 0.000000 0.000000 0.000000 1.000000 0.000000 -0.000000 0.000000 -1.000000 -36.624992 -7.980004 0.000009 1 0 0.320000 0 0 54097.dat
2 22 0.000000 0.000000 1.000000 0.000000 1.000000 0.000000 -1.000000 0.000000 0.000000 -46.624992 39.960052 -10.000065 2 2 29:0:0,29:0:0,29:0:0,29:0:0,9:4:32,29:0:0,29:0:0,29:0:0,29:0:0, 54097.dat
2 22 -0.000000 0.000000 -1.000000 -0.000000 -1.000000 -0.000000 -1.000000 0.000000 0.000000 -46.624989 -16.000000 10.000011 2 2 29:0:0,29:0:0,29:0:0,29:0:0,9:4:32,29:0:0,29:0:0,29:0:0,29:0:0, 54097.dat
