9 0 0.000000 0.000000 1.000000 0.000000 1.000000 0.000000 -1.000000 0.000000 0.000000 0.000060 188.000031 -140.000000 119.750000 3.750000 19.749975 54094.dat
9 0 0.000000 0.000000 1.000000 0.000000 1.000000 0.000000 -1.000000 0.000000 0.000000 0.000104 1.874995 -0.061488 19.688450 1.625025 19.749975 54094.dat
9 0 0.000000 0.218431 0.975852 -0.000000 0.975852 -0.218431 -1.000000 0.000000 0.000000 -0.003260 91.913246 -41.684006 37.780998 84.876755 4.191925 54094.dat
9 0 0.000000 0.000000 1.000000 0.000000 1.000000 0.000000 -1.000000 0.000000 0.000000 -0.003281 159.236237 -110.778000 57.016998 24.234776 7.285675 54094.dat
9 0 0.000000 0.000000 1.000000 0.000000 1.000000 0.000000 -1.000000 0.000000 0.000000 -0.003268 134.085251 -67.953751 47.703751 57.664753 4.368025 54094.dat
9 0 0.000000 -0.755397 0.655268 0.000000 0.655268 0.755397 -1.000000 0.000000 0.000000 -0.003286 100.285492 -125.196007 108.429001 13.623349 5.161375 54094.dat
9 0 0.000000 -0.386477 0.922299 0.000000 0.922299 0.386477 -1.000000 0.000000 0.000000 -0.003306 170.505219 -188.667480 35.320000 7.609125 9.594500 54094.dat
9 0 0.000000 0.000000 1.000000 0.000000 1.000000 0.000000 -1.000000 0.000000 0.000000 -0.028677 10.319996 -20.243000 31.598749 9.969601 4.008425 54094.dat
9 0 0.000000 -0.386477 0.922299 0.000000 0.922299 0.386477 -1.000000 0.000000 0.000000 -0.003318 179.671280 -228.964569 26.548750 2.188175 9.878350 54094.dat
9 0 -1.000000 -0.000000 0.000000 0.000000 -1.000000 0.000000 0.000000 0.000000 1.000000 0.480103 4.390991 0.000000 12.117400 3.206000 1.249975 54094.dat
10 0 -10.000000 0.000000 -30.000002 270.000000 196.449997 10.000000 54094.dat
3 23 0.000000 0.000000 1.000000 0.000000 1.000000 0.000000 -1.000000 0.000000 0.000000 -19.999929 0.000000 -20.000004 4 4 29:0:1,23:4:1,29:0:1,23:4:1,29:0:1,23:4:1,1:4:0,23:4:1,1:4:0,23:4:1,29:0:1,23:4:1,18:4:1,23:4:1,29:0:1,23:4:1,1:4:0,23:4:1,1:4:0,23:4:1,29:0:1,23:4:1,29:0:1,23:4:1,29:0:1, 54094.dat
2 22 0.000000 0.000000 1.000000 0.000000 1.000000 0.000000 -1.000000 0.000000 0.000000 -20.000004 192.000000 -260.000000 4 24 22:1:1,22:2:1,22:2:1,22:2:1,22:2:1,22:2:1,22:2:1,22:2:1,22:2:1,22:2:1,22:2:1,22:2:1,22:2:1,22:2:1,22:2:1,22:2:1,22:2:1,22:2:1,22:2:1,22:2:1,22:2:1,22:2:1,22:2:1,22:2:1,22:1:1,22:2:1,15:4:1,23:4:1,15:4:1,23:4:1,15:4:1,23:4:1,15:4:1,23:4:1,15:4:1,23:4:1,15:4:1,23:4:1,15:4:1,23:4:1,15:4:1,23:4:1,15:4:1,23:4:1,15:4:1,23:4:1,15:4:1,23:4:1,15:4:1,22:2:1,22:2:1,23:4:1,7:4:2,23:4:1,7:4:2,23:4:1,7:4:2,23:4:1,7:4:2,23:4:1,7:4:2,23:4:1,7:4:2,23:4:1,7:4:2,23:4:1,7:4:2,23:4:1,7:4:2,23:4:1,7:4:2,23:4:1,7:4:2,23:4:1,22:2:1,22:2:1,15:4:1,23:4:1,15:4:1,23:4:1,15:4:1,23:4:1,15:4:1,23:4:1,15:4:1,23:4:1,15:4:1,23:4:1,15:4:1,23:4:1,15:4:1,23:4:1,15:4:1,23:4:1,15:4:1,23:4:1,15:4:1,23:4:1,15:4:1,22:2:1,22:1:1,22:2:1,22:2:1,22:2:1,22:2:1,22:2:1,22:2:1,22:2:1,22:2:1,22:2:1,22:2:1,22:2:1,22:2:1,22:2:1,22:2:1,22:2:1,22:2:1,22:2:1,22:2:1,22:2:1,22:2:1,22:2:1,22:2:1,22:2:1,22:1:1, 54094.dat
