9 0 -0.923880 -0.382683 -0.000000 -0.382683 0.923880 -0.000000 0.000000 0.000000 -1.000000 -32.435745 79.236755 0.000015 42.667751 10.958150 54.750000 54120.dat
9 0 -0.923880 -0.382683 -0.000000 -0.382683 0.923880 -0.000000 0.000000 0.000000 -1.000000 -35.866493 87.070755 0.000013 37.141247 18.059925 32.906750 54120.dat
9 0 -0.923880 0.382683 -0.000000 0.382683 0.923880 0.000000 0.000000 0.000000 -1.000000 33.447006 78.818001 0.000036 42.667751 10.958150 54.750000 54120.dat
9 0 -0.923880 0.382683 -0.000000 0.382683 0.923880 0.000000 0.000000 0.000000 -1.000000 36.560505 86.783249 0.000037 37.141247 18.059925 32.906750 54120.dat
9 0 -0.382683 0.923880 -0.000000 0.923880 0.382683 0.000000 0.000000 0.000000 -1.000000 79.736755 31.935751 0.000051 42.667751 10.958150 54.750000 54120.dat
9 0 -0.382683 0.923880 -0.000000 0.923880 0.382683 0.000000 0.000000 0.000000 -1.000000 87.570755 35.366501 0.000054 37.141247 18.059925 32.906750 54120.dat
9 0 0.382683 0.923880 0.000000 0.923880 -0.382683 0.000000 0.000000 0.000000 -1.000000 79.318008 -33.946999 0.000051 42.667751 10.958150 54.750000 54120.dat
9 0 0.382683 0.923880 0.000000 0.923880 -0.382683 0.000000 0.000000 0.000000 -1.000000 87.283257 -37.060501 0.000054 37.141247 18.059925 32.906750 54120.dat
9 0 0.923880 0.382683 0.000000 0.382683 -0.923880 0.000000 0.000000 0.000000 -1.000000 32.435757 -80.236748 0.000036 42.667751 10.958150 54.750000 54120.dat
9 0 0.923879 0.382684 0.000000 0.382684 -0.923879 0.000000 0.000000 0.000000 -1.000000 35.866505 -88.070747 0.000037 37.141247 18.059925 32.906750 54120.dat
9 0 0.923880 -0.382683 0.000000 -0.382683 -0.923880 -0.000000 0.000000 0.000000 -1.000000 -33.446995 -79.818001 0.000015 42.667751 10.958150 54.750000 54120.dat
9 0 0.923879 -0.382684 0.000000 -0.382684 -0.923879 -0.000000 0.000000 0.000000 -1.000000 -36.560493 -87.783249 0.000013 37.141247 18.059925 32.906750 54120.dat
9 0 0.382683 -0.923880 0.000000 -0.923880 -0.382683 -0.000000 0.000000 0.000000 -1.000000 -79.736748 -32.935749 0.000000 42.667751 10.958150 54.750000 54120.dat
9 0 0.382683 -0.923880 0.000000 -0.923880 -0.382683 -0.000000 0.000000 0.000000 -1.000000 -87.570747 -36.366497 -0.000003 37.141247 18.059925 32.906750 54120.dat
9 0 -0.382683 -0.923880 -0.000000 -0.923880 0.382683 -0.000000 0.000000 0.000000 -1.000000 -79.317993 32.947002 0.000000 42.667751 10.958150 54.750000 54120.dat
9 0 -0.382683 -0.923880 -0.000000 -0.923880 0.382683 -0.000000 0.000000 0.000000 -1.000000 -87.283241 36.060501 -0.000003 37.141247 18.059925 32.906750 54120.dat
10 0 -118.469254 -118.469254 -75.000000 118.469254 118.469254 35.000000 54120.dat
4 72 -1.000000 0.000000 -0.000000 0.000000 -0.000000 -1.000000 -0.000000 -1.000000 0.000000 0.000007 -0.500000 0.000000 1 54120.dat
4 72 -1.000000 0.000000 -0.000000 -0.000000 0.000000 1.000000 0.000000 1.000000 -0.000000 0.000007 -0.500000 0.000000 1 54120.dat
