9 0 0.000001 -0.000001 -1.000000 1.000000 0.000001 0.000001 0.000001 -1.000000 0.000001 8.875028 -0.000037 -0.000015 9.000000 0.875000 9.750000 54272.dat
9 0 0.000001 -0.000001 -1.000000 1.000000 0.000001 0.000001 0.000001 -1.000000 0.000001 -9.999472 -0.000049 -0.000027 9.000000 1.999550 9.750000 54272.dat
9 0 0.000001 -0.000001 -1.000000 1.000000 0.000001 0.000001 0.000001 -1.000000 0.000001 -11.499969 -0.000053 -5.375028 14.375000 0.500000 9.750000 54272.dat
9 0 0.000001 -0.000001 -1.000000 1.000000 0.000001 0.000001 0.000001 -1.000000 0.000001 -28.499968 -0.000067 -9.950039 9.750000 0.500000 9.750000 54272.dat
9 0 0.000001 -0.000001 -1.000000 1.000000 0.000001 0.000001 0.000001 -1.000000 0.000001 -4.999977 -0.000041 8.524979 0.475000 14.749950 9.750000 54272.dat
9 0 0.000001 -0.000001 -1.000000 1.000000 0.000001 0.000001 0.000001 -1.000000 0.000001 -9.624967 -0.000054 -8.464026 0.436900 19.374950 9.750000 54272.dat
9 0 0.000001 -0.000001 -1.000000 1.000000 0.000001 0.000001 0.000001 -1.000000 0.000001 -19.999966 -0.000061 -9.963033 1.936075 9.000051 9.750000 54272.dat
9 0 0.000001 -0.000001 -1.000000 1.000000 0.000001 0.000001 0.000001 -1.000000 0.000001 -19.999453 -0.000072 -28.182034 0.157500 3.625400 9.750000 54272.dat
9 0 0.000001 -0.000001 -1.000000 1.000000 0.000001 0.000001 0.000001 -1.000000 0.000001 -11.999991 -0.000033 29.624971 20.125000 21.750000 9.000000 54272.dat
9 0 0.000001 -0.000001 -1.000000 1.000000 0.000001 0.000001 0.000001 -1.000000 0.000001 -80.730232 0.000229 -2.819574 42.127247 48.855000 3.000325 54272.dat
9 0 -0.303245 -0.000001 -0.952913 0.952913 0.000000 -0.303245 0.000001 -1.000000 0.000001 -235.323471 0.000129 -7.612178 17.409300 23.307125 3.017825 54272.dat
9 0 0.000001 -0.000001 -1.000000 0.000001 -1.000000 0.000001 -1.000000 -0.000001 -0.000001 19.912502 -0.000006 39.999996 5.375000 1.687500 9.662500 54272.dat
9 0 0.000001 -0.000001 -1.000000 0.000001 -1.000000 0.000001 -1.000000 -0.000001 -0.000001 19.912502 -0.000006 39.999996 1.687500 5.375000 9.662500 54272.dat
9 0 0.000001 -0.000001 -1.000000 0.000001 -1.000000 0.000001 -1.000000 -0.000001 -0.000001 19.912527 -0.000030 -0.000006 5.375000 1.687500 9.662500 54272.dat
9 0 0.000001 -0.000001 -1.000000 0.000001 -1.000000 0.000001 -1.000000 -0.000001 -0.000001 19.912527 -0.000030 -0.000006 1.687500 5.375000 9.662500 54272.dat
9 0 -0.150338 -0.000001 -0.988635 0.988635 0.000001 -0.150338 0.000001 -1.000000 0.000001 -167.998474 0.000177 1.385617 39.863251 44.452000 3.000325 54272.dat
9 0 0.049180 -0.000001 -0.998790 0.998790 0.000001 0.049180 0.000001 -1.000000 0.000001 -216.613739 0.000168 37.914234 8.676625 24.351900 3.000325 54272.dat
9 0 -0.366264 -0.000001 -0.930511 0.930511 0.000000 -0.366264 0.000001 -1.000000 0.000001 -279.904480 0.000101 -6.479707 3.669850 19.323725 3.000325 54272.dat
9 0 0.797951 0.000000 -0.602723 0.602723 0.000001 0.797951 0.000001 -1.000000 0.000001 -31.705952 0.000241 -35.779289 7.466825 11.610800 3.991575 54272.dat
9 0 0.277330 -0.000000 -0.960775 0.960775 0.000001 0.277330 0.000001 -1.000000 0.000001 -266.896210 0.000116 3.891802 7.782475 19.537275 3.991575 54272.dat
9 0 0.866026 0.000000 -0.499999 0.499999 0.000001 0.866026 0.000001 -1.000000 0.000001 -12.885958 -0.000065 -24.057528 0.157500 3.625400 9.750000 54272.dat
10 0 -10.250000 0.000000 -10.000000 89.812500 329.994751 10.000000 54272.dat
0 2 1.000000 0.000001 0.000001 -0.000001 1.000000 -0.000001 -0.000001 0.000001 1.000000 -19.999977 9.999945 -0.000039 0 0 0.800000 0 0 54272.dat
0 2 1.000000 0.000001 0.000001 -0.000001 1.000000 -0.000001 -0.000001 0.000001 1.000000 -19.999966 9.999933 -20.000044 0 0 0.800000 0 0 54272.dat
0 2 1.000000 0.000001 0.000001 -0.000001 1.000000 -0.000001 -0.000001 0.000001 1.000000 0.000021 9.999958 -0.000027 0 0 0.800000 0 0 54272.dat
0 5 0.000001 -0.000001 -1.000000 1.000000 0.000001 0.000001 0.000001 -1.000000 0.000001 30.000002 0.000000 40.000000 0 1 0.800000 0 0 54272.dat
0 5 0.000001 -0.000001 -1.000000 1.000000 0.000001 0.000001 0.000001 -1.000000 0.000001 30.000029 -0.000024 0.000000 0 1 0.800000 0 0 54272.dat
2 22 0.000001 -0.000001 -1.000000 -0.000001 1.000000 -0.000001 1.000000 0.000001 0.000001 10.000114 9.999969 9.999979 4 4 22:1:1,22:2:1,22:1:1,29:0:1,29:0:1,22:2:1,16:4:64,22:2:1,29:0:1,29:0:1,22:2:1,22:2:1,22:1:1,22:2:1,22:1:1,22:2:1,16:4:64,22:2:1,16:4:64,22:2:1,22:1:1,22:2:1,22:2:1,22:2:1,22:1:1, 54272.dat
2 22 -0.000001 0.000001 1.000000 0.000001 -1.000000 0.000001 1.000000 0.000001 0.000001 10.000153 -10.000054 -30.000004 4 4 29:0:1,29:0:1,22:1:1,22:2:1,22:1:1,29:0:1,29:0:1,22:2:1,16:4:64,22:2:1,22:1:1,22:2:1,22:1:1,22:2:1,22:2:1,22:2:1,16:4:64,22:2:1,16:4:64,22:2:1,22:1:1,22:2:1,22:2:1,22:2:1,22:1:1, 54272.dat
