9 0 -0.000000 0.000000 -1.000000 -1.000000 0.000000 0.000000 0.000000 1.000000 0.000000 20.000017 4.000000 0.000000 59.750004 9.750000 3.750000 54383.dat
9 0 0.316266 0.000000 -0.948671 -0.948670 0.000000 -0.316266 -0.000000 1.000000 0.000000 -1.084985 1.375000 -0.448993 59.750004 8.068000 1.125025 54383.dat
9 0 -0.000000 0.000000 -1.000000 -1.000000 0.000000 0.000000 0.000000 1.000000 0.000000 0.834134 4.000000 57.590008 2.160175 28.916000 3.750000 54383.dat
9 0 0.316266 0.000003 -0.948671 -0.948671 0.000001 -0.316266 -0.000001 1.000000 0.000003 8.087425 5.204375 -47.283669 12.418500 1.957350 2.545575 54383.dat
9 0 0.316267 0.000010 -0.948670 -0.948670 0.000000 -0.316267 -0.000003 1.000000 0.000010 -0.909565 5.204400 -20.296494 2.993175 1.957350 2.545575 54383.dat
9 0 0.316267 0.000002 -0.948670 -0.948670 0.000000 -0.316267 -0.000000 1.000000 0.000002 -10.901732 5.204425 9.676260 15.605625 1.957350 2.545575 54383.dat
9 0 0.316268 0.000011 -0.948670 -0.948670 0.000000 -0.316268 -0.000003 1.000000 0.000010 -20.914223 5.204425 39.709263 3.000125 1.957350 2.545575 54383.dat
9 0 0.316267 0.000015 -0.948670 -0.948670 0.000001 -0.316267 -0.000004 1.000000 0.000015 -26.636719 5.204425 56.874763 2.117275 1.957350 2.545575 54383.dat
9 0 -0.000000 0.000000 -1.000000 -1.000000 0.000000 0.000000 0.000000 1.000000 0.000000 9.778951 1.375000 30.626005 29.124001 19.971075 1.125000 54383.dat
9 0 -0.000000 -0.000000 -1.000000 1.000000 0.000000 -0.000000 0.000000 -1.000000 0.000000 -2.062473 4.000000 36.427753 23.322350 11.812500 3.750000 54383.dat
9 0 -0.000000 -0.000000 -1.000000 1.000000 0.000000 -0.000000 0.000000 -1.000000 0.000000 7.937511 4.000000 -15.634748 28.240248 1.812500 3.750000 54383.dat
9 0 -0.000000 -0.000000 -1.000000 1.000000 0.000000 -0.000000 0.000000 -1.000000 0.000000 3.812517 4.000000 4.365253 8.240149 1.812500 3.750000 54383.dat
10 0 -10.000000 0.000000 -50.000000 110.000000 12.450000 10.000000 54383.dat
3 23 0.000000 0.000000 1.000000 0.000000 1.000000 0.000000 -1.000000 0.000000 0.000000 -30.000008 0.000000 -59.999985 6 12 29:0:1,29:0:1,29:0:1,29:0:1,29:0:1,29:0:1,29:0:1,29:0:1,29:0:1,29:0:1,29:0:1,29:0:1,29:0:1,29:0:1,29:0:1,29:0:1,29:0:1,29:0:1,29:0:1,29:0:1,29:0:1,29:0:1,29:0:1,29:0:1,29:0:1,29:0:1,29:0:1,29:0:1,29:0:1,29:0:1,29:0:1,29:0:1,18:1:1,23:4:1,18:2:1,23:4:1,29:0:1,23:4:1,18:1:1,29:0:1,29:0:1,29:0:1,29:0:1,29:0:1,29:0:1,23:4:1,0:4:1,23:4:1,0:4:1,23:4:1,0:4:1,23:4:1,18:1:1,23:4:1,18:2:1,23:4:1,29:0:1,23:4:1,18:3:1,23:4:1,18:4:1,23:4:1,18:4:1,23:4:1,18:2:1,23:4:1,0:4:1,23:4:1,0:4:1,23:4:1,0:4:1,23:4:1,0:4:1,23:4:1,0:4:1,23:4:1,0:4:1,23:4:1,18:1:1,23:4:1,18:2:1,23:4:1,18:2:1,23:4:1,18:2:1,23:4:1,18:2:1,23:4:1,18:2:1,23:4:1,18:1:1, 54383.dat
2 22 0.000000 0.000000 1.000000 0.000000 1.000000 0.000000 -1.000000 0.000000 0.000000 -30.000008 8.000000 -59.999985 6 12 29:0:1,29:0:1,29:0:1,29:0:1,29:0:1,29:0:1,29:0:1,29:0:1,29:0:1,29:0:1,29:0:1,29:0:1,22:1:1,29:0:1,29:0:1,29:0:1,29:0:1,29:0:1,29:0:1,29:0:1,29:0:1,29:0:1,29:0:1,22:2:1,29:0:1,22:2:1,29:0:1,29:0:1,29:0:1,29:0:1,29:0:1,29:0:1,22:2:1,22:2:1,22:2:1,23:4:1,7:4:2,23:4:1,22:2:1,29:0:1,29:0:1,29:0:1,29:0:1,22:2:1,29:0:1,23:4:1,15:4:1,23:4:1,15:4:1,23:4:1,15:4:1,22:2:1,22:1:1,22:2:1,22:2:1,23:4:1,7:4:2,23:4:1,7:4:2,23:4:1,7:4:2,23:4:1,7:4:2,23:4:1,22:2:1,22:2:1,15:4:1,23:4:1,15:4:1,23:4:1,15:4:1,23:4:1,15:4:1,23:4:1,15:4:1,23:4:1,15:4:1,22:2:1,22:1:1,22:2:1,22:2:1,22:2:1,22:2:1,22:2:1,22:2:1,22:2:1,22:2:1,22:2:1,22:2:1,22:2:1,22:1:1, 54383.dat
