9 0 -1.000000 0.000000 -0.000000 0.000000 1.000000 0.000000 0.000000 0.000000 -1.000000 -10.000015 -2.625000 -30.000004 19.750000 2.375000 39.750000 54654.dat
9 0 -1.000000 0.000000 -0.000000 0.000000 -0.000000 -1.000000 -0.000000 -1.000000 0.000000 1.000010 -22.875025 -30.000002 8.750000 62.633751 0.875025 54654.dat
9 0 -1.000000 0.000000 -0.000000 0.000000 1.000000 0.000000 0.000000 0.000000 -1.000000 -33.829491 -7.500000 -30.000013 23.579399 1.999975 39.750000 54654.dat
9 0 0.000000 0.000000 -1.000000 0.000000 1.000000 0.000000 1.000000 0.000000 0.000000 -251.312500 -127.837502 -29.734331 5.115875 28.916498 4.339500 54654.dat
9 0 -1.000000 0.000000 -0.000000 0.000000 1.000000 0.000000 0.000000 0.000000 -1.000000 -8.031240 -166.734253 -30.000004 17.781250 0.730225 19.752525 54654.dat
9 0 -1.000000 0.000000 -0.000000 0.000000 -0.000000 -1.000000 -0.000000 -1.000000 0.000000 1.088785 -149.830994 -30.000002 8.661224 19.752525 0.125025 54654.dat
9 0 -1.000000 0.000000 -0.000000 0.000000 1.000000 0.000000 0.000000 0.000000 -1.000000 -147.945740 -157.569260 -29.998547 121.616997 2.184725 23.504025 54654.dat
9 0 -1.000000 0.000000 -0.000000 0.000000 1.000000 0.000000 0.000000 0.000000 -1.000000 -285.087494 -148.023499 -30.032343 20.162525 7.903450 12.091250 54654.dat
9 0 -1.000000 0.000000 -0.000000 0.000000 1.000000 0.000000 0.000000 0.000000 -1.000000 -11.812497 -86.252502 -87.197258 0.750000 54.764004 16.949900 54654.dat
9 0 -0.178892 -0.098029 -0.978973 -0.310424 0.949823 -0.038385 0.933614 0.297029 -0.200346 -177.913727 -112.921997 -82.250061 0.731150 18.236675 61.885250 54654.dat
9 0 -0.063107 -0.681958 -0.728664 -0.000000 0.730119 -0.683320 0.998007 -0.043122 -0.046075 -64.599976 -144.634247 -86.909775 1.045675 19.921625 74.642250 54654.dat
9 0 -0.136473 -0.676117 -0.724045 -0.093351 0.736408 -0.670066 0.986236 -0.023856 -0.163616 -190.897232 -149.380508 -69.806305 0.736275 13.089025 43.938751 54654.dat
9 0 -1.000000 0.000000 -0.000000 0.000000 1.000000 0.000000 0.000000 0.000000 -1.000000 -129.812469 -108.003998 -122.429047 59.750004 3.750000 27.323750 54654.dat
9 0 -0.107634 0.000000 -0.994191 0.000000 1.000000 0.000000 0.994191 0.000000 -0.107634 -57.781212 -95.792252 -101.575279 0.860700 33.109249 67.341499 54654.dat
9 0 -1.000000 0.000000 -0.000000 0.000000 1.000000 0.000000 0.000000 0.000000 -1.000000 1.088788 -158.003998 -39.965748 8.661224 7.499949 1.964575 54654.dat
9 0 0.000000 0.000000 -1.000000 0.000000 1.000000 0.000000 1.000000 0.000000 0.000000 -32.446224 -88.857498 -82.228760 5.115875 64.742249 4.339500 54654.dat
9 0 -0.920463 -0.390830 -0.000000 0.000000 0.000000 -1.000000 0.390830 -0.920463 -0.000000 -137.919739 -42.065502 -27.915297 89.591751 28.796751 1.118900 54654.dat
9 0 -1.000000 0.000000 -0.000000 0.000000 1.000000 0.000000 0.000000 0.000000 -1.000000 -11.812534 -86.252502 27.197248 0.750000 54.764004 16.949900 54654.dat
9 0 -0.178892 -0.098029 0.978973 -0.310424 0.949823 0.038385 -0.933614 -0.297029 -0.200346 -177.913757 -112.921997 22.249893 0.731150 18.236675 61.885250 54654.dat
9 0 -0.063107 -0.681958 0.728664 -0.000000 0.730119 0.683320 -0.998007 0.043122 -0.046076 -64.600006 -144.634247 26.909729 1.045675 19.921625 74.642250 54654.dat
9 0 -0.136474 -0.676117 0.724045 -0.093351 0.736408 0.670066 -0.986235 0.023856 -0.163616 -190.897247 -149.380508 9.806189 0.736275 13.089025 43.938751 54654.dat
9 0 -1.000000 0.000000 -0.000000 0.000000 1.000000 0.000000 0.000000 0.000000 -1.000000 -127.937523 -108.003998 62.428959 57.875000 3.750000 27.323750 54654.dat
9 0 -0.107635 0.000000 0.994190 0.000000 1.000000 0.000000 -0.994190 0.000000 -0.107635 -57.781261 -95.792252 41.575233 0.860700 33.109249 67.341499 54654.dat
9 0 -1.000000 0.000000 -0.000000 0.000000 1.000000 0.000000 0.000000 0.000000 -1.000000 1.088782 -157.979996 -20.035400 8.661224 7.524000 1.963300 54654.dat
9 0 -0.000000 0.000000 1.000000 0.000000 1.000000 0.000000 -1.000000 0.000000 -0.000000 -32.446255 -88.857498 22.228689 5.115875 64.742249 4.339500 54654.dat
9 0 -1.000000 0.000000 -0.000000 -0.000000 0.477804 0.878466 0.000000 0.878466 -0.477804 1.088793 -150.847992 -53.972500 8.661224 1.188600 0.148800 54654.dat
9 0 -1.000000 0.000000 -0.000000 -0.000000 0.996895 0.078741 0.000000 0.078741 -0.996895 1.088794 -158.467239 -58.285248 8.661224 4.451575 0.148775 54654.dat
9 0 -1.000000 0.000000 -0.000000 0.000000 0.477804 -0.878466 0.000000 -0.878466 -0.477804 1.088777 -150.854248 -6.031000 8.661224 1.188600 0.141625 54654.dat
9 0 -1.000000 0.000000 -0.000000 0.000000 0.996895 -0.078741 0.000000 -0.078741 -0.996895 1.088776 -158.467743 -1.720275 8.661224 4.451575 0.143200 54654.dat
9 0 -0.877161 -0.408620 0.252226 -0.178634 0.765227 0.618480 -0.445734 0.497451 -0.744221 -260.333740 -117.216751 -53.294582 53.395496 19.320475 1.329025 54654.dat
9 0 -0.950282 -0.278633 0.139024 -0.097310 0.689826 0.717406 -0.295796 0.668210 -0.682643 -129.807465 -60.580246 -78.741791 93.682251 20.842024 1.152275 54654.dat
9 0 -0.877161 -0.408620 -0.252227 -0.178633 0.765227 -0.618480 0.445734 -0.497451 -0.744220 -260.333740 -117.216751 -6.770485 53.395496 19.320475 1.329025 54654.dat
9 0 -0.950282 -0.278633 -0.139025 -0.097309 0.689826 -0.717406 0.295796 -0.668210 -0.682642 -129.807510 -60.580246 18.676857 93.682251 20.842024 1.152275 54654.dat
9 0 -1.000000 0.000000 -0.000000 0.000000 1.000000 0.000000 0.000000 0.000000 -1.000000 1.000006 -12.000000 -19.999975 8.750000 11.750000 1.750000 54654.dat
9 0 -1.000000 0.000000 -0.000000 0.000000 1.000000 0.000000 0.000000 0.000000 -1.000000 1.000013 -12.000000 -40.000000 8.750000 11.750000 1.750000 54654.dat
9 0 -1.000000 0.000000 -0.000000 0.000000 1.000000 0.000000 0.000000 0.000000 -1.000000 1.000021 -12.000000 -64.000000 8.750000 11.750000 5.750025 54654.dat
9 0 -1.000000 0.000000 -0.000000 0.000000 1.000000 0.000000 0.000000 0.000000 -1.000000 0.999999 -12.000000 4.000000 8.750000 11.750000 5.750000 54654.dat
9 0 -0.026178 -0.937034 0.348257 -0.003067 0.348450 0.937322 -0.999653 0.023469 -0.011996 -65.150246 -160.728760 4.037254 0.812525 11.985024 74.465004 54654.dat
9 0 -0.026177 -0.937034 -0.348257 -0.003067 0.348450 -0.937322 0.999653 -0.023469 -0.011995 -65.536224 -160.858749 -64.084526 0.767600 11.971601 74.083000 54654.dat
9 0 -0.996491 -0.066594 -0.050712 0.000000 0.605842 -0.795585 0.083705 -0.792793 -0.603716 -16.066408 -17.889475 23.123493 25.841501 16.707949 1.252275 54654.dat
9 0 -0.994736 -0.026500 -0.098987 0.013990 0.921821 -0.387364 0.101513 -0.386710 -0.916597 -16.290165 -37.666248 40.627243 25.841501 9.993276 1.252275 54654.dat
9 0 -0.997357 -0.021572 -0.069383 -0.020715 0.999700 -0.013052 0.069644 -0.011580 -0.997505 -16.532690 -53.990501 46.419247 25.841501 9.993276 1.252275 54654.dat
9 0 -0.951254 -0.293649 -0.094269 -0.033651 0.402662 -0.914730 0.306568 -0.866968 -0.392915 -87.181000 -25.918251 5.642722 39.554752 7.010300 1.252275 54654.dat
9 0 -0.996491 -0.066594 0.050711 -0.000000 0.605842 0.795585 -0.083704 0.792793 -0.603716 -16.066374 -17.889475 -83.123505 25.841501 16.707949 1.252275 54654.dat
9 0 -0.994736 -0.026500 0.098986 0.013989 0.921821 0.387364 -0.101513 0.386710 -0.916597 -16.290117 -37.666248 -100.627258 25.841501 9.993276 1.252275 54654.dat
9 0 -0.997357 -0.021572 0.069383 -0.020715 0.999700 0.013052 -0.069643 0.011580 -0.997505 -16.532640 -53.990501 -106.419250 25.841501 9.993276 1.252275 54654.dat
9 0 -0.951254 -0.293649 0.094268 -0.033652 0.402662 0.914730 -0.306568 0.866968 -0.392915 -87.180977 -25.918251 -65.642776 39.554752 7.010300 1.252275 54654.dat
10 0 -10.187550 0.000000 -150.002502 327.886017 172.453995 90.002502 54654.dat
3 23 -1.000000 0.000000 -0.000000 0.000000 1.000000 0.000000 0.000000 0.000000 -1.000000 10.000030 -24.000000 -89.999992 12 2 29:0:1,23:4:1,29:0:1,23:4:1,1:4:0,23:4:1,18:2:1,23:4:1,29:0:1,23:4:1,1:4:0,23:4:1,18:2:1,23:4:1,29:0:1,23:4:1,1:4:0,23:4:1,18:2:1,23:4:1,29:0:1,23:4:1,1:4:0,23:4:1,18:2:1,23:4:1,29:0:1,23:4:1,1:4:0,23:4:1,18:2:1,23:4:1,29:0:1,23:4:1,1:4:0,23:4:1,29:0:1,23:4:1,29:0:1, 54654.dat
2 22 -1.000000 0.000000 -0.000000 0.000000 1.000000 0.000000 0.000000 0.000000 -1.000000 10.000023 0.000000 -69.999992 8 4 22:1:1,22:2:1,22:2:1,22:2:1,22:1:1,22:2:1,15:4:1,23:4:1,15:4:2,22:2:1,22:2:1,23:4:1,7:4:2,23:4:1,22:2:1,22:2:1,15:4:1,23:4:1,15:4:1,22:2:1,22:2:1,23:4:1,7:4:2,23:4:1,22:2:1,22:2:1,15:4:1,23:4:1,15:4:1,22:2:1,22:2:1,23:4:1,7:4:2,23:4:1,22:2:1,22:2:1,15:4:1,23:4:1,15:4:2,22:2:1,22:1:1,22:2:1,22:2:1,22:2:1,22:1:1, 54654.dat
3 23 -1.000000 0.000000 -0.000000 0.000000 1.000000 0.000000 0.000000 0.000000 -1.000000 -29.812485 -160.003998 -50.002510 4 24 29:0:1,23:4:1,29:0:1,23:4:1,29:0:1,23:4:1,29:0:1,23:4:1,29:0:1,23:4:1,29:0:1,23:4:1,29:0:1,23:4:1,29:0:1,23:4:1,29:0:1,23:4:1,29:0:1,23:4:1,29:0:1,23:4:1,29:0:1,23:4:1,29:0:1,23:4:1,0:4:1,23:4:1,0:4:1,23:4:1,0:4:1,23:4:1,0:4:1,23:4:1,0:4:1,23:4:1,0:4:1,23:4:1,0:4:1,23:4:1,0:4:1,23:4:1,0:4:1,23:4:1,0:4:1,23:4:1,0:4:1,23:4:1,0:4:1,23:4:1,29:0:1,23:4:1,18:4:1,23:4:1,18:4:1,23:4:1,18:4:1,23:4:1,18:4:1,23:4:1,18:4:1,23:4:1,18:4:1,23:4:1,18:4:1,23:4:1,18:4:1,23:4:1,18:4:1,23:4:1,18:4:1,23:4:1,18:4:1,23:4:1,29:0:1,23:4:1,0:4:1,23:4:1,0:4:1,23:4:1,0:4:1,23:4:1,0:4:1,23:4:1,0:4:1,23:4:1,0:4:1,23:4:1,0:4:1,23:4:1,0:4:1,23:4:1,0:4:1,23:4:1,0:4:1,23:4:1,0:4:1,23:4:1,0:4:1,23:4:1,29:0:1,23:4:1,29:0:1,23:4:1,29:0:1,23:4:1,29:0:1,23:4:1,29:0:1,23:4:1,29:0:1,23:4:1,29:0:1,23:4:1,29:0:1,23:4:1,29:0:1,23:4:1,29:0:1,23:4:1,29:0:1,23:4:1,29:0:1,23:4:1,29:0:1, 54654.dat
3 23 -1.000000 0.000000 -0.000000 0.000000 1.000000 0.000000 0.000000 0.000000 -1.000000 10.187567 -168.002747 -50.002491 4 4 29:0:1,23:4:1,29:0:1,23:4:1,29:0:1,23:4:1,0:4:1,23:4:1,0:4:0,23:4:1,29:0:1,23:4:1,18:4:1,23:4:1,18:2:1,23:4:1,0:4:1,23:4:1,0:4:0,23:4:1,29:0:1,23:4:1,29:0:1,23:4:1,29:0:1, 54654.dat
3 23 -1.000000 0.000000 -0.000000 0.000000 1.000000 0.000000 0.000000 0.000000 -1.000000 -69.812454 -112.004005 -150.002533 4 12 18:1:1,23:4:1,18:2:1,23:4:1,18:2:1,23:4:1,18:2:1,23:4:1,18:2:1,23:4:1,18:2:1,23:4:1,18:1:1,23:4:1,0:4:1,23:4:1,0:4:1,23:4:1,0:4:1,23:4:1,0:4:1,23:4:1,0:4:1,23:4:1,0:4:1,23:4:1,18:2:1,23:4:1,18:4:1,23:4:1,18:4:1,23:4:1,18:4:1,23:4:1,18:4:1,23:4:1,18:4:1,23:4:1,18:2:1,23:4:1,0:4:1,23:4:1,0:4:1,23:4:1,0:4:1,23:4:1,0:4:1,23:4:1,0:4:1,23:4:1,0:4:1,23:4:1,29:0:1,23:4:1,29:0:1,23:4:1,29:0:1,23:4:1,29:0:1,23:4:1,29:0:1,23:4:1,29:0:1,23:4:1,29:0:1, 54654.dat
3 23 -1.000000 0.000000 -0.000000 0.000000 1.000000 0.000000 0.000000 0.000000 -1.000000 -69.812515 -112.004005 49.997475 4 12 29:0:1,23:4:1,29:0:1,23:4:1,29:0:1,23:4:1,29:0:1,23:4:1,29:0:1,23:4:1,29:0:1,23:4:1,29:0:1,23:4:1,0:4:1,23:4:1,0:4:1,23:4:1,0:4:1,23:4:1,0:4:1,23:4:1,0:4:1,23:4:1,0:4:1,23:4:1,18:2:1,23:4:1,18:4:1,23:4:1,18:4:1,23:4:1,18:4:1,23:4:1,18:4:1,23:4:1,18:4:1,23:4:1,18:2:1,23:4:1,0:4:1,23:4:1,0:4:1,23:4:1,0:4:1,23:4:1,0:4:1,23:4:1,0:4:1,23:4:1,0:4:1,23:4:1,18:1:1,23:4:1,18:2:1,23:4:1,18:2:1,23:4:1,18:2:1,23:4:1,18:2:1,23:4:1,18:2:1,23:4:1,18:1:1, 54654.dat
2 22 -1.000000 0.000000 -0.000000 0.000000 1.000000 0.000000 0.000000 0.000000 -1.000000 -69.812515 -104.003998 49.997475 4 12 22:1:1,22:2:1,22:2:1,22:2:1,22:2:1,22:2:1,22:2:1,22:2:1,22:2:1,22:2:1,22:2:1,22:2:1,22:1:1,22:2:1,15:4:0,23:4:1,15:4:0,23:4:1,15:4:0,23:4:1,15:4:0,23:4:1,15:4:0,23:4:1,15:4:0,22:2:1,22:2:1,23:4:1,7:4:2,23:4:1,7:4:2,23:4:1,7:4:2,23:4:1,7:4:2,23:4:1,7:4:2,23:4:1,22:2:1,22:2:1,15:4:1,23:4:1,15:4:1,23:4:1,15:4:1,23:4:1,15:4:1,23:4:1,15:4:1,23:4:1,15:4:1,22:2:1,22:1:1,22:2:1,22:2:1,22:2:1,22:2:1,22:2:1,22:2:1,22:2:1,22:2:1,22:2:1,22:2:1,22:2:1,22:1:1, 54654.dat
2 22 -1.000000 0.000000 -0.000000 0.000000 1.000000 0.000000 0.000000 0.000000 -1.000000 -69.812454 -104.003998 -150.002533 4 12 22:1:1,22:2:1,22:2:1,22:2:1,22:2:1,22:2:1,22:2:1,22:2:1,22:2:1,22:2:1,22:2:1,22:2:1,22:1:1,22:2:1,15:4:1,23:4:1,15:4:1,23:4:1,15:4:1,23:4:1,15:4:1,23:4:1,15:4:1,23:4:1,15:4:1,22:2:1,22:2:1,23:4:1,7:4:2,23:4:1,7:4:2,23:4:1,7:4:2,23:4:1,7:4:2,23:4:1,7:4:2,23:4:1,22:2:1,22:2:1,15:4:0,23:4:1,15:4:0,23:4:1,15:4:0,23:4:1,15:4:0,23:4:1,15:4:0,23:4:1,15:4:0,22:2:1,22:1:1,22:2:1,22:2:1,22:2:1,22:2:1,22:2:1,22:2:1,22:2:1,22:2:1,22:2:1,22:2:1,22:2:1,22:1:1, 54654.dat
0 2 -0.000000 -0.000000 1.000000 1.000000 -0.000000 0.000000 0.000000 1.000000 0.000000 10.000041 -14.000000 -49.999996 0 0 0.800000 0 0 54654.dat
0 2 -0.000000 -0.000000 1.000000 1.000000 -0.000000 0.000000 0.000000 1.000000 0.000000 10.000034 -14.000000 -29.999998 0 0 0.800000 0 0 54654.dat
0 2 -0.000000 -0.000000 1.000000 1.000000 -0.000000 0.000000 0.000000 1.000000 0.000000 10.000028 -14.000000 -9.999997 0 0 0.800000 0 0 54654.dat
2 22 -0.000000 -0.000000 1.000000 1.000000 -0.000000 0.000000 0.000000 1.000000 0.000000 10.000019 -4.000000 -59.999996 2 6 22:1:1,22:2:1,22:2:1,22:2:1,22:2:1,22:2:1,22:1:1,22:2:1,16:4:64,22:2:1,16:4:64,22:2:1,16:4:64,22:2:1,22:1:1,22:2:1,22:2:1,22:2:1,22:2:1,22:2:1,22:1:1, 54654.dat
2 22 -0.000000 -0.000000 1.000000 1.000000 -0.000000 0.000000 0.000000 1.000000 0.000000 10.000019 -148.000000 -59.999996 2 6 22:1:1,22:2:1,22:2:1,22:2:1,22:2:1,22:2:1,22:1:1,22:2:1,16:4:64,22:2:1,16:4:64,22:2:1,16:4:64,22:2:1,22:1:1,22:2:1,22:2:1,22:2:1,22:2:1,22:2:1,22:1:1, 54654.dat
0 2 -0.000000 -0.000000 1.000000 1.000000 -0.000000 0.000000 0.000000 1.000000 0.000000 10.000041 -158.000000 -49.999996 0 0 0.800000 0 0 54654.dat
0 2 -0.000000 -0.000000 1.000000 1.000000 -0.000000 0.000000 0.000000 1.000000 0.000000 10.000034 -158.000000 -29.999998 0 0 0.800000 0 0 54654.dat
0 2 -0.000000 -0.000000 1.000000 1.000000 -0.000000 0.000000 0.000000 1.000000 0.000000 10.000028 -158.000000 -9.999997 0 0 0.800000 0 0 54654.dat
