9 0 0.000000 0.707106 0.707108 0.000000 -0.707108 0.707106 1.000000 0.000000 -0.000000 22.475481 -12.802824 12.791479 6.053000 9.937050 7.283175 54725c01.dat
9 0 0.000000 -0.707106 0.707108 -0.000000 -0.707108 -0.707106 1.000000 0.000000 -0.000000 22.475471 -12.856375 -12.822297 6.053000 9.937050 7.283175 54725c01.dat
9 0 -0.000000 -0.707106 -0.707108 -0.000000 0.707108 -0.707106 1.000000 0.000000 -0.000000 22.475471 12.949350 -12.960698 6.053000 9.937050 7.283175 54725c01.dat
9 0 -0.000000 0.707106 -0.707108 0.000000 0.707108 0.707106 1.000000 -0.000000 -0.000000 22.475481 12.891150 12.934553 6.043550 9.937050 7.283175 54725c01.dat
9 0 0.000000 0.000000 1.000000 0.000000 -1.000000 -0.000000 1.000000 0.000000 -0.000000 22.475477 -7.313125 7.329752 4.928600 4.823650 7.283175 54725c01.dat
9 0 0.000000 -1.000000 -0.000000 -0.000000 0.000000 -1.000000 1.000000 0.000000 -0.000000 22.475475 -7.495800 -7.512098 4.850925 4.867250 7.283175 54725c01.dat
9 0 -0.000000 0.000000 -1.000000 0.000000 1.000000 0.000000 1.000000 0.000000 -0.000000 22.475475 7.512100 -7.512098 4.867225 4.867250 7.283175 54725c01.dat
9 0 0.000000 1.000000 -0.000000 0.000000 0.000000 1.000000 1.000000 -0.000000 -0.000000 22.475477 7.438400 7.358252 4.822475 4.900150 7.283175 54725c01.dat
9 0 0.000000 0.255425 0.966829 0.000000 -0.966829 0.255425 1.000000 0.000000 -0.000000 22.496149 26.851002 -7.182898 7.214550 0.436750 7.262500 54725c01.dat
9 0 0.000000 -0.258819 0.965926 0.000000 -0.965926 -0.258819 1.000000 0.000000 -0.000000 22.496153 26.878750 7.051377 7.214550 0.422075 7.262500 54725c01.dat
9 0 0.000000 0.965926 0.258819 0.000000 -0.258819 0.965926 1.000000 0.000000 -0.000000 22.496143 7.214925 -26.826498 7.214550 0.400150 7.262500 54725c01.dat
9 0 -0.000000 0.965926 -0.258819 0.000000 0.258819 0.965926 1.000000 -0.000000 -0.000000 22.496143 -7.134575 -26.810997 7.214550 0.376150 7.262500 54725c01.dat
9 0 -0.000000 0.258819 -0.965926 0.000000 0.965926 0.258819 1.000000 -0.000000 -0.000000 22.496149 -26.759249 -7.165673 7.214550 0.306375 7.262500 54725c01.dat
9 0 -0.000000 -0.258819 -0.965926 -0.000000 0.965926 -0.258819 1.000000 0.000000 -0.000000 22.496153 -26.721001 7.226327 7.214550 0.305700 7.262500 54725c01.dat
9 0 -0.000000 -0.965926 -0.258819 -0.000000 0.258819 -0.965926 1.000000 0.000000 -0.000000 22.496159 -7.001025 26.807503 7.214550 0.332475 7.262500 54725c01.dat
9 0 0.000000 -0.965926 0.258819 -0.000000 -0.258819 -0.965926 1.000000 0.000000 -0.000000 22.496159 7.370300 26.742754 7.214550 0.359475 7.262500 54725c01.dat
9 0 0.000000 -0.707107 0.707107 0.000000 0.707107 0.707107 -1.000000 0.000000 0.000000 -22.416740 12.891175 12.934567 6.043550 9.937050 7.283175 54725c01.dat
9 0 0.000000 0.707107 0.707107 -0.000000 0.707107 -0.707107 -1.000000 0.000000 0.000000 -22.416752 12.939949 -12.970133 6.073875 9.937050 7.283175 54725c01.dat
9 0 -0.000000 0.707107 -0.707107 -0.000000 -0.707107 -0.707107 -1.000000 0.000000 0.000000 -22.416752 -12.856349 -12.822284 6.053000 9.937050 7.283175 54725c01.dat
9 0 -0.000000 -0.707107 -0.707107 0.000000 -0.707107 0.707107 -1.000000 0.000000 0.000000 -22.416740 -12.802824 12.791492 6.053000 9.937050 7.283175 54725c01.dat
9 0 0.000000 0.000000 1.000000 0.000000 1.000000 0.000000 -1.000000 0.000000 0.000000 -22.416746 7.478900 7.451616 4.806725 4.900450 7.283175 54725c01.dat
9 0 -0.000000 1.000000 -0.000000 -0.000000 -0.000000 -1.000000 -1.000000 0.000000 0.000000 -22.416746 7.512100 -7.512058 4.867200 4.867250 7.283175 54725c01.dat
9 0 -0.000000 0.000000 -1.000000 -0.000000 -1.000000 -0.000000 -1.000000 0.000000 0.000000 -22.416746 -7.495775 -7.512058 4.867225 4.850950 7.283175 54725c01.dat
9 0 -0.000000 -1.000000 -0.000000 0.000000 -0.000000 1.000000 -1.000000 0.000000 0.000000 -22.416746 -7.434400 7.451642 4.944900 4.806775 7.283175 54725c01.dat
9 0 0.000000 -0.255425 0.966829 0.000000 0.966829 0.255425 -1.000000 0.000000 0.000000 -22.437500 -26.754002 -7.218333 7.214550 0.297950 7.262500 54725c01.dat
9 0 0.000000 0.258819 0.965926 -0.000000 0.965926 -0.258819 -1.000000 0.000000 0.000000 -22.437500 -26.759750 7.081491 7.214550 0.305700 7.262500 54725c01.dat
9 0 0.000000 -0.965926 0.258819 0.000000 0.258819 0.965926 -1.000000 0.000000 0.000000 -22.437508 -6.989725 -26.849731 7.214550 0.376150 7.262500 54725c01.dat
9 0 -0.000000 -0.965926 -0.258819 0.000000 -0.258819 0.965926 -1.000000 0.000000 0.000000 -22.437508 7.359775 -26.787731 7.214550 0.400150 7.262500 54725c01.dat
9 0 -0.000000 -0.258819 -0.965926 0.000000 -0.965926 0.258819 -1.000000 0.000000 0.000000 -22.437500 26.864750 -7.131909 7.214550 0.436750 7.262500 54725c01.dat
9 0 -0.000000 0.258819 -0.965926 -0.000000 -0.965926 -0.258819 -1.000000 0.000000 0.000000 -22.437500 26.840002 7.196216 7.214550 0.422075 7.262500 54725c01.dat
9 0 -0.000000 0.965926 -0.258819 -0.000000 -0.258819 -0.965926 -1.000000 0.000000 0.000000 -22.437494 7.225450 26.781517 7.214550 0.359475 7.262500 54725c01.dat
9 0 0.000000 0.965926 0.258819 -0.000000 0.258819 -0.965926 -1.000000 0.000000 0.000000 -22.437494 -7.145875 26.768768 7.214550 0.332475 7.262500 54725c01.dat
10 0 -30.000002 -30.000002 -60.000004 30.000002 30.000002 0.000000 54725c01.dat
0 2 0.000000 0.000000 1.000000 1.000000 -0.000000 -0.000000 0.000000 1.000000 -0.000000 29.999996 0.000000 -20.000000 0 0 0.800000 0 0 54725c01.dat
0 2 0.000000 0.000000 1.000000 1.000000 -0.000000 -0.000000 0.000000 1.000000 -0.000000 30.000008 0.000000 20.000000 0 0 0.800000 0 0 54725c01.dat
0 2 0.000000 0.000000 1.000000 1.000000 -0.000000 -0.000000 0.000000 1.000000 -0.000000 30.000002 -20.000000 0.000000 0 0 0.800000 0 0 54725c01.dat
0 2 0.000000 0.000000 1.000000 1.000000 -0.000000 -0.000000 0.000000 1.000000 -0.000000 30.000002 20.000000 0.000000 0 0 0.800000 0 0 54725c01.dat
0 2 -0.000000 -0.000000 -1.000000 -1.000000 0.000000 0.000000 -0.000000 1.000000 -0.000000 -30.000008 0.000000 -19.999981 0 0 0.800000 0 0 54725c01.dat
0 2 -0.000000 -0.000000 -1.000000 -1.000000 0.000000 0.000000 -0.000000 1.000000 -0.000000 -29.999996 0.000000 20.000019 0 0 0.800000 0 0 54725c01.dat
0 2 -0.000000 -0.000000 -1.000000 -1.000000 0.000000 0.000000 -0.000000 1.000000 -0.000000 -30.000002 -20.000000 0.000019 0 0 0.800000 0 0 54725c01.dat
0 2 -0.000000 -0.000000 -1.000000 -1.000000 0.000000 0.000000 -0.000000 1.000000 -0.000000 -30.000002 20.000000 0.000019 0 0 0.800000 0 0 54725c01.dat
0 4 -0.000000 1.000000 -0.000000 -1.000000 -0.000000 0.000000 0.000000 0.000000 1.000000 -30.000002 0.000000 0.000019 0 0 0.800000 0 0 54725c01.dat
6 53 0.000000 1.000000 -0.000000 1.000000 -0.000000 -0.000000 -0.000000 0.000000 -1.000000 0.000000 0.000000 0.000009 0.000000 0.000000 0.000000 0.000000 0 54725c01.dat
0 4 0.000000 1.000000 -0.000000 1.000000 -0.000000 -0.000000 -0.000000 0.000000 -1.000000 30.000002 0.000000 0.000000 0 0 0.800000 0 0 54725c01.dat
2 22 0.000000 0.000000 1.000000 1.000000 -0.000000 -0.000000 0.000000 1.000000 -0.000000 29.999992 30.000002 -30.000002 6 6 29:0:1,29:0:1,29:0:1,22:2:1,29:0:1,29:0:1,29:0:1,29:0:1,29:0:1,22:2:1,16:4:64,22:2:1,29:0:1,29:0:1,29:0:1,22:2:1,22:2:1,22:2:1,22:2:1,22:2:1,29:0:1,22:2:1,16:4:64,22:2:1,22:2:1,22:2:1,16:4:64,22:2:1,29:0:1,22:2:1,22:2:1,22:2:1,22:2:1,22:2:1,29:0:1,29:0:1,29:0:1,22:2:1,16:4:64,22:2:1,29:0:1,29:0:1,29:0:1,29:0:1,29:0:1,22:2:1,29:0:1,29:0:1,29:0:1, 54725c01.dat
2 22 -0.000000 0.000000 -1.000000 -1.000000 0.000000 0.000000 0.000000 1.000000 0.000000 -29.999989 30.000002 30.000019 6 6 29:0:1,29:0:1,29:0:1,22:2:1,29:0:1,29:0:1,29:0:1,29:0:1,29:0:1,22:2:1,16:4:64,22:2:1,29:0:1,29:0:1,29:0:1,22:2:1,22:2:1,22:2:1,22:2:1,22:2:1,29:0:1,22:2:1,16:4:64,22:2:1,22:2:1,22:2:1,16:4:64,22:2:1,29:0:1,22:2:1,22:2:1,22:2:1,22:2:1,22:2:1,29:0:1,29:0:1,29:0:1,22:2:1,16:4:64,22:2:1,29:0:1,29:0:1,29:0:1,29:0:1,29:0:1,22:2:1,29:0:1,29:0:1,29:0:1, 54725c01.dat
