9 0 -0.000001 -1.000000 0.000000 1.000000 -0.000001 0.000000 0.000000 0.000000 1.000000 0.565166 -14.147150 0.000000 3.897150 5.184825 2.151025 55236.dat
9 0 -0.604227 -0.796812 0.000000 0.796812 -0.604227 0.000000 0.000000 0.000000 1.000000 8.769011 -22.077881 0.000000 4.179675 6.817625 1.956375 55236.dat
9 0 0.145937 -0.989294 0.000000 0.989294 0.145937 0.000000 0.000000 0.000000 1.000000 21.727709 -24.749388 0.075225 3.211300 6.817625 2.151025 55236.dat
9 0 0.305198 -0.952289 0.000000 0.952289 0.305198 0.000000 0.000000 0.000000 1.000000 35.429485 -20.787998 -0.008950 2.863325 5.302275 1.757625 55236.dat
9 0 0.305198 -0.952289 0.000000 0.952289 0.305198 0.000000 0.000000 0.000000 1.000000 48.364487 -16.572756 0.034775 2.797000 5.302275 1.659350 55236.dat
9 0 0.027404 -0.999624 0.000000 0.999624 0.027404 0.000000 0.000000 0.000000 1.000000 60.248737 -14.592163 -0.028675 2.373025 4.335550 1.600700 55236.dat
9 0 -0.356541 -0.934280 0.000000 0.934280 -0.356541 0.000000 0.000000 0.000000 1.000000 71.180489 -16.050220 0.000775 2.104525 4.335550 1.500675 55236.dat
9 0 -0.638056 -0.769990 0.000000 0.769990 -0.638056 0.000000 0.000000 0.000000 1.000000 80.512741 -21.658854 0.000000 1.986200 3.681100 1.355975 55236.dat
9 0 -0.827093 -0.562065 0.000000 0.562065 -0.827093 0.000000 0.000000 0.000000 1.000000 85.993233 -27.453304 0.000000 1.410425 4.284675 1.355975 55236.dat
9 0 -0.000001 -1.000000 0.000000 1.000000 -0.000001 0.000000 0.000000 0.000000 1.000000 -0.000003 -5.000000 0.000000 4.750000 2.468750 2.468750 55236.dat
9 0 -0.503609 -0.863932 0.000000 0.863932 -0.503609 0.000000 0.000000 0.000000 1.000000 75.747742 -19.635273 0.000000 5.140775 1.196850 4.650000 55236.dat
9 0 -0.774046 -0.633129 0.000000 0.633129 -0.774046 0.000000 0.000000 0.000000 1.000000 4.734490 -15.648653 0.000000 4.945675 1.196850 4.650000 55236.dat
9 0 -0.165048 -0.986286 0.000000 0.986286 -0.165048 0.000000 0.000000 0.000000 1.000000 12.902230 -30.353260 0.000000 11.936800 1.196850 1.900000 55236.dat
9 0 -0.145361 -0.989379 0.000000 0.989379 -0.145361 0.000000 0.000000 0.000000 1.000000 65.690735 -17.689766 0.000000 6.932275 1.196850 1.900000 55236.dat
9 0 0.325063 -0.945692 0.000000 0.945692 0.325063 0.000000 0.000000 0.000000 1.000000 28.359735 -22.615868 -0.054650 5.385125 1.196850 4.579650 55236.dat
9 0 0.333806 -0.942642 0.000000 0.942642 0.333806 0.000000 0.000000 0.000000 1.000000 41.821991 -18.170227 -0.070950 4.402225 1.196850 4.579050 55236.dat
9 0 0.199372 -0.979924 0.000000 0.979924 0.199372 0.000000 0.000000 0.000000 1.000000 54.376740 -14.462559 0.000000 3.885800 1.196850 4.650000 55236.dat
9 0 -0.774046 -0.633129 0.000000 0.633129 -0.774046 0.000000 0.000000 0.000000 1.000000 0.188938 -19.366676 0.000000 10.818126 1.196850 1.775000 55236.dat
9 0 -0.165048 -0.986286 0.000000 0.986286 -0.165048 0.000000 0.000000 0.000000 1.000000 14.004286 -23.767735 -0.062500 5.259625 1.196850 4.587500 55236.dat
9 0 0.325063 -0.945692 0.000000 0.945692 0.325063 0.000000 0.000000 0.000000 1.000000 30.071983 -27.596518 0.000000 10.651850 1.196850 1.900000 55236.dat
9 0 0.333806 -0.942642 0.000000 0.942642 0.333806 0.000000 0.000000 0.000000 1.000000 43.326984 -22.419928 0.000000 8.910524 1.196850 1.900000 55236.dat
9 0 0.199372 -0.979924 0.000000 0.979924 0.199372 0.000000 0.000000 0.000000 1.000000 55.138988 -18.209536 0.000000 7.709550 1.196850 1.900000 55236.dat
9 0 -0.145361 -0.989379 0.000000 0.989379 -0.145361 0.000000 0.000000 0.000000 1.000000 66.102737 -14.885066 0.000000 4.097450 1.196850 4.650000 55236.dat
10 0 0.000000 -89.568253 -5.303950 42.657249 9.593400 5.303950 55236.dat
0 7 1.000000 -0.000001 0.000000 0.000001 1.000000 0.000000 0.000000 0.000000 1.000000 0.000000 0.000000 0.000000 0 1 0.400000 0 0 55236.dat
2 22 1.000000 -0.000001 0.000000 0.000001 1.000000 0.000000 0.000000 0.000000 1.000000 -10.000000 0.000006 10.000000 2 2 29:0:0,29:0:0,29:0:0,29:0:0,9:4:32,29:0:0,29:0:0,29:0:0,29:0:0, 55236.dat
