9 0 -0.000000 -0.234284 -0.972168 0.707107 0.687427 -0.165664 0.707107 -0.687427 0.165664 0.000000 -16.755751 -31.218750 3.875000 1.075825 1.075825 55297.dat
9 0 -0.000000 -0.234284 -0.972168 0.707107 0.687427 -0.165664 0.707107 -0.687427 0.165664 0.000000 -14.252001 -20.828575 6.312600 2.578425 2.578425 55297.dat
9 0 0.000000 -0.234283 -0.972168 0.000000 0.972168 -0.234283 1.000000 0.000000 0.000000 -0.038275 -9.442425 -6.751175 10.625000 6.520300 5.181050 55297.dat
9 0 0.707107 -0.004272 -0.707094 0.000000 0.999982 -0.006041 0.707107 0.004271 0.707094 -0.000000 0.419675 0.180225 2.578425 11.167575 2.578425 55297.dat
10 0 -5.105700 -0.937125 -6.125000 35.668251 33.498253 6.125000 55297.dat
0 7 1.000000 0.000000 0.000000 0.000000 1.000000 0.000000 -0.000000 0.000000 1.000000 0.000000 11.812875 0.000000 0 1 0.456747 0 0 55297.dat
0 7 -0.000000 -0.972170 0.234277 0.000000 -0.234277 -0.972170 1.000000 0.000000 0.000000 0.000000 -15.789500 -27.208502 0 1 0.170000 0 0 55297.dat
3 23 0.000000 0.972170 -0.234277 -0.000000 0.234277 0.972170 1.000000 0.000000 0.000000 10.000000 -23.051250 -14.658025 2 2 29:0:0,29:0:0,29:0:0,29:0:0,0:4:34,29:0:0,29:0:0,29:0:0,29:0:0, 55297.dat
2 22 0.000000 0.000000 -1.000000 0.000000 1.000000 0.000000 1.000000 0.000000 0.000000 10.000000 11.812875 10.000000 2 2 29:0:0,29:0:0,29:0:0,29:0:0,9:4:32,29:0:0,29:0:0,29:0:0,29:0:0, 55297.dat
