9 0 0.707107 -0.176627 -0.684692 -0.000000 0.968300 -0.249788 0.707107 0.176627 0.684692 0.000000 10.600425 -20.185774 5.583625 3.351450 5.583625 55296.dat
9 0 0.000000 -0.251157 -0.967946 0.707107 0.684442 -0.177595 0.707107 -0.684441 0.177595 0.000000 -21.874252 -38.498501 0.750000 1.694550 1.694550 55296.dat
9 0 0.382683 -0.232039 -0.894266 0.220816 0.962865 -0.155345 0.897103 -0.138020 0.419710 1.698750 1.841275 -17.193525 2.141700 6.984025 5.583625 55296.dat
9 0 -0.382684 -0.232039 -0.894266 0.220815 0.916921 -0.332411 0.897103 -0.324676 -0.299653 1.698800 1.487824 -18.555750 2.141700 6.984025 5.583625 55296.dat
9 0 -0.923879 -0.096114 -0.370417 0.091465 0.884433 -0.457616 0.371593 -0.456662 -0.808318 0.703725 1.237875 -19.518999 2.141700 6.984025 5.583625 55296.dat
9 0 -0.923879 0.096113 0.370417 -0.091465 0.884434 -0.457615 -0.371592 -0.456661 -0.808319 -0.703600 1.237850 -19.519051 2.141700 6.984025 5.583625 55296.dat
9 0 -0.382683 0.232038 0.894266 -0.220816 0.916921 -0.332410 -0.897103 -0.324676 -0.299653 -1.698750 1.487774 -18.555849 2.141700 6.984025 5.583625 55296.dat
9 0 0.382684 0.232039 0.894266 -0.220816 0.962865 -0.155345 -0.897103 -0.138020 0.419711 -1.698800 1.841249 -17.193649 2.141700 6.984025 5.583625 55296.dat
9 0 0.923880 0.096114 0.370417 -0.091465 0.995352 -0.030142 -0.371592 -0.006033 0.928376 -0.703725 2.091175 -16.230400 2.141700 6.984025 5.583625 55296.dat
9 0 0.923880 -0.096114 -0.370417 0.091465 0.995352 -0.030140 0.371592 -0.006034 0.928376 0.703600 2.091200 -16.230350 2.141700 6.984025 5.583625 55296.dat
9 0 0.707107 -0.177595 -0.684442 -0.000000 0.967946 -0.251157 0.707107 0.177595 0.684441 0.000000 -8.461651 -13.427075 5.449175 2.250050 5.449175 55296.dat
9 0 0.000000 -0.251157 -0.967946 0.000000 0.967946 -0.251157 1.000000 0.000000 0.000000 0.000000 -6.116251 -4.387975 3.634625 2.250050 3.750000 55296.dat
9 0 0.707107 0.000000 -0.707107 0.000000 1.000000 0.000000 0.707107 0.000000 0.707107 0.000000 1.479699 0.000000 2.578400 7.752225 2.578425 55296.dat
9 0 0.000000 0.429405 -0.903112 -0.000000 0.903112 0.429405 1.000000 0.000000 0.000000 0.000000 -13.979176 -10.623125 2.947900 1.249050 2.875000 55296.dat
9 0 0.000000 -0.251157 -0.967946 0.000000 0.967946 -0.251157 1.000000 0.000000 0.000000 0.000000 -13.947052 -3.711600 4.962050 1.250225 2.875000 55296.dat
9 0 -0.026659 0.177718 -0.983720 0.153734 0.973092 0.171632 0.987753 -0.146655 -0.053263 -3.050425 -12.192025 -16.910126 3.631525 0.624450 2.994750 55296.dat
9 0 0.000000 -0.251157 -0.967946 0.707107 0.684442 -0.177595 0.707107 -0.684441 0.177595 -0.034875 -20.937252 -34.824249 2.541975 1.066425 1.062350 55296.dat
9 0 0.026659 0.177718 -0.983720 -0.153734 0.973092 0.171632 0.987753 0.146655 0.053263 3.050425 -12.192025 -16.910126 3.631525 0.624450 2.994750 55296.dat
9 0 0.000000 -0.574439 -0.818547 0.707107 0.578800 -0.406190 0.707107 -0.578800 0.406190 -0.034875 -16.191500 -26.563999 7.273950 1.066425 1.062350 55296.dat
10 0 -4.000000 -6.082475 -10.013900 40.157249 35.287251 10.013900 55296.dat
0 7 1.000000 0.000000 0.000000 0.000000 1.000000 0.000000 -0.000000 0.000000 1.000000 0.000000 9.481925 0.000000 0 1 0.475078 0 0 55296.dat
2 22 0.000000 -0.249789 -0.968300 0.000000 0.968300 -0.249789 1.000000 0.000000 0.000000 20.000000 19.080349 -1.731375 4 4 29:0:0,29:0:0,29:0:0,29:0:0,29:0:0,29:0:0,15:4:0,29:0:1,15:4:0,29:0:0,29:0:0,29:0:1,29:0:1,29:0:1,29:0:0,29:0:0,15:4:0,29:0:1,15:4:0,29:0:0,29:0:0,29:0:0,29:0:0,29:0:0,29:0:0, 55296.dat
2 22 0.000000 0.000000 -1.000000 0.000000 1.000000 0.000000 1.000000 0.000000 0.000000 10.000000 9.481925 10.000000 2 2 29:0:0,29:0:0,29:0:0,29:0:0,9:4:32,29:0:0,29:0:0,29:0:0,29:0:0, 55296.dat
