9 0 -0.707107 0.000000 -0.707107 0.000000 1.000000 0.000000 0.707107 0.000000 -0.707107 0.000000 0.799049 0.000000 2.578425 10.950950 2.578425 55300.dat
9 0 -0.707107 0.000000 -0.707107 0.000000 1.000000 0.000000 0.707107 0.000000 -0.707107 0.000000 -14.853999 0.000000 1.517775 4.202200 1.517775 55300.dat
9 0 -0.866647 -0.498922 -0.000000 -0.498922 0.866647 -0.000000 0.000000 0.000000 -1.000000 -3.518875 -20.416498 -0.000001 3.352925 0.548075 3.750000 55300.dat
9 0 -1.000000 0.000000 -0.000000 0.000000 1.000000 0.000000 0.000000 0.000000 -1.000000 -7.223825 -26.523251 -0.000002 0.735850 3.358450 3.750000 55300.dat
9 0 -0.500000 -0.866025 -0.000000 -0.866025 0.500000 -0.000000 0.000000 0.000000 -1.000000 -3.605875 -32.789497 -0.000001 0.735850 3.358450 3.750000 55300.dat
9 0 0.866647 -0.498922 0.000000 0.498922 0.866647 0.000000 -0.000000 0.000000 1.000000 3.542975 -20.416498 0.000001 3.352925 0.548075 3.750000 55300.dat
9 0 1.000000 0.000000 0.000000 0.000000 1.000000 0.000000 -0.000000 0.000000 1.000000 7.247900 -26.523251 0.000002 0.735850 3.358450 3.750000 55300.dat
9 0 0.500001 -0.866025 0.000000 0.866025 0.500001 0.000000 -0.000000 0.000000 1.000000 3.629975 -32.789497 0.000001 0.735850 3.358450 3.750000 55300.dat
10 0 -8.888825 0.000000 -4.000000 8.864725 47.473999 4.000000 55300.dat
0 7 0.000000 0.000000 -1.000000 0.000000 1.000000 0.000000 1.000000 0.000000 0.000000 0.000000 12.000000 0.000000 0 1 0.896077 0 0 55300.dat
2 22 -1.000000 0.000000 -0.000000 0.000000 1.000000 0.000000 0.000000 0.000000 -1.000000 10.000003 12.000000 -9.999997 2 2 29:0:0,29:0:0,29:0:0,29:0:0,9:4:32,29:0:0,29:0:0,29:0:0,29:0:0, 55300.dat
2 22 -1.000000 0.000000 -0.000000 0.000000 -0.000000 -1.000000 -0.000000 -1.000000 0.000000 10.000002 -36.500000 -3.999997 2 2 29:0:0,29:0:0,29:0:0,29:0:0,15:4:96,29:0:0,29:0:0,29:0:0,29:0:0, 55300.dat
2 22 -1.000000 0.000000 -0.000000 -0.000000 -0.000000 1.000000 -0.000000 1.000000 0.000000 9.999999 -16.500000 4.000003 2 2 29:0:0,29:0:0,29:0:0,29:0:0,15:4:96,29:0:0,29:0:0,29:0:0,29:0:0, 55300.dat
