9 0 -1.000000 -0.000000 -0.000000 0.000000 0.000000 -1.000000 0.000000 -1.000000 0.000000 -29.646757 -0.000007 -2.936253 18.671825 26.813751 1.250000 55706.dat
9 0 -0.869952 -0.000000 0.493137 -0.493137 -0.000000 -0.869952 0.000000 -1.000000 0.000000 -57.126015 -0.000013 49.932747 29.992250 15.145350 1.250000 55706.dat
9 0 -1.000000 -0.000000 -0.000000 0.000000 0.000000 -1.000000 0.000000 -1.000000 0.000000 -62.371017 -0.000014 58.920498 25.247499 11.000800 1.250000 55706.dat
9 0 -1.000000 -0.000000 -0.000000 0.000000 0.000000 -1.000000 0.000000 -1.000000 0.000000 -87.565025 -0.000020 76.679733 27.841000 11.999875 1.250000 55706.dat
9 0 -0.749936 -0.000000 0.661510 -0.661510 -0.000000 -0.749936 0.000000 -1.000000 0.000000 -104.849030 -0.000024 96.368988 10.366776 11.880600 1.250000 55706.dat
9 0 -0.580784 -0.707107 -0.403349 0.570421 0.000000 -0.821352 0.580784 -0.707107 0.403349 -12.689662 -0.000003 21.845753 2.551475 18.005051 2.657300 55706.dat
9 0 -1.000000 -0.000000 -0.000000 0.000000 -1.000000 0.000000 -0.000000 0.000000 1.000000 -0.000002 0.000000 -19.999998 1.687500 5.375000 9.750000 55706.dat
9 0 -0.635279 -0.707107 -0.310516 0.439136 -0.000000 -0.898421 0.635279 -0.707107 0.310516 -28.652769 -0.000007 49.155003 2.551475 13.568850 2.657300 55706.dat
9 0 -0.442268 -0.707107 -0.551723 0.780254 0.000001 -0.625462 0.442269 -0.707107 0.551723 -56.735020 -0.000013 80.884499 2.551475 17.735725 2.657300 55706.dat
9 0 -0.334515 -0.705271 -0.625054 0.888808 -0.015648 -0.458013 0.313242 -0.708765 0.632085 -85.241783 -0.314045 99.300987 2.551475 20.453775 2.657300 55706.dat
9 0 -0.157301 -0.707107 -0.689388 0.974943 -0.000000 -0.222457 0.157301 -0.707107 0.689389 -122.017288 -0.000028 112.613724 2.551475 20.019899 2.657300 55706.dat
9 0 0.016543 -0.707131 0.706889 -0.999809 -0.004362 0.019035 -0.010377 -0.707069 -0.707069 -165.866776 0.086387 118.559715 2.551475 20.019899 2.657300 55706.dat
9 0 -1.000000 -0.000000 -0.000000 0.000000 0.000000 -1.000000 0.000000 -1.000000 0.000000 -0.000005 0.000000 -8.968472 9.000000 0.781525 9.750000 55706.dat
9 0 -0.818374 -0.000000 0.574686 -0.574686 -0.000000 -0.818374 0.000000 -1.000000 0.000000 -53.185261 -0.000012 21.660244 29.992250 15.145350 1.250000 55706.dat
9 0 -1.000000 -0.000000 -0.000000 0.000000 0.000000 -1.000000 0.000000 -1.000000 0.000000 -47.971001 -0.000011 -26.357937 13.818650 3.392100 1.250000 55706.dat
9 0 -1.000000 -0.000000 -0.000000 0.000000 0.000000 -1.000000 0.000000 -1.000000 0.000000 -77.813011 -0.000018 27.178484 13.818650 3.392100 1.250000 55706.dat
9 0 -1.000000 -0.000000 -0.000000 0.000000 -1.000000 0.000000 -0.000000 0.000000 1.000000 -0.000002 0.000000 -19.999998 5.375000 1.687500 9.750000 55706.dat
9 0 -0.903799 -0.000000 0.427957 -0.427957 -0.000000 -0.903799 0.000000 -1.000000 0.000000 -127.908035 -0.000029 108.572746 14.690401 5.302725 1.250000 55706.dat
9 0 -1.000000 -0.000000 -0.000000 0.000000 0.000000 -1.000000 0.000000 -1.000000 0.000000 8.545895 0.000002 -3.955746 0.454100 3.731300 9.750000 55706.dat
9 0 -1.000000 -0.000000 -0.000000 0.000000 0.000000 -1.000000 0.000000 -1.000000 0.000000 -8.500006 -0.000002 -3.955752 0.500000 3.731300 9.750000 55706.dat
9 0 -1.000000 -0.000000 -0.000000 0.000000 0.000000 -1.000000 0.000000 -1.000000 0.000000 -10.031180 -0.000002 -4.987252 1.159625 4.762825 1.250000 55706.dat
9 0 -0.258819 -0.000000 -0.965926 0.965926 0.000000 -0.258819 0.000000 -1.000000 0.000000 -8.099808 -0.000002 2.149498 2.130700 0.330350 9.750000 55706.dat
9 0 0.258819 0.000000 -0.965926 0.965926 0.000000 0.258819 0.000000 -1.000000 0.000000 -8.092932 -0.000002 -2.175000 2.130700 0.330350 9.750000 55706.dat
9 0 -0.707107 -0.000000 -0.707107 0.707107 0.000000 -0.707107 0.000000 -1.000000 0.000000 -5.943558 -0.000001 5.897751 2.130700 0.330350 9.750000 55706.dat
9 0 0.965926 0.000000 -0.258819 0.258819 0.000000 0.965926 0.000000 -1.000000 0.000000 -2.176305 -0.000001 -8.072874 2.130700 0.330350 9.750000 55706.dat
9 0 0.965926 0.000000 0.258819 -0.258819 -0.000000 0.965926 0.000000 -1.000000 0.000000 2.148095 0.000000 -8.065998 2.130700 0.330350 9.750000 55706.dat
9 0 0.707107 0.000000 -0.707107 0.707107 0.000000 0.707107 0.000000 -1.000000 0.000000 -5.924781 -0.000001 -5.916625 2.130700 0.330350 9.750000 55706.dat
9 0 0.258819 0.000000 0.965926 -0.965926 -0.000000 0.258819 0.000000 -1.000000 0.000000 8.069094 0.000002 -2.155495 2.130700 0.306400 9.750000 55706.dat
9 0 -0.258819 -0.000000 0.965926 -0.965926 -0.000000 -0.258819 0.000000 -1.000000 0.000000 8.058718 0.000002 2.180254 2.130700 0.310025 9.750000 55706.dat
9 0 0.707107 0.000000 0.707107 -0.707107 -0.000000 0.707107 0.000000 -1.000000 0.000000 5.889719 0.000001 -5.897847 2.130700 0.330350 9.750000 55706.dat
9 0 -0.965926 -0.000000 0.258819 -0.258819 -0.000000 -0.965926 0.000000 -1.000000 0.000000 2.122441 0.000000 8.073005 2.130700 0.330350 9.750000 55706.dat
9 0 -0.965926 -0.000000 -0.258819 0.258819 0.000000 -0.965926 0.000000 -1.000000 0.000000 -2.201959 -0.000001 8.066005 2.130700 0.330350 9.750000 55706.dat
9 0 -0.707107 -0.000000 0.707107 -0.707107 -0.000000 -0.707107 0.000000 -1.000000 0.000000 5.870942 0.000001 5.916750 2.130700 0.330350 9.750000 55706.dat
10 0 -9.250000 0.000000 -10.000000 189.575012 153.205505 10.000000 55706.dat
0 2 0.000000 0.000000 -1.000000 -0.000000 1.000000 0.000000 1.000000 0.000000 0.000000 -0.000009 10.000002 0.000003 0 0 0.800000 0 0 55706.dat
0 5 0.000000 -1.000000 0.000000 0.000000 0.000000 -1.000000 1.000000 0.000000 0.000000 0.000000 0.000000 -30.000002 0 1 0.800000 0 0 55706.dat
