9 0 1.000000 0.000000 0.000000 0.000000 1.000000 0.000000 0.000000 0.000000 1.000000 0.000000 7.365300 13.728801 8.617350 12.107375 0.488675 55704.dat
9 0 -1.000000 0.000000 -0.000000 0.000000 1.000000 0.000000 0.000000 0.000000 -1.000000 0.000000 9.586400 -13.728801 10.330125 13.324675 0.488675 55704.dat
9 0 0.000000 0.138426 0.990373 -0.019825 0.990178 -0.138399 -0.999803 -0.019634 0.002744 -10.577600 -12.520750 2.864950 5.236725 7.792375 1.043825 55704.dat
9 0 -1.000000 -0.000000 -0.000000 0.000000 0.000000 -1.000000 0.000000 -1.000000 0.000000 0.000000 -5.068501 1.218000 12.819301 8.437675 4.791050 55704.dat
9 0 0.000000 0.138426 0.990373 -0.019825 0.990178 -0.138399 -0.999803 -0.019634 0.002744 9.906375 -12.118499 2.808725 5.236725 7.792375 1.043825 55704.dat
9 0 0.564322 0.000000 0.825554 0.000000 1.000000 0.000000 -0.825554 0.000000 0.564322 -11.313624 7.153125 7.777100 7.160600 13.690950 0.488675 55704.dat
9 0 -0.482994 0.000000 0.875624 0.000000 1.000000 0.000000 -0.875624 0.000000 -0.482994 -11.562000 7.153125 -7.463550 8.147375 13.690950 0.488675 55704.dat
9 0 -0.564322 0.000000 0.825555 0.000000 1.000000 0.000000 -0.825555 0.000000 -0.564322 11.313624 7.153125 7.777100 7.160600 13.690950 0.488675 55704.dat
9 0 0.482994 0.000000 0.875624 0.000000 1.000000 0.000000 -0.875624 0.000000 0.482994 11.562000 7.153125 -7.463550 8.147375 13.690950 0.488675 55704.dat
9 0 -1.000000 0.000000 -0.000000 0.000000 1.000000 0.000000 0.000000 0.000000 -1.000000 0.000000 8.850101 -16.379225 2.712250 4.390550 3.139075 55704.dat
10 0 -15.925000 -0.222525 -16.750000 15.925000 45.139999 21.278900 55704.dat
2 22 1.000000 0.000000 0.000000 0.000000 1.000000 0.000000 0.000000 0.000000 1.000000 -10.000000 -0.027475 10.000000 2 2 29:0:0,29:0:0,29:0:0,29:0:0,15:4:33,29:0:0,29:0:0,29:0:0,29:0:0, 55704.dat
