9 0 -1.000000 -0.000000 -0.000000 0.000000 0.314031 -0.949413 0.000000 -0.949413 -0.314031 0.000000 -36.085999 -16.417025 5.660500 3.445500 17.344725 55817.dat
9 0 -1.000000 -0.000000 -0.000000 0.000000 0.000000 -1.000000 0.000000 -1.000000 0.000000 0.000000 -65.225250 -9.450000 17.059349 26.275000 0.799375 55817.dat
9 0 -1.000000 0.000000 0.000000 -0.000000 0.000000 -1.000000 -0.000000 -1.000000 0.000000 0.306725 -13.639826 -9.974999 5.119175 9.750000 5.595750 55817.dat
9 0 -0.924986 0.380001 -0.000001 0.000001 -0.000000 -1.000000 -0.380001 -0.924986 -0.000000 -21.680576 -53.157501 -23.534000 17.878500 11.980750 7.991550 55817.dat
9 0 -0.707107 0.707107 0.000000 0.222052 0.222052 -0.949413 -0.671337 -0.671337 -0.314029 -25.516752 -25.516752 -16.417025 5.660525 3.445500 17.344725 55817.dat
9 0 -0.385363 0.922765 -0.000000 -0.000000 0.000000 -1.000000 -0.922765 -0.385363 -0.000000 -52.918499 -22.257450 -23.534000 17.878500 11.980750 7.991550 55817.dat
9 0 -0.707106 0.707107 -0.000001 0.000001 -0.000000 -1.000000 -0.707107 -0.707106 -0.000000 -46.121250 -46.121250 -9.450000 17.059349 26.275000 0.799375 55817.dat
9 0 0.000001 1.000000 -0.000000 0.314030 -0.000001 -0.949413 -0.949413 0.000001 -0.314030 -36.085999 0.000000 -16.417025 5.660525 3.445500 17.344725 55817.dat
9 0 0.380000 0.924987 0.000000 -0.000000 0.000000 -1.000000 -0.924987 0.380000 0.000000 -53.157501 21.680576 -23.534000 17.878500 11.980750 7.991550 55817.dat
9 0 -0.000000 1.000000 -0.000000 0.000000 -0.000000 -1.000000 -1.000000 0.000000 -0.000000 -65.225250 0.000000 -9.450000 17.059349 26.275000 0.799375 55817.dat
9 0 0.707107 0.707107 0.000000 0.222053 -0.222052 -0.949413 -0.671336 0.671337 -0.314030 -25.516752 25.516752 -16.417025 5.660525 3.445500 17.344725 55817.dat
9 0 0.922765 0.385364 0.000000 -0.000000 0.000000 -1.000000 -0.385364 0.922765 0.000000 -22.257450 52.918499 -23.534000 17.878500 11.980750 7.991550 55817.dat
9 0 0.707106 0.707107 0.000000 -0.000000 0.000000 -1.000000 -0.707107 0.707106 0.000000 -46.121250 46.121250 -9.450000 17.059349 26.275000 0.799375 55817.dat
9 0 1.000000 0.000000 0.000000 0.000000 -0.314030 -0.949413 0.000000 0.949413 -0.314030 0.000000 36.085999 -16.417025 5.660500 3.445500 17.344725 55817.dat
9 0 0.924986 -0.380000 -0.000000 0.000000 0.000000 -1.000000 0.380000 0.924986 0.000000 21.680576 53.157501 -23.534000 17.878500 11.980750 7.991550 55817.dat
9 0 1.000000 0.000000 0.000000 0.000000 -0.000000 -1.000000 0.000000 1.000000 -0.000000 0.000000 65.225250 -9.450000 17.059349 26.275000 0.799375 55817.dat
9 0 0.707107 -0.707107 -0.000000 -0.222053 -0.222053 -0.949413 0.671336 0.671336 -0.314030 25.516752 25.516752 -16.417025 5.660500 3.445500 17.344725 55817.dat
9 0 0.385364 -0.922765 -0.000000 0.000000 0.000000 -1.000000 0.922765 0.385364 0.000000 52.918499 22.257450 -23.534000 17.878500 11.980750 7.991550 55817.dat
9 0 0.707106 -0.707107 -0.000000 0.000000 0.000000 -1.000000 0.707107 0.707106 0.000000 46.121250 46.121250 -9.449975 17.059349 26.275000 0.799375 55817.dat
9 0 0.000001 -1.000000 0.000001 -0.314030 -0.000001 -0.949413 0.949413 0.000001 -0.314030 36.085999 0.000000 -16.417025 5.660525 3.445500 17.344725 55817.dat
9 0 -0.380001 -0.924986 -0.000000 0.000000 0.000000 -1.000000 0.924986 -0.380001 0.000000 53.157501 -21.680599 -23.534000 17.878500 11.980750 7.991550 55817.dat
9 0 -0.000000 -1.000000 0.000000 -0.000000 -0.000000 -1.000000 1.000000 0.000000 -0.000000 65.225250 0.000000 -9.450000 17.059349 26.275000 0.799375 55817.dat
9 0 -0.707107 -0.707106 -0.000000 -0.222053 0.222053 -0.949413 0.671336 -0.671337 -0.314031 25.516752 -25.516752 -16.417025 5.660500 3.445500 17.344725 55817.dat
9 0 -0.922765 -0.385363 -0.000000 0.000000 0.000000 -1.000000 0.385363 -0.922765 0.000000 22.257450 -52.918499 -23.534000 17.878500 11.980750 7.991550 55817.dat
9 0 -0.707106 -0.707107 0.000001 -0.000001 -0.000000 -1.000000 0.707107 -0.707106 -0.000000 46.121250 -46.121250 -9.450000 17.059349 26.275000 0.799375 55817.dat
9 0 -0.000000 1.000000 -0.000000 0.000000 -0.000000 -1.000000 -1.000000 0.000000 -0.000000 -13.639826 -0.306725 -9.974999 5.119175 9.750000 5.595750 55817.dat
9 0 1.000000 0.000000 0.000000 0.000000 -0.000000 -1.000000 0.000000 1.000000 -0.000000 -0.306725 13.639826 -9.974999 5.119175 9.750000 5.595750 55817.dat
9 0 -0.000000 -1.000000 0.000000 -0.000000 -0.000000 -1.000000 1.000000 0.000000 -0.000000 13.639826 0.306725 -9.974999 5.119175 9.750000 5.595750 55817.dat
9 0 -0.384293 0.923211 0.000000 -0.000000 0.000000 -1.000000 -0.923211 -0.384294 0.000000 -61.702000 -25.549252 -9.450000 9.269350 26.275000 1.372075 55817.dat
9 0 -0.923880 0.382683 0.000001 -0.000001 0.000000 -1.000000 -0.382683 -0.923880 0.000000 -25.671499 -61.651249 -9.450000 9.270150 26.275000 1.372075 55817.dat
9 0 -0.917893 -0.396828 -0.000000 0.000000 0.000000 -1.000000 0.396828 -0.917893 0.000000 26.387001 -61.348499 -9.450000 9.270150 26.275000 1.372075 55817.dat
9 0 -0.374695 -0.927148 0.000000 -0.000000 0.000000 -1.000000 0.927148 -0.374695 -0.000000 61.870499 -25.138500 -9.450000 9.270150 26.275000 1.372075 55817.dat
9 0 0.383770 -0.923429 0.000000 -0.000000 -0.000000 -1.000000 0.923429 0.383770 -0.000000 61.716503 25.514000 -9.450000 9.270150 26.275000 1.372075 55817.dat
9 0 0.922681 -0.385563 0.000000 0.000000 0.000000 -1.000000 0.385563 0.922681 0.000000 25.863749 61.570751 -9.450000 9.270150 26.275000 1.372075 55817.dat
9 0 0.923651 0.383235 0.000000 -0.000000 0.000000 -1.000000 -0.383235 0.923651 0.000000 -25.478251 61.731251 -9.450000 9.270150 26.275000 1.372075 55817.dat
9 0 0.382676 0.923882 0.000000 -0.000000 0.000000 -1.000000 -0.923882 0.382676 0.000000 -61.651497 25.671000 -9.450000 9.270150 26.275000 1.372075 55817.dat
10 0 -69.473251 -69.473251 -17.075001 69.473251 69.473251 35.974998 55817.dat
3 23 1.000000 0.000000 0.000000 0.000000 -0.000000 1.000000 0.000000 -1.000000 -0.000000 -19.999975 -20.000000 -19.975000 4 4 18:1:1,23:4:1,18:2:1,23:4:1,18:1:1,23:4:1,1:4:4,23:4:1,1:4:4,23:4:1,18:2:1,23:4:1,18:4:0,23:4:1,18:2:1,23:4:1,1:4:4,23:4:1,1:4:4,23:4:1,18:1:1,23:4:1,18:2:1,23:4:1,18:1:1, 55817.dat
0 2 -0.000000 1.000000 -0.000000 0.000000 -0.000000 -1.000000 -1.000000 0.000000 -0.000000 0.000000 0.000000 -19.975000 0 0 0.800000 0 0 55817.dat
0 6 -0.000000 1.000000 -0.000000 0.000000 -0.000000 -1.000000 -1.000000 0.000000 -0.000000 -0.015725 60.000004 -35.974998 0 0 0.119999 0 0 55817.dat
0 6 0.707106 0.707107 0.000000 -0.000000 0.000000 -1.000000 -0.707107 0.707106 0.000000 42.410748 42.426498 -35.974998 0 0 0.119999 0 0 55817.dat
0 6 1.000000 0.000000 0.000000 0.000000 -0.000000 -1.000000 0.000000 1.000000 -0.000000 59.984249 0.000000 -35.974998 0 0 0.119999 0 0 55817.dat
0 6 0.707106 -0.707107 -0.000000 0.000000 0.000000 -1.000000 0.707107 0.707106 0.000000 42.410748 -42.426498 -35.974998 0 0 0.119999 0 0 55817.dat
0 6 -0.000000 -1.000000 0.000000 -0.000000 -0.000000 -1.000000 1.000000 0.000000 -0.000000 -0.015725 -60.000004 -35.974998 0 0 0.119999 0 0 55817.dat
0 6 -0.707106 -0.707107 0.000001 -0.000001 -0.000000 -1.000000 0.707107 -0.707106 -0.000000 -42.442249 -42.426498 -35.974998 0 0 0.119999 0 0 55817.dat
0 6 -1.000000 -0.000000 -0.000000 0.000000 0.000000 -1.000000 0.000000 -1.000000 0.000000 -60.015751 0.000000 -35.974998 0 0 0.119999 0 0 55817.dat
0 6 -0.707106 0.707107 -0.000001 0.000001 -0.000000 -1.000000 -0.707107 -0.707106 -0.000000 -42.442249 42.426498 -35.974998 0 0 0.119999 0 0 55817.dat
0 6 -0.000000 1.000000 -0.000000 0.000000 -0.000000 -1.000000 -1.000000 0.000000 -0.000000 -10.000000 -10.000000 -24.424999 0 0 0.298000 0 0 55817.dat
0 6 -0.000000 1.000000 -0.000000 0.000000 -0.000000 -1.000000 -1.000000 0.000000 -0.000000 9.999975 -10.000000 -24.424999 0 0 0.298000 0 0 55817.dat
0 6 -0.000000 1.000000 -0.000000 0.000000 -0.000000 -1.000000 -1.000000 0.000000 -0.000000 9.999975 10.000000 -24.424999 0 0 0.298000 0 0 55817.dat
0 6 -0.000000 1.000000 -0.000000 0.000000 -0.000000 -1.000000 -1.000000 0.000000 -0.000000 -10.000000 10.000000 -24.424999 0 0 0.298000 0 0 55817.dat
