9 0 0.102210 0.994763 -0.000000 -0.000000 -0.000000 -1.000000 -0.994763 0.102210 0.000000 -53.092758 5.045421 -0.284502 23.320900 27.838501 12.118625 55976.dat
9 0 -0.994763 0.102210 0.000000 -0.000000 0.000000 -1.000000 -0.102210 -0.994763 -0.000000 -5.545421 -53.592758 -0.284502 23.320900 27.838501 12.118625 55976.dat
9 0 -0.631131 0.775676 0.000001 -0.000000 0.000001 -1.000000 -0.775676 -0.631131 -0.000000 -41.463284 -34.120869 -0.284502 23.320900 27.838501 12.118625 55976.dat
9 0 -0.775677 -0.631130 -0.000000 0.000000 -0.000000 -1.000000 0.631130 -0.775677 0.000000 33.620869 -41.963284 -0.284502 23.320900 27.838501 12.118625 55976.dat
9 0 -0.102210 -0.994763 0.000000 -0.000000 0.000000 -1.000000 0.994763 -0.102210 -0.000000 53.092758 -6.045421 -0.284502 23.320900 27.838501 12.118625 55976.dat
9 0 0.994763 -0.102210 -0.000000 -0.000000 -0.000000 -1.000000 0.102210 0.994763 -0.000000 5.545421 52.592762 -0.284502 23.320900 27.838501 12.118625 55976.dat
9 0 0.631131 -0.775676 0.000000 0.000000 0.000000 -1.000000 0.775676 0.631131 0.000000 41.463284 33.120872 -0.284502 23.320900 27.838501 12.118625 55976.dat
9 0 0.775677 0.631130 -0.000001 -0.000000 -0.000001 -1.000000 -0.631130 0.775677 -0.000000 -33.620869 40.963284 -0.284502 23.320900 27.838501 12.118625 55976.dat
10 0 -69.887253 -69.887253 -65.965500 69.887253 69.887253 -0.965450 55976.dat
4 16 -0.102210 -0.994763 0.000000 -0.000000 0.000000 1.000000 -0.994763 0.102210 -0.000000 0.000000 -0.500000 0.000000 1 55976.dat
4 16 -0.102210 -0.994763 0.000000 0.000000 -0.000000 -1.000000 0.994763 -0.102210 0.000000 0.000000 -0.500000 0.000000 1 55976.dat
