9 0 1.000000 0.000000 0.000000 0.000000 1.000000 0.000000 0.000000 0.000000 1.000000 -41.113750 -0.500000 0.000000 1.328125 16.834150 27.250000 55978.dat
9 0 0.707107 -0.707107 0.000000 0.707107 0.707107 0.000000 0.000000 0.000000 1.000000 -29.049000 28.626999 0.000000 1.328125 16.834150 27.250000 55978.dat
9 0 -0.000000 -1.000000 0.000000 1.000000 -0.000000 0.000000 0.000000 0.000000 1.000000 0.077850 40.691750 0.000000 1.328125 16.834150 27.250000 55978.dat
9 0 -0.707107 -0.707107 0.000000 0.707107 -0.707107 0.000000 0.000000 0.000000 1.000000 29.204750 28.626999 0.000000 1.328125 16.834150 27.250000 55978.dat
9 0 -1.000000 0.000000 0.000000 -0.000000 -1.000000 0.000000 0.000000 0.000000 1.000000 41.269501 -0.500000 0.000000 1.328125 16.834150 27.250000 55978.dat
9 0 -0.707107 0.707107 0.000000 -0.707107 -0.707107 0.000000 0.000000 0.000000 1.000000 29.204750 -29.626999 0.000000 1.328125 16.834150 27.250000 55978.dat
9 0 -0.000000 1.000000 0.000000 -1.000000 -0.000000 0.000000 0.000000 0.000000 1.000000 0.077875 -41.691750 0.000000 1.328125 16.834150 27.250000 55978.dat
9 0 0.707107 0.707107 0.000000 -0.707107 0.707107 0.000000 0.000000 0.000000 1.000000 -29.049000 -29.626999 0.000000 1.328125 16.834150 27.250000 55978.dat
10 0 -46.250000 -45.912750 -27.500000 46.250000 45.912750 27.500000 55978.dat
4 16 1.000000 0.000000 0.000000 0.000000 -0.000000 1.000000 0.000000 -1.000000 -0.000000 0.000000 -0.500000 0.000000 1 55978.dat
4 16 1.000000 0.000000 0.000000 0.000000 0.000000 -1.000000 0.000000 1.000000 0.000000 0.000000 -0.500000 0.000000 1 55978.dat
