9 0 0.000000 -1.000000 0.000000 0.000000 -0.000000 -1.000000 1.000000 0.000000 0.000000 15.222303 -0.020303 5.000003 7.649625 12.249975 5.045725 55982.dat
9 0 0.000000 -1.000000 0.000000 0.000000 -0.000000 -1.000000 1.000000 0.000000 0.000000 -15.221848 -0.020328 4.999973 7.649625 12.250000 5.045750 55982.dat
9 0 -1.000000 0.000005 0.000000 -0.000000 -0.000000 -1.000000 -0.000005 -1.000000 0.000001 -0.026597 15.222697 4.999997 7.649625 12.249975 5.045375 55982.dat
9 0 -1.000000 0.000005 0.000000 -0.000000 -0.000000 -1.000000 -0.000005 -1.000000 0.000001 -0.026622 -15.222729 5.000003 7.649625 12.249975 5.045400 55982.dat
9 0 0.707110 -0.707104 0.000001 0.000001 -0.000001 -1.000000 0.707104 0.707110 -0.000000 10.778454 10.749722 4.999976 7.649625 12.249975 5.045400 55982.dat
9 0 -0.707103 -0.707110 -0.000000 0.000000 -0.000000 -1.000000 0.707110 -0.707103 0.000000 10.749703 -10.778429 5.000004 7.649625 12.249975 5.045350 55982.dat
9 0 -0.707109 0.707104 -0.000000 -0.000000 -0.000000 -1.000000 -0.707104 -0.707109 0.000000 -10.778446 -10.749729 5.000000 7.649625 12.249975 5.045400 55982.dat
9 0 0.707103 0.707110 0.000000 0.000000 -0.000000 -1.000000 -0.707110 0.707103 -0.000001 -10.674696 10.703396 4.999995 7.649650 12.249975 5.151450 55982.dat
9 0 -1.000000 0.000005 0.000000 -0.000000 -0.000000 -1.000000 -0.000005 -1.000000 0.000001 -4.918723 -4.908402 10.000000 1.850950 9.750000 1.861300 55982.dat
9 0 -1.000000 0.000005 0.000000 -0.000000 -0.000000 -1.000000 -0.000005 -1.000000 0.000001 -4.918698 4.908423 9.999998 1.850950 9.750000 1.861300 55982.dat
9 0 -1.000000 0.000005 0.000000 -0.000000 -0.000000 -1.000000 -0.000005 -1.000000 0.000001 4.918727 -4.908452 10.000002 1.850950 9.750000 1.861300 55982.dat
9 0 -1.000000 0.000005 0.000000 -0.000000 -0.000000 -1.000000 -0.000005 -1.000000 0.000001 4.918777 4.908373 10.000000 1.850950 9.750000 1.861300 55982.dat
9 0 0.000000 -1.000000 0.000000 0.000000 -0.000000 -1.000000 1.000000 0.000000 0.000000 -19.633793 -0.020357 -10.712506 7.649625 6.537500 0.633800 55982.dat
9 0 0.707110 -0.707104 0.000001 0.000000 -0.000001 -1.000000 0.707104 0.707110 -0.000000 -13.868793 -13.897583 -10.712500 7.649625 6.537500 0.633800 55982.dat
9 0 1.000000 0.000005 -0.000000 -0.000000 0.000000 -1.000000 -0.000005 1.000000 0.000000 0.020357 -19.633808 -10.712494 7.649625 6.537500 0.633800 55982.dat
9 0 0.707103 0.707110 -0.000000 -0.000000 -0.000000 -1.000000 -0.707110 0.707103 -0.000000 13.897583 -13.868807 -10.712494 7.649625 6.537500 0.633800 55982.dat
9 0 0.000000 1.000000 -0.000000 0.000000 -0.000000 -1.000000 -1.000000 0.000000 -0.000000 19.633808 0.020343 -10.712494 7.649625 6.537500 0.633800 55982.dat
9 0 -0.707109 0.707104 -0.000000 0.000000 -0.000000 -1.000000 -0.707104 -0.707109 0.000000 13.868807 13.897568 -10.712500 7.649625 6.537500 0.633800 55982.dat
9 0 -1.000000 -0.000004 0.000000 -0.000000 -0.000000 -1.000000 0.000004 -1.000000 0.000000 -0.020343 19.633793 -10.712506 7.649625 6.537500 0.633800 55982.dat
9 0 -0.707103 -0.707110 -0.000000 0.000000 -0.000000 -1.000000 0.707110 -0.707103 0.000000 -13.897568 13.868793 -10.712506 7.649625 6.537500 0.633800 55982.dat
10 0 -22.000000 -22.000000 -37.500000 22.000000 22.000000 0.000000 55982.dat
0 4 1.000000 -0.000000 0.000000 -0.000000 0.000000 1.000000 -0.000000 -1.000000 0.000000 0.000000 0.000000 20.000000 0 0 0.800000 0 0 55982.dat
4 33 0.000000 1.000000 -0.000000 -0.000000 0.000000 1.000000 1.000000 0.000000 0.000000 0.000005 -0.000005 0.000000 1 55982.dat
