9 0 0.000000 -1.000000 -0.000000 -1.000000 0.000000 -0.000000 0.000000 0.000000 -1.000000 0.000001 20.223076 -3.705020 10.085500 6.312775 13.220599 56145.dat
9 0 -0.866025 -0.500000 -0.000000 -0.500000 0.866025 0.000000 0.000000 0.000000 -1.000000 17.513700 10.111551 -3.705019 10.085500 6.312775 13.220599 56145.dat
9 0 -0.866025 0.500000 -0.000000 0.500000 0.866025 0.000000 0.000000 0.000000 -1.000000 17.513700 -10.111549 -3.705023 10.085500 6.312775 13.220599 56145.dat
9 0 -0.000000 1.000000 0.000000 1.000000 0.000000 0.000000 0.000000 0.000000 -1.000000 0.000001 -20.223074 -3.705030 10.085500 6.312775 13.220599 56145.dat
9 0 0.866025 -0.500000 0.000000 -0.500000 -0.866025 -0.000000 0.000000 0.000000 -1.000000 -17.513699 10.111551 -3.705027 10.085500 6.312775 13.220599 56145.dat
9 0 0.866025 0.500000 0.000000 0.500000 -0.866025 -0.000000 0.000000 0.000000 -1.000000 -17.513699 -10.111549 -3.705031 10.085500 6.312775 13.220599 56145.dat
9 0 -0.000000 1.000000 0.000000 1.000000 0.000000 0.000000 0.000000 0.000000 -1.000000 4.393827 -4.393798 -10.000000 1.593800 1.593800 9.750000 56145.dat
9 0 -1.000000 0.000000 -0.000000 0.000000 1.000000 0.000000 0.000000 0.000000 -1.000000 4.393802 4.393827 -9.999998 1.593800 1.593800 9.750000 56145.dat
9 0 0.000000 -1.000000 -0.000000 -1.000000 0.000000 -0.000000 0.000000 0.000000 -1.000000 -4.393823 4.393802 -10.000000 1.593800 1.593800 9.750000 56145.dat
9 0 1.000000 0.000000 0.000000 0.000000 -1.000000 -0.000000 0.000000 0.000000 -1.000000 -4.393798 -4.393823 -10.000002 1.593800 1.593800 9.750000 56145.dat
9 0 0.258819 0.965926 0.000000 0.965926 -0.258819 0.000000 0.000000 0.000000 -1.000000 -32.939499 8.826525 -0.000006 9.822926 3.242375 24.841524 56145.dat
9 0 0.707107 0.707107 0.000000 0.707107 -0.707107 0.000000 0.000000 0.000000 -1.000000 -24.113276 24.113800 0.000000 9.822926 3.242375 24.841524 56145.dat
9 0 0.965926 0.258819 0.000000 0.258819 -0.965926 -0.000000 0.000000 0.000000 -1.000000 -8.825800 32.939751 0.000006 9.822926 3.242375 24.841524 56145.dat
9 0 0.965926 -0.258819 0.000000 -0.258819 -0.965926 -0.000000 0.000000 0.000000 -1.000000 8.826525 32.939499 0.000010 9.822926 3.242375 24.841524 56145.dat
9 0 0.707107 -0.707107 0.000000 -0.707107 -0.707107 -0.000000 0.000000 0.000000 -1.000000 24.113800 24.113276 0.000011 9.822926 3.242375 24.841524 56145.dat
9 0 0.258819 -0.965926 -0.000000 -0.965926 -0.258819 -0.000000 0.000000 0.000000 -1.000000 32.939751 8.825800 0.000010 9.822926 3.242375 24.841524 56145.dat
9 0 -0.258819 0.965926 0.000000 0.965926 0.258819 0.000000 0.000000 0.000000 -1.000000 -32.939751 -8.825800 -0.000010 9.822926 3.242375 24.841524 56145.dat
9 0 -0.707107 0.707107 0.000000 0.707107 0.707107 0.000000 0.000000 0.000000 -1.000000 -24.113800 -24.113276 -0.000011 9.822926 3.242375 24.841524 56145.dat
9 0 -0.965926 0.258819 -0.000000 0.258819 0.965926 0.000000 0.000000 0.000000 -1.000000 -8.826525 -32.939499 -0.000010 9.822926 3.242375 24.841524 56145.dat
9 0 -0.965926 -0.258819 -0.000000 -0.258819 0.965926 0.000000 0.000000 0.000000 -1.000000 8.825800 -32.939751 -0.000006 9.822926 3.242375 24.841524 56145.dat
9 0 -0.707107 -0.707107 -0.000000 -0.707107 0.707107 0.000000 0.000000 0.000000 -1.000000 24.113276 -24.113800 -0.000000 9.822926 3.242375 24.841524 56145.dat
9 0 -0.258819 -0.965926 -0.000000 -0.965926 0.258819 -0.000000 0.000000 0.000000 -1.000000 32.939499 -8.826525 0.000006 9.822926 3.242375 24.841524 56145.dat
10 0 -38.613998 -38.613998 -25.000000 38.613998 38.613998 25.000000 56145.dat
0 4 -1.000000 0.000000 -0.000000 -0.000000 -0.000000 1.000000 -0.000000 1.000000 0.000000 0.000000 0.000000 0.000000 0 0 0.800000 0 0 56145.dat
4 17 0.000000 -1.000000 -0.000000 0.000000 0.000000 -1.000000 1.000000 -0.000000 0.000000 0.000000 0.000000 0.000000 1 56145.dat
4 17 0.000000 -1.000000 -0.000000 -0.000000 -0.000000 1.000000 -1.000000 0.000000 -0.000000 0.000000 0.000000 0.000000 1 56145.dat
