9 0 -1.000000 0.000000 -0.000000 0.000000 1.000000 0.000000 0.000000 0.000000 -1.000000 0.000000 -52.329750 0.000000 26.899498 13.739450 2.126850 56251.dat
9 0 -1.000000 0.000000 -0.000000 0.000000 1.000000 0.000000 0.000000 0.000000 -1.000000 0.000000 -29.862499 0.000000 5.612500 5.612500 5.612500 56251.dat
9 0 -0.707107 0.000000 -0.707107 0.000000 1.000000 0.000000 0.707107 0.000000 -0.707107 -0.010325 -12.000000 -0.000000 2.578425 11.750000 2.578425 56251.dat
9 0 0.500000 -0.866025 0.000000 -0.866025 -0.500000 -0.000000 0.000000 0.000000 -1.000000 0.000000 -52.329750 0.000000 26.899498 13.739450 2.126850 56251.dat
9 0 0.500000 0.866025 0.000000 0.866025 -0.500000 0.000000 0.000000 0.000000 -1.000000 0.000000 -52.329750 0.000000 26.899498 13.739450 2.126850 56251.dat
10 0 -29.565748 0.000000 -5.862500 29.565748 83.340752 5.862500 56251.dat
0 7 0.000000 0.000000 -1.000000 0.000000 1.000000 0.000000 1.000000 0.000000 0.000000 0.000000 0.000000 0.000000 0 1 0.960000 0 0 56251.dat
2 22 -1.000000 0.000000 -0.000000 0.000000 1.000000 0.000000 0.000000 0.000000 -1.000000 10.000003 0.000000 -9.999997 2 2 29:0:0,29:0:0,29:0:0,29:0:0,9:4:32,29:0:0,29:0:0,29:0:0,29:0:0, 56251.dat
