9 0 0.997888 -0.064951 0.000000 0.064951 0.997888 0.000000 0.000000 0.000000 1.000000 -2.994529 -46.006897 0.000000 15.718825 6.506250 17.250000 56898.dat
9 0 0.896672 0.442695 0.000000 -0.442695 0.896672 0.000000 0.000000 0.000000 1.000000 20.410158 -41.340462 0.000000 15.718825 6.506250 17.250000 56898.dat
9 0 0.555194 0.831721 0.000000 -0.831721 0.555194 0.000000 0.000000 0.000000 1.000000 38.345924 -25.596840 0.000000 15.718825 6.506250 17.250000 56898.dat
9 0 0.064951 0.997888 0.000000 -0.997888 0.064951 0.000000 0.000000 0.000000 1.000000 46.006897 -2.994529 0.000000 15.718825 6.506250 17.250000 56898.dat
9 0 -0.442695 0.896672 0.000000 -0.896672 -0.442695 0.000000 0.000000 0.000000 1.000000 41.340462 20.410158 0.000000 15.718825 6.506250 17.250000 56898.dat
9 0 -0.831721 0.555194 0.000000 -0.555194 -0.831721 0.000000 0.000000 0.000000 1.000000 25.596840 38.345924 0.000000 15.718825 6.506250 17.250000 56898.dat
9 0 -0.997888 0.064951 0.000000 -0.064951 -0.997888 0.000000 0.000000 0.000000 1.000000 2.994529 46.006897 0.000000 15.718825 6.506250 17.250000 56898.dat
9 0 -0.896672 -0.442695 0.000000 0.442695 -0.896672 0.000000 0.000000 0.000000 1.000000 -20.410158 41.340462 0.000000 15.718825 6.506250 17.250000 56898.dat
9 0 -0.555194 -0.831721 0.000000 0.831721 -0.555194 0.000000 0.000000 0.000000 1.000000 -38.345924 25.596840 0.000000 15.718825 6.506250 17.250000 56898.dat
9 0 -0.064951 -0.997888 0.000000 0.997888 -0.064951 0.000000 0.000000 0.000000 1.000000 -46.006897 2.994529 0.000000 15.718825 6.506250 17.250000 56898.dat
9 0 0.442695 -0.896672 0.000000 0.896672 0.442695 0.000000 0.000000 0.000000 1.000000 -41.340462 -20.410158 0.000000 15.718825 6.506250 17.250000 56898.dat
9 0 0.831721 -0.555194 0.000000 0.555194 0.831721 0.000000 0.000000 0.000000 1.000000 -25.596840 -38.345924 0.000000 15.718825 6.506250 17.250000 56898.dat
10 0 -53.542751 -53.673752 -35.000000 53.673752 53.673752 0.000000 56898.dat
4 80 0.997888 -0.064951 0.000000 -0.000000 -0.000000 1.000000 -0.064951 -0.997888 -0.000000 0.000000 0.000000 0.000000 1 56898.dat
4 80 0.997888 -0.064951 0.000000 0.000000 0.000000 -1.000000 0.064951 0.997888 0.000000 0.000000 0.000000 0.000000 1 56898.dat
