9 0 0.792561 -0.609793 0.000000 0.609793 0.792561 0.000000 0.000000 0.000000 1.000000 -17.600454 -22.875662 -3.750000 9.566025 7.520824 13.500001 56897.dat
9 0 0.991274 -0.131816 0.000000 0.131816 0.991274 0.000000 0.000000 0.000000 1.000000 -3.804567 -28.611145 -3.750000 9.566025 7.520824 13.500001 56897.dat
9 0 0.924377 0.381481 0.000000 -0.381481 0.924377 0.000000 0.000000 0.000000 1.000000 11.010721 -26.680351 -3.750000 9.566025 7.520824 13.500001 56897.dat
9 0 0.609793 0.792561 0.000000 -0.792561 0.609793 0.000000 0.000000 0.000000 1.000000 22.875662 -17.600454 -3.750000 9.566025 7.520824 13.500001 56897.dat
9 0 0.131816 0.991274 0.000000 -0.991274 0.131816 0.000000 0.000000 0.000000 1.000000 28.611145 -3.804567 -3.750000 9.566025 7.520824 13.500001 56897.dat
9 0 -0.381481 0.924377 0.000000 -0.924377 -0.381481 0.000000 0.000000 0.000000 1.000000 26.680351 11.010721 -3.750000 9.566025 7.520824 13.500001 56897.dat
9 0 -0.792561 0.609793 0.000000 -0.609793 -0.792561 0.000000 0.000000 0.000000 1.000000 17.600454 22.875662 -3.750000 9.566025 7.520824 13.500001 56897.dat
9 0 -0.991274 0.131816 0.000000 -0.131816 -0.991274 0.000000 0.000000 0.000000 1.000000 3.804567 28.611145 -3.750000 9.566025 7.520824 13.500001 56897.dat
9 0 -0.924377 -0.381481 0.000000 0.381481 -0.924377 0.000000 0.000000 0.000000 1.000000 -11.010721 26.680351 -3.750000 9.566025 7.520824 13.500001 56897.dat
9 0 -0.609793 -0.792561 0.000000 0.792561 -0.609793 0.000000 0.000000 0.000000 1.000000 -22.875662 17.600454 -3.750000 9.566025 7.520824 13.500001 56897.dat
9 0 -0.131816 -0.991274 0.000000 0.991274 -0.131816 0.000000 0.000000 0.000000 1.000000 -28.611145 3.804567 -3.750000 9.566025 7.520824 13.500001 56897.dat
9 0 0.381481 -0.924377 0.000000 0.924377 0.381481 0.000000 0.000000 0.000000 1.000000 -26.680351 -11.010721 -3.750000 9.566025 7.520824 13.500001 56897.dat
10 0 -37.881500 -37.881500 -27.500000 37.881500 37.881500 0.000000 56897.dat
4 40 0.923381 -0.383885 0.000000 -0.000000 -0.000000 1.000000 -0.383885 -0.923381 -0.000000 0.000000 0.000000 -8.875000 1 56897.dat
4 40 0.923381 -0.383885 0.000000 0.000000 0.000000 -1.000000 0.383885 0.923381 0.000000 0.000000 0.000000 -8.875000 1 56897.dat
