9 0 -1.000000 0.000000 -0.000000 0.000000 1.000000 0.000000 0.000000 0.000000 -1.000000 45.913506 0.000000 0.000015 1.533000 25.449249 32.250000 56908.dat
9 0 -0.500000 -0.866025 -0.000000 -0.866025 0.500000 -0.000000 0.000000 0.000000 -1.000000 22.956730 39.762249 0.000007 1.533000 25.449249 32.250000 56908.dat
9 0 0.500000 -0.866025 0.000000 -0.866025 -0.500000 -0.000000 0.000000 0.000000 -1.000000 -22.956718 39.762249 -0.000007 1.533000 25.449249 32.250000 56908.dat
9 0 1.000000 0.000000 0.000000 0.000000 -1.000000 0.000000 0.000000 0.000000 -1.000000 -45.913494 0.000000 -0.000015 1.533000 25.449249 32.250000 56908.dat
9 0 0.500000 0.866025 0.000000 0.866025 -0.500000 0.000000 0.000000 0.000000 -1.000000 -22.956718 -39.762249 -0.000007 1.533000 25.449249 32.250000 56908.dat
9 0 -0.500000 0.866025 -0.000000 0.866025 0.500000 0.000000 0.000000 0.000000 -1.000000 22.956730 -39.762249 0.000007 1.533000 25.449249 32.250000 56908.dat
9 0 -1.000000 0.000000 -0.000000 0.000000 1.000000 0.000000 0.000000 0.000000 -1.000000 4.387585 -4.387575 -10.000001 1.887575 1.887575 9.750000 56908.dat
9 0 0.000000 -1.000000 0.000000 -1.000000 -0.000000 -0.000000 0.000000 0.000000 -1.000000 4.387585 4.387575 -10.000001 1.887575 1.887575 9.750000 56908.dat
9 0 1.000000 0.000000 0.000000 0.000000 -1.000000 0.000000 0.000000 0.000000 -1.000000 -4.387565 4.387575 -10.000001 1.887575 1.887575 9.750000 56908.dat
9 0 0.000000 1.000000 0.000000 1.000000 -0.000000 0.000000 0.000000 0.000000 -1.000000 -4.387565 -4.387575 -10.000001 1.887575 1.887575 9.750000 56908.dat
9 0 -0.866025 -0.500000 -0.000000 -0.500000 0.866025 -0.000000 0.000000 0.000000 -1.000000 8.252182 -14.293200 0.000003 1.909725 7.682150 9.750000 56908.dat
9 0 0.000000 -1.000000 0.000000 -1.000000 -0.000000 -0.000000 0.000000 0.000000 -1.000000 16.504356 0.000000 0.000006 1.909725 7.682150 9.750000 56908.dat
9 0 0.866025 -0.500000 0.000000 -0.500000 -0.866025 -0.000000 0.000000 0.000000 -1.000000 8.252182 14.293200 0.000003 1.909725 7.682150 9.750000 56908.dat
9 0 0.866025 0.500000 0.000000 0.500000 -0.866025 0.000000 0.000000 0.000000 -1.000000 -8.252169 14.293200 -0.000003 1.909725 7.682150 9.750000 56908.dat
9 0 0.000000 1.000000 0.000000 1.000000 -0.000000 0.000000 0.000000 0.000000 -1.000000 -8.137420 0.000000 4.999997 4.375050 0.137500 14.749999 56908.dat
9 0 -0.866025 0.500000 -0.000000 0.500000 0.866025 0.000000 0.000000 0.000000 -1.000000 -8.252169 -14.293200 -0.000003 1.909725 7.682150 9.750000 56908.dat
9 0 -1.000000 0.000000 -0.000000 0.000000 1.000000 0.000000 0.000000 0.000000 -1.000000 0.000008 -38.163250 -3.614575 12.250000 8.786700 10.672325 56908.dat
9 0 -0.500000 -0.866025 -0.000000 -0.866025 0.500000 -0.000000 0.000000 0.000000 -1.000000 33.050510 -19.081650 -3.614564 12.250000 8.786700 10.672325 56908.dat
9 0 0.500000 -0.866025 0.000000 -0.866025 -0.500000 -0.000000 0.000000 0.000000 -1.000000 33.050510 19.081650 -3.614564 12.250000 8.786700 10.672325 56908.dat
9 0 1.000000 0.000000 0.000000 0.000000 -1.000000 0.000000 0.000000 0.000000 -1.000000 0.000008 38.163250 -3.614575 12.250000 8.786700 10.672325 56908.dat
9 0 0.500000 0.866025 0.000000 0.866025 -0.500000 0.000000 0.000000 0.000000 -1.000000 -33.050491 19.081650 -3.614585 12.250000 8.786700 10.672325 56908.dat
9 0 -0.500000 0.866025 -0.000000 0.866025 0.500000 0.000000 0.000000 0.000000 -1.000000 -33.050491 -19.081650 -3.614585 12.250000 8.786700 10.672325 56908.dat
9 0 0.000000 1.000000 0.000000 1.000000 -0.000000 0.000000 0.000000 0.000000 -1.000000 -16.504345 0.000000 -0.000006 1.909725 7.682150 9.750000 56908.dat
9 0 -1.000000 0.000000 -0.000000 0.000000 1.000000 0.000000 0.000000 0.000000 -1.000000 0.000005 -8.137425 5.000000 4.375050 0.137500 14.749999 56908.dat
9 0 0.000000 -1.000000 0.000000 -1.000000 -0.000000 -0.000000 0.000000 0.000000 -1.000000 8.137430 0.000000 5.000003 4.375050 0.137500 14.749999 56908.dat
9 0 1.000000 0.000000 0.000000 0.000000 -1.000000 0.000000 0.000000 0.000000 -1.000000 0.000005 8.137425 5.000000 4.375050 0.137500 14.749999 56908.dat
10 0 -54.000004 -54.000004 -52.499996 54.000004 54.000004 12.500000 56908.dat
0 4 0.000000 1.000000 0.000000 -0.000000 -0.000000 1.000000 1.000000 0.000000 0.000000 0.000007 0.000000 0.000000 0 0 0.800000 0 0 56908.dat
0 2 0.000000 1.000000 0.000000 -0.000000 -0.000000 1.000000 1.000000 0.000000 0.000000 0.000003 -20.000000 10.000000 0 0 0.800000 0 0 56908.dat
0 2 -0.866025 0.500000 -0.000000 -0.000000 -0.000000 1.000000 0.500000 0.866025 0.000000 17.320503 -10.000000 10.000006 0 0 0.800000 0 0 56908.dat
0 2 -0.866025 -0.500000 -0.000000 -0.000000 -0.000000 1.000000 -0.500000 0.866025 -0.000000 17.320503 10.000000 10.000006 0 0 0.800000 0 0 56908.dat
0 2 0.000000 -1.000000 -0.000000 -0.000000 -0.000000 1.000000 -1.000000 0.000000 -0.000000 0.000003 20.000000 10.000000 0 0 0.800000 0 0 56908.dat
0 2 0.866025 -0.500000 0.000000 -0.000000 0.000000 1.000000 -0.500000 -0.866025 -0.000000 -17.320498 10.000000 9.999994 0 0 0.800000 0 0 56908.dat
0 2 0.866025 0.500000 0.000000 -0.000000 0.000000 1.000000 0.500000 -0.866025 0.000000 -17.320498 -10.000000 9.999994 0 0 0.800000 0 0 56908.dat
4 15 -1.000000 0.000000 -0.000000 -0.000000 -0.000000 1.000000 -0.000000 1.000000 0.000000 0.000006 0.000000 2.500000 1 56908.dat
4 15 -1.000000 0.000000 -0.000000 0.000000 -0.000000 -1.000000 -0.000000 -1.000000 0.000000 0.000006 0.000000 2.500000 1 56908.dat
