9 0 0.965926 0.258818 0.000000 -0.258818 0.965926 0.000000 0.000000 0.000000 1.000000 2.355595 -8.818172 0.067325 7.139174 1.193675 3.445375 56902.dat
9 0 0.707106 -0.707107 0.000000 0.707107 0.707106 0.000000 0.000000 0.000000 1.000000 -6.482389 -6.472514 0.067325 7.139174 1.160500 3.445375 56902.dat
9 0 -0.258820 -0.965926 0.000000 0.965926 -0.258820 0.000000 0.000000 0.000000 1.000000 -8.814544 2.369062 0.067325 7.139174 1.193650 3.445375 56902.dat
9 0 -0.965926 -0.258818 0.000000 0.258818 -0.965926 0.000000 0.000000 0.000000 1.000000 -2.355595 8.818172 0.067325 7.139174 1.193675 3.445375 56902.dat
9 0 -0.707106 0.707107 0.000000 -0.707107 -0.707106 0.000000 0.000000 0.000000 1.000000 6.482389 6.472514 0.067325 7.139174 1.160500 3.445375 56902.dat
9 0 0.258820 0.965926 0.000000 -0.965926 0.258820 0.000000 0.000000 0.000000 1.000000 8.814544 -2.369062 0.067325 7.139174 1.193650 3.445375 56902.dat
9 0 0.707106 -0.707107 0.000000 0.707107 0.707106 0.000000 0.000000 0.000000 1.000000 -10.152348 -10.124046 -6.487200 5.107300 6.337575 2.070475 56902.dat
9 0 0.707106 -0.707107 0.000000 0.707107 0.707106 0.000000 0.000000 0.000000 1.000000 -10.152348 -10.124046 6.621750 5.107300 6.337575 2.070475 56902.dat
9 0 0.965926 -0.258820 0.000000 0.258820 0.965926 0.000000 0.000000 0.000000 1.000000 -3.730159 -13.843857 -6.487200 5.107300 6.337575 2.070475 56902.dat
9 0 0.965926 -0.258820 0.000000 0.258820 0.965926 0.000000 0.000000 0.000000 1.000000 -3.730159 -13.843857 6.621750 5.107300 6.337575 2.070475 56902.dat
9 0 0.965926 0.258818 0.000000 -0.258818 0.965926 0.000000 0.000000 0.000000 1.000000 3.691510 -13.854204 -6.487200 5.107300 6.337575 2.070475 56902.dat
9 0 0.965926 0.258818 0.000000 -0.258818 0.965926 0.000000 0.000000 0.000000 1.000000 3.691510 -13.854204 6.621750 5.107300 6.337575 2.070475 56902.dat
9 0 0.707107 0.707106 0.000000 -0.707106 0.707107 0.000000 0.000000 0.000000 1.000000 10.124046 -10.152348 -6.487200 5.107300 6.337575 2.070475 56902.dat
9 0 0.707107 0.707106 0.000000 -0.707106 0.707107 0.000000 0.000000 0.000000 1.000000 10.124046 -10.152348 6.621750 5.107300 6.337575 2.070475 56902.dat
9 0 0.258820 0.965926 0.000000 -0.965926 0.258820 0.000000 0.000000 0.000000 1.000000 13.843857 -3.730159 -6.487200 5.107300 6.337575 2.070475 56902.dat
9 0 0.258820 0.965926 0.000000 -0.965926 0.258820 0.000000 0.000000 0.000000 1.000000 13.843857 -3.730159 6.621750 5.107300 6.337575 2.070475 56902.dat
9 0 -0.258818 0.965926 0.000000 -0.965926 -0.258818 0.000000 0.000000 0.000000 1.000000 13.854204 3.691510 -6.487200 5.107300 6.337575 2.070475 56902.dat
9 0 -0.258818 0.965926 0.000000 -0.965926 -0.258818 0.000000 0.000000 0.000000 1.000000 13.854204 3.691510 6.621750 5.107300 6.337575 2.070475 56902.dat
9 0 -0.707106 0.707107 0.000000 -0.707107 -0.707106 0.000000 0.000000 0.000000 1.000000 10.152348 10.124046 -6.487200 5.107300 6.337575 2.070475 56902.dat
9 0 -0.707106 0.707107 0.000000 -0.707107 -0.707106 0.000000 0.000000 0.000000 1.000000 10.152348 10.124046 6.621750 5.107300 6.337575 2.070475 56902.dat
9 0 -0.965926 0.258820 0.000000 -0.258820 -0.965926 0.000000 0.000000 0.000000 1.000000 3.730159 13.843857 -6.487200 5.107300 6.337575 2.070475 56902.dat
9 0 -0.965926 0.258820 0.000000 -0.258820 -0.965926 0.000000 0.000000 0.000000 1.000000 3.730159 13.843857 6.621750 5.107300 6.337575 2.070475 56902.dat
9 0 -0.965926 -0.258818 0.000000 0.258818 -0.965926 0.000000 0.000000 0.000000 1.000000 -3.691510 13.854204 -6.487200 5.107300 6.337575 2.070475 56902.dat
9 0 -0.965926 -0.258818 0.000000 0.258818 -0.965926 0.000000 0.000000 0.000000 1.000000 -3.691510 13.854204 6.621750 5.107300 6.337575 2.070475 56902.dat
9 0 -0.707107 -0.707106 0.000000 0.707106 -0.707107 0.000000 0.000000 0.000000 1.000000 -10.124046 10.152348 -6.487200 5.107300 6.337575 2.070475 56902.dat
9 0 -0.707107 -0.707106 0.000000 0.707106 -0.707107 0.000000 0.000000 0.000000 1.000000 -10.124046 10.152348 6.621750 5.107300 6.337575 2.070475 56902.dat
9 0 -0.258820 -0.965926 0.000000 0.965926 -0.258820 0.000000 0.000000 0.000000 1.000000 -13.843857 3.730159 -6.487200 5.107300 6.337575 2.070475 56902.dat
9 0 -0.258820 -0.965926 0.000000 0.965926 -0.258820 0.000000 0.000000 0.000000 1.000000 -13.843857 3.730159 6.621750 5.107300 6.337575 2.070475 56902.dat
9 0 0.258818 -0.965926 0.000000 0.965926 0.258818 0.000000 0.000000 0.000000 1.000000 -13.854204 -3.691510 -6.487200 5.107300 6.337575 2.070475 56902.dat
9 0 0.258818 -0.965926 0.000000 0.965926 0.258818 0.000000 0.000000 0.000000 1.000000 -13.854204 -3.691510 6.621750 5.107300 6.337575 2.070475 56902.dat
10 0 -21.500000 -21.500000 -30.192249 21.500000 21.500000 -10.000000 56902.dat
0 2 0.707107 0.707106 -0.000000 -0.000000 -0.000000 -1.000000 -0.707106 0.707107 -0.000000 0.000000 0.000000 -10.000000 0 0 0.800000 0 0 56902.dat
4 41 0.707106 -0.707107 0.000000 -0.000000 -0.000000 1.000000 -0.707107 -0.707106 -0.000000 0.000000 0.000000 0.000000 1 56902.dat
2 22 0.707106 -0.707107 0.000000 -0.000000 -0.000000 -1.000000 0.707107 0.707106 -0.000000 0.000012 14.142137 -10.000000 2 2 22:1:1,22:2:1,22:1:1,22:2:1,16:4:64,22:2:1,22:1:1,22:2:1,22:1:1, 56902.dat
2 22 0.707106 -0.707107 0.000000 -0.000000 -0.000000 1.000000 -0.707107 -0.707106 -0.000000 -14.142137 0.000012 10.000001 2 2 22:1:1,22:2:1,22:1:1,22:2:1,16:4:64,22:2:1,22:1:1,22:2:1,22:1:1, 56902.dat
4 41 0.707106 -0.707107 0.000000 0.000000 0.000000 -1.000000 0.707107 0.707106 0.000000 0.000000 0.000000 0.000000 1 56902.dat
