9 0 0.980067 0.000000 0.198668 0.074392 0.927246 -0.366989 -0.184214 0.374453 0.908763 0.465609 -50.840748 -2.296934 1.125000 6.025825 1.239725 57467.dat
9 0 -0.198668 -0.000000 0.980067 0.366988 0.927246 0.074392 -0.908763 0.374452 -0.184214 2.296934 -50.840748 0.465609 1.125000 6.025825 1.239725 57467.dat
9 0 -0.980067 0.000000 -0.198668 -0.074392 0.927246 0.366989 0.184214 0.374454 -0.908763 -0.465609 -50.840748 2.296934 1.125000 6.025825 1.239725 57467.dat
9 0 0.198668 0.000000 -0.980067 -0.366988 0.927246 -0.074392 0.908763 0.374452 0.184215 -2.296934 -50.840748 -0.465609 1.125000 6.025825 1.239725 57467.dat
9 0 0.552532 0.000000 0.833492 0.000000 1.000000 0.000000 -0.833492 0.000000 0.552532 0.000000 -51.893997 0.000000 0.961275 7.180225 0.961275 57467.dat
9 0 0.980067 0.000000 0.198668 -0.198668 -0.000000 0.980067 0.000000 -1.000000 -0.000000 0.000000 -22.250000 0.000000 2.437500 2.437500 22.000000 57467.dat
9 0 0.833491 -0.000000 -0.552533 0.552533 0.000000 0.833491 0.000000 -1.000000 0.000000 0.000000 -22.250000 0.000000 2.437500 2.437500 22.000000 57467.dat
10 0 -6.750000 0.000000 -6.750000 6.750000 60.000004 6.750000 57467.dat
0 7 -0.198668 0.000000 0.980067 0.000000 1.000000 0.000000 -0.980067 0.000000 -0.198668 0.000000 0.000000 0.000000 0 1 1.780000 0 0 57467.dat
2 22 0.980067 0.000000 0.198668 0.000000 1.000000 0.000000 -0.198668 0.000000 0.980067 -11.787352 0.000000 7.813984 2 2 29:0:0,29:0:0,29:0:0,29:0:0,9:4:32,29:0:0,29:0:0,29:0:0,29:0:0, 57467.dat
