9 0 -0.000000 1.000000 0.000000 -0.000000 -0.000000 1.000000 1.000000 0.000000 0.000000 0.000006 -69.500000 -397.375000 59.750004 1.625000 73.500000 57781.dat
9 0 0.000000 0.000000 -1.000000 0.000000 1.000000 0.000000 1.000000 0.000000 0.000000 0.000003 -11.375000 -199.625000 199.375000 1.625000 73.500000 57781.dat
9 0 0.000000 0.000000 -1.000000 1.000000 -0.000000 0.000000 -0.000000 -1.000000 -0.000000 -74.625000 -69.500000 -199.625000 199.375000 4.375000 59.750004 57781.dat
9 0 0.000000 0.000000 -1.000000 1.000000 -0.000000 0.000000 -0.000000 -1.000000 -0.000000 74.625000 -69.500000 -199.625000 199.375000 4.375000 59.750004 57781.dat
9 0 0.000000 0.241141 -0.970490 -0.000000 0.970490 0.241141 1.000000 0.000000 0.000000 0.000000 -21.319675 39.547749 40.980999 1.565775 63.307999 57781.dat
9 0 0.000000 0.000000 -1.000000 0.000000 1.000000 0.000000 1.000000 0.000000 0.000000 -30.000002 -2.000000 -10.000000 2.000000 11.000000 9.750000 57781.dat
9 0 0.000000 0.000000 -1.000000 0.000000 1.000000 0.000000 1.000000 0.000000 0.000000 -30.000002 -2.000000 -30.000002 2.000000 11.000000 9.750000 57781.dat
9 0 0.000000 0.000000 -1.000000 0.000000 1.000000 0.000000 1.000000 0.000000 0.000000 -30.000002 -2.000000 -50.000000 2.000000 11.000000 9.750000 57781.dat
9 0 0.000000 0.000000 -1.000000 0.000000 1.000000 0.000000 1.000000 0.000000 0.000000 -30.000002 -2.000000 -70.000000 2.000000 11.000000 9.750000 57781.dat
9 0 0.000000 0.000000 -1.000000 0.000000 1.000000 0.000000 1.000000 0.000000 0.000000 -30.000002 8.126699 -40.000000 39.750000 0.873300 7.750000 57781.dat
9 0 0.000000 0.000000 -1.000000 0.000000 1.000000 0.000000 1.000000 0.000000 0.000000 -30.000002 -11.227250 -40.000000 49.000000 1.846725 9.750000 57781.dat
9 0 0.000000 0.000000 -1.000000 0.000000 1.000000 0.000000 1.000000 0.000000 0.000000 -30.000002 -6.625000 8.500000 0.500000 6.375000 9.750000 57781.dat
9 0 0.000000 0.000000 -1.000000 0.000000 1.000000 0.000000 1.000000 0.000000 0.000000 -30.000002 -6.625000 -88.500000 0.500000 6.375000 9.750000 57781.dat
9 0 0.000000 0.707107 -0.707107 -0.000000 0.707107 0.707107 1.000000 0.000000 0.000000 -30.000002 4.960825 -85.250504 0.200375 5.442300 7.750000 57781.dat
9 0 0.000000 -0.707107 -0.707107 0.000000 0.707107 -0.707107 1.000000 0.000000 0.000000 -30.000002 4.708375 5.028325 0.192050 5.475600 7.750000 57781.dat
9 0 0.000000 0.000000 -1.000000 0.000000 1.000000 0.000000 1.000000 0.000000 0.000000 29.999998 -2.000000 -9.999999 2.000000 11.000000 9.750000 57781.dat
9 0 0.000000 0.000000 -1.000000 0.000000 1.000000 0.000000 1.000000 0.000000 0.000000 29.999998 -2.000000 -30.000002 2.000000 11.000000 9.750000 57781.dat
9 0 0.000000 0.000000 -1.000000 0.000000 1.000000 0.000000 1.000000 0.000000 0.000000 29.999998 -2.000000 -50.000000 2.000000 11.000000 9.750000 57781.dat
9 0 0.000000 0.000000 -1.000000 0.000000 1.000000 0.000000 1.000000 0.000000 0.000000 29.999998 -2.000000 -70.000000 2.000000 11.000000 9.750000 57781.dat
9 0 0.000000 0.000000 -1.000000 0.000000 1.000000 0.000000 1.000000 0.000000 0.000000 29.999998 8.126699 -40.000000 39.750000 0.873300 7.750000 57781.dat
9 0 0.000000 0.000000 -1.000000 0.000000 1.000000 0.000000 1.000000 0.000000 0.000000 29.999998 -11.227250 -40.000000 49.000000 1.846725 9.750000 57781.dat
9 0 0.000000 0.000000 -1.000000 0.000000 1.000000 0.000000 1.000000 0.000000 0.000000 29.999998 -6.625000 8.500001 0.500000 6.375000 9.750000 57781.dat
9 0 0.000000 0.000000 -1.000000 0.000000 1.000000 0.000000 1.000000 0.000000 0.000000 29.999998 -6.625000 -88.500000 0.500000 6.375000 9.750000 57781.dat
9 0 0.000000 0.707107 -0.707107 -0.000000 0.707107 0.707107 1.000000 0.000000 0.000000 29.999998 4.960825 -85.250504 0.200375 5.442300 7.750000 57781.dat
9 0 0.000000 -0.707107 -0.707107 0.000000 0.707107 -0.707107 1.000000 0.000000 0.000000 29.999998 4.708375 5.028326 0.192050 5.475600 7.750000 57781.dat
9 0 -0.000000 0.625031 -0.780600 1.000000 0.000000 0.000000 0.000000 -0.780600 -0.625031 -74.625000 -72.574753 25.739750 30.849499 4.375000 47.773502 57781.dat
9 0 -0.000000 0.625031 -0.780600 1.000000 0.000000 0.000000 0.000000 -0.780600 -0.625031 74.625000 -72.574753 25.739750 30.849499 4.375000 47.773502 57781.dat
9 0 -0.003060 0.240561 -0.970629 0.903785 0.416075 0.100270 0.427975 -0.876933 -0.218689 70.599007 -36.390503 36.266251 41.440002 1.337900 18.224325 57781.dat
9 0 0.003060 0.240561 -0.970629 -0.903785 0.416075 0.100270 0.427975 0.876933 0.218689 -70.157005 -36.390503 36.266251 41.440002 1.337900 18.224325 57781.dat
10 0 -80.608498 -9.250000 -120.000008 400.000000 129.500000 40.000000 57781.dat
0 2 0.000000 0.000000 -1.000000 -1.000000 -0.000000 -0.000000 -0.000000 1.000000 -0.000000 -40.000000 0.000000 0.000000 0 0 0.800000 0 0 57781.dat
0 2 0.000000 0.000000 -1.000000 -1.000000 -0.000000 -0.000000 -0.000000 1.000000 -0.000000 -40.000000 0.000000 -20.000000 0 0 0.800000 0 0 57781.dat
0 2 0.000000 0.000000 -1.000000 -1.000000 -0.000000 -0.000000 -0.000000 1.000000 -0.000000 -40.000000 0.000000 -40.000000 0 0 0.800000 0 0 57781.dat
0 2 0.000000 0.000000 -1.000000 -1.000000 -0.000000 -0.000000 -0.000000 1.000000 -0.000000 -40.000000 0.000000 -60.000004 0 0 0.800000 0 0 57781.dat
0 2 0.000000 0.000000 -1.000000 -1.000000 -0.000000 -0.000000 -0.000000 1.000000 -0.000000 -40.000000 0.000000 -80.000000 0 0 0.800000 0 0 57781.dat
0 2 0.000000 0.000000 -1.000000 -1.000000 -0.000000 -0.000000 -0.000000 1.000000 -0.000000 20.000002 0.000000 0.000001 0 0 0.800000 0 0 57781.dat
0 2 0.000000 0.000000 -1.000000 -1.000000 -0.000000 -0.000000 -0.000000 1.000000 -0.000000 20.000002 0.000000 -20.000000 0 0 0.800000 0 0 57781.dat
0 2 0.000000 0.000000 -1.000000 -1.000000 -0.000000 -0.000000 -0.000000 1.000000 -0.000000 20.000002 0.000000 -40.000000 0 0 0.800000 0 0 57781.dat
0 2 0.000000 0.000000 -1.000000 -1.000000 -0.000000 -0.000000 -0.000000 1.000000 -0.000000 20.000002 0.000000 -60.000004 0 0 0.800000 0 0 57781.dat
0 2 0.000000 0.000000 -1.000000 -1.000000 -0.000000 -0.000000 -0.000000 1.000000 -0.000000 20.000002 0.000000 -80.000000 0 0 0.800000 0 0 57781.dat
