9 0 1.000000 0.000000 0.000000 0.000000 1.000000 0.000000 0.000000 0.000000 1.000000 0.000000 29.587498 -20.000000 29.750002 2.137500 9.750000 57783.dat
9 0 1.000000 0.000000 0.000000 0.000000 0.825307 0.564684 0.000000 -0.564684 0.825307 0.000000 15.513049 -8.691075 36.000000 2.137500 23.935850 57783.dat
9 0 1.000000 0.000000 0.000000 0.000000 1.000000 0.000000 0.000000 0.000000 1.000000 -38.125004 29.374998 5.000000 1.625000 2.375000 24.750000 57783.dat
9 0 1.000000 0.000000 0.000000 0.000000 1.000000 0.000000 0.000000 0.000000 1.000000 -38.125004 16.012499 19.960751 1.625000 15.737499 9.789250 57783.dat
9 0 1.000000 0.000000 0.000000 0.000000 1.000000 0.000000 0.000000 0.000000 1.000000 38.124996 29.600000 5.000000 1.625000 2.150000 24.750000 57783.dat
9 0 1.000000 0.000000 0.000000 0.000000 1.000000 0.000000 0.000000 0.000000 1.000000 38.124996 16.012499 19.960751 1.625000 15.737499 9.789250 57783.dat
9 0 1.000000 0.000000 0.000000 0.000000 1.000000 0.000000 0.000000 0.000000 1.000000 -31.687502 1.817748 19.960751 8.062500 1.682375 9.789250 57783.dat
9 0 1.000000 0.000000 0.000000 0.000000 1.000000 0.000000 0.000000 0.000000 1.000000 31.687498 1.817748 19.960751 8.062500 1.682375 9.789250 57783.dat
9 0 1.000000 0.000000 0.000000 0.000000 -0.519566 0.854430 0.000000 -0.854430 -0.519566 38.124996 19.805050 0.327900 1.625000 14.748150 4.491000 57783.dat
9 0 1.000000 0.000000 0.000000 0.000000 -0.519566 0.854430 0.000000 -0.854430 -0.519566 -38.125004 19.805050 0.327900 1.625000 14.748150 4.491000 57783.dat
9 0 0.895381 0.373095 0.243092 0.004557 -0.553551 0.832803 0.445278 -0.744568 -0.497339 -37.002899 15.274824 -4.974475 1.625000 19.013626 2.444300 57783.dat
9 0 -0.895381 0.373095 0.243090 -0.004558 -0.553550 0.832803 0.445278 0.744568 0.497339 37.195747 15.639049 -4.713300 1.625000 19.013626 2.444300 57783.dat
10 0 -10.000000 0.000000 -50.000000 70.000000 36.424999 10.000000 57783.dat
2 22 1.000000 0.000000 0.000000 0.000000 1.000000 0.000000 0.000000 0.000000 1.000000 -40.000000 32.000000 30.000002 6 8 22:1:1,29:0:1,29:0:1,29:0:1,29:0:1,29:0:1,29:0:1,29:0:1,22:1:1,22:2:1,29:0:1,29:0:1,29:0:1,29:0:1,29:0:1,29:0:1,29:0:1,22:2:1,22:2:1,29:0:1,29:0:1,29:0:1,29:0:1,29:0:1,29:0:1,29:0:1,22:2:1,22:2:1,29:0:1,29:0:1,29:0:1,29:0:1,29:0:1,29:0:1,29:0:1,22:2:1,22:2:1,22:2:1,22:2:1,22:2:1,22:2:1,22:2:1,22:2:1,22:2:1,22:2:1,22:2:1,15:4:2,9:4:1,15:4:1,9:4:1,15:4:1,9:4:1,15:4:2,22:2:1,22:1:1,22:2:1,22:2:1,22:2:1,22:2:1,22:2:1,22:2:1,22:2:1,22:1:1, 57783.dat
3 23 1.000000 0.000000 0.000000 0.000000 1.000000 0.000000 0.000000 0.000000 1.000000 -40.000000 0.000000 30.000002 2 8 18:1:1,23:4:1,18:1:1,29:0:1,29:0:1,29:0:1,18:1:1,23:4:1,18:1:1,23:4:1,1:4:2,23:4:1,29:0:1,29:0:1,29:0:1,23:4:1,1:4:2,23:4:1,29:0:1,23:4:1,29:0:1,29:0:1,29:0:1,29:0:1,29:0:1,23:4:1,29:0:1, 57783.dat
