9 0 1.000000 0.000000 0.000000 0.000000 1.000000 0.000000 0.000000 0.000000 1.000000 0.000000 -4.146500 0.000000 11.144025 3.896500 11.144025 57900.dat
9 0 1.000000 0.000000 0.000000 0.000000 0.987549 0.157314 0.000000 -0.157314 0.987549 0.000000 10.823650 15.456624 9.486125 11.086101 0.678850 57900.dat
9 0 -0.949130 -0.214765 0.230278 -0.220028 0.975489 0.002894 -0.225255 -0.047921 -0.973121 -14.058874 10.816625 3.913500 0.555250 11.216650 10.119450 57900.dat
9 0 0.949130 -0.214765 0.230278 0.220027 0.975489 0.002895 -0.225255 0.047920 0.973121 14.058874 10.816625 3.913500 0.555250 11.216650 10.119450 57900.dat
10 0 -19.333324 -22.500000 -20.153900 19.333324 11.500000 17.220276 57900.dat
2 22 1.000000 0.000000 0.000000 0.000000 1.000000 0.000000 0.000000 0.000000 1.000000 -10.000000 0.000000 10.000000 2 2 29:0:0,29:0:0,29:0:0,29:0:0,15:4:33,29:0:0,29:0:0,29:0:0,29:0:0, 57900.dat
