9 0 1.000000 -0.000000 0.000000 -0.000000 0.000000 1.000000 -0.000000 -1.000000 -0.000000 0.000006 -28.611002 -0.049701 11.216200 17.224699 6.859350 58090.dat
9 0 0.866025 0.500000 0.000000 -0.000000 0.000000 1.000000 0.500000 -0.866025 0.000000 14.305531 -24.777899 -0.049697 11.216200 17.224699 6.859350 58090.dat
9 0 0.500001 0.866025 -0.000001 0.000001 0.000001 1.000000 0.866025 -0.500001 -0.000000 24.777906 -14.305525 -0.049694 11.216200 17.224724 6.859350 58090.dat
9 0 0.000000 1.000000 0.000000 -0.000000 -0.000000 1.000000 1.000000 0.000000 0.000000 28.611008 0.000000 -0.049692 11.216200 17.224699 6.859350 58090.dat
9 0 -0.500000 0.866026 -0.000000 -0.000000 0.000000 1.000000 0.866026 0.500000 0.000000 24.777906 14.305525 -0.049694 11.216200 17.224699 6.859350 58090.dat
9 0 -0.866025 0.500000 -0.000000 -0.000000 -0.000000 1.000000 0.500000 0.866025 0.000000 14.305531 24.777899 -0.049697 11.216200 17.224699 6.859350 58090.dat
9 0 -1.000000 0.000000 -0.000000 -0.000000 -0.000000 1.000000 -0.000000 1.000000 0.000000 0.000006 28.611002 -0.049701 11.216200 17.224699 6.859350 58090.dat
9 0 -0.866025 -0.500000 -0.000000 -0.000000 -0.000000 1.000000 -0.500000 0.866025 -0.000000 -14.305518 24.777899 -0.049706 11.216200 17.224699 6.859350 58090.dat
9 0 -0.500000 -0.866025 0.000001 0.000001 0.000001 1.000000 -0.866025 0.500000 0.000000 -24.777893 14.305525 -0.049709 11.216200 17.224724 6.859350 58090.dat
9 0 0.000000 -1.000000 -0.000000 -0.000000 -0.000000 1.000000 -1.000000 0.000000 -0.000000 -28.610996 0.000000 -0.049710 11.216200 17.224699 6.859350 58090.dat
9 0 0.500001 -0.866025 0.000001 -0.000001 0.000001 1.000000 -0.866025 -0.500001 -0.000001 -24.777893 -14.305525 -0.049709 11.216200 17.224699 6.859350 58090.dat
9 0 0.866025 -0.500000 0.000000 -0.000000 0.000000 1.000000 -0.500000 -0.866025 -0.000000 -14.305518 -24.777899 -0.049706 11.216200 17.224699 6.859350 58090.dat
10 0 -37.994251 -37.994751 -37.049751 37.994251 37.994751 -2.049725 58090.dat
4 32 -1.000000 0.000000 -0.000000 0.000000 -0.000000 -1.000000 -0.000000 -1.000000 0.000000 0.000006 0.000000 -0.068276 1 58090.dat
4 32 -1.000000 0.000000 -0.000000 -0.000000 0.000000 1.000000 0.000000 1.000000 -0.000000 0.000006 0.000000 -0.068276 1 58090.dat
