9 0 0.000001 -0.706416 0.707797 0.000000 0.707797 0.706416 -1.000000 -0.000000 0.000001 0.000000 -16.306717 -15.914011 3.234725 1.834500 5.703675 58136.dat
9 0 0.000001 -0.481238 0.876590 -0.000000 0.876590 0.481238 -1.000000 -0.000000 0.000001 0.000005 -18.609018 -10.673636 2.372725 3.198025 5.703675 58136.dat
9 0 0.000001 -0.000001 1.000000 -0.000001 1.000000 0.000001 -1.000000 -0.000001 0.000001 0.000003 -5.221075 -0.025003 3.624350 0.819300 8.164975 58136.dat
9 0 0.000001 -0.000001 1.000000 -0.000001 1.000000 0.000001 -1.000000 -0.000001 0.000001 -3.913416 -18.145176 -3.938433 1.413425 11.604800 1.413425 58136.dat
9 0 0.000001 -0.000001 1.000000 -0.000001 1.000000 0.000001 -1.000000 -0.000001 0.000001 -3.913410 -18.145180 3.888417 1.413425 11.604800 1.413425 58136.dat
9 0 0.000001 -0.000001 1.000000 -0.000001 1.000000 0.000001 -1.000000 -0.000001 0.000001 3.913440 -18.145176 3.888412 1.413425 11.604800 1.413425 58136.dat
9 0 0.000001 -0.000001 1.000000 -0.000001 1.000000 0.000001 -1.000000 -0.000001 0.000001 3.913434 -18.145170 -3.938438 1.413425 11.604800 1.413425 58136.dat
9 0 0.000001 -0.000001 1.000000 -0.000001 1.000000 0.000001 -1.000000 -0.000001 0.000001 -7.239739 -17.509430 -0.024981 3.720500 12.240550 0.864750 58136.dat
9 0 0.000001 -0.000001 1.000000 -0.000001 1.000000 0.000001 -1.000000 -0.000001 0.000001 7.239761 -17.509420 -0.024990 3.720500 12.240550 0.864750 58136.dat
9 0 1.000000 0.000001 -0.000001 -0.000001 1.000000 0.000001 0.000001 -0.000001 1.000000 0.000007 -17.509420 -7.264736 3.720500 12.240550 0.864750 58136.dat
9 0 1.000000 0.000001 -0.000001 -0.000001 1.000000 0.000001 0.000001 -0.000001 1.000000 0.000016 -17.509430 7.214765 3.720500 12.240550 0.864750 58136.dat
9 0 -0.000000 -0.706415 -0.707798 -0.000001 0.707798 -0.706415 1.000000 0.000000 -0.000001 0.000021 -16.306734 15.863989 3.234725 1.834500 5.703675 58136.dat
9 0 -0.000000 -0.481236 -0.876591 0.000001 0.876591 -0.481236 1.000000 -0.000001 0.000000 0.000019 -18.609030 10.623590 2.372725 3.198025 5.703675 58136.dat
10 0 -27.148251 -9.800025 0.000000 27.098251 9.800000 30.000002 58136.dat
0 4 1.000000 0.000001 -0.000001 0.000001 -1.000000 -0.000001 -0.000001 0.000001 -1.000000 0.000020 -30.000002 -0.025018 0 1 0.800000 0 0 58136.dat
6 89 0.000001 -1.000000 -0.000001 1.000000 0.000001 -0.000001 0.000001 -0.000001 1.000000 0.000000 0.000000 0.000000 0.000000 0.000000 0.000000 0.000000 0 58136.dat
