9 0 1.000000 0.000000 0.000000 0.000000 1.000000 0.000000 0.000000 0.000000 1.000000 -20.000002 -27.999996 -24.354551 19.750000 27.750000 15.395451 58148.dat
9 0 1.000000 0.000000 0.000000 0.000000 1.000000 0.000000 0.000000 0.000000 1.000000 -16.250000 -27.120750 0.000000 16.000000 28.629250 39.750000 58148.dat
9 0 1.000000 0.000000 0.000000 0.000000 0.530790 -0.847503 0.000000 0.847503 0.530790 -20.000002 -59.205254 12.350997 19.750000 4.531125 6.535625 58148.dat
9 0 1.000000 0.000000 0.000000 0.000000 0.943264 -0.332042 0.000000 0.332042 0.943264 -20.000002 -61.810749 3.606999 19.750000 8.163549 6.535625 58148.dat
9 0 1.000000 0.000000 0.000000 0.000000 0.530790 0.847503 0.000000 -0.847503 0.530790 -20.000002 -59.161747 -12.281801 19.750000 4.612800 6.535625 58148.dat
9 0 1.000000 0.000000 0.000000 0.000000 1.000000 0.000000 0.000000 0.000000 1.000000 9.999999 12.000000 0.000000 29.750002 11.750000 39.750000 58148.dat
9 0 1.000000 0.000000 0.000000 0.000000 1.000000 0.000000 0.000000 0.000000 1.000000 -20.000002 -27.999996 24.374998 19.750000 27.750000 15.375026 58148.dat
9 0 1.000000 0.000000 0.000000 0.000000 0.943264 0.332042 0.000000 -0.332042 0.943264 -20.000002 -61.744499 -3.583750 19.750000 8.233624 6.535625 58148.dat
9 0 1.000000 0.000000 0.000000 0.000000 1.000000 0.000000 0.000000 0.000000 1.000000 -38.125004 -53.372002 0.024998 1.625000 13.871876 10.787675 58148.dat
9 0 1.000000 0.000000 0.000000 0.000000 1.000000 0.000000 0.000000 0.000000 1.000000 0.000000 20.629225 0.000000 39.750000 3.120775 39.750000 58148.dat
9 0 -0.973671 0.000000 -0.227957 0.000000 1.000000 0.000000 0.227957 0.000000 -0.973671 24.632000 -2.499999 33.930500 3.407850 2.250025 1.155750 58148.dat
9 0 1.000000 0.000000 0.000000 0.000000 1.000000 0.000000 0.000000 0.000000 1.000000 0.000000 12.000000 33.875000 39.750000 11.750000 5.875000 58148.dat
9 0 1.000000 0.000000 0.000000 0.000000 1.000000 0.000000 0.000000 0.000000 1.000000 -38.125027 0.879249 0.000000 1.625000 0.629225 39.750000 58148.dat
9 0 -1.000000 0.000000 -0.000000 0.000000 1.000000 0.000000 0.000000 0.000000 -1.000000 35.937500 -0.875001 19.999998 3.812500 3.875000 9.750000 58148.dat
9 0 1.000000 0.000000 0.000000 0.000000 1.000000 0.000000 0.000000 0.000000 1.000000 -38.125004 10.783150 0.000000 1.624975 12.966825 12.000000 58148.dat
9 0 -1.000000 0.000000 -0.000000 0.000000 1.000000 0.000000 0.000000 0.000000 -1.000000 21.812498 -0.875001 19.999998 1.812525 3.875000 9.750000 58148.dat
9 0 -1.000000 0.000000 -0.000000 0.000000 1.000000 0.000000 0.000000 0.000000 -1.000000 35.937500 -0.875001 -20.000002 3.812500 3.875000 9.750000 58148.dat
9 0 -1.000000 0.000000 -0.000000 0.000000 1.000000 0.000000 0.000000 0.000000 -1.000000 21.812498 -0.875001 -20.000002 1.812525 3.875000 9.750000 58148.dat
9 0 0.223963 0.000000 0.974598 0.000000 1.000000 0.000000 -0.974598 0.000000 0.223963 24.622000 -2.499999 6.051999 1.121400 2.250025 3.407825 58148.dat
9 0 0.973671 0.000000 0.227957 0.000000 1.000000 0.000000 -0.227957 0.000000 0.973671 31.118000 -2.499999 6.069499 3.407850 2.250025 1.155750 58148.dat
9 0 0.223963 0.000000 0.974598 0.000000 1.000000 0.000000 -0.974598 0.000000 0.223963 24.622000 -2.499999 -33.948128 1.121400 2.250025 3.407825 58148.dat
9 0 0.973671 0.000000 0.227957 0.000000 1.000000 0.000000 -0.227957 0.000000 0.973671 31.118000 -2.499999 -33.930576 3.407850 2.250025 1.155750 58148.dat
9 0 -0.223963 0.000000 -0.974598 0.000000 1.000000 0.000000 0.974598 0.000000 -0.223963 31.128002 -2.499999 -6.051876 1.121400 2.250025 3.407825 58148.dat
9 0 -0.223963 0.000000 -0.974598 0.000000 1.000000 0.000000 0.974598 0.000000 -0.223963 31.128002 -2.499999 33.948250 1.121400 2.250025 3.407825 58148.dat
9 0 -0.973671 0.000000 -0.227957 0.000000 1.000000 0.000000 0.227957 0.000000 -0.973671 24.632000 -2.499999 -6.069426 3.407850 2.250025 1.155750 58148.dat
9 0 1.000000 0.000000 0.000000 0.000000 1.000000 0.000000 0.000000 0.000000 1.000000 0.000000 12.000000 -33.875000 39.750000 11.750000 5.875000 58148.dat
10 0 -10.000025 0.000000 -70.000000 161.087250 96.000000 10.000000 58148.dat
0 2 -0.000000 1.000000 0.000000 -1.000000 -0.000000 0.000000 0.000000 0.000000 1.000000 -40.000000 9.508474 19.999998 0 0 0.800000 0 0 58148.dat
0 2 -0.000000 1.000000 0.000000 -1.000000 -0.000000 0.000000 0.000000 0.000000 1.000000 -40.000000 9.508474 -20.000002 0 0 0.800000 0 0 58148.dat
2 22 1.000000 0.000000 0.000000 0.000000 1.000000 0.000000 0.000000 0.000000 1.000000 -40.000000 24.000000 39.999996 8 8 22:1:1,22:2:1,22:2:1,22:2:1,22:2:1,22:2:1,22:2:1,22:2:1,22:1:1,22:2:1,15:4:1,23:4:1,15:4:1,23:4:1,15:4:1,23:4:1,15:4:1,22:2:1,22:2:1,23:4:1,7:4:2,23:4:1,7:4:2,23:4:1,7:4:2,23:4:1,22:2:1,22:2:1,15:4:1,23:4:1,15:4:1,23:4:1,15:4:1,23:4:1,15:4:1,22:2:1,22:2:1,23:4:1,7:4:2,23:4:1,7:4:2,23:4:1,7:4:2,23:4:1,22:2:1,22:2:1,15:4:1,23:4:1,15:4:1,23:4:1,15:4:1,23:4:1,15:4:1,22:2:1,22:2:1,23:4:1,7:4:2,23:4:1,7:4:2,23:4:1,7:4:2,23:4:1,22:2:1,22:2:1,15:4:1,23:4:1,15:4:1,23:4:1,15:4:1,23:4:1,15:4:1,22:2:1,22:1:1,22:2:1,22:2:1,22:2:1,22:2:1,22:2:1,22:2:1,22:2:1,22:1:1, 58148.dat
3 23 1.000000 0.000000 0.000000 0.000000 1.000000 0.000000 0.000000 0.000000 1.000000 -40.000000 -56.000000 39.999996 8 4 18:1:1,23:4:1,18:2:1,23:4:1,18:1:1,23:4:1,1:4:1,23:4:1,1:4:1,23:4:1,18:1:1,23:4:1,18:2:1,23:4:1,29:0:1,29:0:1,29:0:1,29:0:1,29:0:1,29:0:1,29:0:1,29:0:1,29:0:1,29:0:1,29:0:1,29:0:1,29:0:1,29:0:1,29:0:1,29:0:1,18:1:1,23:4:1,18:2:1,23:4:1,29:0:1,23:4:1,1:4:1,23:4:1,1:4:1,23:4:1,18:1:1,23:4:1,18:2:1,23:4:1,18:1:1, 58148.dat
8 14 -1.000000 0.000000 -0.000000 0.000000 1.000000 0.000000 0.000000 0.000000 -1.000000 -36.250000 -6.000002 0.000000 0 0 1.200000 0 Channel 58148.dat
3 23 1.000000 0.000000 0.000000 0.000000 1.000000 0.000000 0.000000 0.000000 1.000000 0.000000 0.000000 39.999996 8 4 18:1:1,23:4:1,18:2:1,23:4:1,18:1:1,23:4:1,0:4:1,23:4:1,26:4:1,23:4:1,18:2:1,23:4:1,18:4:1,23:4:1,18:2:1,23:4:1,0:4:1,23:4:1,25:4:1,23:4:1,18:2:1,23:4:1,18:4:1,23:4:1,18:2:1,23:4:1,0:4:1,23:4:1,26:4:1,23:4:1,18:2:1,23:4:1,18:4:1,23:4:1,18:2:1,23:4:1,0:4:1,23:4:1,25:4:1,23:4:1,18:1:1,23:4:1,18:2:1,23:4:1,18:1:1, 58148.dat
4 97 -1.000000 0.000000 -0.000000 0.000000 1.000000 0.000000 0.000000 0.000000 -1.000000 19.999998 0.000000 -20.000002 2 Port2 58148.dat
4 97 -1.000000 0.000000 -0.000000 0.000000 1.000000 0.000000 0.000000 0.000000 -1.000000 19.999998 0.000000 19.999998 2 Port3 58148.dat
