9 0 0.000000 0.000000 -1.000000 0.000000 1.000000 0.000000 1.000000 0.000000 0.000000 0.000000 -4.034500 0.000000 2.375000 9.036050 2.375000 58247.dat
9 0 0.000000 0.978148 -0.207912 -0.000000 0.207912 0.978148 1.000000 0.000000 0.000000 0.000000 -15.496601 -2.906200 3.599500 16.996876 3.750000 58247.dat
9 0 0.000000 0.978148 -0.207912 -0.000000 0.207912 0.978148 1.000000 0.000000 0.000000 0.000000 -16.268526 -7.272650 2.529525 28.951248 2.323325 58247.dat
9 0 0.000000 0.978148 -0.207912 -0.000000 0.207912 0.978148 1.000000 0.000000 0.000000 0.000000 -11.163075 -14.743650 3.814800 14.855625 1.625000 58247.dat
9 0 0.000000 0.978148 -0.207912 -0.000000 0.207912 0.978148 1.000000 0.000000 0.000000 -0.000000 -21.562500 4.961575 3.469725 10.548676 1.466925 58247.dat
10 0 -22.839975 0.000000 -4.000000 36.778500 32.831249 4.000000 58247.dat
0 7 1.000000 0.000000 0.000000 0.000000 1.000000 0.000000 -0.000000 0.000000 1.000000 0.000000 5.250000 0.000000 0 1 0.601417 0 0 58247.dat
2 22 0.000000 0.000000 -1.000000 0.000000 1.000000 0.000000 1.000000 0.000000 0.000000 10.000000 5.250000 10.000000 2 2 29:0:0,29:0:0,29:0:0,29:0:0,9:4:32,29:0:0,29:0:0,29:0:0,29:0:0, 58247.dat
2 22 -0.000000 -0.978148 0.207912 0.000000 -0.207912 -0.978148 1.000000 0.000000 0.000000 10.000001 -12.584275 -38.026001 2 2 29:0:0,29:0:0,29:0:0,29:0:0,9:4:32,29:0:0,29:0:0,29:0:0,29:0:0, 58247.dat
0 7 1.000000 0.000000 0.000000 0.000000 -0.207911 -0.978148 -0.000000 0.978148 -0.207911 0.000000 -22.365751 -35.947002 0 1 0.660000 0 0 58247.dat
0 7 0.000000 0.978148 -0.207912 -0.000000 0.207912 0.978148 1.000000 0.000000 0.000000 -0.000000 -10.047001 22.008326 0 1 0.320000 0 0 58247.dat
2 22 0.000000 0.978148 -0.207912 -0.000000 0.207912 0.978148 1.000000 0.000000 0.000000 10.000000 -19.828501 24.087425 2 2 29:0:0,29:0:0,29:0:0,29:0:0,9:4:32,29:0:0,29:0:0,29:0:0,29:0:0, 58247.dat
