9 0 0.000000 0.000000 1.000000 0.000000 1.000000 0.000000 -1.000000 0.000000 0.000000 0.000007 228.000015 13.168753 6.581250 11.750000 19.750000 58827.dat
9 0 0.000000 0.000000 1.000000 0.000000 1.000000 0.000000 -1.000000 0.000000 0.000000 0.000004 120.150009 4.682252 15.067750 1.625000 10.987925 58827.dat
9 0 0.000000 0.000000 1.000000 0.000000 1.000000 0.000000 -1.000000 0.000000 0.000000 -0.000002 120.000008 -15.999996 2.448075 95.750000 2.448075 58827.dat
9 0 0.000000 0.000000 1.000000 0.000000 1.000000 0.000000 -1.000000 0.000000 0.000000 17.055309 120.000008 15.999996 3.214100 95.750000 2.158800 58827.dat
9 0 0.000000 0.000000 1.000000 0.000000 1.000000 0.000000 -1.000000 0.000000 0.000000 -17.055241 120.000008 16.000008 3.214100 95.750000 2.158800 58827.dat
9 0 0.000000 0.000000 1.000000 0.000000 1.000000 0.000000 -1.000000 0.000000 0.000000 -13.149998 228.000015 0.000007 19.750000 11.750000 6.600000 58827.dat
9 0 -0.000000 0.000000 -1.000000 0.000000 1.000000 0.000000 1.000000 0.000000 -0.000000 -0.000001 228.000015 -13.043746 6.706250 11.750000 19.750000 58827.dat
9 0 0.000000 0.000000 1.000000 0.000000 1.000000 0.000000 -1.000000 0.000000 0.000000 13.062504 228.000015 -0.000001 19.750000 11.750000 6.687500 58827.dat
9 0 0.000000 0.000000 1.000000 0.000000 1.000000 0.000000 -1.000000 0.000000 0.000000 13.062504 12.000012 -0.000001 19.750000 11.750000 6.687500 58827.dat
9 0 -0.000000 0.000000 -1.000000 0.000000 1.000000 0.000000 1.000000 0.000000 -0.000000 -0.000001 12.000012 -13.043746 6.706250 11.750000 19.750000 58827.dat
9 0 0.000000 0.000000 1.000000 0.000000 1.000000 0.000000 -1.000000 0.000000 0.000000 0.000007 12.000012 13.168753 6.581250 11.750000 19.750000 58827.dat
9 0 0.000000 0.000000 1.000000 0.000000 1.000000 0.000000 -1.000000 0.000000 0.000000 -13.149998 12.000012 0.000007 19.750000 11.750000 6.600000 58827.dat
9 0 0.000000 0.000000 1.000000 0.000000 1.000000 0.000000 -1.000000 0.000000 0.000000 13.435209 168.084763 15.183249 3.163825 17.250000 1.312050 58827.dat
9 0 0.000000 0.000000 1.000000 0.000000 1.000000 0.000000 -1.000000 0.000000 0.000000 -13.435191 168.084763 15.183255 3.163825 17.250000 1.312050 58827.dat
9 0 0.000000 0.000000 1.000000 0.000000 1.000000 0.000000 -1.000000 0.000000 0.000000 -13.435191 65.921761 15.183255 3.163825 11.256325 1.312050 58827.dat
9 0 0.000000 0.545581 0.838058 -0.077199 0.835557 -0.543953 -0.997016 -0.064697 0.042118 9.705927 198.224503 -4.538300 3.163825 17.036350 1.828575 58827.dat
9 0 0.006510 0.533932 -0.845502 -0.118398 -0.839161 -0.530840 -0.992945 0.103562 0.057753 10.690953 147.336502 1.488925 3.163825 20.432375 1.828575 58827.dat
9 0 0.000000 0.545581 0.838058 -0.077199 0.835557 -0.543953 -0.997016 -0.064697 0.042118 10.683079 95.686508 -0.108550 3.163825 19.533899 1.828575 58827.dat
9 0 0.006510 0.533932 -0.845502 -0.118398 -0.839161 -0.530840 -0.992945 0.103562 0.057753 10.300128 48.397003 -0.263325 3.163825 17.131449 1.828575 58827.dat
9 0 0.000000 0.545581 0.838058 0.077199 0.835557 -0.543953 -0.997016 0.064697 -0.042118 -9.705923 198.224503 -4.538294 3.163825 17.036350 1.828575 58827.dat
9 0 -0.006511 0.533932 -0.845502 0.118398 -0.839161 -0.530840 -0.992945 -0.103562 -0.057753 -10.690947 147.336502 1.488931 3.163825 20.432375 1.828575 58827.dat
9 0 0.000000 0.545581 0.838058 0.077199 0.835557 -0.543953 -0.997016 0.064697 -0.042118 -10.683072 95.686508 -0.108544 3.163825 19.533899 1.828575 58827.dat
9 0 -0.006511 0.533932 -0.845502 0.118398 -0.839161 -0.530840 -0.992945 -0.103562 -0.057753 -10.300121 48.397003 -0.263318 3.163825 17.131449 1.828575 58827.dat
9 0 0.000000 0.000000 1.000000 0.000000 1.000000 0.000000 -1.000000 0.000000 0.000000 13.435209 65.664505 15.183249 3.163825 10.999275 1.312050 58827.dat
10 0 -10.000000 0.000000 -30.000002 30.000002 244.449997 10.000000 58827.dat
3 23 0.000000 0.000000 1.000000 0.000000 1.000000 0.000000 -1.000000 0.000000 0.000000 -20.000004 0.000000 -19.999990 4 4 18:1:1,23:4:1,18:2:1,23:4:1,18:1:1,23:4:1,1:4:0,23:4:1,1:4:0,23:4:1,18:2:1,23:4:1,18:4:1,23:4:1,18:2:1,23:4:1,1:4:0,23:4:1,1:4:0,23:4:1,18:1:1,23:4:1,18:2:1,23:4:1,18:1:1, 58827.dat
2 22 0.000000 0.000000 1.000000 0.000000 1.000000 0.000000 -1.000000 0.000000 0.000000 -20.000004 240.000015 -19.999990 4 4 22:1:1,22:2:1,22:2:1,22:2:1,22:1:1,22:2:1,15:4:1,23:4:1,15:4:1,22:2:1,22:2:1,23:4:1,7:4:1,23:4:1,22:2:1,22:2:1,15:4:1,23:4:1,15:4:1,22:2:1,22:1:1,22:2:1,22:2:1,22:2:1,22:1:1, 58827.dat
0 4 0.000000 0.000000 1.000000 -0.000000 -1.000000 0.000000 1.000000 -0.000000 -0.000000 0.212603 216.000015 0.186228 0 0 0.620000 0 0 58827.dat
0 7 -1.000000 0.000000 0.000000 0.000000 1.000000 0.000000 -0.000000 0.000000 -1.000000 -0.000002 198.834747 -15.999996 1 1 2.460000 0 1 58827.dat
0 7 -1.000000 0.000000 0.000000 0.000000 1.000000 0.000000 -0.000000 0.000000 -1.000000 -0.000002 102.665260 -15.999996 1 1 2.460000 0 1 58827.dat
0 4 0.000000 0.000000 1.000000 -0.000000 -1.000000 0.000000 1.000000 -0.000000 -0.000000 0.212603 0.000000 0.186228 0 0 0.960000 0 0 58827.dat
