9 0 0.000000 0.000000 -1.000000 0.000000 1.000000 0.000000 1.000000 0.000000 0.000000 -56.000877 12.000000 50.000000 29.750002 11.750000 15.750900 58846.dat
9 0 0.000000 0.000000 -1.000000 0.000000 1.000000 0.000000 1.000000 0.000000 0.000000 13.046747 12.000000 -21.299500 41.049500 11.750000 6.703200 58846.dat
9 0 0.000000 0.236558 -0.971617 -0.000000 0.971617 0.236558 1.000000 0.000000 0.000000 76.375496 13.488025 -84.971756 20.147701 5.811975 3.374525 58846.dat
9 0 0.000000 0.000000 -1.000000 0.000000 1.000000 0.000000 1.000000 0.000000 0.000000 -26.320272 12.000000 -0.278503 20.028526 11.750000 19.913851 58846.dat
9 0 0.000000 0.000000 -1.000000 0.000000 1.000000 0.000000 1.000000 0.000000 0.000000 -21.823750 12.000000 13.062501 6.687500 11.750000 41.573750 58846.dat
9 0 0.000000 0.000000 -1.000000 0.000000 1.000000 0.000000 1.000000 0.000000 0.000000 -1.760751 12.000000 -25.072754 18.697800 11.750000 21.510624 58846.dat
9 0 -0.703260 0.000000 -0.710933 0.000000 1.000000 0.000000 0.710933 0.000000 -0.703260 -30.162174 21.499998 -29.448503 26.074999 2.250000 75.854752 58846.dat
9 0 0.000000 0.000000 -1.000000 0.000000 1.000000 0.000000 1.000000 0.000000 0.000000 -79.840500 21.499998 78.031250 1.718750 2.250000 39.590500 58846.dat
9 0 0.000000 0.000000 -1.000000 0.000000 1.000000 0.000000 1.000000 0.000000 0.000000 78.031250 20.587475 -77.777748 37.527748 3.162525 1.718750 58846.dat
9 0 -0.062011 0.000000 -0.998075 0.000000 1.000000 0.000000 0.998075 0.000000 -0.062011 67.665253 21.499998 -117.438004 1.549175 2.250000 11.996825 58846.dat
9 0 -0.207679 0.000000 -0.978197 0.000000 1.000000 0.000000 0.978197 0.000000 -0.207679 39.285248 21.499998 -113.928009 1.549175 2.250000 3.570925 58846.dat
9 0 -0.299258 0.000000 -0.954172 0.000000 1.000000 0.000000 0.954172 0.000000 -0.299258 20.460247 21.499998 -109.020996 1.549175 2.250000 3.078600 58846.dat
9 0 -0.404172 0.000000 -0.914683 0.000000 1.000000 0.000000 0.914683 0.000000 -0.404172 -0.768247 21.499998 -100.888252 1.549175 2.250000 6.881900 58846.dat
9 0 -0.498482 0.000000 -0.866900 0.000000 1.000000 0.000000 0.866900 0.000000 -0.498482 -20.269997 21.499998 -90.973251 1.549175 2.250000 2.185400 58846.dat
9 0 -0.597789 0.000000 -0.801653 0.000000 1.000000 0.000000 0.801653 0.000000 -0.597789 -38.962070 21.499998 -78.376251 1.549175 2.250000 7.475425 58846.dat
9 0 -0.706008 0.001102 -0.708203 0.000767 0.999999 0.000792 0.708203 0.000016 -0.706008 -60.036827 21.497900 -60.056000 1.549175 2.250000 7.742001 58846.dat
9 0 -0.799638 0.000000 -0.600482 0.000000 1.000000 0.000000 0.600482 0.000000 -0.799638 -78.340500 21.499998 -38.964005 1.549175 2.250000 7.446725 58846.dat
9 0 -0.864233 0.000000 -0.503092 0.000000 1.000000 0.000000 0.503092 0.000000 -0.864233 -90.908501 21.499998 -20.321501 1.549175 2.250000 2.206800 58846.dat
9 0 -0.912187 0.000000 -0.409774 0.000000 1.000000 0.000000 0.409774 0.000000 -0.912187 -100.870255 21.499998 -0.779998 1.549175 2.250000 6.865725 58846.dat
9 0 -0.952708 0.000000 -0.303888 0.000000 1.000000 0.000000 0.303888 0.000000 -0.952708 -109.030998 21.499998 20.462748 1.549175 2.250000 3.065400 58846.dat
9 0 -0.978678 0.000000 -0.205399 0.000000 1.000000 0.000000 0.205399 0.000000 -0.978678 -113.934998 21.499998 39.279499 1.549175 2.250000 3.570925 58846.dat
9 0 -0.998004 0.000000 -0.063151 0.000000 1.000000 0.000000 0.063151 0.000000 -0.998004 -117.515755 21.499998 67.480621 1.451825 2.250000 12.151675 58846.dat
9 0 0.000000 0.000000 -1.000000 0.000000 1.000000 0.000000 1.000000 0.000000 0.000000 50.000000 21.374998 -92.417496 12.167450 2.375000 29.750002 58846.dat
9 0 0.000000 0.000000 -1.000000 0.000000 1.000000 0.000000 1.000000 0.000000 0.000000 -92.240501 21.374998 50.000000 29.750002 2.375000 11.990425 58846.dat
9 0 -0.703260 0.000000 -0.710933 0.000000 1.000000 0.000000 0.710933 0.000000 -0.703260 -49.365524 21.499998 -49.922997 7.218225 2.250000 49.478752 58846.dat
9 0 -0.971617 0.236558 0.000000 0.236558 0.971617 -0.000000 -0.000000 0.000000 -1.000000 -84.971748 13.488025 76.375473 20.147701 5.811975 3.374525 58846.dat
9 0 -0.195159 0.419960 -0.886310 0.098991 0.907507 0.408207 0.975763 -0.008071 -0.218680 35.474747 9.630975 -87.852249 19.750000 0.697250 40.340000 58846.dat
9 0 -0.618899 0.407903 -0.671252 0.281314 0.913005 0.295438 0.733367 -0.005986 -0.679807 -42.757751 9.933175 -41.617508 18.902275 0.918900 48.139999 58846.dat
9 0 -0.877161 0.427051 -0.219582 0.413408 0.904222 0.107130 0.244301 0.003194 -0.969694 -86.784248 9.520425 35.130497 17.879400 1.093550 40.561501 58846.dat
9 0 0.000000 0.000000 -1.000000 0.000000 1.000000 0.000000 1.000000 0.000000 0.000000 47.773750 12.000000 -55.160755 14.910799 11.750000 31.976250 58846.dat
10 0 -10.000000 0.000000 -130.000000 190.000000 28.450001 70.000000 58846.dat
3 23 0.000000 0.000000 -1.000000 0.000000 1.000000 0.000000 1.000000 0.000000 0.000000 79.999992 0.000000 80.000000 16 16 29:0:1,29:0:1,29:0:1,29:0:1,29:0:1,29:0:1,29:0:1,29:0:1,29:0:1,29:0:1,29:0:1,29:0:1,18:1:1,23:4:1,18:2:1,23:4:1,18:1:1,29:0:1,29:0:1,29:0:1,29:0:1,29:0:1,29:0:1,29:0:1,29:0:1,29:0:1,29:0:1,29:0:1,29:0:1,23:4:1,0:4:1,23:4:1,0:4:0,23:4:1,29:0:1,29:0:1,29:0:1,29:0:1,29:0:1,29:0:1,29:0:1,29:0:1,29:0:1,29:0:1,29:0:1,29:0:1,18:2:1,23:4:1,29:0:1,23:4:1,29:0:1,29:0:1,29:0:1,29:0:1,29:0:1,29:0:1,29:0:1,29:0:1,29:0:1,29:0:1,29:0:1,29:0:1,29:0:1,23:4:1,0:4:1,23:4:1,29:0:1,29:0:1,29:0:1,29:0:1,29:0:1,29:0:1,29:0:1,29:0:1,29:0:1,29:0:1,29:0:1,29:0:1,29:0:1,29:0:1,18:2:1,23:4:1,29:0:1,29:0:1,29:0:1,29:0:1,29:0:1,29:0:1,29:0:1,29:0:1,29:0:1,29:0:1,29:0:1,29:0:1,29:0:1,29:0:1,29:0:1,23:4:1,0:4:1,23:4:1,29:0:1,29:0:1,29:0:1,29:0:1,29:0:1,29:0:1,29:0:1,29:0:1,18:1:1,23:4:1,18:2:1,23:4:1,18:2:1,23:4:1,18:3:1,23:4:1,29:0:1,29:0:1,29:0:1,29:0:1,29:0:1,29:0:1,29:0:1,29:0:1,29:0:1,23:4:1,0:4:0,23:4:1,0:4:0,23:4:1,0:4:1,23:4:1,0:4:0,23:4:1,29:0:1,29:0:1,29:0:1,29:0:1,29:0:1,29:0:1,29:0:1,29:0:1,18:2:1,23:4:1,18:4:0,23:4:1,18:4:1,23:4:1,18:4:1,23:4:1,29:0:1,29:0:1,29:0:1,29:0:1,29:0:1,29:0:1,29:0:1,29:0:1,29:0:1,23:4:1,0:4:0,23:4:1,0:4:0,23:4:1,0:4:1,23:4:1,29:0:1,29:0:1,29:0:1,29:0:1,29:0:1,29:0:1,29:0:1,29:0:1,29:0:1,29:0:1,18:2:1,23:4:1,18:4:1,23:4:1,18:4:1,23:4:1,29:0:1,29:0:1,29:0:1,29:0:1,29:0:1,29:0:1,29:0:1,29:0:1,29:0:1,29:0:1,29:0:1,23:4:1,0:4:1,23:4:1,0:4:1,23:4:1,29:0:1,29:0:1,29:0:1,29:0:1,29:0:1,29:0:1,18:1:1,23:4:1,18:2:1,23:4:1,18:2:1,23:4:1,18:3:1,23:4:1,18:4:1,23:4:1,29:0:1,29:0:1,29:0:1,29:0:1,29:0:1,29:0:1,29:0:1,23:4:1,0:4:1,23:4:1,0:4:1,23:4:1,0:4:1,23:4:1,0:4:0,23:4:1,29:0:1,29:0:1,29:0:1,29:0:1,29:0:1,29:0:1,29:0:1,29:0:1,18:2:1,23:4:1,29:0:1,23:4:1,29:0:1,23:4:1,29:0:1,23:4:1,29:0:1,29:0:1,29:0:1,29:0:1,29:0:1,29:0:1,29:0:1,29:0:1,29:0:1,23:4:1,0:4:0,23:4:1,29:0:1,29:0:1,29:0:1,29:0:1,29:0:1,29:0:1,29:0:1,29:0:1,29:0:1,29:0:1,29:0:1,29:0:1,29:0:1,29:0:1,18:1:1,23:4:1,29:0:1,29:0:1,29:0:1,29:0:1,29:0:1,29:0:1,29:0:1,29:0:1,29:0:1,29:0:1,29:0:1,29:0:1,29:0:1,29:0:1,29:0:1, 58846.dat
2 22 0.000000 0.000000 -1.000000 0.000000 1.000000 0.000000 1.000000 0.000000 0.000000 79.999992 24.000000 80.000000 20 20 29:0:1,29:0:1,29:0:1,29:0:1,29:0:1,29:0:1,29:0:1,29:0:1,29:0:1,29:0:1,29:0:1,29:0:1,22:1:1,22:2:1,22:2:1,22:2:1,22:2:1,22:2:1,22:2:1,22:2:1,22:1:1,29:0:1,29:0:1,29:0:1,29:0:1,29:0:1,29:0:1,29:0:1,29:0:1,29:0:1,29:0:1,29:0:1,29:0:1,22:2:1,15:4:1,23:4:1,15:4:1,23:4:1,15:4:1,23:4:1,15:4:1,22:2:1,29:0:1,29:0:1,29:0:1,29:0:1,29:0:1,29:0:1,29:0:1,29:0:1,29:0:1,29:0:1,29:0:1,29:0:1,22:2:1,23:4:1,7:4:2,23:4:1,7:4:2,23:4:1,7:4:2,23:4:1,22:2:1,29:0:1,29:0:1,29:0:1,29:0:1,29:0:1,29:0:1,29:0:1,29:0:1,29:0:1,29:0:1,29:0:1,29:0:1,22:2:1,15:4:1,23:4:1,15:4:1,23:4:1,15:4:1,23:4:1,29:0:1,29:0:1,29:0:1,29:0:1,29:0:1,29:0:1,29:0:1,29:0:1,29:0:1,29:0:1,29:0:1,29:0:1,29:0:1,29:0:1,22:2:1,23:4:1,7:4:2,23:4:1,7:4:2,23:4:1,7:4:2,22:2:1,29:0:1,29:0:1,29:0:1,29:0:1,29:0:1,29:0:1,29:0:1,29:0:1,29:0:1,29:0:1,29:0:1,29:0:1,29:0:1,22:2:1,15:4:1,23:4:1,15:4:1,23:4:1,15:4:1,23:4:1,29:0:1,29:0:1,29:0:1,29:0:1,29:0:1,29:0:1,29:0:1,29:0:1,22:1:1,22:2:1,22:2:1,22:2:1,22:2:1,22:2:1,22:3:1,23:4:1,7:4:2,23:4:1,7:4:2,23:4:1,7:4:2,22:2:1,29:0:1,29:0:1,29:0:1,29:0:1,29:0:1,29:0:1,29:0:1,22:2:1,15:4:1,23:4:1,15:4:1,23:4:1,15:4:1,23:4:1,15:4:1,23:4:1,15:4:1,23:4:1,15:4:1,29:0:1,29:0:1,29:0:1,29:0:1,29:0:1,29:0:1,29:0:1,29:0:1,29:0:1,22:2:1,23:4:1,7:4:0,23:4:1,7:4:2,23:4:1,7:4:2,23:4:1,7:4:2,23:4:1,7:4:2,23:4:1,22:2:1,29:0:1,29:0:1,29:0:1,29:0:1,29:0:1,29:0:1,29:0:1,29:0:1,22:2:1,15:4:1,23:4:1,15:4:1,23:4:1,15:4:1,23:4:1,15:4:1,23:4:1,15:4:1,23:4:1,15:4:0,29:0:1,29:0:1,29:0:1,29:0:1,29:0:1,29:0:1,29:0:1,29:0:1,29:0:1,22:2:1,23:4:1,7:4:2,23:4:1,7:4:2,23:4:1,7:4:2,23:4:1,7:4:2,23:4:1,7:4:2,22:2:1,29:0:1,29:0:1,29:0:1,29:0:1,29:0:1,29:0:1,29:0:1,29:0:1,29:0:1,22:2:1,15:4:1,23:4:1,15:4:1,23:4:1,15:4:1,23:4:1,15:4:1,23:4:1,15:4:1,23:4:1,29:0:1,29:0:1,29:0:1,29:0:1,22:1:1,22:2:1,22:2:1,22:2:1,22:2:1,22:2:1,22:3:1,23:4:1,7:4:2,23:4:1,7:4:2,23:4:1,7:4:2,23:4:1,7:4:2,23:4:1,22:2:1,29:0:1,29:0:1,29:0:1,29:0:1,22:2:1,15:4:1,23:4:1,15:4:1,23:4:1,15:4:1,23:4:1,15:4:1,23:4:1,15:4:1,23:4:1,15:4:1,23:4:1,15:4:1,23:4:1,29:0:1,29:0:1,29:0:1,29:0:1,29:0:1,29:0:1,22:2:1,23:4:1,7:4:2,23:4:1,7:4:2,23:4:1,7:4:2,23:4:1,7:4:2,23:4:1,7:4:2,23:4:1,7:4:2,23:4:1,22:2:1,29:0:1,29:0:1,29:0:1,29:0:1,29:0:1,29:0:1,22:2:1,15:4:1,23:4:1,15:4:1,23:4:1,15:4:1,23:4:1,15:4:1,23:4:1,15:4:1,23:4:1,15:4:1,23:4:1,29:0:1,29:0:1,29:0:1,29:0:1,29:0:1,29:0:1,29:0:1,29:0:1,22:2:1,23:4:1,7:4:2,23:4:1,7:4:2,23:4:1,7:4:2,23:4:1,7:4:2,23:4:1,7:4:2,23:4:1,22:2:1,29:0:1,29:0:1,29:0:1,29:0:1,29:0:1,29:0:1,29:0:1,29:0:1,22:2:1,15:4:1,23:4:1,15:4:1,23:4:1,15:4:1,23:4:1,15:4:1,23:4:1,15:4:0,22:2:1,29:0:1,29:0:1,29:0:1,29:0:1,29:0:1,29:0:1,29:0:1,29:0:1,29:0:1,29:0:1,22:2:1,23:4:1,7:4:2,23:4:1,7:4:2,23:4:1,7:4:2,23:4:1,22:2:1,29:0:1,29:0:1,29:0:1,29:0:1,29:0:1,29:0:1,29:0:1,29:0:1,29:0:1,29:0:1,29:0:1,29:0:1,22:2:1,15:4:1,23:4:1,29:0:1,22:2:1,29:0:1,22:2:1,29:0:1,29:0:1,29:0:1,29:0:1,29:0:1,29:0:1,29:0:1,29:0:1,29:0:1,29:0:1,29:0:1,29:0:1,29:0:1,29:0:1,22:1:1,22:2:1,22:2:1,29:0:1,29:0:1,29:0:1,29:0:1,29:0:1,29:0:1,29:0:1,29:0:1,29:0:1,29:0:1,29:0:1,29:0:1,29:0:1,29:0:1,29:0:1,29:0:1,29:0:1,29:0:1, 58846.dat
0 4 1.000000 0.000000 0.000000 0.000000 1.000000 0.000000 -0.000000 0.000000 1.000000 0.000000 18.750000 0.000000 0 0 0.750000 0 0 58846.dat
