9 0 -1.000000 0.000000 -0.000000 0.000000 0.770678 -0.637224 0.000000 -0.637224 -0.770678 -0.137276 12.268750 -73.538246 6.360550 1.331950 4.286800 59227.dat
9 0 0.986418 0.000708 -0.164254 0.006872 0.998937 0.045574 0.164112 -0.046083 0.985365 13.740767 1.851825 -49.626495 1.620325 4.074900 14.356125 59227.dat
9 0 0.487817 0.842256 -0.229433 -0.849312 0.518667 0.098250 0.201751 0.146932 0.968353 8.436660 9.592575 -29.694998 1.093300 9.783575 18.437124 59227.dat
9 0 -1.000000 0.000000 -0.000000 0.000000 1.000000 0.000000 0.000000 0.000000 -1.000000 0.000019 11.779099 -57.793499 4.992225 0.307800 13.045150 59227.dat
9 0 -0.999595 -0.017466 0.022449 -0.022763 0.964467 -0.263222 -0.017054 -0.263626 -0.964474 -0.288392 16.199875 -25.255999 4.992225 0.307800 17.280325 59227.dat
9 0 0.830204 0.535684 0.154285 -0.547589 0.835500 0.045676 -0.104437 -0.122405 0.986970 -7.354555 8.021700 -61.144001 4.992225 2.527150 16.337074 59227.dat
9 0 -1.000000 0.000000 -0.000000 -0.000000 0.522185 0.852832 0.000000 0.852832 -0.522185 0.000002 16.000423 -5.876175 6.363100 0.307800 5.460650 59227.dat
9 0 0.817594 -0.423542 -0.390066 0.572330 0.523590 0.631104 -0.063064 -0.739234 0.670490 16.492104 10.765750 -9.411445 10.873975 0.307800 3.449650 59227.dat
9 0 1.000000 -0.000000 0.000000 -0.000000 0.961185 0.275907 -0.000000 -0.275907 0.961185 -25.583500 5.964025 1.555542 3.570125 1.740625 1.933025 59227.dat
9 0 1.000000 -0.000000 0.000000 -0.000000 0.688619 0.725123 -0.000000 -0.725123 0.688619 -25.583500 4.386650 4.305292 3.570125 1.740625 1.933025 59227.dat
9 0 1.000000 -0.000000 0.000000 -0.000000 0.254404 0.967098 -0.000000 -0.967098 0.254404 -25.583502 1.616625 5.977142 3.570125 1.740625 1.933025 59227.dat
9 0 1.000000 0.000000 0.000000 -0.000000 -0.260781 0.965398 0.000000 -0.965398 -0.260781 -25.583502 -1.594850 5.988692 3.570125 1.740625 1.933025 59227.dat
9 0 1.000000 0.000000 0.000000 -0.000000 -0.706749 0.707464 0.000000 -0.707464 -0.706749 -25.583500 -4.385875 4.400067 3.570125 1.740625 1.933025 59227.dat
9 0 1.000000 0.000000 0.000000 0.000000 -0.965134 0.261756 0.000000 -0.261756 -0.965134 -25.583500 -6.015700 1.632867 3.570125 1.740625 1.933025 59227.dat
9 0 1.000000 0.000000 0.000000 0.000000 -0.967355 -0.253426 0.000000 0.253426 -0.967355 -25.583500 -6.051700 -1.578433 3.570125 1.740625 1.933025 59227.dat
9 0 1.000000 0.000000 0.000000 0.000000 -0.712821 -0.701346 0.000000 0.701346 -0.712821 -25.583500 -4.484350 -4.381458 3.570125 1.740625 1.933025 59227.dat
9 0 1.000000 0.000000 0.000000 0.000000 -0.269094 -0.963114 0.000000 0.963114 -0.269094 -25.583496 -1.729625 -6.032283 3.570125 1.740625 1.933025 59227.dat
9 0 1.000000 0.000000 0.000000 0.000000 0.246058 -0.969255 -0.000000 0.969255 0.246058 -25.583496 1.481275 -6.092733 3.570125 1.740625 1.933025 59227.dat
9 0 1.000000 0.000000 0.000000 0.000000 0.695900 -0.718139 -0.000000 0.718139 0.695900 -25.583500 4.296175 -4.546758 3.570125 1.740625 1.933025 59227.dat
9 0 1.000000 0.000000 0.000000 0.000000 0.961038 -0.276416 -0.000000 0.276416 0.961038 -25.583500 5.967900 -1.804683 3.570125 1.740625 1.933025 59227.dat
9 0 0.958954 -0.279874 0.045583 0.282835 0.932559 -0.224362 0.020285 0.228045 0.973439 11.730129 7.584700 -14.418021 5.419250 0.447425 8.007299 59227.dat
9 0 0.037909 0.991627 -0.123449 -0.998643 0.033180 -0.040138 -0.035706 0.124803 0.991539 6.396180 12.234500 -14.214173 4.083300 0.447425 8.007150 59227.dat
9 0 0.059899 0.990417 0.124445 -0.949003 0.095160 -0.300563 -0.309525 -0.100096 0.945609 -20.442291 -0.323250 -21.351580 5.775500 1.465400 15.703275 59227.dat
9 0 -0.968409 0.000000 -0.249367 -0.093765 0.926614 0.364134 0.231068 0.376013 -0.897342 -9.152303 4.764150 -67.846260 0.531950 4.074900 6.651150 59227.dat
9 0 0.069425 0.994169 0.082511 0.948354 -0.040110 -0.314669 -0.309525 0.100096 -0.945608 21.087307 -0.234150 -21.575342 5.775500 1.419075 17.541126 59227.dat
9 0 0.968409 -0.000001 -0.249367 0.093766 0.926615 0.364134 0.231067 -0.376013 0.897342 9.152348 4.764150 -67.846245 0.531950 4.074900 6.651150 59227.dat
9 0 -0.988123 0.031438 -0.150413 0.031050 0.999506 0.004926 0.150494 0.000197 -0.988611 -13.740733 1.851825 -49.626507 1.620325 4.074900 14.356125 59227.dat
9 0 -1.000000 0.000000 -0.000000 0.000000 0.961038 -0.276415 0.000000 -0.276415 -0.961038 25.583500 5.967900 -1.804667 3.570125 1.740625 1.933025 59227.dat
9 0 -1.000000 0.000000 -0.000000 0.000000 0.695900 -0.718138 0.000000 -0.718138 -0.695900 25.583500 4.296175 -4.546742 3.570125 1.740625 1.933025 59227.dat
9 0 -1.000000 0.000000 -0.000000 0.000000 0.246058 -0.969255 0.000000 -0.969255 -0.246058 25.583502 1.481275 -6.092717 3.570125 1.740625 1.933025 59227.dat
9 0 -1.000000 0.000000 -0.000000 0.000000 -0.269093 -0.963114 -0.000000 -0.963114 0.269093 25.583502 -1.729625 -6.032267 3.570125 1.740625 1.933025 59227.dat
9 0 -1.000000 0.000000 -0.000000 0.000000 -0.712822 -0.701345 -0.000000 -0.701345 0.712822 25.583500 -4.484350 -4.381442 3.570125 1.740625 1.933025 59227.dat
9 0 -1.000000 0.000000 -0.000000 0.000000 -0.967355 -0.253427 -0.000000 -0.253427 0.967355 25.583500 -6.051700 -1.578417 3.570125 1.740625 1.933025 59227.dat
9 0 -1.000000 0.000000 -0.000000 -0.000000 -0.965134 0.261756 -0.000000 0.261756 0.965134 25.583500 -6.015700 1.632883 3.570125 1.740625 1.933025 59227.dat
9 0 -1.000000 0.000000 -0.000000 -0.000000 -0.706749 0.707464 -0.000000 0.707464 0.706749 25.583500 -4.385875 4.400083 3.570125 1.740625 1.933025 59227.dat
9 0 -1.000000 0.000000 -0.000000 -0.000000 -0.260781 0.965398 -0.000000 0.965398 0.260781 25.583496 -1.594850 5.988708 3.570125 1.740625 1.933025 59227.dat
9 0 -1.000000 0.000000 -0.000000 -0.000000 0.254404 0.967098 0.000000 0.967098 -0.254404 25.583496 1.616625 5.977158 3.570125 1.740625 1.933025 59227.dat
9 0 -1.000000 0.000000 -0.000000 -0.000000 0.688619 0.725123 0.000000 0.725123 -0.688619 25.583500 4.386650 4.305308 3.570125 1.740625 1.933025 59227.dat
9 0 -1.000000 0.000000 -0.000000 -0.000000 0.961184 0.275907 0.000000 0.275907 -0.961184 25.583500 5.964025 1.555558 3.570125 1.740625 1.933025 59227.dat
9 0 -0.804322 -0.438105 -0.401410 -0.590472 0.513828 0.622353 -0.066401 0.737594 -0.671972 -16.411198 10.519350 -9.530030 10.956075 0.307800 3.512675 59227.dat
9 0 -0.830205 0.535684 0.154284 0.547589 0.835500 0.045676 -0.104436 0.122405 -0.986970 7.363820 8.008775 -61.049496 4.992225 2.528575 16.241375 59227.dat
9 0 -0.037909 0.991627 -0.123449 0.998643 0.033180 -0.040138 -0.035706 -0.124803 -0.991539 -6.399321 12.316875 -14.224426 4.083300 0.447425 8.007150 59227.dat
9 0 -0.958823 -0.262815 0.107639 -0.281044 0.932616 -0.226367 -0.040893 -0.247297 -0.968076 -11.844995 7.693800 -15.286880 5.900350 0.447425 8.007299 59227.dat
9 0 -0.479545 0.851553 -0.211884 0.849509 0.511020 0.131122 0.219934 -0.117118 -0.968459 -8.649490 9.457550 -28.938251 1.261950 10.184051 18.857899 59227.dat
9 0 -1.000000 0.000000 -0.000000 -0.000000 -0.117524 0.993070 -0.000000 0.993070 0.117524 0.000021 17.422449 -65.245750 3.734950 3.869800 3.515775 59227.dat
9 0 -1.000000 0.000000 -0.000000 -0.000000 0.975304 0.220869 0.000000 0.220869 -0.975304 0.000021 25.259001 -65.205750 2.320625 3.581750 1.221175 59227.dat
9 0 -0.962483 -0.029832 -0.269697 -0.030980 0.999520 -0.000000 0.269568 0.008355 -0.962945 -16.016911 -2.562875 -40.165504 1.968175 3.141475 2.264425 59227.dat
9 0 -0.979185 -0.009968 -0.202725 -0.012352 0.999869 0.010498 0.202594 0.012784 -0.979179 -14.483786 -0.242800 -47.881756 1.684550 3.141475 1.833725 59227.dat
9 0 -0.997731 -0.001816 -0.067298 -0.001821 0.999998 0.000000 0.067298 0.000123 -0.997733 -13.012107 -1.062950 -54.388756 1.500075 3.141475 1.251625 59227.dat
9 0 -0.999754 -0.007512 -0.020869 -0.007294 0.999919 -0.010458 0.020946 -0.010303 -0.999728 -10.590528 1.340100 -68.225006 1.471825 3.899025 1.558250 59227.dat
9 0 -0.986913 0.002900 -0.161227 0.002939 0.999996 0.000000 0.161227 -0.000474 -0.986917 -11.815055 -0.564475 -61.523754 1.419450 5.261900 1.465800 59227.dat
9 0 0.962483 -0.029832 -0.269697 0.030980 0.999520 0.000001 0.269567 -0.008356 0.962945 15.964164 -2.562875 -40.165493 1.968175 3.141475 2.264425 59227.dat
9 0 0.979185 -0.009969 -0.202725 0.012353 0.999869 0.010499 0.202593 -0.012784 0.979180 14.431040 -0.242800 -47.881744 1.684550 3.141475 1.833725 59227.dat
9 0 0.997731 -0.001816 -0.067297 0.001820 0.999998 0.000001 0.067297 -0.000123 0.997733 12.959369 -1.062950 -54.388744 1.500075 3.141475 1.251625 59227.dat
9 0 0.999754 -0.007512 -0.020868 0.007295 0.999919 -0.010458 0.020945 0.010303 0.999728 10.537772 1.340100 -68.224998 1.471825 3.899025 1.558250 59227.dat
9 0 0.986913 0.002900 -0.161227 -0.002938 0.999996 0.000000 0.161226 0.000473 0.986917 11.762321 -0.564475 -61.523743 1.419450 5.261900 1.465800 59227.dat
10 0 -29.403749 -29.347000 -78.934006 29.403749 9.257850 8.479725 59227.dat
6 105 0.000000 1.000000 0.000000 1.000000 -0.000000 0.000000 0.000000 0.000000 -1.000000 -0.012500 0.000000 -0.000000 0.000000 0.000000 0.000000 0.000000 0 59227.dat
