9 0 -1.000000 0.000000 -0.000000 0.000000 1.000000 0.000000 0.000000 0.000000 -1.000000 24.649361 7.008525 -29.997492 14.636975 3.518550 14.063226 59224.dat
9 0 -0.707107 -0.707107 -0.000000 -0.707107 0.707107 -0.000000 0.000000 0.000000 -1.000000 26.795259 -6.066200 -29.997492 12.298426 5.382375 3.458800 59224.dat
9 0 -0.707107 -0.707107 -0.000000 -0.707107 0.707107 -0.000000 0.000000 0.000000 -1.000000 -51.290737 -24.426926 -29.997519 12.298426 11.870075 3.458800 59224.dat
9 0 -0.939580 0.342329 -0.000000 0.342329 0.939580 0.000000 0.000000 0.000000 -1.000000 -126.964485 -14.680150 -29.997543 46.442749 7.073976 3.458800 59224.dat
9 0 -1.000000 0.000000 -0.000000 0.000000 -0.500000 -0.866025 -0.000000 -0.866025 0.500000 -70.067741 16.938999 -44.390022 109.353996 1.897625 8.815400 59224.dat
9 0 -1.000000 0.000000 -0.000000 0.000000 0.500000 -0.866025 0.000000 -0.866025 -0.500000 -70.067741 33.557999 -44.390022 109.353996 1.897625 8.202351 59224.dat
9 0 -1.000000 0.000000 -0.000000 -0.000000 -0.500000 0.866025 -0.000000 0.866025 0.500000 -70.067749 16.938999 -15.605073 109.353996 1.897625 8.202351 59224.dat
9 0 -1.000000 0.000000 -0.000000 -0.000000 0.500000 0.866025 0.000000 0.866025 -0.500000 -70.067749 33.557999 -15.605073 109.353996 1.897625 8.815400 59224.dat
9 0 -1.000000 0.000000 -0.000000 0.000000 1.000000 0.000000 0.000000 0.000000 -1.000000 -70.067741 41.867500 -29.997524 109.353996 1.897625 12.182100 59224.dat
9 0 -1.000000 0.000000 -0.000000 0.000000 1.000000 0.000000 0.000000 0.000000 -1.000000 12.894135 5.063450 -29.997498 2.644125 10.345825 32.142002 59224.dat
9 0 1.000000 0.000000 0.000000 0.000000 0.000000 -1.000000 -0.000000 1.000000 -0.000000 -9.999990 38.472752 -29.997503 6.398125 45.640999 0.329925 59224.dat
9 0 0.500001 0.866025 0.000001 0.000001 0.000001 -1.000000 -0.866025 0.500001 -0.000001 -20.992790 32.125999 -29.997507 6.398125 45.640999 0.329925 59224.dat
9 0 -0.500000 0.866026 -0.000000 0.000000 0.000000 -1.000000 -0.866026 -0.500000 -0.000000 -20.992790 19.432699 -29.997507 6.398125 45.640999 0.329925 59224.dat
9 0 -1.000000 0.000000 -0.000000 0.000000 -0.000000 -1.000000 -0.000000 -1.000000 0.000000 -9.999990 13.086000 -29.997503 6.398125 45.640999 0.329925 59224.dat
9 0 -0.500000 -0.866026 -0.000000 0.000000 0.000000 -1.000000 0.866026 -0.500000 0.000000 0.992810 19.432699 -29.997501 6.398125 45.640999 0.329925 59224.dat
9 0 0.500001 -0.866025 -0.000001 -0.000001 0.000001 -1.000000 0.866025 0.500001 -0.000000 0.992810 32.125999 -29.997501 6.398125 45.640999 0.329925 59224.dat
9 0 1.000000 0.000000 0.000000 0.000000 0.000000 -1.000000 -0.000000 1.000000 -0.000000 -89.999985 38.472752 -29.997530 6.398125 45.640999 0.329925 59224.dat
9 0 0.500001 0.866025 0.000001 0.000001 0.000001 -1.000000 -0.866025 0.500001 -0.000001 -100.992737 32.125999 -29.997534 6.398125 45.640999 0.329925 59224.dat
9 0 -0.500000 0.866026 -0.000000 0.000000 0.000000 -1.000000 -0.866026 -0.500000 -0.000000 -100.992737 19.432699 -29.997534 6.398125 45.640999 0.329925 59224.dat
9 0 -1.000000 0.000000 -0.000000 0.000000 -0.000000 -1.000000 -0.000000 -1.000000 0.000000 -89.999985 13.086000 -29.997530 6.398125 45.640999 0.329925 59224.dat
9 0 -0.500000 -0.866026 -0.000000 0.000000 0.000000 -1.000000 0.866026 -0.500000 0.000000 -79.007240 19.432699 -29.997528 6.398125 45.640999 0.329925 59224.dat
9 0 0.500001 -0.866025 -0.000001 -0.000001 0.000001 -1.000000 0.866025 0.500001 -0.000000 -79.007240 32.125999 -29.997528 6.398125 45.640999 0.329925 59224.dat
9 0 -1.000000 0.000000 -0.000000 0.000000 1.000000 0.000000 0.000000 0.000000 -1.000000 7.806635 23.631577 -29.997498 2.644125 23.381575 38.949001 59224.dat
9 0 -1.000000 0.000000 -0.000000 -0.000000 -1.000000 0.000000 -0.000000 0.000000 1.000000 -57.493488 46.126499 -29.997519 67.243500 5.183875 38.949001 59224.dat
9 0 -1.000000 0.000000 -0.000000 0.000000 1.000000 0.000000 0.000000 0.000000 -1.000000 -90.404739 -10.320975 -29.997530 59.859253 12.000775 23.292475 59224.dat
9 0 -1.000000 0.000000 -0.000000 0.000000 1.000000 0.000000 0.000000 0.000000 -1.000000 24.649361 43.488499 -29.997492 14.636975 3.518550 21.062201 59224.dat
9 0 -1.000000 0.000000 -0.000000 -0.000000 -1.000000 0.000000 -0.000000 0.000000 1.000000 -57.493488 5.433875 -29.997519 67.243500 5.183875 38.949001 59224.dat
9 0 -1.000000 0.000000 -0.000000 -0.000000 -1.000000 0.000000 -0.000000 0.000000 1.000000 -70.067741 8.629450 -29.997524 109.353996 1.897625 12.182100 59224.dat
9 0 -1.000000 0.000000 -0.000000 0.000000 1.000000 0.000000 0.000000 0.000000 -1.000000 -127.314484 22.581676 -29.997543 22.333149 24.431475 39.461750 59224.dat
9 0 -1.000000 0.000000 -0.000000 0.000000 1.000000 0.000000 0.000000 0.000000 -1.000000 -49.909489 27.870501 -29.997517 24.746950 26.396502 38.697002 59224.dat
10 0 -39.879753 -69.595245 -75.888504 179.671753 42.037750 15.893374 59224.dat
3 23 -1.000000 0.000000 -0.000000 0.000000 1.000000 0.000000 0.000000 0.000000 -1.000000 10.000023 0.000000 -69.999992 8 4 29:0:1,23:4:1,18:2:1,23:4:1,29:0:1,23:4:1,1:4:1,23:4:1,1:4:1,23:4:1,29:0:1,23:4:1,18:4:1,23:4:1,29:0:1,23:4:1,0:4:1,23:4:1,0:4:1,23:4:1,29:0:1,23:4:1,18:4:1,23:4:1,29:0:1,23:4:1,0:4:1,23:4:1,0:4:1,23:4:1,29:0:1,23:4:1,18:4:1,23:4:1,29:0:1,23:4:1,1:4:1,23:4:1,1:4:1,23:4:1,29:0:1,23:4:1,18:2:1,23:4:1,29:0:1, 59224.dat
0 2 0.000000 1.000000 0.000000 -0.000000 -0.000000 1.000000 1.000000 0.000000 0.000000 -10.000004 25.779501 11.043372 0 1 0.800000 0 0 59224.dat
0 2 0.000000 1.000000 0.000000 -0.000000 -0.000000 1.000000 1.000000 0.000000 0.000000 -89.819008 25.779501 11.043346 0 1 0.800000 0 0 59224.dat
0 2 0.000000 1.000000 -0.000000 0.000000 -0.000000 -1.000000 -1.000000 0.000000 -0.000000 -9.999977 25.779501 -71.038506 0 1 0.800000 0 0 59224.dat
0 2 0.000000 1.000000 -0.000000 0.000000 -0.000000 -1.000000 -1.000000 0.000000 -0.000000 -89.999977 25.779501 -71.038528 0 1 0.800000 0 0 59224.dat
0 2 0.000000 1.000000 0.000000 1.000000 -0.000000 0.000000 0.000000 0.000000 -1.000000 30.700758 25.248501 -29.997492 0 1 0.800000 0 0 59224.dat
0 2 -0.000000 1.000000 0.000000 -1.000000 0.000000 -0.000000 -0.000000 -0.000000 1.000000 -169.897736 25.248501 -29.997557 0 1 0.800000 0 0 59224.dat
