9 0 -1.000000 0.000000 -0.000000 0.000000 1.000000 0.000000 0.000000 0.000000 -1.000000 0.120719 -18.429375 -57.480503 8.006425 0.585075 16.978849 59220.dat
9 0 -1.000000 0.000000 -0.000000 0.000000 1.000000 0.000000 0.000000 0.000000 -1.000000 7.032836 -0.007950 -34.432247 1.669800 7.177500 6.261025 59220.dat
9 0 -1.000000 0.000000 -0.000000 0.000000 0.747983 -0.663718 0.000000 -0.663718 -0.747983 -0.927070 -16.822824 -91.215500 11.495225 13.981501 22.826250 59220.dat
9 0 -1.000000 0.000000 -0.000000 0.000000 1.000000 0.000000 0.000000 0.000000 -1.000000 -7.255088 -0.007975 -34.432255 1.894850 6.890900 6.261025 59220.dat
9 0 -0.707107 -0.707107 -0.000000 -0.707107 0.707107 -0.000000 0.000000 0.000000 -1.000000 11.887518 -51.810497 -131.893250 8.006425 0.782850 16.978849 59220.dat
9 0 0.000000 -1.000000 0.000000 -1.000000 -0.000000 -0.000000 0.000000 0.000000 -1.000000 16.680893 -39.996750 -132.021500 8.006425 0.782850 16.978849 59220.dat
9 0 0.707107 -0.707107 0.000000 -0.707107 -0.707107 -0.000000 0.000000 0.000000 -1.000000 11.716818 -28.253750 -132.021500 8.006425 0.782850 16.978849 59220.dat
9 0 1.000000 0.000000 0.000000 0.000000 -1.000000 0.000000 0.000000 0.000000 -1.000000 -0.120681 17.914326 -57.480503 8.006425 0.417425 16.978849 59220.dat
9 0 0.707107 0.707107 0.000000 0.707107 -0.707107 0.000000 0.000000 0.000000 -1.000000 -11.839757 -28.424501 -132.021500 8.006425 0.782850 16.978849 59220.dat
9 0 0.000000 1.000000 0.000000 1.000000 -0.000000 0.000000 0.000000 0.000000 -1.000000 -16.633133 -40.238251 -132.021500 8.006425 0.782850 16.978849 59220.dat
9 0 -0.707107 0.707107 -0.000000 0.707107 0.707107 0.000000 0.000000 0.000000 -1.000000 -11.669057 -51.981003 -131.893250 8.006425 0.782850 16.978849 59220.dat
9 0 -1.000000 0.000000 -0.000000 0.000000 1.000000 0.000000 0.000000 0.000000 -1.000000 0.120743 -56.942749 -131.893250 8.006425 0.782850 16.978849 59220.dat
9 0 1.000000 0.000000 0.000000 0.000000 -1.000000 0.000000 0.000000 0.000000 -1.000000 -0.120657 -23.628824 -131.893250 8.006425 0.782850 16.978849 59220.dat
10 0 -19.754700 -19.909201 -149.542496 19.754700 59.915001 -23.737375 59220.dat
6 102 0.000000 -0.000000 -1.000000 1.000000 -0.000000 0.000000 -0.000000 -1.000000 0.000000 0.000013 0.000000 -40.000000 0.000000 0.000000 0.000000 0.000000 0 59220.dat
0 2 0.000000 -1.000000 0.000000 0.000000 -0.000000 -1.000000 1.000000 0.000000 0.000000 0.000044 -40.182251 -135.262253 0 1 0.800000 0 0 59220.dat
