9 0 1.000000 -0.000000 0.000000 -0.000000 0.000000 1.000000 -0.000000 -1.000000 -0.000000 0.000000 19.999924 0.000000 1.750000 3.000000 15.750250 59230.dat
9 0 1.000000 -0.000000 0.000000 -0.000000 0.292205 0.956356 -0.000000 -0.956356 0.292205 -0.000001 6.162825 3.881425 2.750000 0.618025 4.751825 59230.dat
9 0 -0.000000 0.000000 1.000000 0.678354 -0.734735 0.000000 0.734735 0.678354 0.000000 3.200750 36.185749 -0.000524 3.750000 0.791100 2.227600 59230.dat
9 0 1.000000 -0.000000 0.000000 -0.000000 0.734736 0.678353 -0.000000 -0.678353 0.734736 -0.000526 3.530975 3.472700 3.750000 0.791100 1.857475 59230.dat
9 0 1.000000 -0.000000 0.000000 -0.000000 0.033007 0.999455 -0.000000 -0.999455 0.033007 -0.000527 0.211050 5.049625 3.750000 0.791100 1.892900 59230.dat
9 0 1.000000 0.000000 0.000000 -0.000000 -0.233675 0.972315 0.000000 -0.972315 -0.233675 -0.000527 -2.104950 4.812000 3.322100 0.603025 1.510625 59230.dat
9 0 1.000000 0.000000 0.000000 0.000000 0.292205 -0.956356 -0.000000 0.956356 0.292205 0.000001 6.162825 -3.881425 2.750000 0.618025 4.751825 59230.dat
9 0 -0.000000 0.000000 1.000000 0.999455 -0.033008 0.000000 0.033008 0.999455 -0.000000 5.049625 39.756752 -0.000523 3.750000 0.791100 1.892900 59230.dat
9 0 1.000000 0.000000 0.000000 0.000000 0.734736 -0.678353 -0.000000 0.678353 0.734736 -0.000524 3.530975 -3.472700 3.750000 0.791100 1.857475 59230.dat
9 0 1.000000 0.000000 0.000000 0.000000 0.033007 -0.999455 -0.000000 0.999455 0.033007 -0.000523 0.211050 -5.049625 3.750000 0.791100 1.892900 59230.dat
9 0 1.000000 0.000000 0.000000 0.000000 -0.233675 -0.972315 0.000000 0.972315 -0.233675 -0.000523 -2.104950 -4.812000 3.322100 0.603025 1.510625 59230.dat
9 0 0.000000 -0.000001 1.000000 -0.972314 0.233678 0.000001 -0.233678 -0.972314 -0.000001 -4.812000 42.072750 -0.000527 3.322100 0.603050 1.510650 59230.dat
9 0 -0.000000 -0.000000 1.000000 -0.999455 -0.033008 -0.000000 0.033008 -0.999455 -0.000000 -5.049600 39.756752 -0.000527 3.750000 0.791100 1.892900 59230.dat
9 0 -0.000000 -0.000000 1.000000 -0.678354 -0.734735 -0.000000 0.734735 -0.678354 0.000000 -3.200750 36.185749 -0.000526 3.750000 0.791100 2.227600 59230.dat
9 0 -0.000001 -0.000001 1.000000 0.972314 0.233678 0.000001 -0.233678 0.972314 0.000001 4.812000 42.072750 -0.000523 3.322100 0.603050 1.510650 59230.dat
10 0 -6.575575 -44.950001 -6.576100 6.576625 4.950175 6.576100 59230.dat
0 6 0.000000 1.000000 0.000000 1.000000 -0.000000 0.000000 0.000000 0.000000 -1.000000 3.999475 0.000000 0.000001 0 0 0.320000 1 0 59230.dat
0 6 0.000000 -1.000000 -0.000000 -0.000000 -0.000000 1.000000 -1.000000 0.000000 -0.000000 -0.000001 40.000252 4.000000 0 0 0.320000 1 0 59230.dat
