9 0 1.000000 0.000000 0.000000 0.000000 1.000000 0.000000 0.000000 0.000000 1.000000 -0.479300 -2.892775 0.535775 13.609050 2.623200 13.318150 59363.dat
9 0 -0.000000 -1.000000 0.000000 1.000000 -0.000000 0.000000 0.000000 0.000000 1.000000 15.261300 10.375675 3.118300 12.057674 2.163175 10.760375 59363.dat
9 0 0.000000 -1.000000 -0.000000 -1.000000 0.000000 -0.000000 0.000000 0.000000 -1.000000 -15.543924 10.375675 3.074550 12.057674 2.163175 10.716625 59363.dat
9 0 0.939693 0.000000 -0.342020 0.000000 1.000000 0.000000 0.342020 0.000000 0.939693 -6.756875 0.831575 -11.371050 3.072550 0.662550 0.298400 59363.dat
9 0 0.939693 0.000000 0.342020 0.000000 1.000000 0.000000 -0.342020 0.000000 0.939693 3.696175 0.103925 -11.435375 2.951575 0.662550 0.265000 59363.dat
9 0 1.000000 0.000000 0.000000 0.000000 1.000000 0.000000 0.000000 0.000000 1.000000 -0.479300 -4.353325 1.317250 8.685600 4.103325 7.729950 59363.dat
9 0 1.000000 0.000000 0.000000 0.000000 0.999334 0.036494 0.000000 -0.036494 0.999334 -0.652025 19.591375 14.232225 9.769199 23.057949 1.140050 59363.dat
9 0 1.000000 0.000000 0.000000 0.000000 1.000000 0.000000 0.000000 0.000000 1.000000 -0.777000 21.079849 16.659901 4.055575 17.144625 3.178650 59363.dat
9 0 0.919383 -0.056226 0.389325 0.052517 0.998416 0.020172 -0.389842 0.001900 0.920880 -11.522975 28.996750 13.095776 4.055575 6.824025 1.097125 59363.dat
9 0 -0.877300 -0.137218 0.459909 -0.126418 0.990486 0.054372 -0.462994 -0.010440 -0.886300 9.873050 29.695499 14.901701 4.055575 6.824025 1.097125 59363.dat
10 0 -17.707100 -44.967499 -20.685150 17.424475 9.353926 13.316200 59363.dat
2 22 1.000000 0.000000 0.000000 0.000000 1.000000 0.000000 0.000000 0.000000 1.000000 -10.000000 0.000000 10.000000 2 2 29:0:0,29:0:0,29:0:0,29:0:0,5:4:33,29:0:0,29:0:0,29:0:0,29:0:0, 59363.dat
