9 0 -0.923880 -0.382683 -0.000000 -0.382683 0.923880 -0.000000 0.000000 0.000000 -1.000000 5.181327 -12.787125 0.000001 7.039925 3.286875 4.750000 59895.dat
9 0 -0.923880 0.382683 -0.000000 0.382683 0.923880 0.000000 0.000000 0.000000 -1.000000 -5.365773 -12.708076 -0.000001 7.039925 3.286875 4.750000 59895.dat
9 0 -0.382683 0.923880 -0.000000 0.923880 0.382683 0.000000 0.000000 0.000000 -1.000000 -12.767797 -5.194250 -0.000004 7.039925 3.286875 4.750000 59895.dat
9 0 0.382683 0.923880 0.000000 0.923880 -0.382683 0.000000 0.000000 0.000000 -1.000000 -12.688722 5.352850 -0.000004 7.039925 3.286875 4.750000 59895.dat
9 0 0.923880 0.382683 0.000000 0.382683 -0.923880 0.000000 0.000000 0.000000 -1.000000 -5.174897 12.754875 -0.000001 7.039925 3.286875 4.750000 59895.dat
9 0 0.923880 -0.382683 0.000000 -0.382683 -0.923880 -0.000000 0.000000 0.000000 -1.000000 5.372203 12.675825 0.000001 7.039925 3.286875 4.750000 59895.dat
9 0 0.382683 -0.923880 0.000000 -0.923880 -0.382683 -0.000000 0.000000 0.000000 -1.000000 12.774227 5.161975 0.000004 7.039925 3.286875 4.750000 59895.dat
9 0 -0.382683 -0.923880 -0.000000 -0.923880 0.382683 -0.000000 0.000000 0.000000 -1.000000 12.695153 -5.385125 0.000004 7.039925 3.286875 4.750000 59895.dat
10 0 -18.504950 -18.485600 -12.500000 18.498526 18.517876 -2.500000 59895.dat
4 26 -1.000000 0.000000 -0.000000 0.000000 -0.000000 -1.000000 -0.000000 -1.000000 0.000000 0.000002 0.000000 0.000000 1 59895.dat
4 26 -1.000000 0.000000 -0.000000 -0.000000 0.000000 1.000000 0.000000 1.000000 -0.000000 0.000002 0.000000 0.000000 1 59895.dat
