9 0 1.000000 0.000000 0.000000 0.000000 1.000000 0.000000 0.000000 0.000000 1.000000 0.000000 212.000015 -90.000000 19.750000 3.750000 9.750000 6002.dat
9 0 1.000000 0.000000 0.000000 0.000000 0.936577 -0.350463 0.000000 0.350463 0.936577 10.869300 52.689507 -86.745125 30.619249 29.973751 2.592900 6002.dat
9 0 1.000000 0.000000 0.000000 0.000000 0.367082 -0.930189 0.000000 0.930189 0.367082 4.105800 12.899256 -49.657997 23.855799 29.973751 2.592900 6002.dat
9 0 -0.000000 0.000000 1.000000 0.000000 1.000000 0.000000 -1.000000 0.000000 -0.000000 90.000000 212.000015 0.000000 19.750000 3.750000 9.750000 6002.dat
9 0 0.000000 0.000000 1.000000 0.350464 0.936576 0.000000 -0.936577 0.350464 0.000000 86.745247 52.689507 -12.523246 32.273251 29.973751 2.592900 6002.dat
9 0 -0.000000 0.000000 1.000000 0.930188 0.367082 0.000000 -0.367082 0.930188 -0.000000 49.658005 12.899256 -4.105747 23.855799 29.973751 2.592900 6002.dat
9 0 0.707107 0.000000 0.707107 0.247814 0.936577 -0.247815 -0.662260 0.350463 0.662260 60.932751 52.689507 -64.124252 38.415752 29.973751 2.592900 6002.dat
9 0 0.707107 0.000000 0.707107 0.657743 0.367082 -0.657743 -0.259566 0.930189 0.259566 34.708248 16.604256 -37.899750 34.483997 29.973751 2.592900 6002.dat
9 0 1.000000 0.000000 0.000000 0.000000 1.000000 0.000000 0.000000 0.000000 1.000000 4.105800 2.500010 0.000000 23.855799 2.250000 19.750000 6002.dat
9 0 0.157648 0.000000 0.987495 0.000000 1.000000 0.000000 -0.987495 0.000000 0.157648 80.404999 212.000015 -29.231745 8.802575 3.750000 1.605250 6002.dat
9 0 0.357379 0.000000 0.933959 0.000000 1.000000 0.000000 -0.933959 0.000000 0.357379 77.686745 212.000015 -42.013248 3.982975 3.750000 1.453900 6002.dat
9 0 0.706642 0.000000 0.707571 0.000000 1.000000 0.000000 -0.707571 0.000000 0.706642 63.632500 212.000015 -63.537998 7.901000 3.750000 1.283150 6002.dat
9 0 0.922293 0.000000 0.386491 0.000000 1.000000 0.000000 -0.386491 0.000000 0.922293 41.861252 212.000015 -77.702698 4.186575 3.750000 1.462000 6002.dat
9 0 -0.989238 0.000000 -0.146317 0.000000 1.000000 0.000000 0.146317 0.000000 -0.989238 28.973749 212.000015 -80.585098 9.093925 3.750000 1.592550 6002.dat
9 0 -0.987275 0.000000 -0.159025 0.000000 1.000000 0.000000 0.159025 0.000000 -0.987275 32.370251 148.000000 -97.079941 12.427199 67.750000 0.665725 6002.dat
9 0 -0.833162 0.000000 -0.553029 0.000000 1.000000 0.000000 0.553029 0.000000 -0.833162 62.992245 148.000000 -84.933571 6.961975 67.750000 1.407900 6002.dat
9 0 -0.699152 0.000000 -0.714973 0.000000 1.000000 0.000000 0.714973 0.000000 -0.699152 75.346497 148.000000 -75.311371 8.575125 67.750000 0.823775 6002.dat
9 0 -0.562387 0.000000 -0.826874 0.000000 1.000000 0.000000 0.826874 0.000000 -0.562387 84.973495 148.000000 -62.903999 6.924925 67.750000 1.377950 6002.dat
9 0 -0.165696 0.000000 -0.986177 0.000000 1.000000 0.000000 0.986177 0.000000 -0.165696 97.072495 148.000000 -32.243996 12.333000 67.750000 0.691400 6002.dat
9 0 0.913211 0.000000 0.407486 0.000000 1.000000 0.000000 -0.407486 0.000000 0.913211 50.966496 145.370010 -91.581795 6.603025 65.120003 1.407900 6002.dat
9 0 0.398635 0.000000 0.917109 0.000000 1.000000 0.000000 -0.917109 0.000000 0.398635 91.566002 145.370010 -50.940998 6.603025 65.120003 1.407900 6002.dat
9 0 -0.165696 0.000000 -0.986177 0.000000 1.000000 0.000000 0.986177 0.000000 -0.165696 88.340248 209.370010 -30.776745 12.333000 1.120000 9.546000 6002.dat
9 0 0.398635 0.000000 0.917109 0.000000 1.000000 0.000000 -0.917109 0.000000 0.398635 84.221001 209.370041 -47.748497 6.603025 1.120000 9.416675 6002.dat
9 0 -0.562387 0.000000 -0.826874 0.000000 1.000000 0.000000 0.826874 0.000000 -0.562387 78.271744 209.370041 -58.345997 6.924925 1.120000 9.482699 6002.dat
9 0 -0.699152 0.000000 -0.714973 0.000000 1.000000 0.000000 0.714973 0.000000 -0.699152 69.199745 209.370010 -69.300522 8.575125 1.120000 9.421100 6002.dat
9 0 -0.833162 0.000000 -0.553029 0.000000 1.000000 0.000000 0.553029 0.000000 -0.833162 58.467995 209.370010 -78.117699 6.961975 1.120000 9.588625 6002.dat
9 0 0.913211 0.000000 0.407486 0.000000 1.000000 0.000000 -0.407486 0.000000 0.913211 47.723751 209.370010 -84.314575 6.603025 1.120000 9.365775 6002.dat
9 0 -0.987275 0.000000 -0.159025 0.000000 1.000000 0.000000 0.159025 0.000000 -0.987275 30.958000 209.370010 -88.312798 12.427199 1.120000 9.545876 6002.dat
9 0 1.000000 0.000000 0.000000 0.000000 1.000000 0.000000 0.000000 0.000000 1.000000 0.000000 148.000000 -98.125000 19.750000 67.750000 1.625000 6002.dat
9 0 -0.000000 0.000000 1.000000 0.000000 1.000000 0.000000 -1.000000 0.000000 -0.000000 98.356750 148.000000 0.000000 19.750000 67.750000 1.393325 6002.dat
10 0 -10.000000 0.000000 -110.000000 110.000000 220.449997 10.433249 6002.dat
3 23 1.000000 0.000000 0.000000 0.000000 1.000000 0.000000 0.000000 0.000000 1.000000 -20.000000 0.000000 20.000004 4 4 18:1:1,23:4:1,18:2:1,23:4:1,29:0:1,23:4:1,0:4:1,23:4:1,0:4:1,23:4:1,18:2:1,23:4:1,18:4:1,23:4:1,18:2:1,23:4:1,0:4:1,23:4:1,0:4:1,23:4:1,29:0:1,23:4:1,18:2:1,23:4:1,29:0:1, 6002.dat
2 22 1.000000 0.000000 0.000000 0.000000 1.000000 0.000000 0.000000 0.000000 1.000000 -20.000000 216.000015 20.000004 12 12 29:0:1,29:0:1,29:0:1,29:0:1,29:0:1,29:0:1,29:0:1,29:0:1,29:0:1,29:0:1,22:3:1,22:2:1,22:3:1,29:0:1,29:0:1,29:0:1,29:0:1,29:0:1,29:0:1,29:0:1,29:0:1,29:0:1,29:0:1,22:2:1,15:4:1,22:2:1,29:0:1,29:0:1,29:0:1,29:0:1,29:0:1,29:0:1,29:0:1,29:0:1,29:0:1,29:0:1,22:2:1,9:4:1,22:2:1,29:0:1,29:0:1,29:0:1,29:0:1,29:0:1,29:0:1,29:0:1,29:0:1,29:0:1,29:0:1,22:2:1,15:4:1,22:2:1,29:0:1,29:0:1,29:0:1,29:0:1,29:0:1,29:0:1,29:0:1,29:0:1,29:0:1,29:0:1,22:2:1,9:4:1,22:2:1,29:0:1,29:0:1,29:0:1,29:0:1,29:0:1,29:0:1,29:0:1,29:0:1,29:0:1,29:0:1,22:2:1,15:4:1,22:2:1,29:0:1,29:0:1,29:0:1,29:0:1,29:0:1,29:0:1,29:0:1,29:0:1,29:0:1,29:0:1,29:0:1,22:2:1,29:0:1,29:0:1,29:0:1,29:0:1,29:0:1,29:0:1,29:0:1,29:0:1,29:0:1,29:0:1,29:0:1,29:0:1,29:0:1,29:0:1,29:0:1,29:0:1,29:0:1,29:0:1,29:0:1,29:0:1,29:0:1,29:0:1,29:0:1,29:0:1,29:0:1,29:0:1,29:0:1,29:0:1,29:0:1,29:0:1,29:0:1,29:0:1,29:0:1,29:0:1,29:0:1,29:0:1,29:0:1,29:0:1,29:0:1,29:0:1,22:3:1,22:2:1,22:2:1,22:2:1,22:2:1,22:2:1,29:0:1,29:0:1,29:0:1,29:0:1,29:0:1,29:0:1,29:0:1,22:2:1,15:4:1,9:4:1,15:4:1,9:4:1,15:4:1,22:2:1,29:0:1,29:0:1,29:0:1,29:0:1,29:0:1,29:0:1,22:3:1,22:2:1,22:2:1,22:2:1,22:2:1,22:2:1,29:0:1,29:0:1,29:0:1,29:0:1,29:0:1,29:0:1,29:0:1, 6002.dat
