9 0 0.000000 0.287464 0.957791 -0.000000 0.957791 -0.287464 -1.000000 0.000000 0.000000 -15.016970 -3.815575 -7.378446 0.601300 4.176500 4.711175 60176.dat
9 0 0.000000 -0.287461 0.957792 0.000000 0.957792 0.287461 -1.000000 0.000000 0.000000 -15.016970 3.840700 -7.561171 0.601300 4.176500 4.711175 60176.dat
9 0 0.000000 0.287464 0.957791 -0.000000 0.957791 -0.287464 -1.000000 0.000000 0.000000 15.024529 -3.815575 -7.378455 0.601300 4.176500 4.711175 60176.dat
9 0 0.000000 -0.287461 0.957792 0.000000 0.957792 0.287461 -1.000000 0.000000 0.000000 15.024529 3.840700 -7.561180 0.601300 4.176500 4.711175 60176.dat
9 0 -0.707107 0.000000 0.707107 0.000000 1.000000 0.000000 -0.707107 0.000000 -0.707107 10.993702 -8.466900 -12.090179 5.609450 0.533100 3.145425 60176.dat
9 0 -0.168464 0.000000 0.985708 0.000000 1.000000 0.000000 -0.985708 0.000000 -0.168464 -15.565575 7.726550 -14.191620 5.609450 1.226550 2.308775 60176.dat
9 0 0.137794 0.000000 0.990461 0.000000 1.000000 0.000000 -0.990461 0.000000 0.137794 15.482077 7.726550 -14.182280 5.609450 1.226550 2.386850 60176.dat
9 0 0.000000 0.382683 0.923880 -0.000000 0.923880 -0.382683 -1.000000 0.000000 0.000000 14.246048 6.755175 -23.466354 4.242675 0.497400 1.949525 60176.dat
9 0 -0.000000 1.000000 -0.000000 -0.000000 -0.000000 -1.000000 -1.000000 0.000000 0.000000 14.163947 0.000000 -27.750004 5.282275 1.250000 1.844175 60176.dat
9 0 -0.000000 0.359440 -0.933168 -0.000000 -0.933168 -0.359440 -1.000000 0.000000 0.000000 14.255798 -6.974175 -23.050406 4.242675 0.516025 1.939775 60176.dat
9 0 0.000000 0.382683 0.923880 -0.000000 0.923880 -0.382683 -1.000000 0.000000 0.000000 -14.181326 6.755175 -23.466345 4.242675 0.497400 1.868250 60176.dat
9 0 -0.000000 1.000000 -0.000000 -0.000000 -0.000000 -1.000000 -1.000000 0.000000 0.000000 -14.145778 0.000000 -27.749998 5.282275 1.250000 1.862350 60176.dat
9 0 -0.000000 0.359440 -0.933168 -0.000000 -0.933168 -0.359440 -1.000000 0.000000 0.000000 -14.181076 -6.974175 -23.050396 4.242675 0.516025 1.868500 60176.dat
9 0 0.000000 0.000000 1.000000 0.000000 1.000000 0.000000 -1.000000 0.000000 0.000000 0.000005 -7.372000 -2.946550 6.653501 1.050500 19.749975 60176.dat
9 0 0.000000 0.000000 1.000000 0.000000 1.000000 0.000000 -1.000000 0.000000 0.000000 0.000005 7.338000 -2.946550 6.653501 1.050500 19.749975 60176.dat
9 0 0.000000 0.000000 1.000000 0.000000 1.000000 0.000000 -1.000000 0.000000 0.000000 -8.063015 0.000000 13.866253 5.883875 9.000000 1.688025 60176.dat
9 0 0.000000 0.000000 1.000000 0.000000 1.000000 0.000000 -1.000000 0.000000 0.000000 8.063035 0.000000 13.866247 5.883875 9.000000 1.688025 60176.dat
9 0 1.000000 0.000000 0.000000 0.000000 1.000000 0.000000 -0.000000 0.000000 1.000000 0.000007 7.643750 2.932900 9.751375 1.356250 10.692101 60176.dat
9 0 -1.000000 0.000000 0.000000 0.000000 1.000000 0.000000 -0.000000 0.000000 -1.000000 -0.100785 0.000000 27.590000 3.508375 9.750000 1.215025 60176.dat
9 0 -0.500000 0.000000 0.866026 0.000000 1.000000 0.000000 -0.866026 0.000000 -0.500000 6.671989 0.000000 23.968496 3.508375 9.750000 1.042725 60176.dat
9 0 -0.500000 0.000000 -0.866025 0.000000 1.000000 0.000000 0.866025 0.000000 -0.500000 -6.769937 0.000000 23.792253 3.508375 9.750000 1.045975 60176.dat
9 0 1.000000 0.000000 0.000000 0.000000 1.000000 0.000000 -0.000000 0.000000 1.000000 0.000008 -7.643750 6.938998 9.751375 1.356250 6.686049 60176.dat
9 0 0.000000 0.000000 1.000000 0.000000 1.000000 0.000000 -1.000000 0.000000 0.000000 0.000008 -3.937950 3.948824 1.443975 1.433100 19.750000 60176.dat
9 0 -0.000000 -1.000000 -0.000000 0.000000 -0.000000 1.000000 -1.000000 0.000000 0.000000 0.000005 -3.948825 -3.937951 1.443975 1.433100 19.750000 60176.dat
9 0 -0.000000 0.000000 -1.000000 -0.000000 -1.000000 -0.000000 -1.000000 0.000000 0.000000 0.000005 3.937950 -3.948826 1.443975 1.433100 19.750000 60176.dat
9 0 -0.000000 1.000000 -0.000000 -0.000000 -0.000000 -1.000000 -1.000000 0.000000 0.000000 0.000008 3.948825 3.937949 1.443975 1.433100 19.750000 60176.dat
9 0 -0.707107 0.000000 0.707107 0.000000 1.000000 0.000000 -0.707107 0.000000 -0.707107 10.993702 8.466900 -12.090179 5.609450 0.533100 3.145425 60176.dat
9 0 0.137794 0.000000 0.990461 0.000000 1.000000 0.000000 -0.990461 0.000000 0.137794 15.443626 -7.750000 -14.176930 5.609450 1.250000 2.425675 60176.dat
9 0 -0.168464 0.000000 0.985708 0.000000 1.000000 0.000000 -0.985708 0.000000 -0.168464 -15.569173 -7.750000 -14.192245 5.609450 1.250000 2.311225 60176.dat
9 0 -0.707106 0.000000 -0.707107 -0.000000 -1.000000 -0.000000 -0.707107 -0.000000 0.707106 -11.166798 -8.466900 -12.090172 5.609450 0.533100 3.145425 60176.dat
9 0 -0.707106 0.000000 -0.707107 -0.000000 -1.000000 -0.000000 -0.707107 -0.000000 0.707106 -11.166798 8.466900 -12.090172 5.609450 0.533100 3.145425 60176.dat
10 0 -9.250000 -10.000000 -20.000000 50.000000 10.000000 20.003975 60176.dat
0 4 -1.000000 0.000000 0.000000 0.000000 1.000000 0.000000 -0.000000 0.000000 -1.000000 0.001338 10.000000 20.000000 0 0 0.800000 0 0 60176.dat
1 4 -1.000000 0.000000 0.000000 0.000000 -0.000000 1.000000 0.000000 1.000000 0.000000 0.000000 0.000000 -20.000000 60176.dat
0 2 0.000000 1.000000 -0.000000 1.000000 -0.000000 -0.000000 -0.000000 0.000000 -1.000000 -9.998674 0.000000 -19.999998 0 0 0.400000 0 0 60176.dat
0 2 -0.000000 1.000000 -0.000000 -1.000000 -0.000000 0.000000 0.000000 0.000000 1.000000 10.003975 0.000000 -20.000004 0 0 0.400000 0 0 60176.dat
0 4 0.000000 1.000000 -0.000000 1.000000 -0.000000 -0.000000 -0.000000 0.000000 -1.000000 20.000006 0.000000 -0.000006 0 0 1.600000 0 0 60176.dat
6 164 1.000000 0.000000 -0.000000 0.000000 -1.000000 -0.000000 -0.000000 0.000000 -1.000000 0.000000 0.000000 -20.000000 0.000000 0.000000 0.000000 0.000000 0 60176.dat
