9 0 1.000000 0.000000 0.000000 0.000000 1.000000 0.000000 0.000000 0.000000 1.000000 -30.000002 1.375000 0.000000 9.750000 1.125000 19.750000 60212.dat
9 0 1.000000 0.000000 0.000000 0.000000 1.000000 0.000000 0.000000 0.000000 1.000000 18.124998 12.000000 0.000000 1.625000 3.750000 19.750000 60212.dat
9 0 1.000000 0.000000 0.000000 0.000000 1.000000 0.000000 0.000000 0.000000 1.000000 -18.125000 12.000000 0.000000 1.625000 3.750000 19.750000 60212.dat
9 0 1.000000 0.000000 0.000000 0.000000 1.000000 0.000000 0.000000 0.000000 1.000000 0.000000 12.000000 -18.625000 16.000000 3.750000 1.125000 60212.dat
9 0 1.000000 0.000000 0.000000 0.000000 1.000000 0.000000 0.000000 0.000000 1.000000 0.000000 12.000000 18.622250 16.000000 3.750000 1.122225 60212.dat
9 0 1.000000 0.000000 0.000000 0.000000 1.000000 0.000000 0.000000 0.000000 1.000000 -30.000002 8.000000 18.625000 9.750000 7.750000 1.125000 60212.dat
9 0 1.000000 0.000000 0.000000 0.000000 1.000000 0.000000 0.000000 0.000000 1.000000 -30.000002 8.000000 -18.625000 9.750000 7.750000 1.125000 60212.dat
9 0 1.000000 0.000000 0.000000 0.000000 0.748704 -0.662904 0.000000 0.662904 0.748704 -38.625000 8.635449 -13.719174 1.125000 6.565550 1.988450 60212.dat
9 0 1.000000 0.000000 0.000000 0.000000 0.748704 0.662904 0.000000 -0.662904 0.748704 -38.625000 8.635449 13.713601 1.125000 6.565550 1.988450 60212.dat
9 0 -1.000000 0.000000 -0.000000 -0.000000 0.748704 0.662905 0.000000 0.662905 -0.748704 38.624996 8.635449 13.713601 1.125000 6.565550 1.988450 60212.dat
9 0 -1.000000 -0.000000 -0.000000 0.000000 0.748704 -0.662905 0.000000 -0.662905 -0.748704 38.624996 8.635449 -13.719174 1.125000 6.565550 1.988450 60212.dat
9 0 -1.000000 0.000000 -0.000000 0.000000 1.000000 0.000000 0.000000 0.000000 -1.000000 30.000002 8.000000 -18.625000 9.750000 7.750000 1.125000 60212.dat
9 0 -1.000000 0.000000 -0.000000 0.000000 1.000000 0.000000 0.000000 0.000000 -1.000000 30.000002 8.000000 18.625000 9.750000 7.750000 1.125000 60212.dat
9 0 -1.000000 0.000000 -0.000000 0.000000 1.000000 0.000000 0.000000 0.000000 -1.000000 30.000002 1.375000 0.000000 9.750000 1.125000 19.750000 60212.dat
9 0 1.000000 0.000000 0.000000 0.000000 1.000000 0.000000 0.000000 0.000000 1.000000 -13.327651 9.375000 0.000000 6.422350 1.125000 19.750000 60212.dat
9 0 1.000000 0.000000 0.000000 0.000000 1.000000 0.000000 0.000000 0.000000 1.000000 13.327747 9.375000 0.000000 6.422350 1.125000 19.750000 60212.dat
9 0 1.000000 0.000000 0.000000 0.000000 1.000000 0.000000 0.000000 0.000000 1.000000 0.000000 9.375000 13.167426 16.000000 1.125000 6.577100 60212.dat
9 0 1.000000 0.000000 0.000000 0.000000 1.000000 0.000000 0.000000 0.000000 1.000000 0.000000 9.375000 -13.172901 16.000000 1.125000 6.577100 60212.dat
9 0 1.000000 0.000000 0.000000 0.000000 -0.000000 1.000000 0.000000 -1.000000 -0.000000 6.965747 12.000000 0.000000 0.230650 3.875000 3.750000 60212.dat
9 0 -1.000000 -0.000000 -0.000000 0.000000 0.000000 -1.000000 0.000000 -1.000000 0.000000 -6.965827 12.000000 0.000000 0.230650 3.875000 3.750000 60212.dat
10 0 -10.000000 0.000000 -30.000002 70.000000 20.450001 10.000000 60212.dat
2 22 1.000000 0.000000 0.000000 0.000000 1.000000 0.000000 0.000000 0.000000 1.000000 -20.000002 16.000000 20.000002 4 4 22:1:1,22:2:1,22:2:1,22:2:1,22:1:1,22:2:1,15:4:0,23:4:1,15:4:0,22:2:1,22:2:1,23:4:1,7:4:0,23:4:1,22:2:1,22:2:1,15:4:0,23:4:1,15:4:0,22:2:1,22:1:1,22:2:1,22:2:1,22:2:1,22:1:1, 60212.dat
3 23 1.000000 0.000000 0.000000 0.000000 1.000000 0.000000 0.000000 0.000000 1.000000 -20.000002 8.000000 20.000002 4 4 18:1:1,23:4:1,18:2:1,23:4:1,18:1:1,23:4:1,0:4:0,23:4:1,0:4:0,23:4:1,18:2:1,23:4:1,18:4:1,23:4:1,18:2:1,23:4:1,0:4:0,23:4:1,0:4:0,23:4:1,18:1:1,23:4:1,18:2:1,23:4:1,18:1:1, 60212.dat
3 23 1.000000 0.000000 0.000000 0.000000 1.000000 0.000000 0.000000 0.000000 1.000000 -40.000000 0.000000 20.000002 4 2 18:1:1,23:4:1,18:1:1,23:4:1,0:4:1,23:4:1,18:2:1,23:4:1,18:2:1,23:4:1,0:4:1,23:4:1,18:1:1,23:4:1,18:1:1, 60212.dat
3 23 1.000000 0.000000 0.000000 0.000000 1.000000 0.000000 0.000000 0.000000 1.000000 19.999998 0.000000 20.000002 4 2 18:1:1,23:4:1,18:1:1,23:4:1,0:4:1,23:4:1,18:2:1,23:4:1,18:2:1,23:4:1,0:4:1,23:4:1,18:1:1,23:4:1,18:1:1, 60212.dat
0 8 -0.000000 0.000000 1.000000 0.000000 1.000000 0.000000 -1.000000 0.000000 -0.000000 0.000000 16.000000 -0.002775 0 0 0.320000 0 0 60212.dat
6 28 -0.000000 0.000000 1.000000 0.000000 1.000000 0.000000 -1.000000 0.000000 -0.000000 0.000000 12.000000 -0.002775 0.000000 0.000000 0.000000 0.000000 0 60212.dat
