9 0 -1.000000 0.000000 -0.000000 0.000000 0.956814 -0.290702 0.000000 -0.290702 -0.956814 -0.000006 -5.851850 18.884125 18.500000 15.382075 1.125475 6023.dat
9 0 -1.000000 0.000000 -0.000000 0.000000 -0.000000 -1.000000 -0.000000 -1.000000 0.000000 -0.000004 7.777600 11.676225 16.000000 1.251250 10.027600 6023.dat
9 0 1.000000 0.000000 0.000000 0.000000 1.000000 0.000000 -0.000000 0.000000 1.000000 -27.250008 -21.384850 13.749991 1.869700 4.484850 7.250000 6023.dat
9 0 1.000000 0.000000 0.000000 0.000000 1.000000 0.000000 -0.000000 0.000000 1.000000 -15.888307 -19.375000 18.096645 2.611700 1.625000 5.214175 6023.dat
9 0 1.000000 0.000000 0.000000 0.000000 1.000000 0.000000 -0.000000 0.000000 1.000000 -11.250000 -1.250000 0.729521 4.750000 1.000000 14.404525 6023.dat
9 0 0.317304 0.948324 0.000000 -0.948324 0.317304 -0.000000 -0.000000 -0.000000 1.000000 -18.157301 -4.289175 1.868869 5.353775 1.000000 15.543875 6023.dat
9 0 1.000000 0.000000 0.000000 0.000000 1.000000 0.000000 -0.000000 0.000000 1.000000 0.000004 7.581250 -12.050000 16.000000 9.831249 1.625000 6023.dat
9 0 0.855260 0.136130 -0.500000 0.518197 -0.221365 0.826117 0.001776 -0.965643 -0.259867 -16.193542 3.971875 -21.468807 3.749625 10.226650 1.625000 6023.dat
9 0 1.000000 0.000000 0.000000 0.000000 1.000000 0.000000 -0.000000 0.000000 1.000000 -21.880014 13.023426 -30.842506 2.437650 7.576575 1.686475 6023.dat
9 0 0.707108 -0.707106 0.000000 0.707106 0.707108 0.000000 -0.000000 0.000000 1.000000 -18.592245 0.782750 -12.050006 3.267875 6.708275 1.625000 6023.dat
9 0 0.707108 -0.707106 0.000000 0.707106 0.707108 0.000000 -0.000000 0.000000 1.000000 -18.592255 0.782750 13.320168 3.267875 6.708275 2.895175 6023.dat
9 0 -1.000000 0.000000 -0.000000 0.000000 1.000000 0.000000 0.000000 0.000000 -1.000000 27.249994 -21.384850 13.750010 1.869700 4.484850 7.250000 6023.dat
9 0 -1.000000 0.000000 -0.000000 0.000000 1.000000 0.000000 0.000000 0.000000 -1.000000 15.888294 -19.375000 18.096655 2.611700 1.625000 5.214175 6023.dat
9 0 -1.000000 0.000000 -0.000000 0.000000 1.000000 0.000000 0.000000 0.000000 -1.000000 11.250000 -1.250000 0.729529 4.750000 1.000000 14.404525 6023.dat
9 0 -0.317305 0.948324 -0.000000 0.948324 0.317305 0.000000 0.000000 0.000000 -1.000000 18.157301 -4.289175 1.868881 5.353775 1.000000 15.543875 6023.dat
9 0 -0.855260 0.136130 -0.500000 -0.518197 -0.221365 0.826117 0.001777 0.965643 0.259866 16.193558 3.971875 -21.468794 3.749625 10.226650 1.625000 6023.dat
9 0 -1.000000 0.000000 -0.000000 0.000000 1.000000 0.000000 0.000000 0.000000 -1.000000 21.880035 13.023426 -30.842495 2.437650 7.576575 1.686475 6023.dat
9 0 -0.707107 -0.707107 -0.000000 -0.707107 0.707107 -0.000000 0.000000 0.000000 -1.000000 18.592255 0.782750 -12.049994 3.267875 6.708275 1.625000 6023.dat
9 0 -0.707107 -0.707107 -0.000000 -0.707107 0.707107 -0.000000 0.000000 0.000000 -1.000000 18.592245 0.782750 13.320181 3.267875 6.708275 2.895175 6023.dat
9 0 -0.000000 -1.000000 0.000000 1.000000 0.000000 0.000000 -0.000000 0.000000 1.000000 -15.129507 9.575000 19.088745 5.027875 0.875000 5.661250 6023.dat
9 0 1.000000 0.000000 0.000000 0.000000 1.000000 0.000000 -0.000000 0.000000 1.000000 -10.004506 4.450000 19.088747 5.027875 0.875000 5.661250 6023.dat
9 0 0.000000 1.000000 -0.000000 -1.000000 0.000000 -0.000000 -0.000000 0.000000 1.000000 -4.879506 9.575000 19.088749 5.027875 0.875000 5.661250 6023.dat
9 0 -1.000000 0.000000 -0.000000 -0.000000 -1.000000 0.000000 -0.000000 0.000000 1.000000 -10.004506 14.700000 19.088747 5.027875 0.875000 5.661250 6023.dat
9 0 -0.000000 -1.000000 0.000000 1.000000 0.000000 0.000000 -0.000000 0.000000 1.000000 4.879494 9.575000 19.088751 5.027875 0.875000 5.661250 6023.dat
9 0 1.000000 0.000000 0.000000 0.000000 1.000000 0.000000 -0.000000 0.000000 1.000000 10.004495 4.450000 19.088753 5.027875 0.875000 5.661250 6023.dat
9 0 0.000000 1.000000 -0.000000 -1.000000 0.000000 -0.000000 -0.000000 0.000000 1.000000 15.129495 9.575000 19.088755 5.027875 0.875000 5.661250 6023.dat
9 0 -1.000000 0.000000 -0.000000 -0.000000 -1.000000 0.000000 -0.000000 0.000000 1.000000 10.004495 14.700000 19.088753 5.027875 0.875000 5.661250 6023.dat
9 0 -0.383064 -0.923722 -0.000000 -0.923722 0.383064 -0.000000 0.000000 0.000000 -1.000000 32.596001 -13.132800 1.000011 3.097500 0.692850 23.750000 6023.dat
9 0 -0.923757 -0.382978 -0.000000 -0.382978 0.923757 -0.000000 0.000000 0.000000 -1.000000 28.734499 -16.999649 1.000009 3.097500 0.692850 23.750000 6023.dat
9 0 -0.923534 0.383516 -0.000000 0.383516 0.923534 0.000000 0.000000 0.000000 -1.000000 23.256651 -17.002001 1.000008 3.097500 0.692850 23.750000 6023.dat
9 0 0.923407 -0.383823 0.000000 -0.383823 -0.923407 -0.000000 0.000000 0.000000 -1.000000 28.731001 -3.798900 1.000009 3.097500 0.692850 23.750000 6023.dat
9 0 0.382890 -0.923794 0.000000 -0.923794 -0.382890 -0.000000 0.000000 0.000000 -1.000000 32.592499 -7.658900 1.000011 3.097500 0.692850 23.750000 6023.dat
9 0 0.923185 0.384355 0.000000 0.384355 -0.923185 0.000000 0.000000 0.000000 -1.000000 23.241100 -3.804450 1.000008 3.097500 0.692850 23.750000 6023.dat
9 0 0.000000 1.000000 0.000000 1.000000 -0.000000 0.000000 0.000000 0.000000 -1.000000 19.692850 -10.405174 1.000006 3.097500 0.692850 23.750000 6023.dat
9 0 0.383064 0.923722 0.000000 0.923722 -0.383064 0.000000 0.000000 0.000000 -1.000000 -32.596001 -7.667200 0.999989 3.097500 0.692850 23.750000 6023.dat
9 0 0.923757 0.382978 0.000000 0.382978 -0.923757 0.000000 0.000000 0.000000 -1.000000 -28.734499 -3.800350 0.999991 3.097500 0.692850 23.750000 6023.dat
9 0 0.923534 -0.383516 0.000000 -0.383516 -0.923534 -0.000000 0.000000 0.000000 -1.000000 -23.256651 -3.797975 0.999992 3.097500 0.692850 23.750000 6023.dat
9 0 -0.923407 0.383823 -0.000000 0.383823 0.923407 0.000000 0.000000 0.000000 -1.000000 -28.731001 -17.001101 0.999991 3.097500 0.692850 23.750000 6023.dat
9 0 -0.382890 0.923794 -0.000000 0.923794 0.382890 0.000000 0.000000 0.000000 -1.000000 -32.592499 -13.141100 0.999989 3.097500 0.692850 23.750000 6023.dat
9 0 -0.923185 -0.384355 -0.000000 -0.384355 0.923185 -0.000000 0.000000 0.000000 -1.000000 -23.241100 -16.995550 0.999992 3.097500 0.692850 23.750000 6023.dat
9 0 0.000000 -1.000000 0.000000 -1.000000 -0.000000 -0.000000 0.000000 0.000000 -1.000000 -19.692850 -10.394825 0.999994 3.097500 0.692850 23.750000 6023.dat
10 0 -34.750000 -20.850000 -34.850002 34.750000 27.125000 25.516500 6023.dat
3 23 -1.000000 0.000000 -0.000000 -0.000000 -0.000000 1.000000 -0.000000 1.000000 0.000000 35.992760 -0.400000 -22.999989 2 2 29:0:0,29:0:0,29:0:0,29:0:0,1:4:38,29:0:0,29:0:0,29:0:0,29:0:0, 6023.dat
3 23 -1.000000 0.000000 -0.000000 -0.000000 -0.000000 1.000000 -0.000000 1.000000 0.000000 -15.992643 -0.400000 -23.000006 2 2 29:0:0,29:0:0,29:0:0,29:0:0,1:4:38,29:0:0,29:0:0,29:0:0,29:0:0, 6023.dat
2 22 -1.000000 0.000000 -0.000000 -0.000000 -0.000000 1.000000 -0.000000 1.000000 0.000000 -16.000008 -0.400000 24.999996 2 2 29:0:0,29:0:0,29:0:0,29:0:0,5:4:34,29:0:0,29:0:0,29:0:0,29:0:0, 6023.dat
2 22 -1.000000 0.000000 -0.000000 -0.000000 -0.000000 1.000000 -0.000000 1.000000 0.000000 35.999992 -0.400000 25.000011 2 2 29:0:0,29:0:0,29:0:0,29:0:0,5:4:34,29:0:0,29:0:0,29:0:0,29:0:0, 6023.dat
2 22 -1.000000 0.000000 -0.000000 -0.000000 -0.000000 1.000000 -0.000000 1.000000 0.000000 20.004494 19.575001 25.000006 2 2 29:0:0,29:0:0,29:0:0,29:0:0,5:4:34,29:0:0,29:0:0,29:0:0,29:0:0, 6023.dat
2 22 -1.000000 0.000000 -0.000000 -0.000000 -0.000000 1.000000 -0.000000 1.000000 0.000000 -0.004508 19.575001 25.000000 2 2 29:0:0,29:0:0,29:0:0,29:0:0,5:4:34,29:0:0,29:0:0,29:0:0,29:0:0, 6023.dat
0 7 -1.000000 0.000000 -0.000000 0.000000 1.000000 0.000000 0.000000 0.000000 -1.000000 -21.874990 20.850000 -30.829508 0 1 0.497527 0 0 6023.dat
0 7 -1.000000 0.000000 -0.000000 0.000000 1.000000 0.000000 0.000000 0.000000 -1.000000 21.875010 20.850000 -30.829494 0 1 0.497527 0 0 6023.dat
0 6 -1.000000 0.000000 -0.000000 -0.000000 -0.000000 1.000000 -0.000000 1.000000 0.000000 25.992744 -10.400001 18.750010 0 1 0.668000 0 0 6023.dat
0 6 -1.000000 0.000000 -0.000000 0.000000 -0.000000 -1.000000 -0.000000 -1.000000 0.000000 25.992760 -10.400001 -27.474991 0 1 1.103400 0 0 6023.dat
0 6 -1.000000 0.000000 -0.000000 -0.000000 -0.000000 1.000000 -0.000000 1.000000 0.000000 -25.992758 -10.400001 18.749990 0 1 0.668000 0 0 6023.dat
0 6 -1.000000 0.000000 -0.000000 0.000000 -0.000000 -1.000000 -0.000000 -1.000000 0.000000 -25.992743 -10.400001 -27.475008 0 1 1.103400 0 0 6023.dat
4 30 1.000000 0.000000 0.000000 0.000000 1.000000 0.000000 -0.000000 0.000000 1.000000 -7.500000 0.000000 -0.000002 2 6023.dat
2 22 -1.000000 0.000000 -0.000000 0.000000 1.000000 0.000000 0.000000 0.000000 -1.000000 10.000003 0.000000 -9.999997 2 2 29:0:0,29:0:0,29:0:0,29:0:0,15:4:32,29:0:0,29:0:0,29:0:0,29:0:0, 6023.dat
2 22 1.000000 0.000000 0.000000 0.000000 -1.000000 0.000000 0.000000 0.000000 -1.000000 -9.999997 -3.000000 -10.000003 2 2 29:0:0,29:0:0,29:0:0,29:0:0,15:4:32,29:0:0,29:0:0,29:0:0,29:0:0, 6023.dat
0 12 0.000000 0.000000 -1.000000 0.000000 1.000000 0.000000 1.000000 0.000000 0.000000 0.000000 0.000000 0.000000 0 0 0.100000 0 0 6023.dat
4 30 -1.000000 0.000000 -0.000000 0.000000 1.000000 0.000000 0.000000 0.000000 -1.000000 7.500000 0.000000 0.000002 2 6023.dat
