9 0 0.000000 0.000000 -1.000000 0.000000 1.000000 0.000000 1.000000 0.000000 0.000000 0.000001 23.917175 -69.952248 29.879999 1.416100 11.635975 6026.dat
9 0 0.000000 0.000000 -1.000000 0.000000 1.000000 0.000000 1.000000 0.000000 0.000000 0.000000 16.000000 2.522251 37.137749 15.750000 19.750000 6026.dat
9 0 0.000000 0.000000 -1.000000 0.000000 1.000000 0.000000 1.000000 0.000000 0.000000 -0.071425 29.624998 49.426151 9.540151 2.125000 11.859975 6026.dat
9 0 0.000000 0.000000 -1.000000 0.000000 1.000000 0.000000 1.000000 0.000000 0.000000 -0.071425 2.521250 48.264076 8.014074 1.978725 19.678576 6026.dat
9 0 0.000000 0.000000 -1.000000 0.000000 1.000000 0.000000 1.000000 0.000000 0.000000 -0.104500 18.406250 -20.410252 9.539775 6.995000 32.145500 6026.dat
9 0 0.000000 0.000000 -1.000000 0.000000 1.000000 0.000000 1.000000 0.000000 0.000000 -0.025000 27.101976 27.889851 11.165050 4.648050 32.275002 6026.dat
9 0 -0.000000 -1.000000 0.000000 0.000000 -0.000000 -1.000000 1.000000 0.000000 0.000000 -0.016475 12.012924 -39.949001 2.021850 2.649700 10.066501 6026.dat
9 0 0.000000 0.000000 -1.000000 0.000000 1.000000 0.000000 1.000000 0.000000 0.000000 -0.104500 28.811848 -30.841499 10.244850 2.926375 32.145500 6026.dat
9 0 0.000000 0.000000 -1.000000 0.000000 1.000000 0.000000 1.000000 0.000000 0.000000 24.257252 14.295149 38.893127 9.539775 6.995000 7.992775 6026.dat
9 0 0.000000 0.000000 -1.000000 0.000000 1.000000 0.000000 1.000000 0.000000 0.000000 -24.257225 14.295149 38.893127 9.539775 6.995000 7.992775 6026.dat
9 0 1.000000 0.000000 0.000000 0.000000 1.000000 0.000000 -0.000000 0.000000 1.000000 -5.748124 18.121149 -107.873489 1.508375 1.665400 1.478475 6026.dat
9 0 0.000000 0.000000 -1.000000 0.000000 1.000000 0.000000 1.000000 0.000000 0.000000 -11.831924 22.223524 -54.548748 6.092300 7.698500 7.718075 6026.dat
9 0 0.000000 0.000000 -1.000000 0.000000 1.000000 0.000000 1.000000 0.000000 0.000000 11.806227 22.223524 -54.548748 6.092300 7.698500 7.718075 6026.dat
9 0 1.000000 0.000000 0.000000 0.000000 1.000000 0.000000 -0.000000 0.000000 1.000000 5.687601 18.121149 -107.873489 1.508375 1.665400 1.478475 6026.dat
9 0 0.006337 -0.077532 -0.996970 -0.081217 0.993656 -0.077791 0.996676 0.081464 0.000000 -16.200026 14.969625 40.697651 12.250000 12.250000 1.972775 6026.dat
9 0 -0.006335 -0.077532 -0.996970 0.087615 0.993113 -0.077789 0.996134 -0.087842 0.000501 16.009001 14.947775 40.590752 12.250000 12.250000 1.562125 6026.dat
9 0 1.000000 -0.000000 0.000000 -0.000000 0.667650 0.744475 -0.000000 -0.744475 0.667650 -7.018924 20.399399 -98.522003 2.779200 1.605900 3.613775 6026.dat
9 0 1.000000 -0.000000 0.000000 -0.000000 0.667650 0.744475 -0.000000 -0.744475 0.667650 6.958426 20.399399 -98.522003 2.779200 1.605900 3.613775 6026.dat
9 0 0.000000 -0.407760 -0.913089 0.000000 0.913089 -0.407760 1.000000 0.000000 0.000000 0.000001 21.606775 -106.260490 2.236425 0.587625 8.326025 6026.dat
10 0 -31.250000 0.000000 -42.500000 139.656250 37.029999 22.500025 6026.dat
3 23 0.000000 0.000000 -1.000000 0.000000 1.000000 0.000000 1.000000 0.000000 0.000000 20.000002 0.000000 40.000000 4 6 18:1:1,23:4:1,18:2:1,23:4:1,18:2:1,23:4:1,18:1:1,23:4:1,0:4:0,23:4:1,0:4:1,23:4:1,0:4:0,23:4:1,29:0:1,23:4:1,18:4:1,23:4:1,18:4:1,23:4:1,29:0:1,23:4:1,0:4:0,23:4:1,0:4:1,23:4:1,0:4:0,23:4:1,18:1:1,23:4:1,18:2:1,23:4:1,18:2:1,23:4:1,18:1:1, 6026.dat
2 22 0.000000 0.000000 -1.000000 0.000000 1.000000 0.000000 1.000000 0.000000 0.000000 20.000002 32.000000 40.000000 4 8 22:1:1,22:2:1,22:2:1,22:2:1,22:2:1,22:2:1,22:2:1,22:2:1,22:1:1,22:2:1,15:4:1,23:4:1,15:4:1,23:4:1,15:4:1,23:4:1,15:4:0,22:2:1,22:2:1,23:4:1,7:4:2,23:4:1,7:4:2,23:4:1,7:4:2,23:4:1,22:2:1,22:2:1,15:4:1,23:4:1,15:4:1,23:4:1,15:4:1,23:4:1,15:4:0,22:2:1,22:1:1,22:2:1,22:2:1,22:2:1,22:2:1,22:2:1,22:2:1,22:2:1,22:1:1, 6026.dat
6 94 0.000000 -0.000000 1.000000 1.000000 0.000000 -0.000000 -0.000000 1.000000 0.000000 0.000001 12.256325 -39.999996 0.000000 0.000000 0.000000 0.000000 0 6026.dat
6 96 0.000000 0.000000 -1.000000 0.000000 1.000000 0.000000 1.000000 0.000000 0.000000 0.000000 16.000000 53.750004 0.000000 0.000000 0.000000 0.000000 1 6026.dat
2 22 0.000000 0.000000 -1.000000 0.000000 1.000000 0.000000 1.000000 0.000000 0.000000 10.000002 19.500000 -92.061501 2 2 29:0:0,29:0:0,29:0:0,29:0:0,21:4:32,29:0:0,29:0:0,29:0:0,29:0:0, 6026.dat
0 6 -0.000000 1.000000 0.000000 -0.000000 -0.000000 1.000000 1.000000 0.000000 0.000000 0.000001 15.549549 -51.500000 1 0 2.324080 1 0 6026.dat
0 6 -0.000000 1.000000 0.000000 -1.000000 -0.000000 -0.000000 -0.000000 0.000000 1.000000 -9.999999 15.549549 -102.055237 0 0 0.800000 1 0 6026.dat
0 14 -1.000000 -0.000000 -0.000000 0.000000 -1.000000 -0.000000 -0.000000 -0.000000 1.000000 0.000001 19.500175 -102.055237 0 0 0.160263 0 0 6026.dat
