9 0 0.000000 -0.000000 1.000000 0.160391 0.987054 -0.000000 -0.987054 0.160391 0.000000 31.313000 -16.662251 -0.185650 2.189925 8.583050 3.828400 6030.dat
9 0 0.000000 0.000000 -1.000000 0.500000 0.866025 0.000000 0.866025 -0.500000 0.000000 31.025249 -13.341400 -0.185650 2.189925 8.583075 1.511325 6030.dat
9 0 -0.000000 -0.000000 -1.000000 0.929067 0.369911 0.000000 0.369911 -0.929067 -0.000000 27.271250 -15.055474 -0.185650 2.189925 2.601450 10.716625 6030.dat
9 0 0.000000 0.000000 -1.000000 -0.160391 0.987054 -0.000000 0.987054 0.160391 0.000000 -31.313000 -16.662251 -0.185650 2.189925 8.583050 3.828400 6030.dat
9 0 0.000000 -0.000000 1.000000 -0.500000 0.866025 0.000000 -0.866025 -0.500000 0.000000 -31.025249 -13.341400 -0.185650 2.189925 8.583075 1.511325 6030.dat
9 0 -0.000000 0.000000 1.000000 -0.929067 0.369911 0.000000 -0.369911 -0.929067 -0.000000 -27.271250 -15.055474 -0.185650 2.189925 2.601450 10.716625 6030.dat
9 0 1.000000 0.000000 0.000000 0.000000 1.000000 0.000000 0.000000 0.000000 1.000000 0.000000 -2.625375 16.421349 2.291775 15.635575 3.237150 6030.dat
9 0 0.707107 0.000000 0.707107 0.000000 1.000000 0.000000 -0.707107 0.000000 0.707107 -10.107676 4.233450 10.107676 7.082875 7.041500 1.110225 6030.dat
9 0 0.000000 -0.000000 1.000000 -0.500000 0.866025 0.000000 -0.866025 -0.500000 0.000000 -19.343149 -0.892375 -0.185650 2.189925 8.583050 6.282900 6030.dat
9 0 -0.707107 0.000000 0.707107 0.000000 1.000000 0.000000 -0.707107 0.000000 -0.707107 -10.107676 4.233450 -10.107676 7.082875 7.041500 1.110225 6030.dat
9 0 -1.000000 0.000000 -0.000000 0.000000 1.000000 0.000000 0.000000 0.000000 -1.000000 0.000000 10.072650 -14.294399 11.517250 18.968750 1.110225 6030.dat
9 0 -0.707107 0.000000 -0.707107 0.000000 1.000000 0.000000 0.707107 0.000000 -0.707107 10.107676 4.233450 -10.107676 7.082875 7.041500 1.110225 6030.dat
9 0 0.707107 0.000000 -0.707107 0.000000 1.000000 0.000000 0.707107 0.000000 0.707107 10.107676 4.233450 10.107676 7.082875 7.041500 1.110225 6030.dat
9 0 1.000000 0.000000 0.000000 0.000000 1.000000 0.000000 0.000000 0.000000 1.000000 0.000000 -6.219050 -0.044975 11.605175 2.620675 11.199975 6030.dat
9 0 1.000000 0.000000 0.000000 0.000000 1.000000 0.000000 0.000000 0.000000 1.000000 -0.192625 -13.756375 -7.806974 1.779950 10.157975 5.641325 6030.dat
9 0 1.000000 0.000000 0.000000 0.000000 1.000000 0.000000 0.000000 0.000000 1.000000 -0.192625 -13.402525 9.473225 1.779950 9.804125 3.409125 6030.dat
9 0 0.000000 0.000000 -1.000000 0.500000 0.866025 0.000000 0.866025 -0.500000 0.000000 19.172249 -1.188375 -0.185650 2.189925 8.583050 6.282900 6030.dat
10 0 -36.782749 -30.096001 -22.645000 36.782749 26.964251 21.579824 6030.dat
2 22 1.000000 0.000000 0.000000 0.000000 1.000000 0.000000 0.000000 0.000000 1.000000 -10.000000 0.000000 10.000000 2 2 29:0:0,29:0:0,29:0:0,29:0:0,15:4:33,29:0:0,29:0:0,29:0:0,29:0:0, 6030.dat
0 6 0.000000 1.000000 -0.000000 1.000000 0.000000 0.000000 0.000000 -0.000000 -1.000000 2.500000 -18.354126 2.013425 0 0 0.200000 1 0 6030.dat
0 6 -0.000000 1.000000 0.000000 0.000000 -0.000000 1.000000 1.000000 0.000000 -0.000000 -30.000002 -3.500000 2.254275 0 0 0.200000 1 0 6030.dat
0 6 -0.000000 1.000000 0.000000 0.000000 -0.000000 1.000000 1.000000 0.000000 -0.000000 30.000002 -3.500000 2.254275 0 0 0.200000 1 0 6030.dat
