9 0 0.000000 0.000000 -1.000000 0.000000 1.000000 0.000000 1.000000 0.000000 0.000000 18.118752 36.000000 20.000002 8.034275 3.750000 1.631250 6032.dat
9 0 0.000000 0.000000 -1.000000 0.000000 1.000000 0.000000 1.000000 0.000000 0.000000 -18.118752 3.999999 0.000000 8.034275 3.750000 1.631250 6032.dat
9 0 1.000000 0.000000 0.000000 0.000000 1.000000 0.000000 -0.000000 0.000000 1.000000 0.000000 3.999999 18.118752 8.034275 3.750000 1.631250 6032.dat
9 0 0.707107 0.000000 0.707107 0.000000 1.000000 0.000000 -0.707107 0.000000 0.707107 -13.414824 7.853002 13.414825 8.034275 7.602950 0.778575 6032.dat
9 0 -0.707107 0.000000 0.707107 0.000000 1.000000 0.000000 -0.707107 0.000000 -0.707107 13.414824 7.853002 13.414825 8.034275 7.602950 0.778575 6032.dat
9 0 0.000000 0.638680 -0.769472 -0.000000 0.769472 0.638680 1.000000 0.000000 0.000000 18.118752 20.197102 10.101075 6.093725 19.970200 1.631250 6032.dat
9 0 1.000000 0.000000 -0.000000 0.000000 0.766044 0.642788 0.000000 -0.642788 0.766044 0.000000 20.268875 27.706551 8.034275 16.638651 1.732725 6032.dat
9 0 0.793956 -0.390798 0.465736 -0.000001 0.766044 0.642788 -0.607975 -0.510346 0.608205 13.095051 19.224300 -2.936497 7.128075 11.785725 1.472250 6032.dat
9 0 -0.606306 0.512142 -0.608361 0.000043 0.765033 0.643991 0.795231 0.390429 -0.463867 13.052076 20.355202 22.489351 1.524175 12.390825 7.044750 6032.dat
9 0 -0.793956 -0.390798 0.465736 0.000001 0.766044 0.642788 -0.607975 0.510346 -0.608205 -13.081625 19.217300 -2.919498 7.128075 11.791300 1.494325 6032.dat
9 0 0.793956 -0.390798 0.465736 -0.000001 0.766044 0.642788 -0.607975 -0.510346 0.608205 -12.974826 22.103401 23.984102 7.128075 10.326050 1.670025 6032.dat
9 0 0.000000 0.000000 -1.000000 0.000000 1.000000 0.000000 1.000000 0.000000 0.000000 18.118752 3.999999 0.000000 8.034275 3.750000 1.631250 6032.dat
9 0 1.000000 0.000000 0.000000 0.000000 1.000000 0.000000 -0.000000 0.000000 1.000000 0.000001 3.999999 -18.118748 8.034275 3.750000 1.631250 6032.dat
9 0 0.707107 0.000000 0.707107 0.000000 1.000000 0.000000 -0.707107 0.000000 0.707107 13.449749 3.999999 -13.449749 8.034275 3.750000 0.729200 6032.dat
9 0 -0.707107 0.000000 0.707107 0.000000 1.000000 0.000000 -0.707107 0.000000 -0.707107 -13.461500 3.999999 -13.461497 8.034275 3.750000 0.712575 6032.dat
9 0 0.707107 0.000000 -0.707107 0.000000 1.000000 0.000000 0.707107 0.000000 0.707107 12.813476 33.775002 32.813477 8.034275 1.525000 1.629000 6032.dat
9 0 1.000000 0.000000 0.000000 0.000000 1.000000 0.000000 -0.000000 0.000000 1.000000 0.000000 36.000000 38.118752 8.034275 3.750000 1.631250 6032.dat
9 0 0.707107 0.000000 0.707107 0.000000 1.000000 0.000000 -0.707107 0.000000 0.707107 -12.811901 33.775002 32.811878 8.034275 1.525000 1.631250 6032.dat
9 0 -0.000000 0.000000 1.000000 0.000000 1.000000 0.000000 -1.000000 0.000000 -0.000000 -18.118752 36.000000 20.000002 8.034275 3.750000 1.631250 6032.dat
9 0 -0.707107 0.000000 0.707107 0.000000 1.000000 0.000000 -0.707107 0.000000 -0.707107 -13.362999 33.775002 6.637001 8.034275 1.525000 0.851850 6032.dat
9 0 -1.000000 0.000000 0.000000 0.000000 1.000000 0.000000 -0.000000 0.000000 -1.000000 0.000000 36.000000 1.881251 8.034275 3.750000 1.631250 6032.dat
9 0 -0.707107 0.000000 -0.707107 0.000000 1.000000 0.000000 0.707107 0.000000 -0.707107 13.347876 33.775002 6.652126 8.034275 1.525000 0.873250 6032.dat
9 0 1.000000 0.000000 -0.000000 0.000000 0.766044 0.642788 0.000000 -0.642788 0.766044 0.000001 18.786026 -8.553248 8.034275 15.370400 1.585600 6032.dat
9 0 0.000000 0.642788 -0.766044 -0.000000 0.766044 0.642788 1.000000 0.000000 0.000000 -18.118752 20.153851 10.205877 6.093725 19.970200 1.631250 6032.dat
10 0 -10.000000 0.000000 -30.000002 50.000000 44.450001 10.000000 6032.dat
0 4 1.000000 0.000000 0.000000 0.000000 1.000000 0.000000 -0.000000 0.000000 1.000000 0.000000 35.550003 20.000002 0 1 0.522000 0 0 6032.dat
0 4 1.000000 -0.000000 0.000000 -0.000000 -1.000000 -0.000000 0.000000 0.000000 -1.000000 0.000000 4.875001 0.000000 0 1 0.559192 0 0 6032.dat
3 23 0.000000 0.000000 -1.000000 0.000000 1.000000 0.000000 1.000000 0.000000 0.000000 20.000002 0.000000 20.000002 4 4 18:1:1,23:4:1,18:2:1,23:4:1,18:1:1,23:4:1,1:4:0,23:4:1,1:4:4,23:4:1,18:2:1,23:4:1,29:0:1,23:4:1,18:2:1,23:4:1,1:4:0,23:4:1,1:4:4,23:4:1,18:1:1,23:4:1,18:2:1,23:4:1,18:1:1, 6032.dat
2 22 0.000000 0.000000 -1.000000 0.000000 1.000000 0.000000 1.000000 0.000000 0.000000 20.000002 40.000000 40.000000 4 4 22:1:1,22:2:1,22:2:1,22:2:1,22:1:1,22:2:1,15:4:0,23:4:1,15:4:0,22:2:1,22:2:1,23:4:1,7:4:2,23:4:1,22:2:1,22:2:1,15:4:0,23:4:1,15:4:0,22:2:1,22:1:1,22:2:1,22:2:1,22:2:1,22:1:1, 6032.dat
0 6 -1.000000 -0.000000 -0.000000 0.000000 -1.000000 -0.000000 -0.000000 -0.000000 1.000000 -9.999999 -4.449999 -9.999999 0 1 0.498000 0 0 6032.dat
0 6 -1.000000 -0.000000 -0.000000 0.000000 -1.000000 -0.000000 -0.000000 -0.000000 1.000000 10.000000 -4.449999 -9.999999 0 1 0.498000 0 0 6032.dat
0 6 0.000000 0.000000 -1.000000 0.000000 1.000000 0.000000 1.000000 0.000000 0.000000 10.000000 28.905375 10.000001 0 1 0.986215 0 0 6032.dat
0 6 0.000000 0.000000 -1.000000 0.000000 1.000000 0.000000 1.000000 0.000000 0.000000 -10.000000 28.905375 10.000001 0 1 0.986215 0 0 6032.dat
