9 0 0.000000 -0.000000 -1.000000 1.000000 -0.000000 0.000000 -0.000000 -1.000000 0.000000 7.187504 20.000000 -0.000001 4.583950 0.812500 19.750000 6039.dat
9 0 1.000000 -0.000000 0.000000 -0.000000 0.000000 1.000000 -0.000000 -1.000000 -0.000000 4.213702 17.375002 4.251873 1.276200 1.314375 17.125000 6039.dat
9 0 -1.000000 0.000000 -0.000000 0.000000 -0.000000 -1.000000 -0.000000 -1.000000 0.000000 0.000006 20.000000 -7.187503 4.583950 0.812500 19.750000 6039.dat
9 0 0.000000 -0.000000 -1.000000 1.000000 -0.000000 0.000000 -0.000000 -1.000000 0.000000 4.251880 17.375002 -4.213702 1.276200 1.314375 17.125000 6039.dat
9 0 -0.000000 0.000000 1.000000 -1.000000 -0.000000 -0.000000 0.000000 -1.000000 0.000000 -7.187497 20.000000 -0.000006 4.583950 0.812500 19.750000 6039.dat
9 0 -1.000000 0.000000 -0.000000 0.000000 -0.000000 -1.000000 -0.000000 -1.000000 0.000000 -4.213696 17.375002 -4.251879 1.276200 1.314375 17.125000 6039.dat
9 0 -0.000000 0.000000 1.000000 -1.000000 -0.000000 -0.000000 0.000000 -1.000000 0.000000 -4.251873 17.375002 4.213696 1.276200 1.314375 17.125000 6039.dat
9 0 1.000000 -0.000000 0.000000 -0.000000 0.000000 1.000000 -0.000000 -1.000000 -0.000000 0.000001 20.000000 7.187497 4.583950 0.812500 19.750000 6039.dat
9 0 -0.954501 -0.298208 -0.000000 -0.298208 0.954501 -0.000000 0.000000 0.000000 -1.000000 -12.891671 16.658701 0.007842 1.957650 16.513050 3.884300 6039.dat
9 0 -0.674934 -0.298208 -0.674934 -0.210865 0.954501 -0.210865 0.707107 0.000000 -0.707107 -9.121345 16.658701 -9.110231 1.957650 16.513050 3.884300 6039.dat
9 0 0.000000 -0.298209 -0.954501 0.000000 0.954500 -0.298209 1.000000 -0.000000 0.000000 -0.007842 16.658701 -12.891677 1.957650 16.513050 3.884300 6039.dat
9 0 0.674934 -0.298208 -0.674934 0.210865 0.954501 -0.210865 0.707107 -0.000000 0.707107 9.110231 16.658701 -9.121350 1.957650 16.513050 3.884300 6039.dat
9 0 0.954501 -0.298209 0.000000 0.298209 0.954501 0.000000 -0.000000 0.000000 1.000000 12.891679 16.658701 -0.007849 1.957650 16.513050 3.884300 6039.dat
9 0 0.674934 -0.298208 0.674934 0.210865 0.954501 0.210865 -0.707107 0.000000 0.707106 9.121350 16.658701 9.110225 1.957650 16.513050 3.884300 6039.dat
9 0 -0.000001 -0.298209 0.954501 -0.000000 0.954500 0.298209 -1.000000 0.000000 -0.000001 0.007849 16.658701 12.891672 1.957650 16.513050 3.884300 6039.dat
9 0 -0.674934 -0.298208 0.674934 -0.210865 0.954501 0.210865 -0.707106 0.000000 -0.707107 -9.110225 16.658701 9.121344 1.957650 16.513050 3.884300 6039.dat
9 0 0.000000 0.000000 -1.000000 0.000000 1.000000 0.000000 1.000000 0.000000 0.000000 0.049259 36.024223 -18.103004 1.646100 3.725775 7.984175 6039.dat
9 0 0.707107 0.000000 -0.707107 0.000000 1.000000 0.000000 0.707107 0.000000 0.707107 12.770532 36.024223 -12.821224 1.652675 3.725775 8.070125 6039.dat
9 0 -1.000000 0.000000 -0.000000 0.000000 1.000000 0.000000 0.000000 0.000000 -1.000000 -18.103998 36.024223 -0.050109 1.646100 3.725775 7.984175 6039.dat
9 0 -0.707107 0.000000 -0.707107 0.000000 1.000000 0.000000 0.707107 0.000000 -0.707107 -12.822092 36.024223 -12.771383 1.652675 3.725775 8.070125 6039.dat
9 0 1.000000 0.000000 0.000000 0.000000 1.000000 0.000000 -0.000000 0.000000 1.000000 18.102179 36.024223 0.050103 1.646100 3.725775 7.984175 6039.dat
9 0 0.707107 0.000000 0.707107 0.000000 1.000000 0.000000 -0.707107 0.000000 0.707107 12.820375 36.024223 12.771400 1.652675 3.725775 8.070125 6039.dat
9 0 -0.000000 0.000000 1.000000 0.000000 1.000000 0.000000 -1.000000 0.000000 -0.000000 -0.050953 36.024223 18.103048 1.646100 3.725775 7.984175 6039.dat
9 0 -0.707107 0.000000 0.707107 0.000000 1.000000 0.000000 -0.707107 0.000000 -0.707107 -12.772250 36.024223 12.821242 1.652675 3.725775 8.070125 6039.dat
10 0 -10.000000 0.000000 -30.000002 30.000002 44.450001 10.000000 6039.dat
2 22 -1.000000 0.000000 -0.000000 0.000000 1.000000 0.000000 0.000000 0.000000 -1.000000 20.000011 40.000000 -19.999998 4 4 29:0:1,22:2:1,22:2:1,22:2:1,29:0:1,22:2:1,15:4:0,23:4:1,15:4:0,22:2:1,22:2:1,23:4:1,7:4:0,23:4:1,22:2:1,22:2:1,15:4:0,23:4:1,15:4:0,22:2:1,29:0:1,22:2:1,22:2:1,22:2:1,29:0:1, 6039.dat
3 23 -1.000000 0.000000 -0.000000 0.000000 1.000000 0.000000 0.000000 0.000000 -1.000000 10.000007 0.000000 -10.000000 2 2 29:0:0,29:0:0,29:0:0,29:0:0,1:4:36,29:0:0,29:0:0,29:0:0,29:0:0, 6039.dat
0 6 0.000000 0.000000 -1.000000 0.000000 1.000000 0.000000 1.000000 0.000000 0.000000 0.000003 20.000000 -0.000003 0 0 0.978000 0 0 6039.dat
0 4 0.000000 0.000000 -1.000000 0.000000 1.000000 0.000000 1.000000 0.000000 0.000000 0.000003 34.756050 -0.000003 0 0 0.590243 0 0 6039.dat
