9 0 0.000000 0.000000 1.000000 0.000000 1.000000 0.000000 -1.000000 0.000000 0.000000 -13.124996 8.000000 1.375008 21.125000 7.750000 6.625000 6040.dat
9 0 0.000000 0.000000 1.000000 0.000000 1.000000 0.000000 -1.000000 0.000000 0.000000 0.000007 8.000000 13.099328 6.616450 7.750000 19.750000 6040.dat
9 0 0.000000 0.000000 1.000000 0.000000 1.000000 0.000000 -1.000000 0.000000 0.000000 -0.000001 8.000000 -13.133547 6.616450 7.750000 19.750000 6040.dat
9 0 0.000000 0.000000 1.000000 0.000000 1.000000 0.000000 -1.000000 0.000000 0.000000 13.125004 8.000000 1.374999 21.125000 7.750000 6.625000 6040.dat
9 0 0.000000 0.000000 1.000000 0.000000 1.000000 0.000000 -1.000000 0.000000 0.000000 0.000010 9.500000 21.375004 1.125000 19.750000 8.034275 6040.dat
9 0 0.000000 0.000000 1.000000 0.000000 1.000000 0.000000 -1.000000 0.000000 0.000000 0.000010 9.500000 21.375004 1.125000 8.034275 19.750000 6040.dat
9 0 0.000000 0.000000 1.000000 0.707107 0.707107 -0.000000 -0.707107 0.707107 0.000000 0.000010 9.500000 21.375004 1.125000 8.034275 19.750000 6040.dat
9 0 0.000000 0.000000 1.000000 0.707107 -0.707107 -0.000000 0.707107 0.707107 -0.000000 0.000010 9.500000 21.375004 1.125000 8.034275 19.750000 6040.dat
9 0 0.000000 0.387515 0.921863 -0.000000 0.921863 -0.387515 -1.000000 0.000000 0.000000 -0.054984 37.457150 42.543503 23.615499 1.150525 6.500000 6040.dat
9 0 0.000000 -0.387515 0.921863 -0.000000 -0.921863 -0.387515 1.000000 0.000000 -0.000000 0.054991 -18.457253 42.543503 23.615499 1.150525 6.500000 6040.dat
9 0 0.000000 0.000000 1.000000 0.000000 1.000000 0.000000 -1.000000 0.000000 0.000000 0.000026 -27.528000 72.000000 7.750000 1.221850 15.697225 6040.dat
9 0 0.000000 0.000000 1.000000 -0.707107 0.707107 0.000000 -0.707107 -0.707107 0.000000 26.182852 -16.682751 71.999992 7.750000 1.221850 15.697225 6040.dat
9 0 0.000000 0.000000 1.000000 -1.000000 -0.000000 0.000000 0.000000 -1.000000 -0.000000 37.028027 9.500000 71.999992 7.750000 1.221850 15.697225 6040.dat
9 0 0.000000 0.000000 1.000000 -0.707107 -0.707107 0.000000 0.707107 -0.707107 -0.000000 26.182852 35.682850 71.999992 7.750000 1.221850 15.697225 6040.dat
9 0 0.000000 0.000000 1.000000 0.000000 -1.000000 -0.000000 1.000000 0.000000 -0.000000 0.000026 46.528252 72.000000 7.750000 1.221850 15.697225 6040.dat
9 0 0.000000 0.000000 1.000000 0.707107 -0.707107 -0.000000 0.707107 0.707107 -0.000000 -26.182724 35.682823 72.000008 7.750000 1.221850 15.697225 6040.dat
9 0 0.000000 0.000000 1.000000 1.000000 -0.000000 -0.000000 0.000000 1.000000 -0.000000 -37.028225 9.500000 72.000008 7.750000 1.221850 15.697225 6040.dat
9 0 0.000000 0.000000 1.000000 0.707107 0.707107 -0.000000 -0.707107 0.707107 0.000000 -26.182724 -16.682751 72.000008 7.750000 1.221850 15.697225 6040.dat
9 0 0.000000 -0.387515 0.921863 -0.000000 -0.921863 -0.387515 1.000000 0.000000 -0.000000 0.000022 -26.024002 60.544003 4.089200 1.150525 14.303949 6040.dat
9 0 0.274015 -0.274015 0.921863 0.651856 -0.651856 -0.387515 0.707107 0.707106 0.000000 25.119221 -15.619251 60.543991 4.089200 1.150525 14.303949 6040.dat
9 0 0.387516 0.000000 0.921863 0.921863 0.000000 -0.387516 -0.000000 1.000000 0.000000 35.524021 9.500000 60.543991 4.089200 1.150525 14.303949 6040.dat
9 0 0.274015 0.274015 0.921863 0.651855 0.651856 -0.387516 -0.707107 0.707107 0.000000 25.119221 34.619202 60.543991 4.089200 1.150525 14.303949 6040.dat
9 0 0.000000 0.387515 0.921863 -0.000000 0.921863 -0.387515 -1.000000 0.000000 0.000000 0.000022 45.023998 60.544003 4.089200 1.150525 14.303949 6040.dat
9 0 -0.274015 0.274015 0.921863 -0.651856 0.651856 -0.387515 -0.707107 -0.707107 0.000000 -25.119230 34.619202 60.544006 4.089200 1.150525 14.303949 6040.dat
9 0 -0.387516 0.000000 0.921863 -0.921863 0.000000 -0.387516 -0.000000 -1.000000 -0.000000 -35.523979 9.500000 60.544006 4.089200 1.150525 14.303949 6040.dat
9 0 -0.274014 -0.274015 0.921863 -0.651856 -0.651856 -0.387515 0.707107 -0.707106 -0.000001 -25.119230 -15.619251 60.544006 4.089200 1.150525 14.303949 6040.dat
9 0 0.000000 0.000000 1.000000 0.000000 -1.000000 -0.000000 1.000000 0.000000 -0.000000 0.000015 16.137501 36.875004 13.875000 0.137500 4.025625 6040.dat
9 0 0.000000 0.000000 1.000000 -1.000000 -0.000000 0.000000 0.000000 -1.000000 -0.000000 0.000014 -5.352175 35.921753 11.878300 0.750000 8.265675 6040.dat
9 0 0.000000 0.000000 1.000000 0.000000 1.000000 0.000000 -1.000000 0.000000 0.000000 14.852164 9.397500 35.921745 11.878300 0.750000 8.265675 6040.dat
9 0 0.000000 0.000000 1.000000 1.000000 -0.000000 -0.000000 0.000000 1.000000 -0.000000 0.000014 24.352175 35.921753 11.878300 0.750000 8.265675 6040.dat
9 0 0.000000 0.000000 1.000000 0.000000 1.000000 0.000000 -1.000000 0.000000 0.000000 -14.852160 9.397500 35.921757 11.878300 0.750000 8.265675 6040.dat
9 0 0.387516 0.000000 0.921863 0.921863 0.000000 -0.387516 -0.000000 1.000000 0.000000 27.957165 9.445000 42.543491 23.615499 1.150525 6.500000 6040.dat
9 0 0.000000 -0.637021 0.770847 -0.000000 -0.770847 -0.637021 1.000000 0.000000 -0.000000 0.112516 -23.475752 40.002254 22.902601 2.653225 2.250000 6040.dat
9 0 0.000000 0.000000 1.000000 0.000000 -1.000000 -0.000000 1.000000 0.000000 -0.000000 0.112525 -34.837498 68.000000 11.750026 5.375000 2.250000 6040.dat
9 0 -0.387516 0.000000 0.921863 -0.921863 0.000000 -0.387516 -0.000000 -1.000000 -0.000000 -27.957233 9.445000 42.543510 23.615499 1.150525 6.500000 6040.dat
9 0 -0.637021 0.000000 0.770847 -0.770847 0.000000 -0.637021 -0.000000 -1.000000 -0.000000 -35.508484 9.599999 43.324265 18.593075 2.653225 2.250000 6040.dat
9 0 0.000000 0.000000 1.000000 -1.000000 -0.000000 0.000000 0.000000 -1.000000 -0.000000 -44.124977 9.599999 68.000015 11.750026 5.375000 2.250000 6040.dat
9 0 0.637021 0.000000 0.770846 0.770846 0.000000 -0.637021 -0.000000 1.000000 0.000000 35.508518 9.599999 43.324245 18.593075 2.653225 2.250000 6040.dat
9 0 0.000000 0.000000 1.000000 1.000000 -0.000000 -0.000000 0.000000 1.000000 -0.000000 44.125023 9.599999 67.999985 11.750026 5.375000 2.250000 6040.dat
9 0 0.000000 0.000000 1.000000 0.000000 -1.000000 -0.000000 1.000000 0.000000 -0.000000 0.000015 16.137501 36.875004 13.875000 0.137500 4.025625 6040.dat
9 0 0.000000 0.000000 1.000000 -1.000000 -0.000000 0.000000 0.000000 -1.000000 -0.000000 6.637515 9.500000 36.875000 13.875000 0.137500 4.025625 6040.dat
9 0 0.000000 0.000000 1.000000 0.000000 1.000000 0.000000 -1.000000 0.000000 0.000000 0.000015 2.862500 36.875004 13.875000 0.137500 4.025625 6040.dat
9 0 0.000000 0.000000 1.000000 1.000000 -0.000000 -0.000000 0.000000 1.000000 -0.000000 -6.637485 9.500000 36.875008 13.875000 0.137500 4.025625 6040.dat
10 0 -10.000000 -32.000000 -59.750004 90.000000 56.462502 39.750000 6040.dat
3 23 0.000000 0.000000 1.000000 0.000000 1.000000 0.000000 -1.000000 0.000000 0.000000 -20.000004 0.000000 -19.999990 4 4 18:1:1,23:4:1,18:2:1,23:4:1,29:0:1,23:4:1,0:4:0,23:4:1,0:4:0,29:0:1,18:2:1,23:4:1,18:4:0,23:4:1,29:0:1,23:4:1,0:4:0,23:4:1,0:4:0,29:0:1,18:1:1,23:4:1,18:2:1,23:4:1,29:0:1, 6040.dat
2 22 0.000000 0.000000 1.000000 0.000000 1.000000 0.000000 -1.000000 0.000000 0.000000 -20.000004 16.000000 -19.999990 4 4 22:1:1,22:2:1,22:2:1,22:2:1,29:0:1,22:2:1,15:4:1,23:4:1,15:4:1,29:0:1,22:2:1,23:4:1,7:4:0,23:4:1,29:0:1,22:2:1,15:4:1,23:4:1,15:4:1,29:0:1,22:1:1,22:2:1,22:2:1,22:2:1,29:0:1, 6040.dat
2 22 -0.000000 -1.000000 -0.000000 0.000000 -0.000000 1.000000 -1.000000 0.000000 0.000000 -9.999981 19.443726 51.000004 2 2 29:0:0,29:0:0,29:0:0,29:0:0,5:4:34,29:0:0,29:0:0,29:0:0,29:0:0, 6040.dat
0 4 -1.000000 0.000000 0.000000 0.000000 1.000000 0.000000 -0.000000 0.000000 -1.000000 0.000003 10.375000 -0.017122 0 0 0.415000 0 0 6040.dat
0 4 -1.000000 0.000000 0.000000 0.000000 -0.000000 1.000000 0.000000 1.000000 0.000000 0.000017 9.500000 45.740005 0 0 0.592600 0 0 6040.dat
