9 0 -0.898654 -0.438623 0.005479 0.397691 -0.809396 0.432112 -0.185099 0.390498 0.901803 17.125093 9.887186 -2.708375 12.250000 9.032650 1.222075 6041.dat
9 0 0.069469 0.997569 0.005480 -0.899803 0.060287 0.432112 0.430731 -0.034949 0.901803 0.000012 -19.774351 -2.708375 12.250000 9.032650 1.222075 6041.dat
9 0 0.829186 -0.558946 0.005480 0.502111 0.749109 0.432112 -0.245632 -0.355550 0.901803 -17.125107 9.887165 -2.708375 12.250000 9.032650 1.222075 6041.dat
9 0 -1.000000 -0.000001 0.000000 0.000001 -1.000000 0.000000 0.000000 0.000000 1.000000 4.559853 -4.559847 -10.500000 2.059850 2.059850 1.750000 6041.dat
9 0 -0.000001 1.000000 0.000000 -1.000000 -0.000001 0.000000 0.000000 0.000000 1.000000 -4.559847 -4.559853 -10.500000 2.059850 2.059850 1.750000 6041.dat
9 0 1.000000 0.000001 0.000000 -0.000001 1.000000 0.000000 0.000000 0.000000 1.000000 -4.559853 4.559847 -10.500000 2.059850 2.059850 1.750000 6041.dat
9 0 0.000001 -1.000000 0.000000 1.000000 0.000001 0.000000 0.000000 0.000000 1.000000 4.559847 4.559853 -10.500000 2.059850 2.059850 1.750000 6041.dat
9 0 -1.000000 -0.000001 0.000000 0.000001 -1.000000 0.000000 0.000000 0.000000 1.000000 -0.000005 8.540325 -1.500000 3.258350 0.540325 10.750000 6041.dat
9 0 -0.707106 -0.707107 0.000000 0.707107 -0.707106 0.000000 0.000000 0.000000 1.000000 -6.038929 6.038921 -1.500000 3.258350 0.540325 10.750000 6041.dat
9 0 0.000001 -1.000000 0.000000 1.000000 0.000001 0.000000 0.000000 0.000000 1.000000 -8.540325 -0.000005 -1.500000 3.258350 0.540325 10.750000 6041.dat
9 0 0.707107 -0.707106 0.000000 0.707106 0.707107 0.000000 0.000000 0.000000 1.000000 -6.038921 -6.038929 -1.500000 3.258350 0.540325 10.750000 6041.dat
9 0 1.000000 0.000001 0.000000 -0.000001 1.000000 0.000000 0.000000 0.000000 1.000000 0.000005 -8.540325 -1.500000 3.258350 0.540325 10.750000 6041.dat
9 0 0.707106 0.707107 0.000000 -0.707107 0.707106 0.000000 0.000000 0.000000 1.000000 6.038929 -6.038921 -1.500000 3.258350 0.540325 10.750000 6041.dat
9 0 -0.000001 1.000000 0.000000 -1.000000 -0.000001 0.000000 0.000000 0.000000 1.000000 8.540325 0.000005 -1.500000 3.258350 0.540325 10.750000 6041.dat
9 0 -0.707107 0.707106 0.000000 -0.707106 -0.707107 0.000000 0.000000 0.000000 1.000000 6.038921 6.038929 -1.500000 3.258350 0.540325 10.750000 6041.dat
10 0 -31.952000 -33.252502 -24.000000 32.118248 23.935226 0.000000 6041.dat
0 4 0.000001 -1.000000 -0.000000 -0.000000 0.000000 -1.000000 1.000000 0.000001 -0.000000 0.000000 0.000000 -12.500000 0 0 0.160000 0 0 6041.dat
0 2 0.000001 -1.000000 -0.000000 -0.000000 0.000000 -1.000000 1.000000 0.000001 -0.000000 0.000000 0.000000 -8.500000 0 0 0.800000 0 0 6041.dat
2 22 -0.999998 0.001910 -0.000000 -0.000064 -0.033499 0.999439 0.001909 0.999437 0.033499 10.019069 9.975281 11.835000 2 2 29:0:0,29:0:0,29:0:0,29:0:0,15:4:33,29:0:0,29:0:0,29:0:0,29:0:0, 6041.dat
