9 0 1.000000 0.000000 0.000000 0.000000 1.000000 0.000000 0.000000 0.000000 1.000000 -18.106251 40.000000 0.000000 1.643750 39.750000 8.034275 6042.dat
9 0 1.000000 0.000000 0.000000 0.000000 1.000000 0.000000 0.000000 0.000000 1.000000 18.106253 40.000000 0.000000 1.643750 39.750000 8.034275 6042.dat
9 0 -0.000000 0.000000 1.000000 0.000000 1.000000 0.000000 -1.000000 0.000000 -0.000000 0.004850 6.937504 -13.122575 6.622575 6.687500 8.034275 6042.dat
9 0 -0.000000 0.000000 1.000000 0.000000 1.000000 0.000000 -1.000000 0.000000 -0.000000 0.004850 40.000000 18.108749 1.646175 39.750000 8.034275 6042.dat
9 0 -0.000000 0.000000 1.000000 0.000000 1.000000 0.000000 -1.000000 0.000000 -0.000000 -6.188300 8.875000 -12.913701 6.831450 8.625000 1.850800 6042.dat
9 0 -0.000000 0.000000 1.000000 0.000000 1.000000 0.000000 -1.000000 0.000000 -0.000000 -6.188300 8.875000 -12.913701 6.831450 8.625000 1.850800 6042.dat
9 0 -0.000000 0.000000 1.000000 0.000000 1.000000 0.000000 -1.000000 0.000000 -0.000000 5.899200 8.875000 -12.913701 6.831450 8.625000 1.850800 6042.dat
9 0 0.000000 0.000000 1.000000 -0.707107 0.707106 0.000000 -0.707106 -0.707107 0.000000 0.000000 40.000000 -12.918550 6.831450 5.607850 22.176426 6042.dat
9 0 -0.000000 -0.000000 1.000000 -1.000000 -0.000000 0.000000 0.000000 -1.000000 -0.000000 -13.062501 19.999998 -14.142150 5.607875 6.687500 8.034275 6042.dat
9 0 0.000000 -0.000000 1.000000 0.707107 0.707106 -0.000000 -0.707106 0.707107 0.000000 0.000000 40.000000 -12.918550 6.831450 5.607875 22.176426 6042.dat
9 0 0.000000 0.000000 1.000000 -0.707107 0.707106 0.000000 -0.707106 -0.707107 0.000000 9.723375 10.276752 -12.918550 6.831450 5.999075 8.034275 6042.dat
9 0 -0.000000 0.000000 1.000000 1.000000 -0.000000 0.000000 0.000000 1.000000 -0.000000 13.062501 19.999998 -14.142150 5.607875 6.687500 8.034275 6042.dat
9 0 0.000000 -0.000000 1.000000 0.707107 0.707106 -0.000000 -0.707106 0.707107 0.000000 -9.723375 10.276752 -12.918550 6.831450 5.999075 8.034275 6042.dat
9 0 -0.707107 0.000000 0.707107 0.000000 1.000000 0.000000 -0.707107 0.000000 -0.707107 -13.257501 37.370003 -13.252650 8.034275 37.119999 1.001050 6042.dat
9 0 -0.707107 0.000000 -0.707107 0.000000 1.000000 0.000000 0.707107 0.000000 -0.707107 13.154149 37.370003 -13.149301 8.034275 37.119999 1.147225 6042.dat
9 0 0.707107 0.000000 0.707107 0.000000 1.000000 0.000000 -0.707107 0.000000 0.707107 -12.817125 37.370003 12.817123 8.034275 37.119999 1.623850 6042.dat
9 0 -0.000000 -0.000001 1.000000 -0.707107 -0.707106 -0.000001 0.707106 -0.707107 -0.000000 9.723375 69.723373 -14.142150 5.607875 5.999075 8.034275 6042.dat
9 0 -0.000000 -0.000000 1.000000 -1.000000 -0.000000 0.000000 0.000000 -1.000000 -0.000000 -13.062501 60.000004 -14.142150 5.607875 6.687500 8.034275 6042.dat
9 0 -0.000000 0.000001 1.000000 0.707107 -0.707106 0.000001 0.707106 0.707107 -0.000000 -9.723375 69.723373 -14.142150 5.607875 5.999075 8.034275 6042.dat
9 0 -0.000000 0.000000 1.000000 1.000000 -0.000000 0.000000 0.000000 1.000000 -0.000000 13.062501 60.000004 -14.142150 5.607875 6.687500 8.034275 6042.dat
9 0 0.000000 -0.000000 1.000000 0.000000 -1.000000 -0.000000 1.000000 0.000000 0.000000 -5.899175 71.125000 -18.103827 1.641325 8.625000 1.850800 6042.dat
9 0 0.000000 -0.000000 1.000000 0.000000 -1.000000 -0.000000 1.000000 0.000000 0.000000 6.188325 71.125000 -18.103827 1.641325 8.625000 1.850800 6042.dat
9 0 0.000000 -0.000000 1.000000 0.000000 -1.000000 -0.000000 1.000000 0.000000 0.000000 6.188325 71.125000 -18.103827 1.641325 8.625000 1.850800 6042.dat
9 0 0.000000 -0.000000 1.000000 0.000000 -1.000000 -0.000000 1.000000 0.000000 0.000000 -0.004850 73.062500 -18.103827 1.641325 6.687500 8.034275 6042.dat
9 0 0.707107 0.000000 -0.707107 0.000000 1.000000 0.000000 0.707107 0.000000 0.707107 12.817123 37.370003 12.817123 8.034275 37.119999 1.623850 6042.dat
9 0 -0.000000 0.000000 1.000000 0.000000 1.000000 0.000000 -1.000000 0.000000 -0.000000 0.004850 7.187504 -7.125000 0.625000 6.937500 8.034275 6042.dat
9 0 -0.000000 0.000000 1.000000 0.000000 1.000000 0.000000 -1.000000 0.000000 -0.000000 -4.593475 37.187500 -3.635600 0.698100 36.937500 1.655975 6042.dat
9 0 -0.000000 0.000000 1.000000 0.000000 1.000000 0.000000 -1.000000 0.000000 -0.000000 4.593474 37.187500 -3.635600 0.698100 36.937500 1.655975 6042.dat
9 0 -0.000000 0.000000 1.000000 0.000000 1.000000 0.000000 -1.000000 0.000000 -0.000000 -4.593475 37.187500 3.635599 0.698100 36.937500 1.655975 6042.dat
9 0 -0.000000 0.000000 1.000000 0.000000 1.000000 0.000000 -1.000000 0.000000 -0.000000 4.593474 37.187500 3.635599 0.698100 36.937500 1.655975 6042.dat
9 0 -0.000000 0.000000 1.000000 0.000000 1.000000 0.000000 -1.000000 0.000000 -0.000000 0.002175 39.812504 6.665025 0.165025 39.562500 3.470650 6042.dat
9 0 -0.923879 0.000000 0.382684 0.000000 1.000000 0.000000 -0.382684 0.000000 -0.923879 -6.152350 39.812504 2.555601 0.165025 39.562500 3.470650 6042.dat
9 0 0.923880 0.000000 0.382683 0.000000 1.000000 0.000000 -0.382683 0.000000 0.923880 6.154026 39.812504 2.551574 0.165025 39.562500 3.470650 6042.dat
9 0 0.707107 0.000000 -0.707107 0.000000 1.000000 0.000000 0.707107 0.000000 0.707107 4.707901 39.812504 -4.706150 0.165025 39.562500 3.470650 6042.dat
9 0 -0.707107 0.000000 -0.707107 0.000000 1.000000 0.000000 0.707107 0.000000 -0.707107 -4.711000 39.812504 -4.703050 0.165025 39.562500 3.470650 6042.dat
9 0 1.000000 0.000000 0.000000 0.000000 1.000000 0.000000 0.000000 0.000000 1.000000 -13.124900 1.375002 0.000000 6.625100 1.125000 8.034275 6042.dat
9 0 -0.000000 0.000000 1.000000 0.000000 1.000000 0.000000 -1.000000 0.000000 -0.000000 0.004850 1.375002 13.127425 6.627425 1.125000 8.034275 6042.dat
9 0 1.000000 0.000000 0.000000 0.000000 1.000000 0.000000 0.000000 0.000000 1.000000 13.124901 1.375002 0.000000 6.625100 1.125000 8.034275 6042.dat
9 0 -0.000000 0.000000 1.000000 1.000000 -0.000000 0.000000 0.000000 1.000000 -0.000000 4.406250 64.406250 -14.142150 5.607875 1.468750 1.468750 6042.dat
9 0 -0.000000 0.000000 1.000000 1.000000 -0.000000 0.000000 0.000000 1.000000 -0.000000 -4.406250 64.406250 -14.142150 5.607875 1.468750 1.468750 6042.dat
9 0 -0.000000 0.000000 1.000000 1.000000 -0.000000 0.000000 0.000000 1.000000 -0.000000 -4.406250 55.593754 -14.142150 5.607875 1.468750 1.468750 6042.dat
9 0 -0.000000 0.000000 1.000000 1.000000 -0.000000 0.000000 0.000000 1.000000 -0.000000 4.406250 55.593754 -14.142150 5.607875 1.468750 1.468750 6042.dat
9 0 -0.000000 0.000000 1.000000 1.000000 -0.000000 0.000000 0.000000 1.000000 -0.000000 4.406250 24.406248 -14.142150 5.607875 1.468750 1.468750 6042.dat
9 0 -0.000000 0.000000 1.000000 1.000000 -0.000000 0.000000 0.000000 1.000000 -0.000000 -4.406250 24.406248 -14.142150 5.607875 1.468750 1.468750 6042.dat
10 0 -10.000000 0.000000 -30.000002 30.000002 84.449997 14.450000 6042.dat
3 23 1.000000 0.000000 0.000000 0.000000 1.000000 0.000000 0.000000 0.000000 1.000000 -20.000000 0.000000 20.000002 4 4 29:0:1,23:4:1,18:2:1,23:4:1,29:0:1,23:4:1,1:4:0,23:4:1,1:4:0,23:4:1,18:2:1,23:4:1,18:4:0,23:4:1,18:2:1,23:4:1,1:4:0,23:4:1,1:4:0,23:4:1,29:0:1,23:4:1,18:2:1,23:4:1,29:0:1, 6042.dat
3 23 1.000000 0.000000 0.000000 0.000000 -0.000000 1.000000 0.000000 -1.000000 -0.000000 -20.000000 0.000000 -20.000000 8 4 29:0:1,23:4:1,18:2:1,23:4:1,29:0:1,23:4:1,1:4:0,23:4:1,1:4:0,23:4:1,18:2:1,23:4:1,18:4:1,23:4:1,18:2:1,23:4:1,1:4:0,23:4:1,1:4:0,23:4:1,29:0:1,23:4:1,29:0:1,23:4:1,29:0:1,23:4:1,1:4:0,23:4:1,1:4:0,23:4:1,18:2:1,23:4:1,18:4:1,23:4:1,18:2:1,23:4:1,1:4:0,23:4:1,1:4:0,23:4:1,29:0:1,23:4:1,18:2:1,23:4:1,29:0:1, 6042.dat
2 22 1.000000 0.000000 0.000000 0.000000 1.000000 0.000000 0.000000 0.000000 1.000000 -20.000000 80.000000 20.000002 4 4 29:0:1,22:2:1,22:2:1,22:2:1,29:0:1,22:2:1,15:4:0,23:4:1,15:4:0,22:2:1,22:2:1,23:4:1,7:4:0,23:4:1,22:2:1,22:2:1,15:4:0,23:4:1,15:4:0,22:2:1,29:0:1,22:2:1,22:2:1,22:2:1,29:0:1, 6042.dat
0 4 -0.000000 0.000000 1.000000 0.000000 1.000000 0.000000 -1.000000 0.000000 -0.000000 0.000000 80.000000 0.000000 0 0 0.800000 0 0 6042.dat
0 4 -0.000000 0.000000 1.000000 0.000000 1.000000 0.000000 -1.000000 0.000000 -0.000000 0.000000 19.999998 0.000000 0 0 0.800000 0 0 6042.dat
0 4 -0.000000 1.000000 -0.000000 0.000000 -0.000000 -1.000000 -1.000000 0.000000 -0.000000 0.000000 19.999998 -20.000000 0 0 0.480000 0 0 6042.dat
0 4 -0.000000 1.000000 -0.000000 0.000000 -0.000000 -1.000000 -1.000000 0.000000 -0.000000 0.000000 60.000004 -20.000000 0 0 0.480000 0 0 6042.dat
