9 0 -1.000000 0.000000 0.000001 0.000000 1.000000 0.000000 -0.000001 0.000000 -1.000000 0.000001 49.875000 12.097281 0.750000 9.625000 3.865225 6043.dat
9 0 -1.000000 0.000000 0.000001 0.000000 1.000000 0.000000 -0.000001 0.000000 -1.000000 -0.000014 49.875000 -12.097268 0.750000 9.625000 3.865225 6043.dat
9 0 -1.000000 0.000000 0.000001 0.000000 1.000000 0.000000 -0.000001 0.000000 -1.000000 0.000005 58.106251 18.106256 8.034275 21.643751 1.643750 6043.dat
9 0 -0.707107 0.000000 -0.707106 0.000000 1.000000 0.000000 0.707106 0.000000 -0.707107 -12.803048 55.481251 12.803064 8.034275 19.018749 1.643750 6043.dat
9 0 -0.000001 0.000000 -1.000000 0.000000 1.000000 0.000000 1.000000 0.000000 -0.000001 -18.106258 45.857750 0.000018 8.034275 33.892250 1.643750 6043.dat
9 0 0.707106 0.000000 -0.707107 0.000000 1.000000 0.000000 0.707107 0.000000 0.707106 -12.803039 43.232750 -12.803036 8.034275 31.267250 1.643750 6043.dat
9 0 1.000000 0.000000 -0.000001 0.000000 1.000000 0.000000 0.000001 0.000000 1.000000 0.000007 40.000000 -18.106247 8.034275 39.750000 1.643750 6043.dat
9 0 0.707107 0.000000 0.707106 0.000000 1.000000 0.000000 -0.707106 0.000000 0.707107 12.803061 43.232750 -12.803051 8.034275 31.267250 1.643750 6043.dat
9 0 0.000001 0.000000 1.000000 0.000000 1.000000 0.000000 -1.000000 0.000000 0.000001 18.106245 45.857750 0.000020 8.034275 33.892250 1.643750 6043.dat
9 0 -0.707106 0.000000 0.707107 0.000000 1.000000 0.000000 -0.707107 0.000000 -0.707106 12.803052 55.481251 12.803048 8.034275 19.018749 1.643750 6043.dat
9 0 -1.000000 0.000000 0.000001 0.000001 -0.000000 1.000000 0.000000 1.000000 0.000000 -0.000006 1.893252 -0.000019 8.034275 19.750000 1.643750 6043.dat
9 0 -0.707106 0.707107 0.000000 0.000001 0.000000 1.000000 0.707107 0.707106 -0.000001 -12.803054 7.196504 3.232864 8.034275 11.267125 1.643750 6043.dat
9 0 0.000000 1.000000 0.000000 0.000001 -0.000000 1.000000 1.000000 0.000000 -0.000001 -18.106255 19.999504 7.196968 8.034275 12.553050 1.643750 6043.dat
9 0 0.707106 0.707107 0.000000 -0.000000 -0.000000 1.000000 0.707107 -0.707106 -0.000000 -12.803030 32.802502 3.232864 8.034275 11.267125 1.643750 6043.dat
9 0 1.000000 -0.000000 -0.000001 0.000001 0.000000 1.000000 -0.000000 -1.000000 0.000000 0.000019 38.105751 0.000006 8.034275 19.750000 1.643750 6043.dat
9 0 0.707106 -0.707107 -0.000001 0.000001 -0.000000 1.000000 -0.707107 -0.707106 0.000001 12.803070 32.802502 3.232849 8.034275 11.267125 1.643750 6043.dat
9 0 0.000000 -1.000000 -0.000000 0.000001 -0.000000 1.000000 -1.000000 0.000000 0.000001 18.106249 19.999504 7.196945 8.034275 12.553050 1.643750 6043.dat
9 0 -0.707106 -0.707107 0.000001 0.000001 0.000000 1.000000 -0.707107 0.707106 0.000000 12.803046 7.196504 3.232849 8.034275 11.267125 1.643750 6043.dat
9 0 0.000000 -1.000000 -0.000000 0.000001 -0.000000 1.000000 -1.000000 0.000000 0.000001 -6.637506 19.999504 -0.000014 4.067225 19.750000 0.137500 6043.dat
9 0 -0.000001 0.000000 -1.000000 0.000000 1.000000 0.000000 1.000000 0.000000 -0.000001 6.637494 60.000004 0.000002 4.053275 19.750000 0.137500 6043.dat
9 0 1.000000 0.000000 -0.000001 0.000000 1.000000 0.000000 0.000001 0.000000 1.000000 -0.000002 60.000004 6.637506 4.053275 19.750000 0.137500 6043.dat
9 0 0.000001 0.000000 1.000000 0.000000 1.000000 0.000000 -1.000000 0.000000 0.000001 -6.637506 60.000004 0.000010 4.053275 19.750000 0.137500 6043.dat
9 0 -1.000000 0.000000 0.000001 0.000000 1.000000 0.000000 -0.000001 0.000000 -1.000000 -0.000010 60.000004 -6.637494 4.053275 19.750000 0.137500 6043.dat
9 0 1.000000 0.000000 -0.000001 0.000001 0.000000 1.000000 0.000000 -1.000000 -0.000000 -0.000006 13.362002 -0.000019 4.067225 19.750000 0.137500 6043.dat
9 0 0.000000 1.000000 0.000000 0.000001 -0.000000 1.000000 1.000000 0.000000 -0.000001 6.637494 19.999504 -0.000022 4.067225 19.750000 0.137500 6043.dat
9 0 -1.000000 0.000000 0.000001 0.000001 -0.000000 1.000000 0.000000 1.000000 0.000000 -0.000006 26.636999 -0.000019 4.067225 19.750000 0.137500 6043.dat
10 0 -10.000000 0.000000 -30.000002 30.000002 80.000000 10.000025 6043.dat
2 22 -1.000000 0.000000 0.000001 0.000000 1.000000 0.000000 -0.000001 0.000000 -1.000000 19.999981 80.000000 -20.000008 4 4 22:1:1,22:2:1,22:2:1,22:2:1,22:1:1,22:2:1,15:4:0,23:4:1,15:4:0,22:2:1,22:2:1,23:4:1,7:4:2,23:4:1,22:2:1,22:2:1,15:4:0,23:4:1,15:4:0,22:2:1,22:1:1,22:2:1,22:2:1,22:2:1,22:1:1, 6043.dat
0 4 -1.000000 0.000000 0.000001 0.000000 1.000000 0.000000 -0.000001 0.000000 -1.000000 -0.000006 74.750023 0.000006 0 1 0.590000 0 0 6043.dat
0 4 -1.000000 0.000000 0.000001 0.000001 -0.000000 1.000000 0.000000 1.000000 0.000000 0.000003 19.999504 14.750031 0 1 0.590000 0 0 6043.dat
2 22 -1.000000 0.000000 0.000001 0.000001 -0.000000 1.000000 0.000000 1.000000 0.000000 20.000006 40.000000 19.999994 4 4 22:1:1,22:2:1,22:2:1,22:2:1,22:1:1,22:2:1,15:4:0,23:4:1,15:4:0,22:2:1,22:2:1,23:4:1,7:4:2,23:4:1,22:2:1,22:2:1,15:4:0,23:4:1,15:4:0,22:2:1,22:1:1,22:2:1,22:2:1,22:2:1,22:1:1, 6043.dat
