9 0 1.000000 0.000000 0.000000 0.000000 1.000000 0.000000 0.000000 0.000000 1.000000 0.000000 4.000000 0.000000 19.750000 3.750000 9.750000 60471.dat
9 0 -0.000000 -0.000000 1.000000 -1.000000 -0.000000 0.000000 0.000000 -1.000000 -0.000000 -6.375000 3.873675 -13.855875 3.710700 2.125000 3.623675 60471.dat
9 0 -0.000000 0.638572 0.769562 -1.000000 -0.000000 -0.000000 0.000000 -0.769562 0.638572 -6.375000 1.891575 -12.081000 5.815850 2.125000 2.567300 60471.dat
9 0 -0.000000 -0.000000 1.000000 -1.000000 -0.000000 0.000000 0.000000 -1.000000 -0.000000 -6.375000 1.800000 -20.145525 4.949750 2.125000 1.812500 60471.dat
9 0 0.000000 -1.000000 -0.000000 -1.000000 0.000000 -0.000000 0.000000 0.000000 -1.000000 -6.375000 1.800000 -20.145525 4.960700 2.125000 1.812500 60471.dat
9 0 0.000000 0.707106 0.707107 -1.000000 0.000000 0.000000 -0.000000 -0.707107 0.707106 -6.375000 2.186225 -19.759300 5.495950 2.125000 1.812500 60471.dat
9 0 -0.000000 -0.707106 0.707107 -1.000000 -0.000000 -0.000001 0.000001 -0.707107 -0.707106 -6.375000 1.421574 -19.767099 5.484900 2.125000 1.812500 60471.dat
9 0 -0.000000 -0.000000 1.000000 -1.000000 -0.000000 0.000000 0.000000 -1.000000 -0.000000 6.369524 3.873675 -13.855875 3.710700 2.125000 3.623675 60471.dat
9 0 -0.000000 0.638572 0.769562 -1.000000 -0.000000 -0.000000 0.000000 -0.769562 0.638572 6.369524 1.891575 -12.081000 5.815850 2.125000 2.567300 60471.dat
9 0 -0.000000 -0.000000 1.000000 -1.000000 -0.000000 0.000000 0.000000 -1.000000 -0.000000 6.369524 1.800000 -20.145525 4.949750 2.125000 1.812500 60471.dat
9 0 0.000000 -1.000000 -0.000000 -1.000000 0.000000 -0.000000 0.000000 0.000000 -1.000000 6.369524 1.800000 -20.145525 4.960700 2.125000 1.812500 60471.dat
9 0 0.000000 0.707106 0.707107 -1.000000 0.000000 0.000000 -0.000000 -0.707107 0.707106 6.369524 2.186225 -19.759300 5.495950 2.125000 1.812500 60471.dat
9 0 -0.000000 -0.707106 0.707107 -1.000000 -0.000000 -0.000001 0.000001 -0.707107 -0.707106 6.369524 1.421574 -19.767099 5.484900 2.125000 1.812500 60471.dat
9 0 -0.000000 -0.000000 1.000000 -1.000000 -0.000000 0.000000 0.000000 -1.000000 -0.000000 -6.375000 1.800000 -16.381174 1.185400 2.125000 5.697350 60471.dat
9 0 -0.000000 -0.000000 1.000000 -1.000000 -0.000000 0.000000 0.000000 -1.000000 -0.000000 6.369524 1.800000 -16.381174 1.185400 2.125000 5.697350 60471.dat
10 0 -10.000000 0.000000 -10.000000 30.000002 12.450000 26.194250 60471.dat
3 23 1.000000 0.000000 0.000000 0.000000 1.000000 0.000000 0.000000 0.000000 1.000000 -20.000000 0.000000 10.000000 2 4 18:1:1,23:4:1,18:2:1,23:4:1,18:1:1,23:4:1,0:4:1,23:4:1,0:4:1,23:4:1,29:0:1,23:4:1,29:0:1,23:4:1,29:0:1, 60471.dat
2 22 1.000000 0.000000 0.000000 0.000000 1.000000 0.000000 0.000000 0.000000 1.000000 -20.000000 8.000000 10.000000 2 4 22:1:1,22:2:1,22:2:1,22:2:1,22:1:1,22:2:1,15:4:1,9:4:1,15:4:1,22:2:1,22:1:1,22:2:1,22:2:1,22:2:1,22:1:1, 60471.dat
6 2 -0.000000 -0.000000 1.000000 -1.000000 -0.000000 0.000000 0.000000 -1.000000 -0.000000 0.000000 1.800000 -20.000000 1.570796 -1.570796 1.570796 -1.570796 0 60471.dat
