9 0 -1.000000 0.000000 -0.000000 0.000000 1.000000 0.000000 0.000000 0.000000 -1.000000 -11.500000 0.000000 -0.000004 1.250000 8.076176 5.250000 6047.dat
9 0 -1.000000 0.000000 -0.000000 0.000000 1.000000 0.000000 0.000000 0.000000 -1.000000 -1.854398 0.000000 -7.247876 9.895599 4.919950 0.997875 6047.dat
9 0 -1.000000 0.000000 -0.000000 0.000000 1.000000 0.000000 0.000000 0.000000 -1.000000 -1.854400 0.000000 -0.000001 9.895599 5.122500 1.250000 6047.dat
9 0 -1.000000 0.000000 -0.000000 0.000000 1.000000 0.000000 0.000000 0.000000 -1.000000 -1.854402 0.000000 7.247874 9.895599 4.893925 0.997875 6047.dat
9 0 -1.000000 0.000000 -0.000000 -0.000000 -0.000000 1.000000 -0.000000 1.000000 0.000000 -11.500000 0.000000 -0.000004 1.250000 8.076176 5.250000 6047.dat
9 0 0.000000 0.000000 -1.000000 0.000000 1.000000 0.000000 1.000000 0.000000 0.000000 -21.924900 -4.652200 -0.005732 2.813750 0.402200 10.799900 6047.dat
9 0 0.000000 1.000000 0.000000 -0.000000 -0.000000 1.000000 1.000000 0.000000 0.000000 -21.924898 0.000000 -4.657932 2.813750 0.402200 10.799900 6047.dat
9 0 0.000000 0.707107 -0.707106 -0.000000 0.707106 0.707107 1.000000 0.000000 0.000000 -31.750000 -3.006050 -3.006060 3.970625 0.137500 1.000000 6047.dat
9 0 -0.000000 0.000000 1.000000 0.000000 -1.000000 0.000000 1.000000 0.000000 0.000000 -21.924900 4.652200 -0.005732 2.813750 0.402200 10.799900 6047.dat
9 0 0.000000 -1.000000 0.000000 0.000000 -0.000000 -1.000000 1.000000 0.000000 0.000000 -21.924900 0.000000 4.646468 2.813750 0.402200 10.799900 6047.dat
9 0 0.000000 -0.707107 -0.707106 0.000000 0.707106 -0.707107 1.000000 -0.000000 0.000000 -31.750000 -3.006050 3.006040 3.970625 0.137500 1.000000 6047.dat
9 0 0.000000 -0.707107 0.707106 0.000001 -0.707106 -0.707107 1.000000 0.000001 0.000001 -31.750000 3.006050 3.006040 3.970625 0.137500 1.000000 6047.dat
9 0 0.000000 0.707107 0.707106 -0.000001 -0.707106 0.707107 1.000000 -0.000001 0.000001 -31.750000 3.006050 -3.006060 3.970625 0.137500 1.000000 6047.dat
9 0 -1.000000 0.000000 -0.000000 0.000000 1.000000 0.000000 0.000000 0.000000 -1.000000 -4.715325 0.000000 -0.000002 7.034675 9.348650 1.250000 6047.dat
10 0 -10.000000 -10.000000 -10.000000 33.000000 10.000000 10.000000 6047.dat
0 19 -0.000000 1.000000 0.000000 -1.000000 0.000000 -0.000000 -0.000000 -0.000000 1.000000 -33.000000 0.000000 -0.000011 0 1 0.800000 0 0 6047.dat
6 172 1.000000 -0.000000 0.000000 -0.000000 0.000000 1.000000 -0.000000 -1.000000 -0.000000 0.000000 0.000000 0.000000 0.000000 0.000000 0.000000 0.000000 0 6047.dat
0 6 0.000000 -1.000000 -0.000000 1.000000 0.000000 0.000000 -0.000000 -0.000000 1.000000 -13.000000 0.000000 -0.000004 0 0 0.800000 0 0 6047.dat
