9 0 1.000000 0.000000 0.000000 0.000000 1.000000 0.000000 0.000000 0.000000 1.000000 0.000000 4.000000 0.000000 19.750000 3.750000 9.750000 60470.dat
9 0 1.000000 0.000000 0.000000 0.000000 -0.000000 1.000000 0.000000 -1.000000 -0.000000 -10.000000 4.000000 -12.613925 3.750000 2.363925 3.750000 60470.dat
9 0 1.000000 0.000000 0.000000 0.000000 -0.163358 0.986567 0.000000 -0.986567 -0.163358 -10.000000 7.255675 -19.238400 3.750000 4.500000 1.089375 60470.dat
9 0 1.000000 0.000000 0.000000 0.000000 0.227827 0.973702 0.000000 -0.973702 0.227827 -10.000000 -3.319925 -19.444626 3.750000 4.166600 1.060700 60470.dat
9 0 1.000000 0.000000 0.000000 0.000000 0.671948 0.740598 0.000000 -0.740598 0.671948 -10.000000 -0.774700 -14.575049 3.750000 3.327700 1.283775 60470.dat
9 0 1.000000 0.000000 0.000000 0.000000 -0.000000 1.000000 0.000000 -1.000000 -0.000000 10.000000 4.000000 -12.613925 3.750000 2.363925 3.750000 60470.dat
9 0 1.000000 0.000000 0.000000 0.000000 -0.163358 0.986567 0.000000 -0.986567 -0.163358 10.000000 7.255675 -19.238400 3.750000 4.500000 1.089375 60470.dat
9 0 1.000000 0.000000 0.000000 0.000000 0.227827 0.973702 0.000000 -0.973702 0.227827 10.000000 -3.319925 -19.444626 3.750000 4.166600 1.060700 60470.dat
9 0 1.000000 0.000000 0.000000 0.000000 0.671948 0.740598 0.000000 -0.740598 0.671948 10.000000 -0.774700 -14.575049 3.750000 3.327700 1.283775 60470.dat
10 0 -10.000000 -1.425000 -10.000000 30.000002 13.824999 24.250000 60470.dat
3 23 1.000000 0.000000 0.000000 0.000000 1.000000 0.000000 0.000000 0.000000 1.000000 -20.000000 0.000000 10.000000 2 4 18:1:1,23:4:1,18:2:1,23:4:1,18:1:1,23:4:1,0:4:1,23:4:1,0:4:1,23:4:1,29:0:1,23:4:1,29:0:1,23:4:1,29:0:1, 60470.dat
2 22 1.000000 0.000000 0.000000 0.000000 1.000000 0.000000 0.000000 0.000000 1.000000 -20.000000 8.000000 10.000000 2 4 22:1:1,22:2:1,22:2:1,22:2:1,22:1:1,22:2:1,15:4:1,9:4:1,15:4:1,22:2:1,22:1:1,22:2:1,22:2:1,22:2:1,22:1:1, 60470.dat
0 6 -0.000000 -0.000000 1.000000 -1.000000 -0.000000 0.000000 0.000000 -1.000000 -0.000000 -14.000000 1.800000 -20.000000 0 0 0.320000 1 0 60470.dat
0 6 -0.000000 -0.000000 1.000000 -1.000000 -0.000000 0.000000 0.000000 -1.000000 -0.000000 6.000000 1.800000 -20.000000 0 0 0.320000 1 0 60470.dat
1 2 1.000000 0.000000 0.000000 0.000000 -0.000000 1.000000 0.000000 -1.000000 -0.000000 0.000000 1.800000 -19.985476 60470.dat
