9 0 1.000000 0.000000 0.000000 0.000000 1.000000 0.000000 0.000000 0.000000 1.000000 0.000000 12.000000 0.000000 9.750000 11.750000 9.750000 60476.dat
9 0 1.000000 0.000000 0.000000 0.000000 1.000000 0.000000 0.000000 0.000000 1.000000 0.000000 12.159024 -13.000000 3.750000 3.679500 2.750000 60476.dat
9 0 1.000000 0.000000 0.000000 0.000000 0.860952 0.508687 0.000000 -0.508687 0.860952 0.000000 15.042424 -18.092924 3.750000 1.061575 2.258525 60476.dat
9 0 1.000000 0.000000 0.000000 0.000000 -0.860952 0.508687 0.000000 -0.508687 -0.860952 0.000000 4.958825 -18.092924 3.750000 1.061575 2.258525 60476.dat
9 0 1.000000 0.000000 0.000000 0.000000 -0.938135 -0.346269 0.000000 0.346269 -0.938135 0.000000 4.419699 -21.413275 3.750000 1.061575 1.740575 60476.dat
9 0 1.000000 0.000000 0.000000 0.000000 0.962039 -0.272911 0.000000 0.272911 0.962039 0.000000 15.536350 -21.230251 3.750000 1.139900 1.853950 60476.dat
10 0 -10.000000 0.000000 -10.000000 10.000000 28.422499 24.250000 60476.dat
3 23 1.000000 0.000000 0.000000 0.000000 1.000000 0.000000 0.000000 0.000000 1.000000 -10.000000 0.000000 10.000000 2 2 18:1:1,23:4:1,18:1:1,23:4:1,0:4:1,23:4:1,18:1:1,23:4:1,18:1:1, 60476.dat
2 22 1.000000 0.000000 0.000000 0.000000 1.000000 0.000000 0.000000 0.000000 1.000000 -10.000000 24.000000 10.000000 2 2 22:1:1,22:2:1,22:1:1,22:2:1,15:4:1,22:2:1,22:1:1,22:2:1,22:1:1, 60476.dat
0 6 -0.000000 0.000000 1.000000 1.000000 -0.000000 0.000000 0.000000 1.000000 -0.000000 4.000000 9.999999 -20.000000 0 0 0.320000 1 0 60476.dat
