9 0 0.707107 0.000000 -0.707107 0.000000 1.000000 0.000000 0.707107 0.000000 0.707107 15.951750 1.375000 15.951750 10.101125 1.125000 15.821850 60474.dat
9 0 -0.707107 0.000000 -0.707107 0.000000 1.000000 0.000000 0.707107 0.000000 -0.707107 15.951750 1.375000 -15.951726 10.101125 1.125000 15.821850 60474.dat
9 0 -0.707107 0.000000 0.707107 0.000000 1.000000 0.000000 -0.707107 0.000000 -0.707107 -15.951700 1.375000 -15.951700 10.101125 1.125000 15.821850 60474.dat
9 0 0.707107 0.000000 0.707107 0.000000 1.000000 0.000000 -0.707107 0.000000 0.707107 -15.951700 1.375000 15.951750 10.101125 1.125000 15.821850 60474.dat
9 0 -0.000000 0.000000 -1.000000 0.000000 1.000000 0.000000 1.000000 0.000000 -0.000000 21.198750 1.375000 -0.000025 16.069675 1.125000 14.571751 60474.dat
9 0 -1.000000 0.000000 -0.000000 0.000000 1.000000 0.000000 0.000000 0.000000 -1.000000 0.000000 1.375000 -21.198750 16.069675 1.125000 14.571751 60474.dat
9 0 1.000000 0.000000 0.000000 0.000000 1.000000 0.000000 0.000000 0.000000 1.000000 0.000000 1.375000 21.198750 16.069675 1.125000 14.571751 60474.dat
9 0 -0.000000 0.000000 1.000000 0.000000 1.000000 0.000000 -1.000000 0.000000 -0.000000 -21.198751 1.375000 0.000000 16.069675 1.125000 14.571751 60474.dat
9 0 1.000000 0.000000 0.000000 0.000000 1.000000 0.000000 0.000000 0.000000 1.000000 -21.062502 5.250000 0.000000 6.937500 2.250000 16.144600 60474.dat
9 0 -0.000000 0.000000 1.000000 0.000000 1.000000 0.000000 -1.000000 0.000000 -0.000000 0.000000 5.250000 -21.062500 6.937500 2.250000 16.144600 60474.dat
9 0 -0.707107 0.000000 0.707107 0.000000 1.000000 0.000000 -0.707107 0.000000 -0.707107 4.789248 3.875000 -4.789300 0.480375 3.625000 2.072550 60474.dat
9 0 -0.000000 0.000000 -1.000000 0.000000 1.000000 0.000000 1.000000 0.000000 -0.000000 0.000000 5.250000 21.062500 6.937500 2.250000 16.144600 60474.dat
9 0 -0.904117 0.000000 0.427285 0.000000 1.000000 0.000000 -0.427285 0.000000 -0.904117 -16.318476 4.000000 -34.529202 6.490325 3.750000 0.846675 60474.dat
9 0 0.904117 0.000000 0.427285 0.000000 1.000000 0.000000 -0.427285 0.000000 0.904117 16.318501 4.000000 -34.529202 6.490325 3.750000 0.846675 60474.dat
9 0 -1.000000 0.000000 -0.000000 0.000000 1.000000 0.000000 0.000000 0.000000 -1.000000 0.000000 4.000000 -37.534248 10.101125 3.750000 0.846675 60474.dat
9 0 -0.427285 0.000000 -0.904117 0.000000 1.000000 0.000000 0.904117 0.000000 -0.427285 34.529251 4.000000 -16.318501 6.490325 3.750000 0.846675 60474.dat
9 0 -0.427285 0.000000 0.904117 0.000000 1.000000 0.000000 -0.904117 0.000000 -0.427285 34.529251 4.000000 16.318501 6.490325 3.750000 0.846675 60474.dat
9 0 -0.000000 0.000000 -1.000000 0.000000 1.000000 0.000000 1.000000 0.000000 -0.000000 37.534248 4.000000 -0.000025 10.101125 3.750000 0.846675 60474.dat
9 0 0.904117 0.000000 -0.427285 0.000000 1.000000 0.000000 0.427285 0.000000 0.904117 16.318501 4.000000 34.529251 6.490325 3.750000 0.846675 60474.dat
9 0 -0.904117 0.000000 -0.427285 0.000000 1.000000 0.000000 0.427285 0.000000 -0.904117 -16.318476 4.000000 34.529251 6.490325 3.750000 0.846675 60474.dat
9 0 1.000000 0.000000 0.000000 0.000000 1.000000 0.000000 0.000000 0.000000 1.000000 0.000000 4.000000 37.534252 10.101125 3.750000 0.846675 60474.dat
9 0 0.427285 0.000000 0.904117 0.000000 1.000000 0.000000 -0.904117 0.000000 0.427285 -34.529202 4.000000 16.318501 6.490325 3.750000 0.846675 60474.dat
9 0 0.427285 0.000000 -0.904117 0.000000 1.000000 0.000000 0.904117 0.000000 0.427285 -34.529202 4.000000 -16.318501 6.490325 3.750000 0.846675 60474.dat
9 0 -0.000000 0.000000 1.000000 0.000000 1.000000 0.000000 -1.000000 0.000000 -0.000000 -37.534275 4.000000 0.000000 10.101125 3.750000 0.846675 60474.dat
9 0 -1.000000 0.000000 -0.000000 0.000000 1.000000 0.000000 0.000000 0.000000 -1.000000 21.062500 5.250000 0.000000 6.937500 2.250000 16.144600 60474.dat
9 0 -1.000000 0.000000 -0.000000 0.000000 1.000000 0.000000 0.000000 0.000000 -1.000000 21.062500 5.250000 0.000000 6.937500 2.250000 16.144600 60474.dat
9 0 -0.707107 0.000000 -0.707107 0.000000 1.000000 0.000000 0.707107 0.000000 -0.707107 4.792249 3.875000 4.780125 0.480375 3.625000 2.072550 60474.dat
9 0 0.707107 0.000000 -0.707107 0.000000 1.000000 0.000000 0.707107 0.000000 0.707107 -4.777002 3.875000 4.783175 0.480375 3.625000 2.072550 60474.dat
9 0 0.707107 0.000000 0.707107 0.000000 1.000000 0.000000 -0.707107 0.000000 0.707107 -4.780001 3.875000 -4.786250 0.480375 3.625000 2.072550 60474.dat
10 0 -10.008025 0.000000 -50.003998 70.003998 12.450000 30.004002 60474.dat
3 23 1.000000 0.000000 0.000000 0.000000 1.000000 0.000000 0.000000 0.000000 1.000000 -40.000000 0.000000 40.000000 8 8 29:0:1,29:0:1,29:0:1,23:4:1,18:2:1,23:4:1,29:0:1,29:0:1,29:0:1,29:0:1,29:0:1,23:4:1,0:4:0,23:4:1,0:4:0,23:4:1,29:0:1,29:0:1,29:0:1,23:4:1,18:4:1,23:4:1,18:4:1,23:4:1,18:4:1,23:4:1,29:0:1,23:4:1,0:4:0,23:4:1,0:4:0,23:4:1,0:4:0,23:4:1,0:4:0,23:4:1,18:2:1,23:4:1,18:4:1,23:4:1,18:4:0,23:4:1,18:4:1,23:4:1,18:2:1,23:4:1,0:4:0,23:4:1,0:4:0,23:4:1,0:4:0,23:4:1,0:4:0,23:4:1,29:0:1,23:4:1,18:4:1,23:4:1,18:4:1,23:4:1,18:4:1,23:4:1,29:0:1,29:0:1,29:0:1,23:4:1,0:4:0,23:4:1,0:4:0,23:4:1,29:0:1,29:0:1,29:0:1,29:0:1,29:0:1,23:4:1,18:2:1,23:4:1,29:0:1,29:0:1,29:0:1, 60474.dat
2 22 1.000000 0.000000 0.000000 0.000000 1.000000 0.000000 0.000000 0.000000 1.000000 -40.000000 8.000000 40.000000 8 8 29:0:1,29:0:1,22:2:1,22:2:1,22:2:1,22:2:1,22:2:1,29:0:1,29:0:1,29:0:1,29:0:1,22:2:1,15:4:0,23:4:1,15:4:0,22:2:1,29:0:1,29:0:1,22:2:1,22:2:1,7:4:0,23:4:1,7:4:2,23:4:1,7:4:0,22:2:1,22:2:1,22:2:1,15:4:0,23:4:1,15:4:0,23:4:1,15:4:0,23:4:1,15:4:0,22:2:1,22:2:1,23:4:1,7:4:2,23:4:1,7:4:0,23:4:1,7:4:2,23:4:1,22:2:1,22:2:1,15:4:0,23:4:1,15:4:0,23:4:1,15:4:0,23:4:1,15:4:0,22:2:1,22:2:1,22:2:1,7:4:0,23:4:1,7:4:2,23:4:1,7:4:0,22:2:1,22:2:1,29:0:1,29:0:1,22:2:1,15:4:0,23:4:1,15:4:0,22:2:1,29:0:1,29:0:1,29:0:1,29:0:1,22:2:1,22:2:1,22:2:1,22:2:1,22:2:1,29:0:1,29:0:1, 60474.dat
0 8 0.000000 -0.000000 -1.000000 0.000000 -1.000000 0.000000 -1.000000 -0.000000 0.000000 -0.003001 0.000000 -0.003075 0 0 0.320000 0 0 60474.dat
6 69 1.000000 0.000000 0.000000 0.000000 1.000000 0.000000 0.000000 0.000000 1.000000 0.000000 1.500000 0.000000 0.000000 0.000000 0.000000 0.000000 1 60474.dat
6 28 0.000000 -0.000000 -1.000000 0.000000 -1.000000 0.000000 -1.000000 -0.000000 0.000000 -0.003001 4.000000 -0.003075 0.000000 0.000000 0.000000 0.000000 0 60474.dat
