9 0 1.000000 0.000000 0.000000 0.000000 0.000000 1.000000 0.000000 -1.000000 0.000000 0.000000 0.000000 48.500000 19.750000 0.500000 9.750000 60484.dat
9 0 1.000000 0.000000 0.000000 0.000000 0.000000 1.000000 0.000000 -1.000000 0.000000 0.000000 0.000000 31.500000 19.750000 0.500000 9.750000 60484.dat
9 0 1.000000 0.000000 0.000000 0.000000 0.000000 1.000000 0.000000 -1.000000 0.000000 -10.000000 0.000000 40.000000 1.860275 9.000000 9.750000 60484.dat
9 0 1.000000 0.000000 0.000000 0.000000 0.000000 1.000000 0.000000 -1.000000 0.000000 10.000001 0.000000 40.000000 1.860275 9.000000 9.750000 60484.dat
9 0 -0.000000 -0.000000 -1.000000 1.000000 -0.000000 -0.000000 0.000000 -1.000000 0.000000 0.000000 0.000000 29.374802 1.274275 9.000000 9.750000 60484.dat
9 0 -0.000000 -0.000000 -1.000000 1.000000 -0.000000 -0.000000 0.000000 -1.000000 0.000000 0.000000 0.000000 9.999502 1.860275 9.000000 9.750000 60484.dat
9 0 -0.000000 -0.000000 -1.000000 1.000000 -0.000000 -0.000000 0.000000 -1.000000 0.000000 8.499999 0.000000 15.375000 15.125000 0.500000 9.750000 60484.dat
9 0 -0.000000 -0.000000 -1.000000 1.000000 -0.000000 -0.000000 0.000000 -1.000000 0.000000 -8.500000 0.000000 15.374576 15.125425 0.500000 9.750000 60484.dat
9 0 1.000000 0.000000 0.000000 0.000000 0.000000 1.000000 0.000000 -1.000000 0.000000 -0.000425 0.000000 47.000000 24.374575 0.451175 7.750000 60484.dat
9 0 1.000000 0.000000 0.000000 0.000000 0.000000 1.000000 0.000000 -1.000000 0.000000 -0.000425 0.000000 33.000000 24.374575 0.451175 7.750000 60484.dat
9 0 -1.000000 0.000000 0.000000 -0.000000 -0.000000 -1.000000 0.000000 -1.000000 0.000000 28.390003 0.000000 40.000000 0.128000 2.448725 9.750000 60484.dat
9 0 -0.766044 -0.000000 -0.642788 0.642788 -0.000000 -0.766044 0.000000 -1.000000 0.000000 26.427000 0.000000 45.392925 0.127975 2.448725 9.750000 60484.dat
9 0 -0.766044 0.000000 0.642788 -0.642788 -0.000000 -0.766044 0.000000 -1.000000 0.000000 26.427000 0.000000 34.607079 0.128000 2.448725 9.750000 60484.dat
9 0 1.000000 0.000000 0.000000 0.000000 0.000000 1.000000 0.000000 -1.000000 0.000000 -28.389900 0.000000 40.000000 0.128000 2.448725 9.750000 60484.dat
9 0 0.766044 0.000000 0.642788 -0.642788 0.000000 0.766044 0.000000 -1.000000 0.000000 -26.427048 0.000000 34.607079 0.127975 2.448725 9.750000 60484.dat
9 0 0.766044 -0.000000 -0.642788 0.642788 0.000000 0.766044 0.000000 -1.000000 0.000000 -26.427048 0.000000 45.392925 0.128000 2.448725 9.750000 60484.dat
9 0 -0.000000 0.000000 1.000000 -1.000000 -0.000000 -0.000000 0.000000 -1.000000 0.000000 0.000000 -0.000001 -8.390000 0.128000 2.448725 9.750000 60484.dat
9 0 -0.642788 0.000000 0.766044 -0.766044 -0.000000 -0.642788 0.000000 -1.000000 0.000000 5.393000 -0.000001 -6.426999 0.127975 2.448725 9.750000 60484.dat
9 0 0.642788 0.000000 0.766044 -0.766044 0.000000 0.642788 0.000000 -1.000000 0.000000 -5.392925 -0.000001 -6.426999 0.128000 2.448725 9.750000 60484.dat
9 0 -0.000000 0.000000 1.000000 -1.000000 -0.000000 -0.000000 0.000000 -1.000000 0.000000 -7.000425 0.000000 13.188002 17.562075 0.451175 7.750000 60484.dat
9 0 -0.000000 0.000000 1.000000 -1.000000 -0.000000 -0.000000 0.000000 -1.000000 0.000000 6.999500 0.000000 13.188002 17.562075 0.451175 7.750000 60484.dat
10 0 -10.000000 -10.000000 -20.000000 50.000000 50.000000 0.000000 60484.dat
0 2 -0.000000 0.000000 1.000000 0.000000 1.000000 -0.000000 -1.000000 0.000000 -0.000000 -20.000000 10.000000 40.000000 0 0 0.800000 0 0 60484.dat
0 2 -0.000000 0.000000 1.000000 0.000000 1.000000 -0.000000 -1.000000 0.000000 -0.000000 0.000000 10.000000 40.000000 0 0 0.800000 0 0 60484.dat
0 2 -0.000000 0.000000 1.000000 0.000000 1.000000 -0.000000 -1.000000 0.000000 -0.000000 20.000000 10.000000 40.000000 0 0 0.800000 0 0 60484.dat
0 2 -0.000000 0.000000 1.000000 0.000000 1.000000 -0.000000 -1.000000 0.000000 -0.000000 0.000000 10.000000 19.999577 0 0 0.800000 0 0 60484.dat
0 2 -0.000000 0.000000 1.000000 0.000000 1.000000 -0.000000 -1.000000 0.000000 -0.000000 0.000000 9.999999 -0.000748 0 0 0.800000 0 0 60484.dat
2 22 1.000000 0.000000 0.000000 0.000000 1.000000 -0.000000 0.000000 0.000000 1.000000 -30.000002 10.000000 50.000000 6 6 22:1:1,22:2:1,22:2:1,22:2:1,22:2:1,22:2:1,22:1:1,22:2:1,16:4:64,22:2:1,16:4:64,22:2:1,16:4:64,22:2:1,22:1:1,22:2:1,22:1:1,22:2:1,22:1:1,22:2:1,22:1:1,29:0:1,29:0:1,22:2:1,16:4:64,22:2:1,29:0:1,29:0:1,29:0:1,29:0:1,22:2:1,22:2:1,22:2:1,29:0:1,29:0:1,29:0:1,29:0:1,22:2:1,16:4:64,22:2:1,29:0:1,29:0:1,29:0:1,29:0:1,22:1:1,22:2:1,22:1:1,29:0:1,29:0:1, 60484.dat
2 22 -1.000000 0.000000 0.000000 -0.000000 -1.000000 0.000000 0.000000 0.000000 1.000000 30.000002 -10.000000 50.000000 6 6 22:1:1,22:2:1,22:2:1,22:2:1,22:2:1,22:2:1,22:1:1,22:2:1,16:4:64,22:2:1,16:4:64,22:2:1,16:4:64,22:2:1,22:1:1,22:2:1,22:1:1,22:2:1,22:1:1,22:2:1,22:1:1,29:0:1,29:0:1,22:2:1,16:4:64,22:2:1,29:0:1,29:0:1,29:0:1,29:0:1,22:2:1,22:2:1,22:2:1,29:0:1,29:0:1,29:0:1,29:0:1,22:2:1,16:4:64,22:2:1,29:0:1,29:0:1,29:0:1,29:0:1,22:1:1,22:2:1,22:1:1,29:0:1,29:0:1, 60484.dat
