9 0 0.838670 0.000000 0.544639 0.000000 1.000000 0.000000 -0.544639 0.000000 0.838670 31.067600 89.375008 -48.298676 12.108150 49.125000 0.913175 6059.dat
9 0 0.976130 0.000000 0.217188 0.000000 1.000000 0.000000 -0.217188 0.000000 0.976130 12.228625 92.000008 -56.110775 12.108150 51.750000 0.913175 6059.dat
9 0 0.210084 0.000000 0.977683 0.000000 1.000000 0.000000 -0.977683 0.000000 0.210084 56.093250 92.000008 -12.308749 12.108150 51.750000 0.913175 6059.dat
9 0 0.544639 0.000000 0.838671 0.000000 1.000000 0.000000 -0.838671 0.000000 0.544639 48.026501 89.375008 -31.486725 12.108150 49.125000 0.913175 6059.dat
9 0 1.000000 0.000000 0.000000 0.000000 1.000000 0.000000 0.000000 0.000000 1.000000 10.000000 1.875007 -9.999999 9.750000 1.625025 9.750000 6059.dat
9 0 -0.000000 0.000000 1.000000 0.000000 1.000000 0.000000 -1.000000 0.000000 -0.000000 49.225502 140.000015 -6.526250 6.276325 3.750000 8.975525 6059.dat
9 0 0.382684 0.000000 0.923880 0.000000 1.000000 0.000000 -0.923880 0.000000 0.382684 39.025749 140.000015 -12.938250 12.076225 3.750000 1.140600 6059.dat
9 0 0.707107 0.000000 0.707107 0.000000 1.000000 0.000000 -0.707107 0.000000 0.707107 40.828247 140.000015 -40.828224 7.244775 3.750000 1.386500 6059.dat
9 0 0.707107 0.000000 0.707107 0.000000 1.000000 0.000000 -0.707107 0.000000 0.707107 33.126225 137.375031 -33.136452 25.519001 1.125000 5.739650 6059.dat
9 0 0.923880 0.000000 0.382683 0.000000 1.000000 0.000000 -0.382683 0.000000 0.923880 12.938300 140.000015 -39.025875 12.076225 3.750000 1.140450 6059.dat
9 0 1.000000 0.000000 0.000000 0.000000 1.000000 0.000000 0.000000 0.000000 1.000000 6.519050 140.000015 -49.077248 6.269075 3.750000 8.827250 6059.dat
9 0 0.707107 -0.000000 0.707107 0.251850 0.934421 -0.251849 -0.660736 0.356169 0.660736 36.969501 27.664507 -36.969601 14.827800 14.616699 0.687975 6059.dat
9 0 0.707107 0.000000 0.707107 0.657070 0.369485 -0.657070 -0.261265 0.929237 0.261265 23.830101 7.101500 -23.830000 9.104575 15.027150 0.840875 6059.dat
9 0 0.227134 -0.083262 0.970298 0.415558 0.909363 -0.019243 -0.880750 0.407586 0.241148 49.371750 28.172504 -14.727250 14.827800 14.616699 0.687975 6059.dat
9 0 0.115003 -0.092817 0.989020 0.932929 0.352069 -0.075440 -0.341201 0.931361 0.127080 32.029526 7.369757 -11.209750 9.104575 15.027150 0.840875 6059.dat
9 0 0.971168 0.104685 0.214179 -0.000770 0.899797 -0.436307 -0.238393 0.423563 0.873935 15.060276 28.359509 -49.045074 14.827800 14.616699 0.687975 6059.dat
9 0 0.991345 0.056510 0.118496 0.090676 0.357970 -0.929320 -0.094934 0.932022 0.349748 11.012125 7.280254 -32.075325 9.104575 15.027150 0.840875 6059.dat
10 0 -10.000000 0.000000 -50.107254 50.000000 148.450012 10.000000 6059.dat
2 22 1.000000 0.000000 0.000000 0.000000 1.000000 0.000000 0.000000 0.000000 1.000000 0.000000 144.000000 0.000000 6 6 29:0:1,29:0:1,29:0:1,29:0:1,22:1:1,22:2:1,22:1:1,29:0:1,29:0:1,29:0:1,29:0:1,22:2:1,15:4:1,22:2:1,29:0:1,29:0:1,29:0:1,29:0:1,22:2:1,22:2:1,22:2:1,29:0:1,29:0:1,29:0:1,29:0:1,29:0:1,29:0:1,29:0:1,22:1:1,22:2:1,22:2:1,29:0:1,22:2:1,29:0:1,29:0:1,22:2:1,15:4:1,22:2:1,29:0:1,29:0:1,29:0:1,29:0:1,22:1:1,22:2:1,22:2:1,29:0:1,29:0:1,29:0:1,29:0:1, 6059.dat
3 23 1.000000 0.000000 0.000000 0.000000 1.000000 0.000000 0.000000 0.000000 1.000000 0.000000 0.000000 0.000000 2 2 18:1:1,23:4:1,18:1:1,23:4:1,1:4:2,23:4:1,18:1:1,23:4:1,29:0:1, 6059.dat
