9 0 1.000000 0.000000 0.000000 0.000000 1.000000 0.000000 0.000000 0.000000 1.000000 0.000000 -76.000000 14.563501 14.246000 27.750000 6.346825 6064.dat
9 0 -0.000000 0.000000 1.000000 0.000000 1.000000 0.000000 -1.000000 0.000000 -0.000000 -14.563501 -76.000000 0.000000 14.246000 27.750000 6.346825 6064.dat
9 0 -1.000000 0.000000 -0.000000 0.000000 1.000000 0.000000 0.000000 0.000000 -1.000000 0.000000 -76.000000 -14.563501 14.246000 27.750000 6.346825 6064.dat
9 0 -0.000000 0.000000 -1.000000 0.000000 1.000000 0.000000 1.000000 0.000000 -0.000000 14.563501 -76.000000 0.000000 14.246000 27.750000 6.346800 6064.dat
9 0 1.000000 0.000000 0.000000 0.000000 1.000000 0.000000 0.000000 0.000000 1.000000 17.603001 -8.726900 0.000000 1.103000 8.476900 8.928925 6064.dat
9 0 -0.000000 0.000000 -1.000000 0.000000 1.000000 0.000000 1.000000 0.000000 -0.000000 0.000000 -8.726900 -17.603001 1.103000 8.476900 8.928925 6064.dat
9 0 -1.000000 0.000000 -0.000000 0.000000 1.000000 0.000000 0.000000 0.000000 -1.000000 -17.603001 -8.726900 0.000000 1.103000 8.476900 8.928925 6064.dat
9 0 -0.000000 0.000000 1.000000 0.000000 1.000000 0.000000 -1.000000 0.000000 -0.000000 0.000000 -8.726900 17.603001 1.103000 8.476900 8.928925 6064.dat
9 0 0.000000 0.000000 1.000000 -0.500603 0.865677 0.000000 -0.865677 -0.500603 0.000000 24.526751 -30.597750 0.000000 11.369551 21.637949 4.423475 6064.dat
9 0 0.707107 -0.000000 0.707107 -0.353980 0.865677 0.353980 -0.612126 -0.500603 0.612126 17.266750 -30.596750 -17.266825 11.369551 21.583050 4.330600 6064.dat
9 0 1.000000 0.000000 0.000000 0.000000 0.865677 0.500603 0.000000 -0.500603 0.865677 0.000000 -31.009998 -24.983850 11.369551 22.223675 4.612650 6064.dat
9 0 0.707107 0.000000 -0.707107 0.353980 0.865677 0.353980 0.612126 -0.500603 0.612126 -17.500874 -30.461498 -17.500874 11.369551 21.631750 4.684775 6064.dat
9 0 0.000000 -0.000000 -1.000000 0.500603 0.865677 0.000000 0.865677 -0.500603 0.000000 -24.736526 -30.916250 0.000000 11.369551 22.018675 4.445500 6064.dat
9 0 -0.707107 0.000001 0.707107 -0.353979 0.865677 -0.353980 -0.612126 -0.500602 -0.612126 17.572250 -30.839500 17.572250 11.369551 22.009476 4.582925 6064.dat
9 0 -1.000000 -0.000000 -0.000000 0.000000 0.865678 -0.500602 0.000000 -0.500602 -0.865677 0.000000 -30.726501 24.619251 11.369551 21.795624 4.439125 6064.dat
9 0 -0.707107 -0.000001 -0.707107 0.353979 0.865677 -0.353980 0.612126 -0.500602 -0.612126 -17.385500 -30.745750 17.385500 11.369551 21.796175 4.401225 6064.dat
10 0 -30.363251 0.000000 -50.363247 50.363247 104.000000 30.363251 6064.dat
3 23 1.000000 0.000000 0.000000 0.000000 1.000000 0.000000 0.000000 0.000000 1.000000 -10.000000 -48.000000 10.000000 2 2 29:0:0,29:0:0,29:0:0,29:0:0,1:4:36,29:0:0,29:0:0,29:0:0,29:0:0, 6064.dat
2 22 1.000000 0.000000 0.000000 0.000000 1.000000 0.000000 0.000000 0.000000 1.000000 -20.000000 0.000000 20.000002 4 4 29:0:1,22:2:1,22:2:1,22:2:1,29:0:1,22:2:1,15:4:0,23:4:1,15:4:0,22:2:1,22:2:1,23:4:1,7:4:0,23:4:1,22:2:1,22:2:1,15:4:0,23:4:1,15:4:0,22:2:1,29:0:1,22:2:1,22:2:1,22:2:1,29:0:1, 6064.dat
0 6 -0.000000 0.000000 1.000000 0.000000 1.000000 0.000000 -1.000000 0.000000 -0.000000 0.000000 -48.000000 0.000000 0 0 0.178000 0 0 6064.dat
0 8 -0.000000 0.000000 1.000000 0.000000 1.000000 0.000000 -1.000000 0.000000 -0.000000 0.000000 0.000000 0.000000 0 0 0.320000 0 0 6064.dat
6 28 -0.000000 0.000000 1.000000 0.000000 1.000000 0.000000 -1.000000 0.000000 -0.000000 0.000000 -4.000000 0.000000 0.000000 0.000000 0.000000 0.000000 0 6064.dat
