9 0 0.000000 0.000000 -1.000000 0.301066 0.953603 0.000000 0.953603 -0.301066 0.000000 23.042049 -0.397775 0.200725 9.060149 17.923075 0.379475 60673.dat
9 0 0.000000 0.000000 -1.000000 0.000000 1.000000 0.000000 1.000000 0.000000 0.000000 13.839901 35.446251 -33.003502 2.750000 1.558050 6.624025 60673.dat
9 0 0.000000 0.000000 -1.000000 0.000000 1.000000 0.000000 1.000000 0.000000 0.000000 14.979325 20.622475 -1.873025 12.665875 14.263275 14.729325 60673.dat
9 0 0.000000 -0.264544 -0.964374 0.000000 0.964374 -0.264544 1.000000 0.000000 0.000000 11.769575 41.421501 10.431325 4.408250 14.184475 11.519575 60673.dat
9 0 0.000000 0.000000 -1.000000 -1.000000 -0.000000 -0.000000 -0.000000 1.000000 -0.000000 0.968350 44.914249 -20.216299 29.537001 0.720125 8.192550 60673.dat
9 0 0.000000 0.000000 -1.000000 0.000000 1.000000 0.000000 1.000000 0.000000 0.000000 7.789725 -14.629750 1.061825 9.060149 8.238951 7.539725 60673.dat
9 0 0.000000 0.000000 -1.000000 0.000000 1.000000 0.000000 1.000000 0.000000 0.000000 9.330700 7.637100 -12.640249 6.261850 22.707075 9.080700 60673.dat
9 0 0.000000 0.000000 -1.000000 0.000000 1.000000 0.000000 1.000000 0.000000 0.000000 11.021050 9.706300 12.761476 6.389850 24.995451 10.771050 60673.dat
9 0 -0.163286 0.003810 -0.986571 -0.009069 0.999945 0.005363 0.986537 0.009823 -0.163242 29.444752 44.877998 -9.483450 16.202324 9.709325 1.747375 60673.dat
9 0 0.000000 0.000000 -1.000000 0.000000 1.000000 0.000000 1.000000 0.000000 0.000000 10.167225 -5.576275 -5.563850 3.060475 3.060475 9.917225 60673.dat
9 0 0.000000 0.000000 -1.000000 0.000000 1.000000 0.000000 1.000000 0.000000 0.000000 10.720075 5.544675 -5.563850 3.060475 3.060475 10.470076 60673.dat
9 0 0.000000 0.000000 -1.000000 0.000000 1.000000 0.000000 1.000000 0.000000 0.000000 10.720075 5.544675 5.557075 3.060475 3.060475 10.470076 60673.dat
9 0 0.000000 0.000000 -1.000000 0.000000 1.000000 0.000000 1.000000 0.000000 0.000000 10.720075 -5.576275 5.557075 3.060475 3.060475 10.470076 60673.dat
9 0 0.000000 0.000000 -1.000000 1.000000 -0.000000 0.000000 -0.000000 -1.000000 -0.000000 26.497999 45.094250 -20.216299 29.537001 0.720125 8.192550 60673.dat
9 0 0.000000 0.000000 -1.000000 0.382684 -0.923879 0.000000 -0.923879 -0.382684 -0.000000 18.701225 33.245750 -20.216299 29.537001 0.720125 8.192550 60673.dat
9 0 0.000000 0.000000 -1.000000 -0.382684 -0.923879 -0.000000 -0.923879 0.382684 -0.000000 8.931450 33.176750 -20.216299 29.537001 0.720125 8.192550 60673.dat
9 0 0.000000 0.000000 -1.000000 -0.382683 0.923880 -0.000000 0.923880 0.382683 0.000000 8.765150 56.763000 -20.216299 29.537001 0.720125 8.192550 60673.dat
9 0 0.000000 0.000000 -1.000000 0.382683 0.923880 0.000000 0.923880 -0.382683 0.000000 18.534925 56.831997 -20.216299 29.537001 0.720125 8.192550 60673.dat
9 0 0.000000 0.000000 -1.000000 1.000000 -0.000000 0.000000 -0.000000 -1.000000 -0.000000 4.192425 44.893250 -33.003502 2.750000 1.540750 6.624025 60673.dat
9 0 0.000000 0.000000 -1.000000 -0.000000 -1.000000 -0.000000 -1.000000 0.000000 -0.000000 13.656526 54.542999 -33.003502 2.750000 1.538500 6.624025 60673.dat
9 0 0.000000 0.000000 -1.000000 -1.000000 -0.000000 -0.000000 -0.000000 1.000000 -0.000000 23.288975 45.076500 -33.003502 2.750000 1.555775 6.624025 60673.dat
10 0 -23.042700 -61.986752 -33.921501 50.003498 24.455326 0.001775 60673.dat
3 23 0.000000 0.000000 -1.000000 -1.000000 -0.000000 -0.000000 -0.000000 1.000000 -0.000000 28.432751 54.984749 -29.999250 2 2 29:0:0,29:0:0,29:0:0,29:0:0,1:4:32,29:0:0,29:0:0,29:0:0,29:0:0, 60673.dat
0 4 -0.000000 1.000000 0.000000 -1.000000 -0.000000 -0.000000 -0.000000 0.000000 1.000000 0.000000 0.000000 0.000000 0 1 0.800000 0 0 60673.dat
0 2 -0.000000 1.000000 -0.000000 0.000000 0.000000 -1.000000 -1.000000 -0.000000 -0.000000 13.733175 45.004250 -36.000000 0 0 0.400000 0 0 60673.dat
