9 0 -1.000000 0.000000 0.000001 0.000000 1.000000 0.000000 -0.000001 0.000000 -1.000000 -0.000001 -5.649475 -1.006100 13.060525 5.399475 14.881974 60747.dat
9 0 0.866026 0.500000 -0.000000 -0.500000 0.866026 0.000000 0.000001 -0.000000 1.000000 -25.187000 -5.973425 -0.257834 13.326076 7.931150 1.497675 60747.dat
9 0 0.866026 -0.500000 -0.000000 0.500000 0.866026 -0.000000 0.000001 0.000000 1.000000 24.578100 -5.835950 -0.257865 13.326076 7.783325 1.497675 60747.dat
9 0 0.202167 0.000000 -0.979351 0.000000 1.000000 0.000000 0.979351 0.000000 0.202167 -16.554476 9.118600 -3.417340 10.094975 8.243050 0.528325 60747.dat
9 0 -0.827437 0.000000 -0.561559 0.000000 1.000000 0.000000 0.561559 0.000000 -0.827437 -9.778966 9.118600 14.408957 10.094975 8.243050 0.883675 60747.dat
9 0 -0.835459 0.000000 0.549552 0.000000 1.000000 0.000000 -0.549552 0.000000 -0.835459 9.277184 9.118600 14.103669 10.094975 8.243050 0.506150 60747.dat
9 0 0.188004 0.000000 0.982168 0.000000 1.000000 0.000000 -0.982168 0.000000 0.188004 16.728098 9.118600 -3.202035 10.094975 8.243050 0.656600 60747.dat
9 0 -1.000000 0.000000 0.000001 0.000000 1.000000 0.000000 -0.000001 0.000000 -1.000000 -0.000010 6.031375 -16.543249 2.250000 5.329200 1.456750 60747.dat
10 0 -40.010498 -17.737825 -18.250000 40.693249 19.505026 21.081150 60747.dat
2 22 -1.000000 0.000000 0.000001 0.000000 1.000000 0.000000 -0.000001 0.000000 -1.000000 9.999994 0.000000 -10.000006 2 2 29:0:0,29:0:0,29:0:0,29:0:0,15:4:33,29:0:0,29:0:0,29:0:0,29:0:0, 60747.dat
