9 0 1.000000 0.000000 0.000000 0.000000 1.000000 0.000000 0.000000 0.000000 1.000000 -0.061075 -8.015750 0.374525 7.852625 0.732275 7.784375 60748.dat
9 0 -0.825771 -0.301334 -0.476759 -0.260963 0.953519 -0.150668 0.500000 -0.000001 -0.866025 -12.568174 4.718000 -7.323925 0.460200 13.200476 3.751200 60748.dat
9 0 -0.476759 -0.301335 0.825771 -0.150667 0.953518 0.260964 -0.866026 0.000001 -0.500000 -7.323925 4.718000 12.568174 0.460200 13.200476 3.751200 60748.dat
9 0 -0.825771 -0.301334 0.476759 -0.260963 0.953519 0.150668 -0.500000 0.000001 -0.866025 -12.626800 4.718000 7.222400 0.460200 13.200476 3.751200 60748.dat
9 0 -0.953519 -0.301334 -0.000000 -0.301334 0.953519 -0.000000 0.000000 0.000000 -1.000000 -14.546325 4.718000 -0.058625 0.460200 13.200476 3.751200 60748.dat
9 0 0.825771 -0.301335 -0.476759 0.260963 0.953519 -0.150667 0.500000 -0.000000 0.866025 12.626800 4.718000 -7.222400 0.460200 13.200476 3.751200 60748.dat
9 0 -0.476759 -0.301335 -0.825771 -0.150667 0.953518 -0.260964 0.866026 -0.000001 -0.500000 -6.472325 -0.029000 -11.327625 0.460200 8.222075 3.751200 60748.dat
9 0 -0.000000 -0.301335 -0.953519 -0.000000 0.953518 -0.301335 1.000000 -0.000000 -0.000000 0.058625 1.307500 -13.468525 0.460200 9.623725 3.751200 60748.dat
9 0 0.476759 -0.301335 -0.825771 0.150668 0.953518 -0.260963 0.866025 -0.000000 0.500000 6.518375 -0.379975 -11.172951 0.460200 7.854000 3.751200 60748.dat
9 0 -0.000000 -0.301335 0.953519 -0.000000 0.953518 0.301335 -1.000000 0.000000 -0.000000 -0.058625 4.718000 14.546325 0.460200 13.200476 3.751200 60748.dat
9 0 0.953519 -0.301334 0.000000 0.301334 0.953519 0.000000 0.000000 0.000000 1.000000 14.546325 4.718000 0.058625 0.460200 13.200476 3.751200 60748.dat
9 0 0.825771 -0.301335 0.476759 0.260963 0.953519 0.150667 -0.500000 0.000000 0.866025 12.568174 4.718000 7.323925 0.460200 13.200476 3.751200 60748.dat
9 0 0.476759 -0.301335 0.825771 0.150668 0.953518 0.260963 -0.866025 0.000000 0.500000 7.222400 4.718000 12.626800 0.460200 13.200476 3.751200 60748.dat
10 0 -20.267551 -17.831348 -20.267551 20.267551 10.749375 17.860649 60748.dat
2 22 1.000000 0.000000 0.000000 0.000000 1.000000 0.000000 0.000000 0.000000 1.000000 -10.000000 0.000000 10.000000 2 2 29:0:0,29:0:0,29:0:0,29:0:0,15:4:33,29:0:0,29:0:0,29:0:0,29:0:0, 60748.dat
