9 0 -0.000000 0.000000 1.000000 0.000000 1.000000 0.000000 -1.000000 0.000000 -0.000000 -14.181050 -1.020025 0.000000 9.473775 1.314700 5.302200 60750.dat
9 0 -0.000000 0.000000 -1.000000 0.000000 1.000000 0.000000 1.000000 0.000000 -0.000000 14.181050 -1.020025 0.000000 9.473775 1.314700 5.302200 60750.dat
9 0 1.000000 0.000000 0.000000 0.000000 1.000000 0.000000 0.000000 0.000000 1.000000 0.000000 14.114450 12.335799 7.278900 17.311899 1.272575 60750.dat
9 0 1.000000 0.000000 0.000000 0.000000 1.000000 0.000000 0.000000 0.000000 1.000000 0.000000 16.644024 -11.976851 14.658726 18.511625 1.073875 60750.dat
9 0 -1.000000 0.000000 -0.000000 0.000000 1.000000 0.000000 0.000000 0.000000 -1.000000 0.000000 -4.219475 13.488676 8.020375 4.958625 0.422050 60750.dat
9 0 -0.500000 0.000000 0.866025 0.000000 1.000000 0.000000 -0.866025 0.000000 -0.500000 11.681524 -3.686675 6.744325 8.020375 4.300925 0.422050 60750.dat
9 0 0.500000 0.000000 0.866025 0.000000 1.000000 0.000000 -0.866025 0.000000 0.500000 11.681524 -3.686675 -6.744325 8.020375 4.300925 0.422050 60750.dat
9 0 1.000000 0.000000 0.000000 0.000000 1.000000 0.000000 0.000000 0.000000 1.000000 0.000000 -4.653575 -13.488676 6.962075 5.494450 0.422050 60750.dat
9 0 -0.500000 0.000000 -0.866025 0.000000 1.000000 0.000000 0.866025 0.000000 -0.500000 -11.681524 -3.686675 6.744325 8.020375 4.300925 0.422050 60750.dat
9 0 0.500000 0.000000 -0.866025 0.000000 1.000000 0.000000 0.866025 0.000000 0.500000 -11.681524 -3.686675 -6.744325 8.020375 4.300925 0.422050 60750.dat
10 0 -22.384800 -35.833252 -18.461550 22.350300 11.990925 18.858625 60750.dat
4 30 -1.000000 0.000000 -0.000000 0.000000 1.000000 0.000000 0.000000 0.000000 -1.000000 7.500000 0.544675 0.000000 2 60750.dat
4 30 1.000000 0.000000 0.000000 0.000000 1.000000 0.000000 0.000000 0.000000 1.000000 -7.500000 0.544675 0.000000 2 60750.dat
