9 0 1.000000 0.000000 0.000000 0.000000 1.000000 0.000000 0.000000 0.000000 1.000000 0.000000 69.500008 -60.000004 39.750000 2.250000 9.750000 60806.dat
9 0 1.000000 0.000000 0.000000 0.000000 0.744894 -0.667183 0.000000 0.667183 0.744894 0.000000 61.018051 -59.572281 39.750000 11.163125 3.526500 60806.dat
9 0 1.000000 0.000000 0.000000 0.000000 1.000000 0.000000 0.000000 0.000000 1.000000 0.000000 1.637501 0.000000 39.750000 1.387500 9.750000 60806.dat
9 0 1.000000 0.000000 0.000000 0.000000 0.743145 -0.669131 0.000000 0.669131 0.743145 34.999996 44.186001 -36.173077 1.000000 16.377201 1.259775 60806.dat
9 0 1.000000 0.000000 0.000000 0.000000 0.753449 -0.657507 0.000000 0.657507 0.753449 38.124996 35.997505 -29.997751 1.625000 40.027500 8.351275 60806.dat
9 0 1.000000 0.000000 0.000000 0.000000 0.743145 -0.669131 0.000000 0.669131 0.743145 -35.000004 44.186001 -36.173077 1.000000 16.377201 1.259775 60806.dat
9 0 1.000000 0.000000 0.000000 0.000000 0.753009 -0.658010 0.000000 0.658010 0.753009 0.000000 55.913830 -46.749352 33.500000 0.562450 1.259775 60806.dat
9 0 1.000000 0.000000 0.000000 0.000000 1.000000 0.000000 0.000000 0.000000 1.000000 0.000000 5.637503 0.000000 19.750000 2.112500 9.750000 60806.dat
9 0 1.000000 0.000000 0.000000 0.000000 0.753564 -0.657375 0.000000 0.657375 0.753564 38.124996 36.397751 -23.873503 1.625000 43.753250 3.466050 60806.dat
9 0 1.000000 0.000000 0.000000 0.000000 0.753449 -0.657507 0.000000 0.657507 0.753449 -38.125004 35.997505 -29.997751 1.625000 40.027500 8.351275 60806.dat
9 0 1.000000 0.000000 0.000000 0.000000 0.753564 -0.657375 0.000000 0.657375 0.753564 -38.125004 36.397751 -23.873503 1.625000 43.753250 3.466050 60806.dat
9 0 1.000000 0.000000 0.000000 0.000000 0.744894 -0.667183 0.000000 0.667183 0.744894 -33.750000 7.931500 -10.156754 6.000000 0.736600 3.526500 60806.dat
9 0 1.000000 0.000000 0.000000 0.000000 0.744894 -0.667183 0.000000 0.667183 0.744894 33.749996 7.931500 -10.156754 6.000000 0.736600 3.526500 60806.dat
10 0 -10.000000 0.000000 -70.000000 70.000000 76.450005 10.000000 60806.dat
3 23 1.000000 0.000000 0.000000 0.000000 1.000000 0.000000 0.000000 0.000000 1.000000 -40.000000 0.000000 9.999996 2 8 18:1:1,23:4:1,18:2:1,23:4:1,18:2:1,23:4:1,18:2:1,23:4:1,18:1:1,23:4:1,0:4:1,23:4:1,0:4:1,23:4:1,0:4:1,23:4:1,0:4:1,23:4:1,18:1:1,23:4:1,18:2:1,23:4:1,18:2:1,23:4:1,18:2:1,23:4:1,18:1:1, 60806.dat
2 22 1.000000 0.000000 0.000000 0.000000 1.000000 0.000000 0.000000 0.000000 1.000000 -40.000000 72.000000 -50.000000 2 8 22:1:1,22:2:1,22:2:1,22:2:1,22:2:1,22:2:1,22:2:1,22:2:1,22:1:1,22:2:1,15:4:1,9:4:1,15:4:1,9:4:1,15:4:1,9:4:1,15:4:1,22:2:1,22:1:1,22:2:1,22:2:1,22:2:1,22:2:1,22:2:1,22:2:1,22:2:1,22:1:1, 60806.dat
2 22 1.000000 0.000000 0.000000 0.000000 1.000000 0.000000 0.000000 0.000000 1.000000 -20.000002 8.000004 9.999996 2 4 22:1:1,22:2:1,22:2:1,22:2:1,22:1:1,22:2:1,15:4:1,15:4:1,15:4:1,22:2:1,22:1:1,22:2:1,22:2:1,22:2:1,22:1:1, 60806.dat
6 18 0.000000 0.667183 0.744894 -0.000000 0.744894 -0.667183 -1.000000 0.000000 0.000000 32.750000 30.818752 -31.226751 0.000000 0.000000 0.000000 0.000000 0 60806.dat
6 18 0.000000 0.667183 0.744894 -0.000000 0.744894 -0.667183 -1.000000 0.000000 0.000000 -32.500000 30.818752 -31.226751 0.000000 0.000000 0.000000 0.000000 0 60806.dat
6 82 0.000000 0.744894 -0.667183 -1.000000 0.000000 -0.000000 0.000000 0.667183 0.744894 0.000000 50.278900 -48.656826 0.000000 0.000000 0.000000 0.000000 0 60806.dat
6 82 -0.000000 1.000000 0.000000 -1.000000 -0.000000 0.000000 0.000000 0.000000 1.000000 0.000000 11.169004 -13.633004 0.000000 0.000000 0.000000 0.000000 0 60806.dat
