9 0 1.000000 0.000000 0.000000 0.000000 1.000000 0.000000 0.000000 0.000000 1.000000 0.000000 -6.191400 0.000000 4.976650 0.691400 4.976650 6089.dat
9 0 -1.000000 0.000000 -0.000000 0.000000 1.000000 0.000000 0.000000 0.000000 -1.000000 0.000000 14.627175 13.302999 4.700000 8.434300 0.125225 6089.dat
9 0 1.000000 0.000000 0.000000 0.000000 0.991671 -0.128795 0.000000 0.128795 0.991671 0.000000 26.758751 -14.982950 9.750000 6.934850 0.787825 6089.dat
9 0 1.000000 0.000000 0.000000 0.000000 1.000000 0.000000 0.000000 0.000000 1.000000 0.000000 19.111450 16.187975 8.325000 5.791450 3.562025 6089.dat
9 0 1.000000 0.000000 0.000000 0.000000 1.000000 0.000000 0.000000 0.000000 1.000000 0.000000 40.438999 14.656726 16.625000 14.810949 2.030775 6089.dat
9 0 1.000000 0.000000 0.000000 0.000000 1.000000 0.000000 0.000000 0.000000 1.000000 0.000000 40.838249 20.616924 11.748025 14.411751 3.429425 6089.dat
9 0 -0.707107 0.000000 0.707107 0.000000 1.000000 0.000000 -0.707107 0.000000 -0.707107 9.406651 14.627175 9.406651 4.700000 8.434300 0.125225 6089.dat
9 0 -0.000000 0.000000 1.000000 0.000000 1.000000 0.000000 -1.000000 0.000000 -0.000000 13.302999 14.627175 0.000000 4.700000 8.434300 0.125225 6089.dat
9 0 1.000000 0.000000 0.000000 0.000000 1.000000 0.000000 0.000000 0.000000 1.000000 14.639050 17.000000 11.187500 5.814050 2.250000 2.000000 6089.dat
9 0 0.865096 0.472702 -0.167815 -0.500155 0.787459 -0.360213 -0.038126 0.395552 0.917652 12.334425 23.862749 -11.844625 4.523025 7.715100 0.787825 6089.dat
9 0 0.790813 0.571175 -0.219939 -0.609037 0.698696 -0.375363 -0.060728 0.430793 0.900405 17.002550 27.070251 -11.610800 2.318550 10.556200 0.533575 6089.dat
9 0 1.000000 0.000000 0.000000 0.000000 1.000000 0.000000 0.000000 0.000000 1.000000 23.330250 22.002100 6.913899 3.044750 2.252100 6.273600 6089.dat
9 0 1.000000 0.000000 0.000000 0.000000 1.000000 0.000000 0.000000 0.000000 1.000000 16.239799 17.753149 2.437500 3.044750 1.496850 10.750000 6089.dat
9 0 0.840472 0.541855 0.000000 -0.541855 0.840472 0.000000 0.000000 0.000000 1.000000 18.199524 31.493750 14.193749 6.428375 4.940500 2.493750 6089.dat
9 0 -0.000000 0.000000 -1.000000 0.000000 1.000000 0.000000 1.000000 0.000000 -0.000000 20.000000 27.500000 18.568399 1.380900 3.750000 3.250000 6089.dat
9 0 0.782673 0.000000 -0.622433 0.000000 1.000000 0.000000 0.622433 0.000000 0.782673 24.149000 27.500000 20.930500 0.978025 3.750000 1.756250 6089.dat
9 0 1.000000 0.000000 0.000000 0.000000 1.000000 0.000000 0.000000 0.000000 1.000000 25.312502 27.500000 26.006248 1.187500 3.750000 1.756250 6089.dat
9 0 -0.782673 0.000000 -0.622434 0.000000 1.000000 0.000000 0.622434 0.000000 -0.782673 15.851000 27.500000 20.930500 0.978025 3.750000 1.756250 6089.dat
9 0 -1.000000 0.000000 -0.000000 0.000000 1.000000 0.000000 0.000000 0.000000 -1.000000 14.687499 27.500000 26.006248 1.187500 3.750000 1.756250 6089.dat
9 0 0.707107 0.000000 0.707107 0.000000 1.000000 0.000000 -0.707107 0.000000 0.707107 -9.406651 14.627175 9.406651 4.700000 8.434300 0.125225 6089.dat
9 0 -0.000000 0.000000 1.000000 0.000000 1.000000 0.000000 -1.000000 0.000000 -0.000000 -13.302999 14.627175 0.000000 4.700000 8.434300 0.125225 6089.dat
9 0 -1.000000 0.000000 -0.000000 0.000000 1.000000 0.000000 0.000000 0.000000 -1.000000 -14.639050 17.000000 11.187500 5.814050 2.250000 2.000000 6089.dat
9 0 -0.865097 0.472701 -0.167814 0.500154 0.787459 -0.360214 -0.038126 -0.395553 -0.917652 -12.334425 23.862749 -11.844625 4.523025 7.715100 0.787825 6089.dat
9 0 -0.790813 0.571175 -0.219939 0.609038 0.698696 -0.375363 -0.060728 -0.430794 -0.900405 -17.002550 27.070251 -11.610800 2.318550 10.556200 0.533575 6089.dat
9 0 -1.000000 0.000000 -0.000000 0.000000 1.000000 0.000000 0.000000 0.000000 -1.000000 -23.330250 22.002100 6.913899 3.044750 2.252100 6.273600 6089.dat
9 0 -1.000000 0.000000 -0.000000 0.000000 1.000000 0.000000 0.000000 0.000000 -1.000000 -16.239799 17.753149 2.437500 3.044750 1.496850 10.750000 6089.dat
9 0 -0.840472 0.541855 -0.000000 0.541855 0.840472 0.000000 0.000000 -0.000000 -1.000000 -18.199524 31.493750 14.193749 6.428375 4.940500 2.493750 6089.dat
9 0 -0.000000 0.000000 -1.000000 0.000000 1.000000 0.000000 1.000000 0.000000 -0.000000 -20.000000 27.500000 18.568399 1.380900 3.750000 3.250000 6089.dat
9 0 -0.782673 0.000000 -0.622434 0.000000 1.000000 0.000000 0.622434 0.000000 -0.782673 -24.149000 27.500000 20.930500 0.978025 3.750000 1.756250 6089.dat
9 0 -1.000000 0.000000 -0.000000 0.000000 1.000000 0.000000 0.000000 0.000000 -1.000000 -25.312502 27.500000 26.006248 1.187500 3.750000 1.756250 6089.dat
9 0 0.782673 0.000000 -0.622433 0.000000 1.000000 0.000000 0.622433 0.000000 0.782673 -15.851000 27.500000 20.930500 0.978025 3.750000 1.756250 6089.dat
9 0 1.000000 0.000000 0.000000 0.000000 1.000000 0.000000 0.000000 0.000000 1.000000 -14.687499 27.500000 26.006248 1.187500 3.750000 1.756250 6089.dat
9 0 1.000000 0.000000 0.000000 0.000000 0.783736 -0.621094 0.000000 0.621094 0.783736 0.000000 34.964001 -15.029375 12.250000 1.551050 0.757350 6089.dat
9 0 0.987958 0.096096 0.121260 0.004386 0.766026 -0.642794 -0.154659 0.635585 0.756381 10.177925 37.682499 -13.696525 1.319225 0.363125 3.579625 6089.dat
9 0 -0.987958 0.096096 0.121261 -0.004184 0.766858 -0.641804 -0.154664 -0.634582 -0.757221 -10.160925 37.723499 -13.639325 1.319225 0.363125 3.528625 6089.dat
9 0 1.000000 0.000000 0.000000 0.000000 1.000000 0.000000 0.000000 0.000000 1.000000 0.000000 7.150850 16.223249 2.875000 5.669125 3.526750 6089.dat
9 0 1.000000 0.000000 0.000000 0.000000 0.703711 0.710486 0.000000 -0.710486 0.703711 0.000000 -3.061200 13.389576 2.875000 6.308000 1.391025 6089.dat
9 0 1.000000 0.000000 0.000000 0.000000 0.067605 0.997712 0.000000 -0.997712 0.067605 0.000000 -8.562775 4.747575 2.875000 4.510525 0.137500 6089.dat
9 0 0.000000 -0.000000 1.000000 0.275686 0.961248 -0.000000 -0.961247 0.275686 0.000000 12.161875 1.923225 0.000000 4.700000 2.740275 0.140400 6089.dat
9 0 -1.000000 0.000000 -0.000000 -0.000000 0.961247 0.275688 0.000000 0.275688 -0.961247 0.000000 1.923225 12.161875 4.700000 2.740275 0.140400 6089.dat
9 0 -0.707107 -0.000001 0.707107 0.194940 0.961247 0.194941 -0.679704 0.275687 -0.679705 8.599750 1.923225 8.599750 4.700000 2.740275 0.140400 6089.dat
9 0 -0.707107 0.000001 -0.707107 -0.194940 0.961247 0.194941 0.679704 0.275687 -0.679705 -8.599750 1.923225 8.599750 4.700000 2.740275 0.140400 6089.dat
9 0 -0.707107 0.000001 -0.707107 -0.194940 0.961247 0.194941 0.679704 0.275687 -0.679705 -8.599750 1.923225 8.599750 4.700000 2.740275 0.140400 6089.dat
9 0 0.000000 0.000000 -1.000000 -0.275686 0.961248 -0.000000 0.961247 0.275686 0.000000 -12.161875 1.923225 0.000000 4.700000 2.740275 0.140400 6089.dat
9 0 0.000000 0.000000 -1.000000 -0.275686 0.961248 -0.000000 0.961247 0.275686 0.000000 -12.161875 1.923225 0.000000 4.700000 2.740275 0.140400 6089.dat
9 0 0.707107 -0.000000 -0.707107 -0.194940 0.961247 -0.194940 0.679705 0.275687 0.679704 -8.599750 1.923225 -8.599750 4.700000 2.740275 0.140400 6089.dat
9 0 0.707107 -0.000000 -0.707107 -0.194940 0.961247 -0.194940 0.679705 0.275687 0.679704 -8.599750 1.923225 -8.599750 4.700000 2.740275 0.140400 6089.dat
9 0 1.000000 0.000000 0.000000 0.000000 0.961247 -0.275688 0.000000 0.275688 0.961247 0.000000 1.923225 -12.161875 4.700000 2.740275 0.140400 6089.dat
9 0 0.707107 0.000000 0.707107 0.194940 0.961247 -0.194940 -0.679705 0.275687 0.679704 8.599750 1.923225 -8.599750 4.700000 2.740275 0.140400 6089.dat
9 0 0.707107 0.000000 0.707107 0.194940 0.961247 -0.194940 -0.679705 0.275687 0.679704 8.599750 1.923225 -8.599750 4.700000 2.740275 0.140400 6089.dat
9 0 1.000000 0.000000 0.000000 0.000000 0.961247 -0.275688 0.000000 0.275688 0.961247 0.000000 1.923225 -12.161875 4.700000 2.740275 0.140400 6089.dat
10 0 -26.750002 -55.500000 -28.012499 26.750002 9.254900 16.937500 6089.dat
0 6 -0.000000 0.000000 1.000000 0.000000 1.000000 0.000000 -1.000000 0.000000 -0.000000 20.000000 31.500000 24.000000 0 0 0.320001 1 0 6089.dat
0 6 -0.000000 0.000000 1.000000 0.000000 1.000000 0.000000 -1.000000 0.000000 -0.000000 -20.000000 31.500000 24.000000 0 0 0.320001 1 0 6089.dat
2 22 1.000000 0.000000 0.000000 0.000000 1.000000 0.000000 0.000000 0.000000 1.000000 -10.000000 0.000000 10.000000 2 2 29:0:0,29:0:0,29:0:0,29:0:0,15:4:33,29:0:0,29:0:0,29:0:0,29:0:0, 6089.dat
6 50 -0.000000 -0.000000 1.000000 -1.000000 -0.000000 0.000000 0.000000 -1.000000 -0.000000 -0.012500 7.496975 0.000000 0.000000 0.000000 0.000000 0.000000 0 6089.dat
