9 0 -1.000000 0.000000 -0.000001 0.000000 1.000000 0.000000 0.000001 0.000000 -1.000000 0.000013 8.500000 0.000501 9.751375 0.500000 19.750175 61053.dat
9 0 -1.000000 0.000000 -0.000001 0.000000 1.000000 0.000000 0.000001 0.000000 -1.000000 0.000013 -8.500000 0.000501 9.751375 0.500000 19.750175 61053.dat
9 0 -0.168465 0.000000 0.985708 0.000000 1.000000 0.000000 -0.985708 0.000000 -0.168465 -14.899102 -8.500000 -34.032253 5.609450 0.500000 3.145425 61053.dat
9 0 0.137794 0.000000 0.990461 0.000000 1.000000 0.000000 -0.990461 0.000000 0.137794 14.730774 -8.500000 -34.032242 5.609450 0.500000 3.145425 61053.dat
9 0 0.000000 1.000000 0.000000 0.000000 0.000000 -1.000000 -1.000000 0.000000 -0.000000 0.000017 3.948825 -15.194002 1.443975 2.255625 19.750000 61053.dat
9 0 0.000000 0.000000 -1.000000 -0.000000 -1.000000 -0.000000 -1.000000 0.000000 -0.000000 0.000020 3.937950 -23.903248 1.443975 1.433100 19.750000 61053.dat
9 0 -0.000000 -1.000000 -0.000000 -0.000000 0.000000 1.000000 -1.000000 0.000000 -0.000000 0.000020 -3.948825 -23.892502 1.443975 1.433100 19.750000 61053.dat
9 0 -0.000000 0.000000 1.000000 0.000000 1.000000 0.000000 -1.000000 0.000000 -0.000000 0.000017 -3.937950 -15.124496 2.325250 1.433100 19.750000 61053.dat
9 0 -0.000000 0.000000 1.000000 0.000000 1.000000 0.000000 -1.000000 0.000000 -0.000000 0.000020 7.338000 -22.901001 6.653501 1.050500 19.749975 61053.dat
9 0 -0.000000 0.000000 1.000000 0.000000 1.000000 0.000000 -1.000000 0.000000 -0.000000 0.000020 -7.372000 -22.901001 6.653501 1.050500 19.749975 61053.dat
9 0 0.000000 0.359440 -0.933168 0.000000 -0.933168 -0.359440 -1.000000 0.000000 -0.000000 -14.151749 -6.735575 -42.913006 4.242675 0.780325 1.897800 61053.dat
9 0 -0.000000 1.000000 -0.000000 0.000000 0.000000 -1.000000 -1.000000 -0.000000 -0.000000 -14.131023 0.000000 -47.727253 5.282275 1.227250 1.877075 61053.dat
9 0 -0.000000 0.382683 0.923880 0.000000 0.923880 -0.382683 -1.000000 -0.000000 -0.000000 -14.151748 6.519425 -43.323257 4.242675 0.754600 1.897800 61053.dat
9 0 0.000000 0.359440 -0.933168 0.000000 -0.933168 -0.359440 -1.000000 0.000000 -0.000000 14.220825 -6.735575 -42.912994 4.242675 0.780325 1.974775 61053.dat
9 0 -0.000000 1.000000 -0.000000 0.000000 0.000000 -1.000000 -1.000000 -0.000000 -0.000000 14.127127 0.000000 -47.727242 5.282275 1.227250 1.881075 61053.dat
9 0 0.061090 0.381969 0.922154 -0.000001 0.923880 -0.382684 -0.998132 0.023377 0.056440 14.558578 6.505400 -43.356995 4.242675 0.754600 2.019550 61053.dat
9 0 0.137794 0.000000 0.990461 0.000000 1.000000 0.000000 -0.990461 0.000000 0.137794 14.730774 8.476550 -34.032242 5.609450 0.476550 3.145425 61053.dat
9 0 -0.168465 0.000000 0.985708 0.000000 1.000000 0.000000 -0.985708 0.000000 -0.168465 -14.899102 8.476550 -34.032253 5.609450 0.476550 3.145425 61053.dat
9 0 0.000000 0.000000 -1.000000 0.000000 1.000000 0.000000 1.000000 0.000000 0.000000 -0.031491 0.000000 10.000250 2.000000 9.000000 9.719525 61053.dat
9 0 0.000000 0.000000 -1.000000 0.000000 1.000000 0.000000 1.000000 0.000000 0.000000 -0.031484 0.000000 -9.999749 2.000000 9.000000 9.719525 61053.dat
9 0 -0.168464 0.000000 -0.985708 0.000000 1.000000 0.000000 0.985708 0.000000 -0.168464 -14.899124 -8.500000 34.083294 5.609450 0.500000 3.145425 61053.dat
9 0 0.137794 0.000000 -0.990461 0.000000 1.000000 0.000000 0.990461 0.000000 0.137794 14.730751 -8.523425 34.083305 5.609450 0.476575 3.145425 61053.dat
9 0 -0.000000 1.000000 0.000000 -0.000000 -0.000000 1.000000 1.000000 0.000000 0.000000 0.000008 3.948825 15.245101 1.443975 2.255625 19.750000 61053.dat
9 0 -0.000000 0.000000 1.000000 -0.000000 -1.000000 0.000000 1.000000 0.000000 0.000000 0.000005 3.937950 23.954401 1.443975 1.433100 19.750000 61053.dat
9 0 -0.000000 -1.000000 0.000000 0.000000 -0.000000 -1.000000 1.000000 0.000000 0.000000 0.000005 -3.948825 23.943525 1.443975 1.433100 19.750000 61053.dat
9 0 0.000000 0.000000 -1.000000 0.000000 1.000000 0.000000 1.000000 0.000000 0.000000 0.000008 -3.937950 15.175501 2.325250 1.433100 19.750000 61053.dat
9 0 0.000000 0.000000 -1.000000 0.000000 1.000000 0.000000 1.000000 0.000000 0.000000 0.000005 7.338000 22.952126 6.653501 1.050500 19.749975 61053.dat
9 0 0.000000 0.000000 -1.000000 0.000000 1.000000 0.000000 1.000000 0.000000 0.000000 0.000005 -7.372000 22.952126 6.653501 1.050500 19.749975 61053.dat
9 0 -0.000000 0.359440 0.933168 -0.000000 -0.933168 0.359440 1.000000 0.000000 0.000000 -14.151775 -6.727000 42.960773 4.242675 0.789000 1.897800 61053.dat
9 0 -0.000000 1.000000 0.000000 -0.000000 -0.000000 1.000000 1.000000 0.000000 0.000000 -14.170427 0.000000 47.752796 5.282275 1.168675 1.837700 61053.dat
9 0 0.000000 0.382683 -0.923880 -0.000000 0.923880 0.382683 1.000000 0.000000 0.000000 -14.194576 6.510400 43.370522 4.242675 0.763825 1.854975 61053.dat
9 0 -0.000000 0.359440 0.933168 -0.000000 -0.933168 0.359440 1.000000 0.000000 0.000000 14.249349 -6.727000 42.960781 4.242675 0.789000 1.946250 61053.dat
9 0 -0.000000 1.000000 0.000000 -0.000000 -0.000000 1.000000 1.000000 0.000000 0.000000 14.127096 0.000000 47.752781 5.282275 1.168675 1.881075 61053.dat
9 0 0.061090 0.381969 -0.922154 -0.000000 0.923880 0.382684 0.998132 -0.023378 0.056440 14.571624 6.496050 43.405132 4.242675 0.763825 2.006475 61053.dat
9 0 0.137794 0.000000 -0.990461 0.000000 1.000000 0.000000 0.990461 0.000000 0.137794 14.730751 8.476550 34.083305 5.609450 0.476550 3.145425 61053.dat
9 0 -0.168464 0.000000 -0.985708 0.000000 1.000000 0.000000 0.985708 0.000000 -0.168464 -14.899124 8.476550 34.083294 5.609450 0.476550 3.145425 61053.dat
10 0 -9.225750 -10.000000 -20.004000 89.224998 10.000000 20.003975 61053.dat
1 4 -1.000000 -0.000000 -0.000000 -0.000000 -0.000000 1.000000 -0.000000 1.000000 0.000000 0.000025 0.000000 -39.999752 61053.dat
0 2 0.000000 1.000000 0.000000 1.000000 -0.000000 0.000000 0.000000 0.000000 -1.000000 -9.998625 0.000000 -39.999756 0 0 0.400000 0 0 61053.dat
0 2 -0.000000 1.000000 0.000000 -1.000000 -0.000000 -0.000000 -0.000000 0.000000 1.000000 10.004025 0.000000 -39.999744 0 0 0.400000 0 0 61053.dat
0 4 0.000000 1.000000 0.000000 1.000000 -0.000000 0.000000 0.000000 0.000000 -1.000000 20.000046 0.000000 -19.999746 0 0 1.600000 0 0 61053.dat
1 4 1.000000 0.000000 0.000000 0.000000 -0.000000 -1.000000 -0.000000 1.000000 -0.000000 -0.000000 0.000000 40.000702 61053.dat
0 2 -0.000000 1.000000 0.000000 -1.000000 -0.000000 -0.000000 -0.000000 0.000000 1.000000 9.998674 0.000000 40.000706 0 0 0.400000 0 0 61053.dat
0 2 0.000000 1.000000 0.000000 1.000000 -0.000000 0.000000 0.000000 0.000000 -1.000000 -10.003975 0.000000 40.000698 0 0 0.400000 0 0 61053.dat
0 4 -0.000000 1.000000 0.000000 -1.000000 -0.000000 -0.000000 -0.000000 0.000000 1.000000 -19.999994 0.000000 20.000694 0 0 1.600000 0 0 61053.dat
0 2 -0.000000 1.000000 0.000000 -1.000000 -0.000000 -0.000000 -0.000000 0.000000 1.000000 -9.999988 0.000000 0.000247 0 0 0.800000 0 0 61053.dat
6 164 -1.000000 0.000000 -0.000000 -0.000000 -1.000000 0.000000 -0.000000 0.000000 1.000000 0.000000 0.000000 40.000000 0.000000 0.000000 0.000000 0.000000 0 61053.dat
6 164 -1.000000 0.000000 -0.000000 -0.000000 -1.000000 0.000000 -0.000000 0.000000 1.000000 0.000025 0.000000 -40.000000 0.000000 0.000000 0.000000 0.000000 0 61053.dat
2 22 0.000000 0.000000 -1.000000 -1.000000 -0.000000 -0.000000 -0.000000 1.000000 -0.000000 -9.999990 10.000000 9.999996 2 2 22:1:1,22:2:1,22:1:1,22:2:1,16:4:64,22:2:1,22:1:1,22:2:1,22:1:1, 61053.dat
2 22 0.000000 0.000000 -1.000000 1.000000 -0.000000 0.000000 -0.000000 -1.000000 -0.000000 10.000010 -10.000000 10.000002 2 2 22:1:1,22:2:1,22:1:1,22:2:1,16:4:64,22:2:1,22:1:1,22:2:1,22:1:1, 61053.dat
