9 0 0.000000 0.287464 0.957791 -0.000000 0.957791 -0.287464 -1.000000 0.000000 0.000000 -15.016970 -3.815575 -47.378448 0.601300 4.176500 4.711175 61054.dat
9 0 0.000000 -0.287461 0.957792 0.000000 0.957792 0.287461 -1.000000 0.000000 0.000000 -15.016970 3.840700 -47.561176 0.601300 4.176500 4.711175 61054.dat
9 0 0.000000 0.287464 0.957791 -0.000000 0.957791 -0.287464 -1.000000 0.000000 0.000000 15.024529 -3.815575 -47.378456 0.601300 4.176500 4.711175 61054.dat
9 0 0.000000 -0.287461 0.957792 0.000000 0.957792 0.287461 -1.000000 0.000000 0.000000 15.024529 3.840700 -47.561180 0.601300 4.176500 4.711175 61054.dat
9 0 -0.707107 0.000000 0.707107 0.000000 1.000000 0.000000 -0.707107 0.000000 -0.707107 10.993702 -8.466900 -52.090179 5.609450 0.533100 3.145425 61054.dat
9 0 -0.168464 0.000000 0.985708 0.000000 1.000000 0.000000 -0.985708 0.000000 -0.168464 -14.899148 8.476550 -54.077744 5.609450 0.476550 3.145425 61054.dat
9 0 0.137794 0.000000 0.990461 0.000000 1.000000 0.000000 -0.990461 0.000000 0.137794 14.730751 8.476550 -54.077732 5.609450 0.476550 3.145425 61054.dat
9 0 0.000000 0.382683 0.923880 -0.000000 0.923880 -0.382683 -1.000000 0.000000 0.000000 14.233523 6.546850 -63.380058 4.242675 0.784475 1.962050 61054.dat
9 0 -0.000000 1.000000 -0.000000 -0.000000 -0.000000 -1.000000 -1.000000 0.000000 0.000000 14.131072 0.000000 -67.750008 5.282275 1.250000 1.877075 61054.dat
9 0 -0.000000 0.359440 -0.933168 -0.000000 -0.933168 -0.359440 -1.000000 0.000000 0.000000 14.248599 -6.769150 -62.971432 4.242675 0.805425 1.946975 61054.dat
9 0 0.000000 0.382683 0.923880 -0.000000 0.923880 -0.382683 -1.000000 0.000000 0.000000 -14.192301 6.546850 -63.380051 4.242675 0.784475 1.857275 61054.dat
9 0 -0.000000 1.000000 -0.000000 -0.000000 -0.000000 -1.000000 -1.000000 0.000000 0.000000 -14.144029 0.000000 -67.750000 5.282275 1.250000 1.864125 61054.dat
9 0 -0.000000 0.359440 -0.933168 -0.000000 -0.933168 -0.359440 -1.000000 0.000000 0.000000 -14.189677 -6.769150 -62.971424 4.242675 0.805425 1.859925 61054.dat
9 0 0.000000 0.000000 1.000000 0.000000 1.000000 0.000000 -1.000000 0.000000 0.000000 0.000005 -7.372000 -42.946552 6.653501 1.050500 19.749975 61054.dat
9 0 0.000000 0.000000 1.000000 0.000000 1.000000 0.000000 -1.000000 0.000000 0.000000 0.000005 7.338000 -42.946552 6.653501 1.050500 19.749975 61054.dat
9 0 0.000000 0.000000 1.000000 0.000000 1.000000 0.000000 -1.000000 0.000000 0.000000 0.031509 0.000000 -30.856251 2.856250 9.000000 9.719525 61054.dat
9 0 1.000000 0.000000 0.000000 0.000000 1.000000 0.000000 -0.000000 0.000000 1.000000 0.000018 8.500000 -4.004502 9.751375 0.500000 43.754501 61054.dat
9 0 1.000000 0.000000 0.000000 0.000000 1.000000 0.000000 -0.000000 0.000000 1.000000 0.000019 -8.500000 0.001496 9.751375 0.500000 39.748497 61054.dat
9 0 0.000000 0.000000 1.000000 0.000000 1.000000 0.000000 -1.000000 0.000000 0.000000 0.000008 -3.937950 -35.118301 2.376850 1.433100 19.750000 61054.dat
9 0 -0.000000 -1.000000 -0.000000 0.000000 -0.000000 1.000000 -1.000000 0.000000 0.000000 0.000005 -3.948825 -43.937950 1.443975 1.433100 19.750000 61054.dat
9 0 -0.000000 0.000000 -1.000000 -0.000000 -1.000000 -0.000000 -1.000000 0.000000 0.000000 0.000005 3.937950 -43.948830 1.443975 1.433100 19.750000 61054.dat
9 0 -0.000000 1.000000 -0.000000 -0.000000 -0.000000 -1.000000 -1.000000 0.000000 0.000000 0.000008 3.948825 -35.075127 1.443975 2.420025 19.750000 61054.dat
9 0 -0.707107 0.000000 0.707107 0.000000 1.000000 0.000000 -0.707107 0.000000 -0.707107 10.993702 8.466900 -52.090179 5.609450 0.533100 3.145425 61054.dat
9 0 0.137794 0.000000 0.990461 0.000000 1.000000 0.000000 -0.990461 0.000000 0.137794 14.730751 -8.500000 -54.077732 5.609450 0.500000 3.145425 61054.dat
9 0 -0.168464 0.000000 0.985708 0.000000 1.000000 0.000000 -0.985708 0.000000 -0.168464 -14.899148 -8.500000 -54.077744 5.609450 0.500000 3.145425 61054.dat
9 0 -0.707106 0.000000 -0.707107 -0.000000 -1.000000 -0.000000 -0.707107 -0.000000 0.707106 -11.166798 -8.466900 -52.090176 5.609450 0.533100 3.145425 61054.dat
9 0 -0.707106 0.000000 -0.707107 -0.000000 -1.000000 -0.000000 -0.707107 -0.000000 0.707106 -11.166798 8.466900 -52.090176 5.609450 0.533100 3.145425 61054.dat
9 0 0.707106 0.000000 0.707107 0.000000 -1.000000 -0.000000 0.707107 0.000000 -0.707106 11.166810 8.466900 52.044998 5.609450 0.533100 3.145425 61054.dat
9 0 0.707106 0.000000 0.707107 0.000000 -1.000000 -0.000000 0.707107 0.000000 -0.707106 11.166810 -8.466900 52.044998 5.609450 0.533100 3.145425 61054.dat
9 0 0.168464 0.000000 -0.985708 0.000000 1.000000 0.000000 0.985708 0.000000 0.168464 14.899161 -8.500000 54.032494 5.609450 0.500000 3.145425 61054.dat
9 0 -0.137794 0.000000 -0.990461 0.000000 1.000000 0.000000 0.990461 0.000000 -0.137794 -14.730714 -8.500000 54.032494 5.609450 0.500000 3.145425 61054.dat
9 0 0.707107 0.000000 -0.707107 0.000000 1.000000 0.000000 0.707107 0.000000 0.707107 -10.993665 8.466900 52.044998 5.609450 0.533100 3.145425 61054.dat
9 0 -0.000000 1.000000 0.000000 0.000000 0.000000 1.000000 1.000000 0.000000 -0.000000 0.000030 3.948825 35.194248 1.443975 2.255625 19.750000 61054.dat
9 0 0.000000 0.000000 1.000000 0.000000 -1.000000 -0.000000 1.000000 0.000000 -0.000000 0.000033 3.937950 43.903744 1.443975 1.433100 19.750000 61054.dat
9 0 0.000000 -1.000000 -0.000000 -0.000000 0.000000 -1.000000 1.000000 0.000000 -0.000000 0.000033 -3.948825 43.892754 1.443975 1.433100 19.750000 61054.dat
9 0 -0.000000 0.000000 -1.000000 0.000000 1.000000 0.000000 1.000000 0.000000 -0.000000 0.000030 -3.937950 35.124748 2.325250 1.433100 19.750000 61054.dat
9 0 -0.000000 0.000000 -1.000000 0.000000 1.000000 0.000000 1.000000 0.000000 -0.000000 0.000032 7.338000 42.901493 6.653501 1.050500 19.749975 61054.dat
9 0 -0.000000 0.000000 -1.000000 0.000000 1.000000 0.000000 1.000000 0.000000 -0.000000 0.000032 -7.372000 42.901493 6.653501 1.050500 19.749975 61054.dat
9 0 0.000000 0.359440 0.933168 0.000000 -0.933168 0.359440 1.000000 0.000000 -0.000000 14.151814 -6.762925 62.923752 4.242675 0.812075 1.897800 61054.dat
9 0 0.000000 1.000000 -0.000000 0.000000 0.000000 1.000000 1.000000 -0.000000 -0.000000 14.131090 0.000000 67.727493 5.282275 1.227425 1.877075 61054.dat
9 0 -0.000000 0.382683 -0.923880 0.000000 0.923880 0.382683 1.000000 -0.000000 -0.000000 14.151814 6.545050 63.334251 4.242675 0.786400 1.897800 61054.dat
9 0 0.000000 0.359440 0.933168 0.000000 -0.933168 0.359440 1.000000 0.000000 -0.000000 -14.217037 -6.762925 62.923752 4.242675 0.812075 1.978500 61054.dat
9 0 0.000000 1.000000 -0.000000 0.000000 0.000000 1.000000 1.000000 -0.000000 -0.000000 -14.128386 0.000000 67.727493 5.282275 1.227425 1.879750 61054.dat
9 0 -0.000000 0.382683 -0.923880 0.000000 0.923880 0.382683 1.000000 -0.000000 -0.000000 -14.254136 6.545050 63.334251 4.242675 0.786400 1.941400 61054.dat
9 0 -0.137794 0.000000 -0.990461 0.000000 1.000000 0.000000 0.990461 0.000000 -0.137794 -14.730714 8.476550 54.032494 5.609450 0.476550 3.145425 61054.dat
9 0 0.168464 0.000000 -0.985708 0.000000 1.000000 0.000000 0.985708 0.000000 0.168464 14.899161 8.476550 54.032494 5.609450 0.476550 3.145425 61054.dat
9 0 0.707107 0.000000 -0.707107 0.000000 1.000000 0.000000 0.707107 0.000000 0.707107 -10.993665 -8.466900 52.044998 5.609450 0.533100 3.145425 61054.dat
9 0 -0.000000 -0.287460 -0.957793 -0.000000 0.957793 -0.287460 1.000000 0.000000 -0.000000 -15.024516 3.840700 47.515999 0.601300 4.176500 4.711175 61054.dat
9 0 -0.000000 0.287464 -0.957792 0.000000 0.957792 0.287464 1.000000 -0.000000 -0.000000 -15.024516 -3.815575 47.333252 0.601300 4.176500 4.711175 61054.dat
9 0 -0.000000 -0.287460 -0.957793 -0.000000 0.957793 -0.287460 1.000000 0.000000 -0.000000 15.016985 3.840700 47.515999 0.601300 4.176500 4.711175 61054.dat
9 0 -0.000000 0.287464 -0.957792 0.000000 0.957792 0.287464 1.000000 -0.000000 -0.000000 15.016985 -3.815575 47.333252 0.601300 4.176500 4.711175 61054.dat
9 0 0.000000 0.000000 1.000000 0.000000 1.000000 0.000000 -1.000000 0.000000 0.000000 0.031516 0.000000 -10.000002 2.000000 9.000000 9.719525 61054.dat
9 0 0.000000 0.000000 1.000000 0.000000 1.000000 0.000000 -1.000000 0.000000 0.000000 0.031522 0.000000 9.999996 2.000000 9.000000 9.719525 61054.dat
9 0 0.000000 0.000000 1.000000 0.000000 1.000000 0.000000 -1.000000 0.000000 0.000000 0.031528 0.000000 29.999996 2.000000 9.000000 9.719525 61054.dat
10 0 -9.250000 -10.000000 -20.004000 129.250000 10.000000 20.003975 61054.dat
0 2 0.000000 1.000000 -0.000000 1.000000 -0.000000 -0.000000 -0.000000 0.000000 -1.000000 10.000012 0.000000 -20.000004 0 0 0.800000 0 0 61054.dat
0 2 0.000000 1.000000 -0.000000 1.000000 -0.000000 -0.000000 -0.000000 0.000000 -1.000000 10.000019 0.000000 -0.000006 0 0 0.800000 0 0 61054.dat
0 2 0.000000 1.000000 -0.000000 1.000000 -0.000000 -0.000000 -0.000000 0.000000 -1.000000 10.000026 0.000000 19.999992 0 0 0.800000 0 0 61054.dat
1 4 1.000000 -0.000000 -0.000000 -0.000000 -0.000000 -1.000000 0.000000 1.000000 -0.000000 0.000038 0.000000 60.000004 61054.dat
0 2 -0.000000 1.000000 -0.000000 -1.000000 -0.000000 0.000000 0.000000 0.000000 1.000000 9.998688 0.000000 60.000004 0 0 0.400000 0 0 61054.dat
0 2 0.000000 1.000000 -0.000000 1.000000 -0.000000 -0.000000 -0.000000 0.000000 -1.000000 -10.003963 0.000000 60.000004 0 0 0.400000 0 0 61054.dat
0 4 -0.000000 1.000000 -0.000000 -1.000000 -0.000000 0.000000 0.000000 0.000000 1.000000 -19.999994 0.000000 40.000008 0 0 1.600000 0 0 61054.dat
1 4 -1.000000 0.000000 0.000000 0.000000 -0.000000 1.000000 0.000000 1.000000 0.000000 0.000000 0.000000 -60.000004 61054.dat
0 2 0.000000 1.000000 -0.000000 1.000000 -0.000000 -0.000000 -0.000000 0.000000 -1.000000 -9.998674 0.000000 -59.999996 0 0 0.400000 0 0 61054.dat
0 2 -0.000000 1.000000 -0.000000 -1.000000 -0.000000 0.000000 0.000000 0.000000 1.000000 10.003975 0.000000 -60.000008 0 0 0.400000 0 0 61054.dat
0 4 0.000000 1.000000 -0.000000 1.000000 -0.000000 -0.000000 -0.000000 0.000000 -1.000000 20.000006 0.000000 -40.000008 0 0 1.600000 0 0 61054.dat
2 22 0.000000 0.000000 1.000000 1.000000 -0.000000 -0.000000 0.000000 1.000000 -0.000000 10.000010 10.000000 -30.000004 2 6 22:1:1,22:2:1,22:2:1,22:2:1,22:2:1,22:2:1,22:1:1,22:2:1,16:4:64,22:2:1,16:4:64,22:2:1,16:4:64,22:2:1,22:1:1,22:2:1,22:2:1,22:2:1,22:2:1,22:2:1,22:1:1, 61054.dat
2 22 -0.000000 0.000000 -1.000000 -1.000000 0.000000 0.000000 0.000000 1.000000 0.000000 -9.999971 10.000000 30.000002 2 6 22:1:1,22:2:1,22:2:1,22:2:1,22:2:1,22:2:1,22:1:1,22:2:1,16:4:64,22:2:1,16:4:64,22:2:1,16:4:64,22:2:1,22:1:1,22:2:1,22:2:1,22:2:1,22:2:1,22:2:1,22:1:1, 61054.dat
6 164 1.000000 0.000000 -0.000000 0.000000 -1.000000 -0.000000 -0.000000 0.000000 -1.000000 0.000000 0.000000 -60.000004 0.000000 0.000000 0.000000 0.000000 0 61054.dat
6 164 1.000000 0.000000 -0.000000 0.000000 -1.000000 -0.000000 -0.000000 0.000000 -1.000000 0.000038 0.000000 60.000004 0.000000 0.000000 0.000000 0.000000 0 61054.dat
