9 0 1.000000 0.000000 0.000000 0.000000 0.971916 0.235327 0.000000 -0.235327 0.971916 -38.107277 -7.618375 2.934776 1.625000 3.582550 14.468076 61068.dat
9 0 1.000000 0.000000 0.000000 0.000000 1.000000 0.000000 0.000000 0.000000 1.000000 -38.107277 -3.375425 0.024375 1.625000 3.125425 15.975600 61068.dat
9 0 1.000000 0.000000 0.000000 0.000000 1.000000 0.000000 0.000000 0.000000 1.000000 38.142746 -3.375425 0.024375 1.625000 3.125425 15.975600 61068.dat
9 0 1.000000 0.000000 0.000000 0.000000 0.971916 0.235327 0.000000 -0.235327 0.971916 38.142746 -7.618375 2.934776 1.625000 3.582550 14.468076 61068.dat
9 0 1.000000 0.000000 0.000000 0.000000 1.000000 0.000000 0.000000 0.000000 1.000000 0.017750 -2.400000 -18.125025 39.750000 2.150000 1.625000 61068.dat
9 0 1.000000 0.000000 0.000000 0.000000 1.000000 0.000000 0.000000 0.000000 1.000000 0.017750 -7.824225 18.125000 39.750000 7.574225 1.625000 61068.dat
9 0 1.000000 0.000000 0.000000 0.000000 0.134850 -0.990866 0.000000 0.990866 0.134850 0.017750 -12.971001 9.593824 39.750000 9.994650 1.322025 61068.dat
9 0 1.000000 0.000000 0.000000 0.000000 0.398749 -0.917060 0.000000 0.917060 0.398749 0.017750 -8.413775 -10.141525 39.750000 10.231851 0.353625 61068.dat
10 0 -10.000000 0.000000 -30.000002 70.017746 16.000000 10.000025 61068.dat
2 22 1.000000 0.000000 0.000000 0.000000 1.000000 0.000000 0.000000 0.000000 1.000000 -40.000000 0.000000 20.000002 4 8 22:1:1,22:2:1,22:2:1,22:2:1,22:2:1,22:2:1,22:2:1,22:2:1,22:1:1,22:2:1,15:4:1,29:0:1,15:4:1,29:0:1,15:4:1,29:0:1,15:4:1,22:2:1,22:2:1,15:4:1,29:0:1,29:0:1,29:0:1,29:0:1,29:0:1,15:4:1,22:2:1,22:2:1,15:4:1,29:0:1,15:4:1,29:0:1,15:4:1,29:0:1,15:4:1,22:2:1,22:1:1,22:2:1,22:2:1,22:2:1,22:2:1,22:2:1,22:2:1,22:2:1,22:1:1, 61068.dat
