9 0 1.000000 0.000000 0.000000 0.000000 1.000000 0.000000 0.000000 0.000000 1.000000 -10.000000 0.000000 0.000000 2.000000 9.000000 9.750000 61073.dat
9 0 1.000000 0.000000 0.000000 0.000000 1.000000 0.000000 0.000000 0.000000 1.000000 10.000001 0.000000 0.000000 2.000000 9.000000 9.750000 61073.dat
9 0 1.000000 0.000000 0.000000 0.000000 1.000000 0.000000 0.000000 0.000000 1.000000 0.000000 8.500000 -0.375000 29.712502 0.500000 9.375000 61073.dat
9 0 1.000000 0.000000 0.000000 0.000000 0.965926 0.258819 0.000000 -0.258819 0.965926 0.118449 -19.374050 20.759750 59.556503 1.360225 30.386749 61073.dat
9 0 0.936720 0.348596 0.032190 -0.344654 0.902173 0.259416 0.061391 -0.254095 0.965229 71.020004 -13.804001 15.123251 7.761024 1.360225 24.190176 61073.dat
9 0 0.892399 0.445935 0.069037 -0.447918 0.856838 0.255339 0.054711 -0.258787 0.964384 85.535500 -5.848375 10.275999 8.336500 1.360225 19.476950 61073.dat
9 0 0.782125 0.474455 -0.403947 -0.379315 0.876830 0.295447 0.494369 -0.077853 0.865759 79.158249 -15.122800 33.387249 20.136675 0.754400 5.768000 61073.dat
9 0 1.000000 0.000000 0.000000 0.000000 0.500086 0.865976 0.000000 -0.865976 0.500086 45.386497 -20.102850 -2.883775 1.520525 1.710950 9.084525 61073.dat
9 0 1.000000 0.000000 0.000000 0.000000 0.000629 1.000000 0.000000 -1.000000 0.000629 45.386497 -27.166500 24.864000 1.520525 24.629576 1.792850 61073.dat
9 0 1.000000 0.000000 0.000000 0.000000 -0.179314 0.983792 0.000000 -0.983792 -0.179314 45.386497 -22.381649 13.093051 1.520525 15.992101 3.173375 61073.dat
9 0 0.898425 0.439126 0.000000 -0.439126 0.898425 0.000000 0.000000 0.000000 1.000000 41.408001 -6.478525 0.000000 3.500000 4.667750 9.000000 61073.dat
9 0 0.752189 0.658947 0.000000 -0.658947 0.752189 0.000000 0.000000 0.000000 1.000000 33.122002 -3.748625 0.000000 9.090100 3.387000 9.000000 61073.dat
9 0 0.316902 0.948458 0.000000 -0.948458 0.316902 0.000000 0.000000 0.000000 1.000000 32.601749 3.767675 -0.001700 4.111150 2.446425 9.000000 61073.dat
9 0 1.000000 0.000000 0.000000 0.000000 1.000000 0.000000 0.000000 0.000000 1.000000 0.435875 -9.552299 0.375000 38.235249 1.552300 9.375000 61073.dat
9 0 -0.898426 0.439126 -0.000000 0.439126 0.898426 0.000000 0.000000 -0.000000 -1.000000 -41.407879 -6.478525 0.000000 3.500000 4.667750 9.000000 61073.dat
9 0 -0.752189 0.658947 -0.000000 0.658947 0.752189 0.000000 0.000000 -0.000000 -1.000000 -33.284451 -3.606250 0.000000 8.874000 3.387000 9.000000 61073.dat
9 0 -0.316902 0.948458 -0.000000 0.948458 0.316902 0.000000 0.000000 -0.000000 -1.000000 -32.658829 3.748625 -0.001700 4.111150 2.388050 9.000000 61073.dat
9 0 -0.936720 0.348597 0.032192 0.344655 0.902172 0.259418 0.061390 0.254097 -0.965228 -70.810249 -13.881975 15.116000 7.984725 1.360225 24.190176 61073.dat
9 0 -0.892400 0.445933 0.069039 0.447917 0.856840 0.255334 0.054706 0.258784 -0.964385 -86.022499 -5.778275 10.895325 8.845250 1.360225 18.871149 61073.dat
9 0 -0.782004 0.473718 -0.405045 0.382801 0.877897 0.287680 0.491867 0.069915 -0.867859 -79.447746 -14.993276 33.785252 20.579649 0.754400 5.297925 61073.dat
9 0 -1.000000 0.000000 -0.000000 -0.000000 0.000629 1.000000 0.000000 1.000000 -0.000629 -45.386497 -27.166500 24.864000 1.520525 24.629576 1.792850 61073.dat
9 0 -1.000000 0.000000 -0.000000 -0.000000 0.500086 0.865976 0.000000 0.865976 -0.500086 -45.386497 -20.102850 -2.883775 1.520525 1.710950 9.084525 61073.dat
9 0 1.000000 0.000000 0.000000 0.000000 -0.179314 0.983792 0.000000 -0.983792 -0.179314 -45.386497 -22.402300 13.206426 1.520525 15.876874 3.173375 61073.dat
10 0 -79.137497 -10.000000 -60.462997 119.137505 29.225000 0.000000 61073.dat
0 2 -0.000000 1.000000 -0.000000 0.000000 -0.000000 -1.000000 -1.000000 0.000000 -0.000000 -20.000000 0.000000 -10.000000 0 0 0.800000 0 0 61073.dat
0 2 -0.000000 1.000000 -0.000000 0.000000 -0.000000 -1.000000 -1.000000 0.000000 -0.000000 0.000000 0.000000 -10.000000 0 0 0.800000 0 0 61073.dat
0 2 -0.000000 1.000000 -0.000000 0.000000 -0.000000 -1.000000 -1.000000 0.000000 -0.000000 20.000000 0.000000 -10.000000 0 0 0.800000 0 0 61073.dat
2 22 1.000000 0.000000 0.000000 0.000000 -0.000000 -1.000000 0.000000 1.000000 -0.000000 -30.000002 10.000000 -10.000000 2 6 22:1:1,22:2:1,22:2:1,22:2:1,22:2:1,22:2:1,22:1:1,22:2:1,16:4:64,22:2:1,16:4:64,22:2:1,16:4:64,22:2:1,22:1:1,22:2:1,22:2:1,22:2:1,22:2:1,22:2:1,22:1:1, 61073.dat
2 22 1.000000 0.000000 0.000000 0.000000 -0.000000 1.000000 0.000000 -1.000000 -0.000000 -30.000002 -10.000000 10.000000 2 6 22:1:1,22:2:1,22:2:1,22:2:1,22:2:1,22:2:1,22:1:1,22:2:1,16:4:64,22:2:1,16:4:64,22:2:1,16:4:64,22:2:1,22:1:1,22:2:1,22:2:1,22:2:1,22:2:1,22:2:1,22:1:1, 61073.dat
