9 0 -1.000000 -0.000000 -0.000000 0.000000 0.000000 -1.000000 0.000000 -1.000000 0.000000 -104.999992 60.000004 0.000000 9.750000 9.750000 11.750000 6108.dat
9 0 -1.000000 -0.000000 -0.000000 0.000000 0.000000 -1.000000 0.000000 -1.000000 0.000000 -85.000000 36.000000 0.000000 9.750000 9.750000 11.750000 6108.dat
9 0 -1.000000 -0.000000 -0.000000 0.000000 0.000000 -1.000000 0.000000 -1.000000 0.000000 -56.336750 12.000000 0.000000 18.413225 9.750000 11.750000 6108.dat
9 0 -1.000000 -0.000000 -0.000000 0.000000 0.000000 -1.000000 0.000000 -1.000000 0.000000 66.336754 12.000000 0.000000 18.413225 9.750000 11.750000 6108.dat
9 0 -1.000000 -0.000000 -0.000000 0.000000 0.000000 -1.000000 0.000000 -1.000000 0.000000 95.000008 36.000000 0.000000 9.750000 9.750000 11.750000 6108.dat
9 0 -1.000000 -0.000000 -0.000000 0.000000 0.000000 -1.000000 0.000000 -1.000000 0.000000 115.000008 60.000004 0.000000 9.750000 9.750000 11.750000 6108.dat
9 0 -1.000000 -0.000000 -0.000000 0.000000 0.000000 -1.000000 0.000000 -1.000000 0.000000 5.000007 8.165002 0.000000 79.750000 9.750000 7.915000 6108.dat
9 0 -0.772604 -0.634889 -0.000000 0.000000 0.000000 -1.000000 0.634889 -0.772604 0.000000 -89.223518 53.767204 0.000000 6.862875 9.750000 17.504124 6108.dat
9 0 -0.577790 -0.816186 0.000000 0.000000 0.000000 -1.000000 0.816186 -0.577790 0.000000 -64.353493 31.494505 0.000000 6.862875 9.750000 17.504124 6108.dat
9 0 -0.274510 -0.961584 0.000000 -0.000000 -0.000000 -1.000000 0.961584 -0.274510 -0.000000 -27.830242 13.790006 0.000000 6.862900 9.750000 22.093449 6108.dat
9 0 0.274510 -0.961584 0.000000 -0.000000 -0.000000 -1.000000 0.961584 0.274510 -0.000000 37.830257 13.790006 0.000000 6.862875 9.750000 22.093426 6108.dat
9 0 0.577790 -0.816186 -0.000000 0.000000 0.000000 -1.000000 0.816186 0.577790 0.000000 74.353500 31.494505 0.000000 6.862875 9.750000 17.504124 6108.dat
9 0 0.772604 -0.634888 0.000000 -0.000000 -0.000000 -1.000000 0.634888 0.772604 -0.000000 99.223495 53.767204 0.000000 6.862875 9.750000 17.504124 6108.dat
10 0 -10.000000 0.000000 -10.000000 230.000000 76.450005 10.000000 6108.dat
2 22 1.000000 0.000000 0.000000 0.000000 1.000000 0.000000 0.000000 0.000000 1.000000 -115.000000 72.000000 10.000000 2 24 22:1:1,22:2:1,22:1:1,29:0:1,29:0:1,29:0:1,29:0:1,29:0:1,29:0:1,29:0:1,29:0:1,29:0:1,29:0:1,29:0:1,29:0:1,29:0:1,29:0:1,29:0:1,29:0:1,29:0:1,29:0:1,29:0:1,22:1:1,22:2:1,22:1:1,22:2:1,15:4:1,22:2:1,29:0:1,29:0:1,29:0:1,29:0:1,29:0:1,29:0:1,29:0:1,29:0:1,29:0:1,29:0:1,29:0:1,29:0:1,29:0:1,29:0:1,29:0:1,29:0:1,29:0:1,29:0:1,29:0:1,22:2:1,15:4:1,22:2:1,22:1:1,22:2:1,22:1:1,29:0:1,29:0:1,29:0:1,29:0:1,29:0:1,29:0:1,29:0:1,29:0:1,29:0:1,29:0:1,29:0:1,29:0:1,29:0:1,29:0:1,29:0:1,29:0:1,29:0:1,29:0:1,29:0:1,22:1:1,22:2:1,22:1:1, 6108.dat
3 23 1.000000 0.000000 0.000000 0.000000 1.000000 0.000000 0.000000 0.000000 1.000000 -115.000000 48.000000 10.000000 2 2 18:1:1,23:4:1,29:0:1,23:4:1,0:4:1,23:4:1,18:1:1,23:4:1,29:0:1, 6108.dat
3 23 1.000000 0.000000 0.000000 0.000000 1.000000 0.000000 0.000000 0.000000 1.000000 -94.999992 24.000004 10.000000 2 2 18:1:1,23:4:1,29:0:1,23:4:1,0:4:1,23:4:1,18:1:1,23:4:1,29:0:1, 6108.dat
3 23 1.000000 0.000000 0.000000 0.000000 1.000000 0.000000 0.000000 0.000000 1.000000 104.999992 48.000000 10.000000 2 2 29:0:1,23:4:1,18:1:1,23:4:1,0:4:1,23:4:1,29:0:1,23:4:1,18:1:1, 6108.dat
3 23 1.000000 0.000000 0.000000 0.000000 1.000000 0.000000 0.000000 0.000000 1.000000 85.000000 24.000004 10.000000 2 2 29:0:1,23:4:1,18:1:1,23:4:1,0:4:1,23:4:1,29:0:1,23:4:1,18:1:1, 6108.dat
3 23 1.000000 0.000000 0.000000 0.000000 1.000000 0.000000 0.000000 0.000000 1.000000 -74.999992 0.000000 10.000000 2 16 18:1:1,23:4:1,18:2:1,23:4:1,18:2:1,23:4:1,18:2:1,23:4:1,18:2:1,23:4:1,18:2:1,23:4:1,18:2:1,23:4:1,18:2:1,23:4:1,18:1:1,23:4:1,0:4:1,23:4:1,0:4:1,23:4:1,0:4:1,23:4:1,0:4:1,23:4:1,0:4:1,23:4:1,0:4:1,23:4:1,0:4:1,23:4:1,0:4:1,23:4:1,18:1:1,23:4:1,18:2:1,23:4:1,18:2:1,23:4:1,18:2:1,23:4:1,18:2:1,23:4:1,18:2:1,23:4:1,18:2:1,23:4:1,18:2:1,23:4:1,18:1:1, 6108.dat
