9 0 0.707106 -0.707107 -0.000000 0.000000 -0.000000 1.000000 -0.707107 -0.707106 0.000000 -11.330215 -11.516150 -21.250002 10.105025 28.500000 7.894925 6118.dat
9 0 1.000000 0.000000 0.000000 -0.000000 0.000000 1.000000 0.000000 -1.000000 0.000000 0.131484 -16.154825 -21.250000 10.105025 28.500000 7.894925 6118.dat
9 0 0.707106 0.707107 0.000001 -0.000001 -0.000000 1.000000 0.707107 -0.707106 0.000000 11.516160 -11.330225 -21.249996 10.105025 28.500000 7.894925 6118.dat
9 0 -0.000000 1.000000 -0.000000 -0.000000 0.000000 1.000000 1.000000 0.000000 0.000000 16.154835 0.131475 -21.249992 10.105025 28.500000 7.894925 6118.dat
9 0 -0.707106 0.707107 -0.000000 -0.000000 0.000000 1.000000 0.707107 0.707106 -0.000000 11.330235 11.516150 -21.249996 10.105025 28.500000 7.894925 6118.dat
9 0 -1.000000 0.000000 -0.000000 -0.000000 -0.000000 1.000000 -0.000000 1.000000 0.000000 -0.131466 16.154825 -21.250000 10.105025 28.500000 7.894925 6118.dat
9 0 -0.707106 -0.707107 -0.000000 -0.000000 0.000000 1.000000 -0.707107 0.707106 -0.000000 -11.516140 11.330225 -21.250002 10.105025 28.500000 7.894925 6118.dat
9 0 0.000000 -1.000000 -0.000000 -0.000000 -0.000000 1.000000 -1.000000 0.000000 -0.000000 -16.154818 -0.131475 -21.250006 10.105025 28.500000 7.894925 6118.dat
10 0 -29.495499 -29.480749 -57.500000 29.495499 29.480749 2.000000 6118.dat
0 2 0.000000 1.000000 0.000000 -0.000000 -0.000000 1.000000 1.000000 0.000000 0.000000 -0.000001 0.000000 9.500000 0 0 0.800000 0 0 6118.dat
