9 0 1.000000 0.000000 0.000000 0.000000 1.000000 0.000000 0.000000 0.000000 1.000000 0.000000 -5.628250 1.216550 10.481400 1.477100 13.466551 61189.dat
9 0 1.000000 0.000000 0.000000 0.000000 1.000000 0.000000 0.000000 0.000000 1.000000 0.000000 -12.618751 5.023900 1.625000 1.653650 15.279924 61189.dat
9 0 -0.755298 0.000000 0.655381 0.000000 1.000000 0.000000 -0.655381 0.000000 -0.755298 8.368950 10.131275 -11.600650 0.403175 10.995950 7.822975 61189.dat
9 0 -0.814141 0.000000 -0.580668 0.000000 1.000000 0.000000 0.580668 0.000000 -0.814141 9.511075 10.024950 11.033600 0.403175 11.102275 7.424975 61189.dat
9 0 0.755298 0.000000 0.655381 0.000000 1.000000 0.000000 -0.655381 0.000000 0.755298 -8.368950 10.131275 -11.600650 0.403175 10.995950 7.822975 61189.dat
9 0 0.814141 0.000000 -0.580668 0.000000 1.000000 0.000000 0.580668 0.000000 0.814141 -9.511075 10.024950 11.033600 0.403175 11.102275 7.424975 61189.dat
9 0 -0.000000 0.000000 1.000000 0.000000 1.000000 0.000000 -1.000000 0.000000 -0.000000 0.000000 10.024950 16.565876 0.403175 11.102275 4.577925 61189.dat
9 0 0.000000 0.154645 0.987970 -0.000000 0.987970 -0.154645 -1.000000 0.000000 0.000000 0.000000 10.087976 -17.111401 0.403175 11.102275 4.577925 61189.dat
9 0 1.000000 0.000000 0.000000 0.000000 1.000000 0.000000 0.000000 0.000000 1.000000 13.714274 12.315625 0.000000 0.403175 8.811600 4.577925 61189.dat
9 0 -1.000000 0.000000 -0.000000 0.000000 1.000000 0.000000 0.000000 0.000000 -1.000000 -13.714274 12.315625 0.000000 0.403175 8.811600 4.577925 61189.dat
10 0 -16.800074 -21.454676 -22.270750 16.800074 14.522401 21.296101 61189.dat
0 14 0.000000 1.000000 0.000000 1.000000 0.000000 -0.000000 -0.000000 0.000000 -1.000000 15.750000 1.329350 0.000000 0 0 1.260000 0 0 61189.dat
2 22 1.000000 0.000000 0.000000 0.000000 1.000000 0.000000 0.000000 0.000000 1.000000 -10.000000 1.243850 10.000000 2 2 29:0:0,29:0:0,29:0:0,29:0:0,15:4:32,29:0:0,29:0:0,29:0:0,29:0:0, 61189.dat
