9 0 -0.707107 0.000000 -0.707107 0.000000 1.000000 0.000000 0.707107 0.000000 -0.707107 0.000000 1.500000 0.000000 5.053300 1.250000 5.053300 61199.dat
9 0 -0.707107 0.000000 -0.707107 0.000000 1.000000 0.000000 0.707107 0.000000 -0.707107 0.000000 4.500000 0.000000 3.727475 1.250000 3.727475 61199.dat
9 0 -0.703018 -0.075935 -0.707107 -0.107389 0.994217 0.000000 0.703018 0.075935 -0.707107 -1.035425 20.237125 -0.000000 2.084775 15.168699 2.084775 61199.dat
10 0 -7.500000 -38.893250 -7.500000 7.500000 4.425000 7.500000 61199.dat
3 23 -1.000000 0.000000 -0.000000 0.000000 1.000000 0.000000 0.000000 0.000000 -1.000000 10.000003 0.000000 -9.999997 2 2 29:0:0,29:0:0,29:0:0,29:0:0,3:4:34,29:0:0,29:0:0,29:0:0,29:0:0, 61199.dat
0 7 -0.000000 0.000001 1.000000 0.073942 -0.997263 0.000001 0.997263 0.073942 0.000000 0.000000 6.904875 0.000000 1 0 1.025130 0 0 61199.dat
