9 0 0.000000 0.000000 -1.000000 0.000000 1.000000 0.000000 1.000000 0.000000 0.000000 0.000000 68.000000 -107.562492 6.062500 3.750000 18.750000 61191.dat
9 0 0.000000 0.000000 -1.000000 0.000000 1.000000 0.000000 1.000000 0.000000 0.000000 0.000003 69.600006 -133.077759 6.672150 2.150000 18.750000 61191.dat
9 0 0.000000 0.000000 -1.000000 0.000000 1.000000 0.000000 1.000000 0.000000 0.000000 -12.568749 68.000000 -120.187500 6.062500 3.750000 6.181250 61191.dat
9 0 0.000000 0.000000 -1.000000 0.000000 1.000000 0.000000 1.000000 0.000000 0.000000 12.568751 68.000000 -120.187500 6.062500 3.750000 6.181250 61191.dat
9 0 0.000000 0.000000 -1.000000 -1.000000 -0.000000 -0.000000 -0.000000 1.000000 -0.000000 0.000000 1.875001 -12.118124 31.868250 19.750000 1.625000 61191.dat
9 0 -0.000000 0.221535 -0.975152 -1.000000 -0.000000 -0.000000 -0.000000 0.975152 0.221535 0.000000 6.221003 -67.150497 23.400749 19.750000 0.410475 61191.dat
9 0 0.000000 0.868536 -0.495626 -1.000000 -0.000000 -0.000000 0.000000 0.495626 0.868536 0.000003 48.558903 -128.212753 21.782499 19.750000 0.748550 61191.dat
9 0 0.000000 0.000000 -1.000000 0.000000 1.000000 0.000000 1.000000 0.000000 0.000000 38.124996 54.008953 -25.184500 44.934498 17.741051 1.625000 61191.dat
9 0 -0.002873 0.002984 -0.999991 0.720490 0.693465 -0.000000 0.693459 -0.720484 -0.004142 28.619999 11.058754 -7.718101 27.476002 13.629500 1.625000 61191.dat
9 0 -0.000000 1.000000 -0.000000 0.319886 0.000000 0.947456 0.947456 -0.000000 -0.319886 37.216003 69.600006 -82.436996 2.150000 2.949525 1.608250 61191.dat
9 0 -0.000000 1.000000 -0.000000 0.312604 0.000000 0.949883 0.949884 -0.000000 -0.312604 31.246502 69.600006 -100.242996 2.150000 2.815975 1.608925 61191.dat
9 0 -0.000000 1.000000 -0.000000 0.319886 0.000000 0.947456 0.947456 -0.000000 -0.319886 22.227001 69.600006 -127.149750 2.150000 12.220575 1.597275 61191.dat
9 0 0.119172 0.992058 -0.040235 0.319885 -0.000000 0.947456 0.939932 -0.125781 -0.317344 28.448999 63.926975 -107.794746 2.296950 29.779499 1.390400 61191.dat
9 0 0.000000 0.000000 -1.000000 0.000000 1.000000 0.000000 1.000000 0.000000 0.000000 38.124996 69.600006 -75.184502 4.565375 2.150000 1.625000 61191.dat
9 0 0.000000 0.984154 -0.177314 -0.000000 0.177314 0.984154 1.000000 0.000000 0.000000 38.124996 59.867203 -72.228996 8.276774 6.026050 1.625000 61191.dat
9 0 0.000000 0.911232 -0.411894 -0.000000 0.411894 0.911232 1.000000 0.000000 0.000000 38.124996 45.796253 -67.901749 7.644150 6.026050 1.625000 61191.dat
9 0 0.000000 0.587655 -0.809112 -0.000000 0.809112 0.587655 1.000000 0.000000 0.000000 38.124996 37.033504 -55.015747 11.607000 9.520375 1.625000 61191.dat
9 0 0.000000 0.039762 -0.999209 -0.000000 0.999209 0.039762 1.000000 0.000000 0.000000 38.124996 30.445004 -15.607250 34.948750 9.520375 1.625000 61191.dat
9 0 0.013780 0.242004 -0.970177 0.698502 0.691940 0.182521 0.715475 -0.680186 -0.159505 29.275501 14.234251 -49.130501 14.384125 13.629500 0.861250 61191.dat
9 0 -0.055590 0.565574 -0.822822 0.581026 0.688514 0.434002 0.811985 -0.453955 -0.366887 27.740246 23.150503 -75.005493 14.384125 14.896851 1.050425 61191.dat
9 0 0.000000 0.549510 -0.835487 -1.000000 -0.000000 -0.000000 -0.000000 0.835487 0.549510 0.000000 20.519001 -103.724739 16.163300 19.750000 0.793425 61191.dat
9 0 -0.008915 0.788515 -0.614951 0.386401 0.569924 0.725177 0.922288 -0.231153 -0.309764 27.463251 40.401253 -96.181000 16.866476 20.547850 0.344850 61191.dat
9 0 0.085710 0.995105 -0.049189 0.337954 0.017406 0.941002 0.937252 -0.097277 -0.334808 28.144997 54.921753 -102.415253 6.353850 26.068249 1.625000 61191.dat
9 0 0.000000 0.000000 -1.000000 0.000000 1.000000 0.000000 1.000000 0.000000 0.000000 0.010499 68.000000 -102.500000 1.000000 3.750000 31.416500 61191.dat
9 0 0.000000 0.000000 -1.000000 0.000000 1.000000 0.000000 1.000000 0.000000 0.000000 -38.125000 54.008953 -25.184500 44.934498 17.741051 1.625000 61191.dat
9 0 0.002873 0.002984 -0.999991 -0.720490 0.693465 -0.000000 0.693459 0.720484 0.004142 -28.620075 11.058754 -7.718101 27.476002 13.629500 1.625000 61191.dat
9 0 0.000000 1.000000 -0.000000 -0.319886 0.000000 0.947456 0.947456 0.000000 0.319886 -37.215900 69.600006 -82.436996 2.150000 2.949525 1.608250 61191.dat
9 0 0.000000 1.000000 -0.000000 -0.312604 0.000000 0.949883 0.949884 0.000000 0.312604 -31.246475 69.600006 -100.242996 2.150000 2.815975 1.608925 61191.dat
9 0 0.000000 1.000000 -0.000000 -0.319886 0.000000 0.947456 0.947456 0.000000 0.319886 -22.227076 69.600006 -127.149750 2.150000 12.220575 1.597275 61191.dat
9 0 -0.119172 0.992058 -0.040235 -0.319885 -0.000000 0.947456 0.939932 0.125781 0.317344 -28.448900 63.926975 -107.794746 2.296950 29.779499 1.390400 61191.dat
9 0 0.000000 0.000000 -1.000000 0.000000 1.000000 0.000000 1.000000 0.000000 0.000000 -38.125000 69.600006 -75.184502 4.565375 2.150000 1.625000 61191.dat
9 0 0.000000 0.984154 -0.177314 -0.000000 0.177314 0.984154 1.000000 0.000000 0.000000 -38.125000 59.867203 -72.228996 8.276774 6.026050 1.625000 61191.dat
9 0 0.000000 0.911232 -0.411894 -0.000000 0.411894 0.911232 1.000000 0.000000 0.000000 -38.125000 45.796253 -67.901749 7.644150 6.026050 1.625000 61191.dat
9 0 0.000000 0.587655 -0.809112 -0.000000 0.809112 0.587655 1.000000 0.000000 0.000000 -38.125000 37.033504 -55.015747 11.607000 9.520375 1.625000 61191.dat
9 0 0.000000 0.039762 -0.999209 -0.000000 0.999209 0.039762 1.000000 0.000000 0.000000 -38.125004 30.446001 -15.631500 34.924500 9.520375 1.625000 61191.dat
9 0 -0.013780 0.242004 -0.970177 -0.698502 0.691940 0.182521 0.715475 0.680186 0.159505 -29.275599 14.234251 -49.130501 14.384125 13.629500 0.861250 61191.dat
9 0 0.055590 0.565574 -0.822822 -0.581026 0.688514 0.434002 0.811985 0.453955 0.366887 -27.740202 23.150503 -75.005493 14.384125 14.896851 1.050425 61191.dat
9 0 0.008915 0.788515 -0.614951 -0.386401 0.569924 0.725177 0.922288 0.231153 0.309764 -27.463326 40.401253 -96.181000 16.866476 20.547850 0.344850 61191.dat
9 0 -0.085710 0.995105 -0.049189 -0.337954 0.017406 0.941002 0.937252 0.097277 0.334808 -28.145075 54.921753 -102.415253 6.353850 26.068249 1.625000 61191.dat
9 0 0.707107 0.000000 -0.707107 0.000000 1.000000 0.000000 0.707107 0.000000 0.707107 4.913503 69.375000 -124.931503 0.770250 2.375000 1.887150 61191.dat
9 0 0.707107 0.000000 0.707107 0.000000 1.000000 0.000000 -0.707107 0.000000 0.707107 4.913503 69.375000 -115.104744 0.770250 2.375000 1.887150 61191.dat
9 0 -0.707107 0.000000 0.707107 0.000000 1.000000 0.000000 -0.707107 0.000000 -0.707107 -4.913497 69.375000 -115.104744 0.770250 2.375000 1.887150 61191.dat
9 0 -0.707107 0.000000 -0.707107 0.000000 1.000000 0.000000 0.707107 0.000000 -0.707107 -4.913497 69.375000 -124.931503 0.770250 2.375000 1.887150 61191.dat
10 0 -10.000000 0.000000 -70.000000 150.000000 76.424995 10.000000 61191.dat
2 22 0.000000 0.000000 -1.000000 0.000000 1.000000 0.000000 1.000000 0.000000 0.000000 19.999998 72.000000 -100.000000 4 4 22:1:1,22:2:1,22:2:1,22:2:1,22:1:1,22:2:1,15:4:0,23:4:1,15:4:0,22:2:1,22:2:1,23:4:1,7:4:0,23:4:1,22:2:1,22:2:1,15:4:0,23:4:1,15:4:0,22:2:1,22:1:1,22:2:1,22:2:1,22:2:1,22:1:1, 61191.dat
3 23 0.000000 0.000000 -1.000000 0.000000 1.000000 0.000000 1.000000 0.000000 0.000000 19.999998 0.000000 20.000002 4 4 18:1:1,23:4:1,18:2:1,23:4:1,18:1:1,23:4:1,1:4:1,23:4:1,1:4:1,23:4:1,18:2:1,23:4:1,18:4:1,23:4:1,18:2:1,23:4:1,1:4:1,23:4:1,1:4:1,23:4:1,18:1:1,23:4:1,18:2:1,23:4:1,18:1:1, 61191.dat
0 4 0.000000 0.000000 -1.000000 0.000000 1.000000 0.000000 1.000000 0.000000 0.000000 0.000003 66.750000 -119.999992 0 0 0.110000 0 0 61191.dat
