9 0 0.000000 0.000000 -1.000000 0.000000 1.000000 0.000000 1.000000 0.000000 0.000000 -0.000008 1.500000 24.500000 12.750000 1.250000 4.900000 6120.dat
9 0 0.000000 0.000000 -1.000000 0.000000 1.000000 0.000000 1.000000 0.000000 0.000000 -0.000003 1.500000 6.500000 4.750000 1.250000 9.750000 6120.dat
9 0 -0.012608 -0.311060 -0.950307 0.002327 0.950371 -0.311112 0.999918 -0.006133 -0.011258 -0.079891 -0.351950 -31.593752 5.745850 1.250000 9.750000 6120.dat
9 0 -0.012608 -0.311060 -0.950307 0.002327 0.950371 -0.311112 0.999918 -0.006133 -0.011258 0.031587 -2.981750 -39.626251 2.204100 1.250000 4.903100 6120.dat
9 0 -0.025010 -0.372697 -0.927616 -0.999687 0.010056 0.022912 0.000789 0.927899 -0.372832 -4.075531 -1.157450 18.349897 6.849575 0.999600 1.340675 6120.dat
9 0 0.000000 0.000000 -1.000000 0.000000 1.000000 0.000000 1.000000 0.000000 0.000000 -4.062504 -4.500000 11.499999 3.750000 4.250000 1.937500 6120.dat
9 0 0.000000 -0.707107 -0.707107 0.000000 0.707107 -0.707107 1.000000 0.000000 0.000000 -4.062504 -8.986875 11.486874 2.578425 2.559875 1.937500 6120.dat
9 0 -0.025010 -0.372697 -0.927616 -0.999687 0.010056 0.022912 0.000789 0.927899 -0.372832 3.724468 -1.157450 18.349901 6.849575 0.999600 1.340675 6120.dat
9 0 0.000000 0.000000 -1.000000 0.000000 1.000000 0.000000 1.000000 0.000000 0.000000 4.062495 -4.500000 11.500002 3.750000 4.250000 1.937500 6120.dat
9 0 0.000000 -0.707107 -0.707107 0.000000 0.707107 -0.707107 1.000000 0.000000 0.000000 4.062495 -8.986875 11.486876 2.578425 2.559875 1.937500 6120.dat
9 0 0.000000 0.000000 -1.000000 0.000000 1.000000 0.000000 1.000000 0.000000 0.000000 0.000004 1.500000 -15.908326 9.158325 1.250000 9.750000 6120.dat
9 0 0.000000 0.000000 -1.000000 0.000000 1.000000 0.000000 1.000000 0.000000 0.000000 -7.000000 1.500000 -2.500002 3.750000 1.250000 2.750000 6120.dat
9 0 0.000000 0.000000 -1.000000 0.000000 1.000000 0.000000 1.000000 0.000000 0.000000 7.000000 1.500000 -2.499998 3.750000 1.250000 2.750000 6120.dat
9 0 0.000000 0.000000 -1.000000 0.000000 1.000000 0.000000 1.000000 0.000000 0.000000 0.000003 -2.500000 -13.500001 0.750000 2.250000 8.075001 6120.dat
9 0 1.000000 0.000000 0.000000 -0.000000 0.997853 0.065496 -0.000000 -0.065496 0.997853 0.000007 -2.499300 -24.838100 1.000000 1.568250 10.229674 6120.dat
10 0 -40.000000 -3.000000 -10.000000 40.000000 12.947525 10.000000 6120.dat
3 23 0.000000 0.000000 -1.000000 0.000000 1.000000 0.000000 1.000000 0.000000 0.000000 9.999997 0.000000 7.500003 2 2 29:0:1,23:4:1,29:0:1,23:4:1,1:4:4,23:4:1,29:0:1,23:4:1,29:0:1, 6120.dat
0 6 0.000000 0.000000 -1.000000 0.000000 1.000000 0.000000 1.000000 0.000000 0.000000 0.000000 3.000000 -2.500000 0 0 0.298000 0 0 6120.dat
6 171 0.000000 1.000000 0.000000 1.000000 -0.000000 0.000000 0.000000 0.000000 -1.000000 -0.000004 -8.947525 11.500000 0.000000 0.000000 0.000000 0.000000 0 6120.dat
