9 0 -1.000000 0.000000 0.000000 -0.000000 -1.000000 0.000000 0.000000 0.000000 1.000000 0.000008 25.512499 -0.131425 8.079125 4.012500 8.368750 61254.dat
9 0 -0.866026 -0.500000 0.000000 0.500000 -0.866026 0.000000 0.000000 0.000000 1.000000 -12.731441 22.051504 -0.131425 8.079125 4.062100 8.368750 61254.dat
9 0 -0.500000 -0.866025 0.000000 0.866025 -0.500000 0.000000 0.000000 0.000000 1.000000 -22.015745 12.710807 -0.131425 8.079125 4.103400 8.368750 61254.dat
9 0 -0.000000 -1.000000 0.000000 1.000000 -0.000000 0.000000 0.000000 0.000000 1.000000 -25.512499 0.000008 -0.131425 8.079125 4.012500 8.368750 61254.dat
9 0 0.500000 -0.866026 0.000000 0.866026 0.500000 0.000000 0.000000 0.000000 1.000000 -22.015755 -12.710792 -0.131425 8.079125 4.103400 8.368750 61254.dat
9 0 0.866025 -0.500000 0.000000 0.500000 0.866025 0.000000 0.000000 0.000000 1.000000 -12.710807 -22.015745 -0.131425 8.079125 4.103400 8.368750 61254.dat
9 0 1.000000 -0.000000 0.000000 0.000000 1.000000 0.000000 0.000000 0.000000 1.000000 -0.000008 -25.512499 -0.131425 8.079125 4.012500 8.368750 61254.dat
9 0 0.866026 0.500000 0.000000 -0.500000 0.866026 0.000000 0.000000 0.000000 1.000000 12.710792 -22.015755 -0.131425 8.079125 4.103400 8.368750 61254.dat
9 0 0.500000 0.866025 0.000000 -0.866025 0.500000 0.000000 0.000000 0.000000 1.000000 22.015745 -12.710807 -0.131425 8.079125 4.103400 8.368750 61254.dat
9 0 0.000000 1.000000 0.000000 -1.000000 0.000000 0.000000 0.000000 0.000000 1.000000 25.512499 -0.000008 -0.131425 8.079125 4.012500 8.368750 61254.dat
9 0 -0.500000 0.866026 0.000000 -0.866026 -0.500000 0.000000 0.000000 0.000000 1.000000 22.015755 12.710792 -0.131425 8.079125 4.103400 8.368750 61254.dat
9 0 -0.866025 0.500000 0.000000 -0.500000 -0.866025 0.000000 0.000000 0.000000 1.000000 12.710807 22.015745 -0.131425 8.079125 4.103400 8.368750 61254.dat
10 0 -29.631250 -29.631250 -17.249901 29.631250 29.631250 0.000000 61254.dat
4 40 -1.000000 0.000000 0.000000 0.000000 0.000000 1.000000 0.000000 1.000000 -0.000000 0.000000 0.000000 -0.131425 1 61254.dat
4 40 -1.000000 0.000000 0.000000 -0.000000 -0.000000 -1.000000 -0.000000 -1.000000 0.000000 0.000000 0.000000 -0.131425 1 61254.dat
