9 0 0.000000 0.993772 0.111430 -0.000000 0.111430 -0.993772 -1.000000 -0.000000 0.000000 10.107475 -0.017621 0.036774 3.594925 3.824250 7.656250 6127.dat
9 0 0.000000 -0.999243 0.038899 0.000000 0.038899 0.999243 -1.000000 -0.000000 0.000000 -5.423775 -0.612454 -18.230844 9.076000 23.033199 5.375000 6127.dat
9 0 -0.000000 -0.954252 -0.299003 0.000000 -0.299003 0.954252 -1.000000 -0.000000 0.000000 -3.555600 -8.806993 -45.873013 22.193325 7.790751 3.506825 6127.dat
9 0 -0.000000 -0.954252 -0.299003 0.000000 -0.299003 0.954252 -1.000000 -0.000000 0.000000 -3.569451 -40.261234 -56.213726 2.471600 8.214300 5.185200 6127.dat
9 0 -0.000000 0.344253 -0.938877 -0.000000 -0.938877 -0.344254 -1.000000 -0.000000 0.000000 -3.585251 -32.303528 -49.892925 4.484950 8.214300 4.214975 6127.dat
9 0 -0.000000 0.088532 -0.996073 -0.000000 -0.996073 -0.088532 -1.000000 -0.000000 0.000000 -3.548774 12.203382 -22.532166 11.982250 8.214300 3.500000 6127.dat
10 0 -10.304350 -16.062698 -27.805748 76.111755 35.249252 3.451225 6127.dat
0 3 0.000000 -0.877964 0.478726 1.000000 0.000000 -0.000000 0.000000 0.478726 0.877964 20.201225 0.000000 -0.000000 0 1 0.800000 0 0 6127.dat
0 6 0.000001 -0.282304 0.959325 1.000000 -0.000000 -0.000001 0.000000 0.959325 0.282304 -1.298776 -32.314034 -59.262581 0 0 0.180000 1 0 6127.dat
