9 0 0.500000 -0.223847 -0.836596 0.000000 0.966018 -0.258476 0.866025 0.129238 0.483009 -16.191076 5.908825 -8.380200 13.009050 1.000025 5.313875 6131.dat
9 0 -0.500000 -0.223848 -0.836596 -0.000000 0.966017 -0.258477 0.866026 -0.129238 -0.483009 -15.965851 10.707650 9.554700 13.009050 1.000025 5.313875 6131.dat
9 0 -1.000000 -0.000000 -0.000000 0.000000 0.966018 -0.258476 0.000000 -0.258476 -0.966018 0.225225 13.056649 18.333725 13.009050 1.000025 5.313875 6131.dat
9 0 -0.500000 0.223848 0.836596 0.000000 0.966017 -0.258477 -0.866026 -0.129238 -0.483009 16.191076 10.606825 9.177850 13.009050 1.000025 5.313875 6131.dat
9 0 0.500000 0.223847 0.836596 -0.000000 0.966018 -0.258476 -0.866025 0.129238 0.483009 15.965851 5.808000 -8.757051 13.009050 1.000025 5.313875 6131.dat
9 0 1.000000 0.000000 0.000000 0.000000 0.212847 -0.977086 0.000000 0.977086 0.212847 0.000000 -22.678249 24.869976 4.941625 6.891975 3.468150 6131.dat
9 0 1.000000 0.000000 0.000000 0.000000 1.000000 0.000000 0.000000 0.000000 1.000000 0.000000 -10.509851 5.951175 13.152000 10.226126 12.932051 6131.dat
9 0 1.000000 0.000000 0.000000 0.000000 0.966018 -0.258476 0.000000 0.258476 0.966018 -0.225225 3.459000 -17.536076 13.009050 1.000025 5.313875 6131.dat
10 0 -27.962500 -16.670374 -34.666248 27.962500 27.533749 26.965500 6131.dat
2 22 1.000000 0.000000 0.000000 0.000000 1.000000 0.000000 0.000000 0.000000 1.000000 -10.000000 0.000000 10.000000 2 2 29:0:0,29:0:0,29:0:0,29:0:0,15:4:34,29:0:0,29:0:0,29:0:0,29:0:0, 6131.dat
