9 0 1.000000 0.000000 0.000000 0.000000 1.000000 0.000000 0.000000 0.000000 1.000000 -7.460001 4.000000 0.000000 0.960000 3.750000 3.847925 6135.dat
9 0 -0.000000 0.000000 1.000000 0.000000 1.000000 0.000000 -1.000000 0.000000 -0.000000 0.000000 4.000000 7.460001 0.960000 3.750000 3.822925 6135.dat
9 0 1.000000 0.000000 0.000000 0.000000 0.996719 0.080934 0.000000 -0.080934 0.996719 0.000000 -16.185724 -10.140124 5.066900 15.750000 1.316475 6135.dat
9 0 0.707107 0.000000 0.707107 -0.057230 0.996719 0.057229 -0.704787 -0.080935 0.704787 7.170150 -16.185724 -7.170150 5.066900 15.750000 1.316475 6135.dat
9 0 0.000000 0.000000 1.000000 -0.080936 0.996719 0.000000 -0.996719 -0.080936 0.000000 10.140124 -16.185724 0.000000 5.066900 15.750000 1.316475 6135.dat
9 0 -0.707107 -0.000001 0.707107 -0.057230 0.996720 -0.057229 -0.704787 -0.080935 -0.704787 7.170150 -16.185724 7.170150 5.066900 15.750000 1.316475 6135.dat
9 0 -1.000000 -0.000000 -0.000000 0.000000 0.996719 -0.080936 0.000000 -0.080936 -0.996719 0.000000 -16.185724 10.140124 5.066900 15.750000 1.316475 6135.dat
9 0 -0.707107 0.000001 -0.707107 0.057230 0.996720 -0.057229 0.704787 -0.080935 -0.704787 -7.170150 -16.185724 7.170150 5.066900 15.750000 1.316475 6135.dat
9 0 0.000000 0.000000 -1.000000 0.080936 0.996719 0.000000 0.996719 -0.080936 0.000000 -10.140124 -16.185724 0.000000 5.066900 15.750000 1.316475 6135.dat
9 0 0.707107 -0.000000 -0.707107 0.057230 0.996719 0.057229 0.704787 -0.080935 0.704787 -7.170150 -16.185724 -7.170150 5.066900 15.750000 1.316475 6135.dat
9 0 -0.000000 0.000000 1.000000 0.000000 1.000000 0.000000 -1.000000 0.000000 -0.000000 0.000000 4.000000 -7.485975 0.960000 3.750000 3.822925 6135.dat
9 0 1.000000 0.000000 0.000000 0.000000 1.000000 0.000000 0.000000 0.000000 1.000000 7.485975 4.000000 0.000000 0.960000 3.750000 3.847925 6135.dat
9 0 -0.000000 0.000000 1.000000 0.000000 1.000000 0.000000 -1.000000 0.000000 -0.000000 0.000000 -13.687500 6.335000 2.085000 2.062500 3.822925 6135.dat
9 0 -0.000000 0.000000 -1.000000 0.000000 1.000000 0.000000 1.000000 0.000000 -0.000000 0.000000 -13.687500 -6.335000 2.085000 2.062500 3.822925 6135.dat
10 0 -13.750000 0.000000 -13.750000 13.750000 40.000000 13.750000 6135.dat
3 23 1.000000 0.000000 0.000000 0.000000 1.000000 0.000000 0.000000 0.000000 1.000000 -10.000000 -16.000000 10.000000 2 2 29:0:0,29:0:0,29:0:0,29:0:0,1:4:36,29:0:0,29:0:0,29:0:0,29:0:0, 6135.dat
0 6 1.000000 0.000000 0.000000 0.000000 1.000000 0.000000 0.000000 0.000000 1.000000 0.000000 -11.375000 0.000000 0 0 0.363000 0 0 6135.dat
0 4 -0.000000 0.000000 1.000000 0.000000 1.000000 0.000000 -1.000000 0.000000 -0.000000 0.000000 0.000000 0.000000 0 0 0.455000 0 0 6135.dat
2 22 1.000000 0.000000 0.000000 0.000000 1.000000 0.000000 0.000000 0.000000 1.000000 -10.000000 8.000000 10.000000 2 2 29:0:0,29:0:0,29:0:0,29:0:0,5:4:32,29:0:0,29:0:0,29:0:0,29:0:0, 6135.dat
1 9 1.000000 0.000000 0.000000 0.000000 1.000000 0.000000 0.000000 0.000000 1.000000 0.000000 5.250000 0.000000 6135.dat
1 8 1.000000 0.000000 0.000000 0.000000 1.000000 0.000000 0.000000 0.000000 1.000000 0.000000 -29.250002 0.000000 6135.dat
