9 0 0.569090 -0.822276 0.000000 0.822276 0.569090 0.000000 0.000000 0.000000 1.000000 -6.859760 -4.747578 0.000000 2.144075 0.342400 9.750000 61403.dat
9 0 0.822276 0.569090 0.000000 -0.569090 0.822276 0.000000 0.000000 0.000000 1.000000 4.747578 -6.859760 0.000000 2.144075 0.342400 9.750000 61403.dat
9 0 -0.569090 0.822276 0.000000 -0.822276 -0.569090 0.000000 0.000000 0.000000 1.000000 6.859760 4.747578 0.000000 2.144075 0.342400 9.750000 61403.dat
9 0 -0.822276 -0.569090 0.000000 0.569090 -0.822276 0.000000 0.000000 0.000000 1.000000 -4.747578 6.859760 0.000000 2.144075 0.342400 9.750000 61403.dat
9 0 -0.179030 -0.983844 0.000000 0.983844 -0.179030 0.000000 0.000000 0.000000 1.000000 -8.207618 1.493536 0.000000 0.818550 0.342400 9.750000 61403.dat
9 0 0.983844 -0.179030 0.000000 0.179030 0.983844 0.000000 0.000000 0.000000 1.000000 -1.493536 -8.207618 0.000000 0.818550 0.342400 9.750000 61403.dat
9 0 0.179030 0.983844 0.000000 -0.983844 0.179030 0.000000 0.000000 0.000000 1.000000 8.207618 -1.493536 0.000000 0.818550 0.342400 9.750000 61403.dat
9 0 -0.983844 0.179030 0.000000 -0.179030 -0.983844 0.000000 0.000000 0.000000 1.000000 1.493536 8.207618 0.000000 0.818550 0.342400 9.750000 61403.dat
9 0 0.903984 -0.427567 0.000000 0.427567 0.903984 0.000000 0.000000 0.000000 1.000000 -16.553301 -34.997906 0.000000 18.103275 29.530251 1.250000 61403.dat
9 0 0.996656 0.081708 0.000000 -0.081708 0.996656 0.000000 0.000000 0.000000 1.000000 3.163321 -38.585728 0.000000 18.103275 29.530251 1.250000 61403.dat
9 0 0.822276 0.569090 0.000000 -0.569090 0.822276 0.000000 0.000000 0.000000 1.000000 22.032389 -31.834528 0.000000 18.103275 29.530251 1.250000 61403.dat
9 0 0.427567 0.903984 0.000000 -0.903984 0.427567 0.000000 0.000000 0.000000 1.000000 34.997906 -16.553301 0.000000 18.103275 29.530251 1.250000 61403.dat
9 0 -0.081708 0.996656 0.000000 -0.996656 -0.081708 0.000000 0.000000 0.000000 1.000000 38.585728 3.163321 0.000000 18.103275 29.530251 1.250000 61403.dat
9 0 -0.569090 0.822276 0.000000 -0.822276 -0.569090 0.000000 0.000000 0.000000 1.000000 31.834528 22.032389 0.000000 18.103275 29.530251 1.250000 61403.dat
9 0 -0.903984 0.427567 0.000000 -0.427567 -0.903984 0.000000 0.000000 0.000000 1.000000 16.553301 34.997906 0.000000 18.103275 29.530251 1.250000 61403.dat
9 0 -0.996656 -0.081709 0.000000 0.081709 -0.996656 0.000000 0.000000 0.000000 1.000000 -3.163321 38.585728 0.000000 18.103275 29.530251 1.250000 61403.dat
9 0 -0.822276 -0.569090 0.000000 0.569090 -0.822276 0.000000 0.000000 0.000000 1.000000 -22.032389 31.834528 0.000000 18.103275 29.530251 1.250000 61403.dat
9 0 -0.427567 -0.903984 0.000000 0.903984 -0.427567 0.000000 0.000000 0.000000 1.000000 -34.997906 16.553301 0.000000 18.103275 29.530251 1.250000 61403.dat
9 0 0.081708 -0.996656 0.000000 0.996656 0.081708 0.000000 0.000000 0.000000 1.000000 -38.585728 -3.163321 0.000000 18.103275 29.530251 1.250000 61403.dat
9 0 0.569090 -0.822276 0.000000 0.822276 0.569090 0.000000 0.000000 0.000000 1.000000 -31.834528 -22.032389 0.000000 18.103275 29.530251 1.250000 61403.dat
9 0 -0.423924 0.905698 0.000000 -0.905698 -0.423924 0.000000 0.000000 0.000000 1.000000 72.553719 -18.258072 0.000000 7.800625 15.246449 1.250000 61403.dat
9 0 -0.774863 0.632130 0.000000 -0.632130 -0.774863 0.000000 0.000000 0.000000 1.000000 73.291435 15.024403 0.000000 7.800625 15.246449 1.250000 61403.dat
9 0 -0.972381 0.233401 0.000000 -0.233401 -0.972381 0.000000 0.000000 0.000000 1.000000 59.517895 45.332188 0.000000 7.800625 15.246449 1.250000 61403.dat
9 0 -0.977369 -0.211540 0.000000 0.211540 -0.977369 0.000000 0.000000 0.000000 1.000000 33.959957 66.664207 0.000000 7.800625 15.246449 1.250000 61403.dat
9 0 -0.789714 -0.613476 0.000000 0.613476 -0.789714 0.000000 0.000000 0.000000 1.000000 1.784175 74.794479 0.000000 7.800625 15.246449 1.250000 61403.dat
9 0 -0.445397 -0.895333 0.000000 0.895333 -0.445397 0.000000 0.000000 0.000000 1.000000 -30.839432 68.163696 0.000000 7.800625 15.246449 1.250000 61403.dat
9 0 -0.012893 -0.999917 0.000000 0.999917 -0.012893 0.000000 0.000000 0.000000 1.000000 -57.357140 48.036976 0.000000 7.800625 15.246449 1.250000 61403.dat
9 0 0.422163 -0.906520 0.000000 0.906520 0.422163 0.000000 0.000000 0.000000 1.000000 -72.517906 18.399010 0.000000 7.800625 15.246449 1.250000 61403.dat
9 0 0.772435 -0.635093 0.000000 0.635093 0.772435 0.000000 0.000000 0.000000 1.000000 -73.348595 -14.743632 0.000000 7.800625 15.246449 1.250000 61403.dat
9 0 0.971479 -0.237124 0.000000 0.237124 0.971479 0.000000 0.000000 0.000000 1.000000 -59.691048 -45.103748 0.000000 7.800625 15.246449 1.250000 61403.dat
9 0 0.978173 0.207794 0.000000 -0.207794 0.978173 0.000000 0.000000 0.000000 1.000000 -34.215065 -66.533424 0.000000 7.800625 15.246449 1.250000 61403.dat
9 0 0.791191 0.611570 0.000000 -0.611570 0.791191 0.000000 0.000000 0.000000 1.000000 -1.964490 -74.789879 0.000000 7.800625 15.246449 1.250000 61403.dat
9 0 0.448752 0.893656 0.000000 -0.893656 0.448752 0.000000 0.000000 0.000000 1.000000 30.583656 -68.279015 0.000000 7.800625 15.246449 1.250000 61403.dat
9 0 0.016644 0.999862 0.000000 -0.999862 0.016644 0.000000 0.000000 0.000000 1.000000 57.176502 -48.251854 0.000000 7.800625 15.246449 1.250000 61403.dat
10 0 -91.591751 -89.887749 -20.000000 91.596756 89.930252 0.000000 61403.dat
0 2 0.179030 0.983844 -0.000000 0.000000 -0.000000 -1.000000 -0.983844 0.179030 -0.000000 0.000000 0.000000 -10.000000 0 0 0.800000 0 0 61403.dat
2 22 0.983844 -0.179030 0.000000 -0.000000 -0.000000 -1.000000 0.179030 0.983844 -0.000000 -8.048141 11.628734 -10.000000 2 2 22:1:1,22:2:1,22:1:1,22:2:1,16:4:64,22:2:1,22:1:1,22:2:1,22:1:1, 61403.dat
2 22 -0.983844 0.179030 -0.000000 -0.000000 0.000000 1.000000 0.179030 0.983844 0.000000 11.628734 8.048141 10.000000 2 2 22:1:1,22:2:1,22:1:1,22:2:1,16:4:64,22:2:1,22:1:1,22:2:1,22:1:1, 61403.dat
