9 0 1.000000 0.000000 0.000000 0.000000 1.000000 0.000000 0.000000 0.000000 1.000000 0.000000 -11.266274 -69.833748 3.827775 1.107500 59.583748 61406.dat
9 0 1.000000 0.000000 0.000000 0.000000 1.000000 0.000000 0.000000 0.000000 1.000000 0.000300 -11.823175 -79.673500 1.035050 1.780325 69.423500 61406.dat
9 0 1.000000 0.000000 0.000000 0.000000 1.000000 0.000000 0.000000 0.000000 1.000000 0.000000 4.010000 0.000000 19.750000 3.750000 9.750000 61406.dat
9 0 -1.000000 0.000000 0.000000 -0.000000 -1.000000 0.000000 0.000000 0.000000 1.000000 -0.039775 -0.501050 -13.000101 18.787325 3.949125 2.750100 61406.dat
9 0 1.000000 0.000000 0.000000 0.000000 1.000000 0.000000 0.000000 0.000000 1.000000 0.000000 -9.459625 -56.827999 7.414925 1.107500 46.577999 61406.dat
9 0 1.000000 0.000000 0.000000 0.000000 1.000000 0.000000 0.000000 0.000000 1.000000 0.000000 -7.349025 -43.632500 10.751350 1.107500 33.382500 61406.dat
9 0 1.000000 0.000000 0.000000 0.000000 1.000000 0.000000 0.000000 0.000000 1.000000 0.000000 -3.157300 -21.268400 16.674952 1.107500 11.018400 61406.dat
9 0 -0.991512 0.006896 -0.129830 0.030925 0.982441 -0.183994 0.126281 -0.186447 -0.974316 -14.159450 -0.868400 -41.765499 1.255300 1.927900 28.674749 61406.dat
9 0 -0.991512 0.006897 -0.129829 0.021406 0.993624 -0.110690 0.128238 -0.112530 -0.985339 -7.083050 -8.117426 -95.423492 1.255300 0.705225 27.308500 61406.dat
9 0 0.991512 0.006896 -0.129829 -0.030925 0.982441 -0.183994 0.126281 0.186448 0.974315 14.113548 -1.000825 -41.734253 1.255300 2.062325 28.674749 61406.dat
9 0 0.991512 0.006896 -0.129830 -0.021405 0.993624 -0.110692 0.128239 0.112531 0.985338 7.105424 -8.102250 -95.427994 1.255300 0.720325 27.308500 61406.dat
9 0 1.000000 0.000000 0.000000 0.000000 1.000000 0.000000 0.000000 0.000000 1.000000 0.000000 -5.567500 -30.870750 14.247849 1.107500 20.620874 61406.dat
10 0 -10.000000 -0.010000 -10.200000 30.000002 22.289749 149.800003 61406.dat
3 23 1.000000 0.000000 0.000000 0.000000 1.000000 0.000000 0.000000 0.000000 1.000000 -20.000000 0.000000 9.800000 2 4 18:1:1,23:4:1,18:2:1,23:4:1,18:1:1,23:4:1,0:4:1,23:4:1,0:4:1,23:4:1,29:0:1,23:4:1,29:0:1,23:4:1,29:0:1, 61406.dat
2 22 1.000000 0.000000 0.000000 0.000000 1.000000 0.000000 0.000000 0.000000 1.000000 -20.000000 8.000000 9.800000 2 4 22:1:1,22:2:1,22:2:1,22:2:1,22:1:1,22:2:1,15:4:1,9:4:1,15:4:1,22:2:1,22:3:1,22:2:1,22:2:1,22:2:1,22:3:1, 61406.dat
