9 0 -0.632982 0.774167 -0.000000 -0.754325 -0.616759 -0.224951 -0.174150 -0.142390 0.974370 35.129776 28.723408 14.088499 9.822926 3.378850 17.808001 61481.dat
9 0 0.632982 -0.774166 -0.000000 0.754325 0.616759 -0.224951 0.174150 0.142390 0.974370 -35.129551 -28.723675 14.088476 9.822926 3.378850 17.808001 61481.dat
9 0 0.935262 -0.353957 -0.000000 0.344885 0.911291 -0.224951 0.079623 0.210388 0.974370 -16.061384 -42.440071 14.088476 9.822926 3.378850 17.808001 61481.dat
9 0 -0.774166 -0.632982 0.000000 0.616759 -0.754325 -0.224951 0.142390 -0.174150 0.974370 -28.723431 35.129528 14.088476 9.822926 3.378850 17.808001 61481.dat
9 0 -0.161095 0.986939 0.000000 -0.961644 -0.156967 -0.224952 -0.222013 -0.036239 0.974370 44.785057 7.310470 14.088476 9.822926 3.378850 17.808001 61481.dat
9 0 -0.935262 0.353957 -0.000000 -0.344885 -0.911291 -0.224952 -0.079623 -0.210389 0.974370 16.061407 42.440067 14.088476 9.822926 3.378850 17.808001 61481.dat
9 0 0.161095 -0.986939 0.000000 0.961644 0.156966 -0.224951 0.222013 0.036239 0.974370 -44.785057 -7.310495 14.088499 9.822926 3.378850 17.808001 61481.dat
9 0 0.774166 0.632982 0.000000 -0.616759 0.754325 -0.224951 -0.142390 0.174150 0.974370 28.723652 -35.129799 14.088499 9.822926 3.378850 17.808001 61481.dat
9 0 0.986939 0.161095 0.000000 -0.156966 0.961644 -0.224951 -0.036239 0.222013 0.974370 7.310495 -44.785057 14.088499 9.822926 3.378850 17.808001 61481.dat
9 0 0.353957 0.935262 -0.000000 -0.911291 0.344885 -0.224951 -0.210388 0.079623 0.974370 42.440067 -16.061407 14.088499 9.822926 3.378850 17.808001 61481.dat
9 0 -0.986939 -0.161095 0.000000 0.156966 -0.961644 -0.224952 0.036239 -0.222014 0.974370 -7.310470 44.785057 14.088499 9.822926 3.378850 17.808001 61481.dat
9 0 -0.353957 -0.935262 -0.000000 0.911291 -0.344885 -0.224952 0.210388 -0.079624 0.974370 -42.440071 16.061384 14.088499 9.822926 3.378850 17.808001 61481.dat
9 0 -0.632982 0.774167 0.000000 -0.754325 -0.616759 0.224951 0.174150 0.142390 0.974370 35.129776 28.723408 -14.088525 9.822926 3.378850 17.808001 61481.dat
9 0 0.632982 -0.774166 0.000000 0.754325 0.616759 0.224951 -0.174150 -0.142390 0.974370 -35.129551 -28.723675 -14.088499 9.822926 3.378850 17.808001 61481.dat
9 0 0.935262 -0.353957 0.000000 0.344885 0.911291 0.224951 -0.079623 -0.210388 0.974370 -16.061384 -42.440071 -14.088499 9.822926 3.378850 17.808001 61481.dat
9 0 -0.774166 -0.632982 -0.000000 0.616759 -0.754325 0.224951 -0.142390 0.174150 0.974370 -28.723431 35.129528 -14.088499 9.822926 3.378850 17.808001 61481.dat
9 0 -0.161095 0.986939 -0.000000 -0.961644 -0.156967 0.224952 0.222013 0.036239 0.974370 44.785057 7.310470 -14.088499 9.822926 3.378850 17.808001 61481.dat
9 0 -0.935262 0.353957 0.000000 -0.344885 -0.911291 0.224952 0.079623 0.210389 0.974370 16.061407 42.440067 -14.088499 9.822926 3.378850 17.808001 61481.dat
9 0 0.161095 -0.986939 -0.000000 0.961644 0.156966 0.224951 -0.222013 -0.036239 0.974370 -44.785057 -7.310495 -14.088525 9.822926 3.378850 17.808001 61481.dat
9 0 0.774166 0.632982 -0.000000 -0.616759 0.754325 0.224951 0.142390 -0.174150 0.974370 28.723652 -35.129799 -14.088525 9.822926 3.378850 17.808001 61481.dat
9 0 0.986939 0.161095 -0.000000 -0.156966 0.961644 0.224951 0.036239 -0.222013 0.974370 7.310495 -44.785057 -14.088525 9.822926 3.378850 17.808001 61481.dat
9 0 0.353957 0.935262 0.000000 -0.911291 0.344885 0.224951 0.210388 -0.079623 0.974370 42.440067 -16.061407 -14.088525 9.822926 3.378850 17.808001 61481.dat
9 0 -0.986939 -0.161095 -0.000000 0.156966 -0.961644 0.224952 -0.036239 0.222014 0.974370 -7.310470 44.785057 -14.088525 9.822926 3.378850 17.808001 61481.dat
9 0 -0.353957 -0.935262 0.000000 0.911291 -0.344885 0.224952 -0.210388 0.079624 0.974370 -42.440071 16.061384 -14.088525 9.822926 3.378850 17.808001 61481.dat
10 0 -53.862999 -53.862999 -32.500000 53.862999 53.862999 32.500000 61481.dat
4 16 0.995004 -0.099832 0.000000 -0.000000 -0.000000 1.000000 -0.099832 -0.995004 -0.000000 0.000000 0.000000 0.000000 1 61481.dat
4 16 0.995004 -0.099832 0.000000 0.000000 0.000000 -1.000000 0.099832 0.995004 0.000000 0.000000 0.000000 0.000000 1 61481.dat
