9 0 1.000000 0.000000 0.000000 0.000000 1.000000 0.000000 0.000000 0.000000 1.000000 0.000000 1.375000 24.065001 39.750000 1.125000 15.685050 61485.dat
9 0 -0.000000 0.000000 1.000000 0.000000 1.000000 0.000000 -1.000000 0.000000 -0.000000 -24.053976 1.375000 -0.001252 39.750000 1.125000 15.685050 61485.dat
9 0 -1.000000 0.000000 -0.000000 0.000000 1.000000 0.000000 0.000000 0.000000 -1.000000 0.012249 1.375000 -24.055178 39.750000 1.125000 15.685050 61485.dat
9 0 -0.000000 0.000000 -1.000000 0.000000 1.000000 0.000000 1.000000 0.000000 -0.000000 24.066252 1.375000 0.011000 39.750000 1.125000 15.685050 61485.dat
9 0 -1.000000 0.000000 -0.000000 0.000000 1.000000 0.000000 0.000000 0.000000 -1.000000 0.012249 4.000000 -29.995102 39.750000 3.750000 9.745100 61485.dat
9 0 -0.000000 0.000000 -1.000000 0.000000 1.000000 0.000000 1.000000 0.000000 -0.000000 30.005997 4.000000 0.011000 39.750000 3.750000 9.745100 61485.dat
9 0 1.000000 0.000000 0.000000 0.000000 1.000000 0.000000 0.000000 0.000000 1.000000 0.000000 4.000000 30.004995 39.750000 3.750000 9.745100 61485.dat
9 0 -0.000000 0.000000 1.000000 0.000000 1.000000 0.000000 -1.000000 0.000000 -0.000000 -29.993927 4.000000 -0.001252 39.750000 3.750000 9.745100 61485.dat
9 0 0.987688 0.000000 -0.156434 0.000000 1.000000 0.000000 0.156434 0.000000 0.987688 -5.164401 -1.875000 -32.873924 4.869900 1.625000 0.929700 61485.dat
9 0 0.987688 0.000000 0.156434 0.000000 1.000000 0.000000 -0.156434 0.000000 0.987688 5.248749 -1.875000 -32.862503 4.869900 1.625000 0.929700 61485.dat
9 0 0.891007 0.000000 0.453991 0.000000 1.000000 0.000000 -0.453991 0.000000 0.891007 15.148750 -1.875000 -29.633776 4.869900 1.625000 0.929700 61485.dat
9 0 0.707107 0.000000 0.707107 0.000000 1.000000 0.000000 -0.707107 0.000000 0.707107 23.566496 -1.875000 -23.503801 4.869900 1.625000 0.929700 61485.dat
9 0 0.453991 0.000000 0.891007 0.000000 1.000000 0.000000 -0.891007 0.000000 0.453991 29.677999 -1.875000 -15.072651 4.869900 1.625000 0.929725 61485.dat
9 0 0.156434 0.000000 0.987688 0.000000 1.000000 0.000000 -0.987688 0.000000 0.156434 32.884998 -1.875000 -5.165601 4.869900 1.625000 0.929700 61485.dat
9 0 -0.156434 0.000000 0.987688 0.000000 1.000000 0.000000 -0.987688 0.000000 -0.156434 32.873501 -1.875000 5.247498 4.869900 1.625000 0.929700 61485.dat
9 0 -0.453990 0.000000 0.891007 0.000000 1.000000 0.000000 -0.891007 0.000000 -0.453990 29.644753 -1.875000 15.147498 4.869900 1.625000 0.929700 61485.dat
9 0 -0.707107 0.000000 0.707107 0.000000 1.000000 0.000000 -0.707107 0.000000 -0.707107 23.514748 -1.875000 23.565250 4.869900 1.625000 0.929700 61485.dat
9 0 -0.891006 0.000000 0.453991 0.000000 1.000000 0.000000 -0.453991 0.000000 -0.891006 15.083498 -1.875000 29.676746 4.869900 1.625000 0.929725 61485.dat
9 0 -0.987688 0.000000 0.156434 0.000000 1.000000 0.000000 -0.156434 0.000000 -0.987688 5.176499 -1.875000 32.883751 4.869900 1.625000 0.929700 61485.dat
9 0 -0.987688 0.000000 -0.156434 0.000000 1.000000 0.000000 0.156434 0.000000 -0.987688 -5.236626 -1.875000 32.872246 4.869900 1.625000 0.929700 61485.dat
9 0 -0.891006 0.000000 -0.453991 0.000000 1.000000 0.000000 0.453991 0.000000 -0.891006 -15.136601 -1.875000 29.643499 4.869900 1.625000 0.929700 61485.dat
9 0 -0.707107 0.000000 -0.707107 0.000000 1.000000 0.000000 0.707107 0.000000 -0.707107 -23.554325 -1.875000 23.513496 4.869900 1.625000 0.929700 61485.dat
9 0 -0.453990 0.000000 -0.891007 0.000000 1.000000 0.000000 0.891007 0.000000 -0.453990 -29.665777 -1.875000 15.082500 4.869900 1.625000 0.929725 61485.dat
9 0 -0.156434 0.000000 -0.987688 0.000000 1.000000 0.000000 0.987688 0.000000 -0.156434 -32.872753 -1.875000 5.175498 4.869900 1.625000 0.929700 61485.dat
9 0 0.156434 0.000000 -0.987688 0.000000 1.000000 0.000000 0.987688 0.000000 0.156434 -32.861324 -1.875000 -5.237802 4.869900 1.625000 0.929700 61485.dat
9 0 0.453991 0.000000 -0.891007 0.000000 1.000000 0.000000 0.891007 0.000000 0.453991 -29.632601 -1.875000 -15.137776 4.869900 1.625000 0.929700 61485.dat
9 0 0.707107 0.000000 -0.707107 0.000000 1.000000 0.000000 0.707107 0.000000 0.707107 -23.502626 -1.875000 -23.555502 4.869900 1.625000 0.929700 61485.dat
9 0 0.891007 0.000000 -0.453991 0.000000 1.000000 0.000000 0.453991 0.000000 0.891007 -15.071476 -1.875000 -29.666975 4.869900 1.625000 0.929725 61485.dat
10 0 -10.000000 0.000000 -70.000000 70.000000 14.500000 10.000000 61485.dat
2 22 1.000000 0.000000 0.000000 0.000000 1.000000 0.000000 0.000000 0.000000 1.000000 -40.000000 8.000000 39.999996 8 8 22:1:1,22:2:1,22:2:1,22:2:1,22:2:1,22:2:1,22:2:1,22:2:1,22:1:1,22:2:1,15:4:1,23:4:1,15:4:1,23:4:1,15:4:1,23:4:1,15:4:1,22:2:1,22:2:1,23:4:1,7:4:2,23:4:1,7:4:2,23:4:1,7:4:2,23:4:1,22:2:1,22:2:1,15:4:1,23:4:1,15:4:0,23:4:1,15:4:0,23:4:1,15:4:1,22:2:1,22:2:1,23:4:1,7:4:2,23:4:1,29:0:1,23:4:1,7:4:2,23:4:1,22:2:1,22:2:1,15:4:1,23:4:1,15:4:0,23:4:1,15:4:0,23:4:1,15:4:1,22:2:1,22:2:1,23:4:1,7:4:2,23:4:1,7:4:2,23:4:1,7:4:2,23:4:1,22:2:1,22:2:1,15:4:1,23:4:1,15:4:1,23:4:1,15:4:1,23:4:1,15:4:1,22:2:1,22:1:1,22:2:1,22:2:1,22:2:1,22:2:1,22:2:1,22:2:1,22:2:1,22:1:1, 61485.dat
6 68 1.000000 0.000000 0.000000 0.000000 1.000000 0.000000 0.000000 0.000000 1.000000 0.000000 -6.500000 0.000000 0.000000 0.000000 0.000000 0.000000 1 61485.dat
