9 0 0.000000 0.000000 -1.000000 -0.000000 -1.000000 -0.000000 -1.000000 0.000000 -0.000000 0.000000 1.517349 0.000000 4.828925 1.517350 4.828925 61483.dat
9 0 0.000000 -0.550670 -0.834723 -0.000000 -0.834723 0.550670 -1.000000 0.000000 -0.000000 -0.001527 23.532497 5.933050 15.270249 4.798850 1.624750 61483.dat
9 0 0.000000 -0.707107 -0.707107 0.000000 0.707107 -0.707107 1.000000 0.000000 0.000000 -0.000005 29.499998 15.303101 2.518175 2.518175 14.034075 61483.dat
9 0 -0.707106 0.000000 -0.707108 -0.000000 -1.000000 0.000000 -0.707108 0.000000 0.707106 0.000000 -7.992926 0.000000 3.700300 9.757074 3.700300 61483.dat
9 0 -0.707107 0.707106 0.000000 -0.000000 -0.000000 -1.000000 -0.707106 -0.707107 0.000000 0.000002 12.000000 -5.000000 5.053300 4.750000 5.053300 61483.dat
10 0 -21.500000 -53.947002 -14.375000 14.425000 0.000000 14.375000 61483.dat
3 23 -0.000000 1.000000 0.000000 -0.000000 -0.000000 1.000000 1.000000 0.000000 0.000000 10.000003 2.000000 -9.999997 2 2 29:0:0,29:0:0,29:0:0,29:0:0,3:4:32,29:0:0,29:0:0,29:0:0,29:0:0, 61483.dat
0 3 -1.000000 -0.000000 -0.000000 0.000000 -1.000000 -0.000000 -0.000000 -0.000000 1.000000 0.000000 -18.000000 0.000000 0 1 0.800000 0 0 61483.dat
6 87 -0.000000 1.000000 0.000000 -1.000000 -0.000000 -0.000000 -0.000000 0.000000 1.000000 7.124995 29.565998 15.303103 0.000000 0.000000 0.000000 0.000000 0 61483.dat
6 87 -0.000000 -1.000000 0.000000 1.000000 -0.000000 0.000000 -0.000000 0.000000 1.000000 -7.125004 29.565998 15.303098 0.000000 0.000000 0.000000 0.000000 0 61483.dat
