9 0 -1.000000 0.000000 -0.000000 0.000000 0.000000 1.000000 0.000000 1.000000 -0.000000 0.000000 -0.003900 -0.028775 9.603925 2.665075 2.290900 61482.dat
9 0 -0.866025 0.500000 -0.000000 0.000000 0.000000 1.000000 0.500000 0.866025 -0.000000 13.859400 -3.015200 0.001176 9.442924 2.247950 1.000000 61482.dat
9 0 -0.342020 0.939693 -0.000000 0.000000 0.000000 1.000000 0.939693 0.342020 -0.000000 17.222626 -5.653550 0.000002 4.211300 1.000000 3.475300 61482.dat
9 0 -0.994491 0.104820 -0.000000 0.000000 0.000000 1.000000 0.104820 0.994491 -0.000000 15.204101 -14.658324 0.000005 2.135375 2.250000 1.566925 61482.dat
9 0 0.994491 0.104820 -0.000000 0.000000 0.000000 1.000000 0.104820 -0.994491 0.000000 -15.204101 -14.658324 0.000005 2.135400 2.250000 1.566925 61482.dat
9 0 0.553708 0.832711 -0.000000 0.000000 0.000000 1.000000 0.832711 -0.553708 0.000000 -17.201576 -6.326225 0.000002 4.286525 1.000000 3.475300 61482.dat
9 0 0.819152 0.573576 -0.000000 0.000000 0.000000 1.000000 0.573576 -0.819152 0.000000 -12.748675 -3.015200 0.001176 8.519025 2.247950 1.000000 61482.dat
9 0 0.640609 0.767867 -0.000000 0.000000 0.000000 1.000000 0.767867 -0.640609 0.000000 27.206251 -18.147976 0.000006 3.734625 3.750000 0.538125 61482.dat
9 0 0.911859 -0.410503 0.000000 0.000000 0.000000 1.000000 -0.410503 -0.911859 0.000000 19.951225 -19.463474 0.000006 4.135475 3.750000 0.314675 61482.dat
9 0 0.692755 -0.721173 0.000000 0.000000 0.000000 1.000000 -0.721173 -0.692755 0.000000 -26.882500 -18.064850 0.000006 4.135475 3.750000 0.314675 61482.dat
9 0 0.880909 0.473285 -0.000000 0.000000 0.000000 1.000000 0.473285 -0.880909 0.000000 -19.430349 -19.428276 0.000006 3.472850 3.750000 0.538125 61482.dat
10 0 -30.564001 -4.000000 -22.018000 30.564001 4.000000 3.993600 61482.dat
0 7 0.000000 0.000000 1.000000 1.000000 -0.000000 0.000000 0.000000 1.000000 -0.000000 5.000000 0.000000 0.000000 0 0 0.400001 0 0 61482.dat
6 140 -0.707108 -0.707106 0.000000 -0.000000 -0.000000 -1.000000 0.707106 -0.707108 0.000000 22.756975 -14.428226 0.000005 0.000000 0.000000 0.000000 0.000000 0 61482.dat
6 140 0.707108 -0.707106 0.000000 0.000000 -0.000000 -1.000000 0.707106 0.707108 -0.000000 -22.756975 -14.428226 0.000005 0.000000 0.000000 0.000000 0.000000 0 61482.dat
