9 0 1.000000 0.000000 0.000000 0.000000 0.999281 0.037911 0.000000 -0.037911 0.999281 -0.356100 3.844350 -19.245975 17.150175 0.750000 6.248750 61506.dat
9 0 -1.000000 -0.000000 -0.000000 0.000000 0.978826 -0.204696 0.000000 -0.204696 -0.978826 0.580250 10.520374 19.725075 17.150625 0.750000 6.085250 61506.dat
9 0 0.000000 -0.226337 -0.974049 0.000000 0.974049 -0.226337 1.000000 0.000000 0.000000 -18.353676 5.183850 1.119325 17.150625 0.750000 4.870525 61506.dat
9 0 1.000000 0.000000 0.000000 0.000000 1.000000 0.000000 0.000000 0.000000 1.000000 0.000000 -6.093725 1.346700 12.250000 5.686900 13.596700 61506.dat
9 0 0.490547 -0.193536 -0.849652 0.866025 -0.000000 0.500000 -0.096768 -0.981093 0.167607 -12.436700 1.603825 -6.571825 9.690850 0.878025 2.979400 61506.dat
9 0 -0.612907 -0.301351 -0.730434 0.766044 -0.000000 -0.642788 0.193704 -0.953513 0.230848 -10.767825 4.365100 9.035299 9.690850 0.878025 3.069250 61506.dat
9 0 0.490890 0.190025 0.850246 -0.866025 0.000000 0.500000 0.095012 -0.981779 0.164566 12.407900 1.868825 -6.621675 7.867700 0.878025 2.960575 61506.dat
9 0 -0.599821 0.359473 0.714839 -0.766044 0.000001 -0.642788 -0.231065 -0.933156 0.275371 10.767825 4.383925 9.035275 7.801900 0.878025 3.050425 61506.dat
9 0 0.000000 -0.226337 -0.974049 0.000000 0.974049 -0.226337 1.000000 0.000000 0.000000 18.626101 5.183850 1.119325 17.150625 0.750000 4.870525 61506.dat
10 0 -23.697075 -13.201650 -25.835001 23.698925 13.153625 25.750000 61506.dat
2 22 1.000000 0.000000 0.000000 0.000000 1.000000 0.000000 0.000000 0.000000 1.000000 -10.000000 0.000000 10.000000 2 2 29:0:0,29:0:0,29:0:0,29:0:0,15:4:33,29:0:0,29:0:0,29:0:0,29:0:0, 61506.dat
