9 0 -0.948711 0.000000 0.316146 0.000000 1.000000 0.000000 -0.316146 0.000000 -0.948711 28.223749 29.600000 -49.407948 1.625000 2.150000 31.372749 6152.dat
9 0 -0.947812 0.000000 0.318830 0.000000 1.000000 0.000000 -0.318830 0.000000 -0.947812 27.847502 1.874998 9.209501 1.625000 1.625000 29.937250 6152.dat
9 0 -0.627124 -0.709307 -0.321868 -0.778919 0.570589 0.260219 -0.000921 0.413898 -0.910323 28.527752 14.730549 -19.902498 8.430925 1.538025 17.509874 6152.dat
9 0 -0.542408 -0.819700 0.184078 -0.777687 0.572786 0.259074 -0.317800 -0.002631 -0.948154 28.519749 5.952749 -0.355750 5.634675 1.623225 21.099051 6152.dat
9 0 -1.000000 0.000000 -0.000000 0.000000 1.000000 0.000000 0.000000 0.000000 -1.000000 38.125000 29.600000 10.000002 1.625000 2.150000 29.750002 6152.dat
9 0 -1.000000 0.000000 -0.000000 0.000000 1.000000 0.000000 0.000000 0.000000 -1.000000 38.125000 24.679773 21.238750 1.625000 7.107600 18.511175 6152.dat
9 0 -1.000000 0.000000 -0.000000 -0.000000 0.910684 0.413105 0.000000 0.413105 -0.910684 38.125000 16.401798 9.994751 1.625000 2.307200 31.526501 6152.dat
9 0 -1.000000 0.000000 -0.000000 0.000000 1.000000 0.000000 0.000000 0.000000 -1.000000 38.125000 20.022324 31.076496 1.625000 11.727675 8.673551 6152.dat
9 0 -0.627124 -0.709307 -0.321868 -0.778919 0.570588 0.260219 -0.000921 0.413898 -0.910323 20.830250 14.660173 -42.789497 3.334000 1.538025 26.562750 6152.dat
9 0 -0.543489 -0.819705 0.180840 -0.777687 0.572785 0.259075 -0.315948 0.000167 -0.948777 28.638250 23.305849 -38.265499 5.813875 1.623225 20.669075 6152.dat
9 0 -0.627585 -0.708969 -0.321715 -0.778548 0.571783 0.258704 0.000538 0.412829 -0.910808 36.281002 14.974925 2.739000 3.435750 1.538025 25.509750 6152.dat
9 0 1.000000 0.000000 0.000000 0.000000 1.000000 0.000000 0.000000 0.000000 1.000000 0.000000 29.600000 -70.000000 19.750000 2.150000 9.750000 6152.dat
9 0 1.000000 0.000000 0.000000 0.000000 0.910972 0.412469 0.000000 -0.412469 0.910972 0.000000 15.317625 -49.222271 19.750000 1.620350 32.688747 6152.dat
9 0 1.000000 0.000000 0.000000 0.000000 1.000000 0.000000 0.000000 0.000000 1.000000 0.000000 1.874998 -9.583497 19.750000 1.625000 10.166625 6152.dat
9 0 0.627585 -0.708969 -0.321715 0.778548 0.571783 0.258703 0.000538 -0.412829 0.910809 -36.280998 14.974925 2.739000 3.435750 1.538025 25.509750 6152.dat
9 0 0.543489 -0.819705 0.180841 0.777687 0.572786 0.259075 -0.315948 -0.000167 0.948776 -28.638250 23.305849 -38.265499 5.813875 1.623225 20.669075 6152.dat
9 0 0.627124 -0.709307 -0.321867 0.778919 0.570589 0.260219 -0.000922 -0.413898 0.910323 -20.830198 14.660173 -42.789497 3.334000 1.538025 26.562750 6152.dat
9 0 1.000000 0.000000 0.000000 0.000000 1.000000 0.000000 0.000000 0.000000 1.000000 -38.125000 20.022324 31.076496 1.625000 11.727675 8.673551 6152.dat
9 0 1.000000 0.000000 0.000000 0.000000 0.910684 0.413104 0.000000 -0.413104 0.910684 -38.125000 16.401798 9.994751 1.625000 2.307200 31.526501 6152.dat
9 0 1.000000 0.000000 0.000000 0.000000 1.000000 0.000000 0.000000 0.000000 1.000000 -38.125000 24.679773 21.238750 1.625000 7.107600 18.511175 6152.dat
9 0 1.000000 0.000000 0.000000 0.000000 1.000000 0.000000 0.000000 0.000000 1.000000 -38.125000 29.600000 10.000002 1.625000 2.150000 29.750002 6152.dat
9 0 0.542408 -0.819701 0.184077 0.777687 0.572786 0.259075 -0.317801 0.002630 0.948154 -28.519852 5.952749 -0.355750 5.634675 1.623225 21.099051 6152.dat
9 0 0.627124 -0.709307 -0.321867 0.778919 0.570588 0.260219 -0.000922 -0.413898 0.910323 -28.527725 14.730549 -19.902498 8.430925 1.538025 17.509874 6152.dat
9 0 0.947812 0.000000 0.318830 0.000000 1.000000 0.000000 -0.318830 0.000000 0.947812 -27.847450 1.874998 9.209501 1.625000 1.625000 29.937250 6152.dat
9 0 0.948711 0.000000 0.316146 0.000000 1.000000 0.000000 -0.316146 0.000000 0.948711 -28.223801 29.600000 -49.407948 1.625000 2.150000 31.372749 6152.dat
10 0 -30.000002 0.000000 -110.000000 50.000000 36.424999 10.000000 6152.dat
3 23 1.000000 0.000000 0.000000 0.000000 1.000000 0.000000 0.000000 0.000000 1.000000 -20.000000 0.000000 0.000000 2 4 29:0:1,23:4:1,18:2:1,23:4:1,29:0:1,23:4:1,1:4:1,23:4:1,1:4:1,23:4:1,29:0:1,23:4:1,18:2:1,23:4:1,29:0:1, 6152.dat
2 22 1.000000 0.000000 0.000000 0.000000 1.000000 0.000000 0.000000 0.000000 1.000000 -20.000000 32.000000 -59.999996 2 4 22:2:1,22:2:1,22:2:1,22:2:1,22:2:1,22:2:1,15:4:1,9:4:1,15:4:1,22:2:1,22:1:1,22:2:1,22:2:1,22:2:1,22:1:1, 6152.dat
