9 0 -0.000000 -0.000000 1.000000 -1.000000 0.000000 -0.000000 0.000000 -1.000000 -0.000000 -30.000002 12.000000 40.000000 9.750000 9.750000 11.750000 6153.dat
9 0 -0.000000 -0.000000 1.000000 -1.000000 0.000000 -0.000000 0.000000 -1.000000 -0.000000 30.000002 12.000000 40.000000 9.750000 9.750000 11.750000 6153.dat
9 0 -0.000000 -0.000000 1.000000 -1.000000 0.000000 -0.000000 0.000000 -1.000000 -0.000000 0.000000 12.000000 -20.000002 9.750025 19.750000 11.750000 6153.dat
9 0 0.000000 -0.429299 0.903163 -1.000000 -0.000000 0.000000 -0.000000 -0.903162 -0.429299 0.000000 11.752600 -48.929249 21.891550 19.750000 2.250000 6153.dat
9 0 -0.000000 -0.000000 1.000000 -1.000000 0.000000 -0.000000 0.000000 -1.000000 -0.000000 0.000000 21.375025 -49.999996 19.749950 19.750000 2.375000 6153.dat
9 0 -0.000000 -0.000000 1.000000 -1.000000 0.000000 -0.000000 0.000000 -1.000000 -0.000000 -0.103500 19.999998 0.000000 9.750025 37.682251 3.750000 6153.dat
9 0 0.000000 -0.429052 0.903280 1.000000 0.000000 -0.000000 0.000000 0.903280 0.429052 -30.000002 11.974074 11.175251 21.891575 9.750000 2.488900 6153.dat
9 0 -0.000000 0.000000 1.000000 1.000000 0.000000 0.000000 0.000000 1.000000 -0.000000 -30.000002 17.681324 18.007601 11.742399 9.750000 6.068675 6153.dat
9 0 -0.000000 0.000000 1.000000 1.000000 0.000000 0.000000 0.000000 1.000000 -0.000000 -24.969526 12.000000 15.609651 14.140349 4.719525 11.750000 6153.dat
9 0 -0.315646 -0.000004 0.948877 -0.948877 0.000001 -0.315646 0.000001 -1.000000 -0.000004 -21.910175 21.375025 -58.100998 11.643500 1.542200 2.375050 6153.dat
9 0 -0.315612 0.000001 0.948888 -0.948888 -0.000000 -0.315612 -0.000000 -1.000000 0.000001 -27.262699 1.875000 0.951999 31.333500 2.668425 1.625025 6153.dat
9 0 -0.318272 -0.002996 0.947995 -0.790852 -0.550571 -0.267254 0.522740 -0.834783 0.172862 -28.412025 4.293924 -6.538498 24.577875 1.495600 3.653400 6153.dat
9 0 -0.323147 0.000723 0.946349 -0.791756 -0.547955 -0.269940 0.518361 -0.836507 0.177642 -27.823050 15.466774 -32.077499 24.577875 1.495625 2.526025 6153.dat
9 0 -0.315648 -0.000001 0.948876 -0.948876 0.000000 -0.315648 0.000000 -1.000000 -0.000001 -31.261126 21.375025 -29.990997 3.070150 1.542150 2.375000 6153.dat
9 0 -0.315649 0.000001 0.948876 -0.948876 -0.000000 -0.315649 -0.000000 -1.000000 0.000001 -37.486774 21.375025 -11.275998 1.754100 1.542150 2.375000 6153.dat
9 0 -0.323143 0.000722 0.946350 -0.791757 -0.547955 -0.269938 0.518362 -0.836508 0.177639 -28.364849 10.424126 -19.391998 24.577875 1.495600 3.653400 6153.dat
9 0 0.315610 -0.000000 0.948889 0.948889 0.000000 -0.315610 -0.000000 1.000000 0.000000 27.262747 1.875000 0.951999 31.333500 2.668400 1.625000 6153.dat
9 0 0.318273 -0.002995 0.947994 0.790852 -0.550572 -0.267254 0.522739 0.834783 -0.172864 28.411997 4.293924 -6.538498 24.577850 1.495600 3.653400 6153.dat
9 0 0.323143 0.000722 0.946350 0.791758 -0.547953 -0.269938 0.518361 0.836509 -0.177639 28.393751 10.404125 -19.401751 24.577875 1.495600 3.653425 6153.dat
9 0 0.323147 0.000723 0.946349 0.791757 -0.547954 -0.269940 0.518360 0.836508 -0.177642 27.823997 15.468300 -32.077751 24.577875 1.495625 2.527850 6153.dat
9 0 0.315646 -0.000004 0.948877 0.948877 -0.000002 -0.315646 0.000003 1.000000 0.000003 21.910250 21.375025 -58.100998 11.643500 1.542200 2.375050 6153.dat
9 0 0.315649 -0.000001 0.948876 0.948876 0.000000 -0.315649 0.000000 1.000000 0.000001 31.261248 21.375025 -29.990997 3.070150 1.542150 2.375000 6153.dat
9 0 0.315649 0.000001 0.948876 0.948876 -0.000000 -0.315649 -0.000000 1.000000 -0.000001 37.486752 21.375025 -11.275998 1.754100 1.542150 2.375000 6153.dat
9 0 -0.000000 0.000000 1.000000 1.000000 0.000000 0.000000 0.000000 1.000000 -0.000000 30.000002 12.000000 40.000000 9.750000 9.750000 11.750000 6153.dat
9 0 -0.000000 -0.000000 1.000000 -1.000000 0.000000 -0.000000 0.000000 -1.000000 -0.000000 30.000002 17.681324 18.007601 11.742399 9.750000 6.068650 6153.dat
9 0 -0.000000 -0.000000 1.000000 -1.000000 0.000000 -0.000000 0.000000 -1.000000 -0.000000 24.969500 12.000000 15.609651 14.140349 4.719525 11.750000 6153.dat
9 0 0.000000 -0.429052 0.903280 1.000000 0.000000 -0.000000 0.000000 0.903280 0.429052 30.000002 11.974074 11.175251 21.891575 9.750000 2.488875 6153.dat
10 0 -10.000000 0.000000 -70.000000 110.000000 28.450001 10.000000 6153.dat
3 23 0.000000 0.000000 -1.000000 0.000000 1.000000 0.000000 1.000000 0.000000 0.000000 39.999996 0.000000 50.000000 8 8 18:1:1,23:4:1,18:1:1,29:0:1,29:0:1,29:0:1,29:0:1,29:0:1,29:0:1,23:4:1,0:4:1,23:4:1,29:0:1,29:0:1,29:0:1,29:0:1,29:0:1,29:0:1,18:1:1,23:4:1,18:1:1,29:0:1,29:0:1,29:0:1,18:1:1,23:4:1,29:0:1,29:0:1,29:0:1,29:0:1,29:0:1,29:0:1,29:0:1,23:4:1,0:4:1,23:4:1,29:0:1,29:0:1,29:0:1,29:0:1,29:0:1,29:0:1,18:2:1,23:4:1,29:0:1,29:0:1,29:0:1,29:0:1,29:0:1,29:0:1,29:0:1,23:4:1,0:4:1,23:4:1,18:1:1,23:4:1,18:1:1,29:0:1,29:0:1,29:0:1,18:1:1,23:4:1,29:0:1,23:4:1,0:4:1,23:4:1,29:0:1,29:0:1,29:0:1,29:0:1,29:0:1,29:0:1,18:1:1,23:4:1,18:1:1,29:0:1,29:0:1,29:0:1,29:0:1,29:0:1,29:0:1, 6153.dat
3 23 0.000000 0.000000 -1.000000 0.000000 1.000000 0.000000 1.000000 0.000000 0.000000 19.999998 16.000000 9.999999 4 2 29:0:1,23:4:1,29:0:1,23:4:1,0:4:1,23:4:1,18:2:1,23:4:1,29:0:1,23:4:1,0:4:1,23:4:1,29:0:1,23:4:1,29:0:1, 6153.dat
2 22 0.000000 0.000000 -1.000000 0.000000 1.000000 0.000000 1.000000 0.000000 0.000000 39.999996 24.000000 50.000000 8 12 22:1:1,22:2:1,22:2:1,22:2:1,22:2:1,22:2:1,22:2:1,29:0:1,29:0:1,29:0:1,29:0:1,29:0:1,29:0:1,22:2:1,15:4:1,9:4:1,15:4:1,9:4:1,15:4:1,15:4:1,29:0:1,22:2:1,29:0:1,29:0:1,29:0:1,29:0:1,22:1:1,22:2:1,22:2:1,22:2:1,22:3:1,22:2:1,22:2:1,22:2:1,22:2:1,22:2:1,22:2:1,22:2:1,22:1:1,29:0:1,29:0:1,29:0:1,29:0:1,22:2:1,15:4:1,22:2:1,15:4:1,22:2:1,15:4:1,23:4:1,15:4:1,22:2:1,29:0:1,29:0:1,29:0:1,29:0:1,22:2:1,9:4:1,22:2:1,9:4:1,22:2:1,23:4:1,7:4:2,23:4:1,22:2:1,29:0:1,29:0:1,29:0:1,29:0:1,22:2:1,15:4:1,22:2:1,15:4:1,22:2:1,15:4:1,23:4:1,15:4:1,22:2:1,22:1:1,22:2:1,22:2:1,22:2:1,22:3:1,22:2:1,22:2:1,22:2:1,22:2:1,22:2:1,22:2:1,22:2:1,22:1:1,22:2:1,15:4:1,9:4:1,15:4:1,9:4:1,15:4:1,15:4:1,29:0:1,22:2:1,29:0:1,29:0:1,29:0:1,29:0:1,22:1:1,22:2:1,22:2:1,22:2:1,22:2:1,22:2:1,22:2:1,29:0:1,29:0:1,29:0:1,29:0:1,29:0:1,29:0:1, 6153.dat
