9 0 1.000000 0.000000 0.000000 0.000000 0.707107 0.707107 0.000000 -0.707107 0.707107 0.099625 -1.982525 -17.113899 3.775375 2.463700 2.573975 6158.dat
9 0 1.000000 0.000000 0.000000 0.000000 0.997437 0.071552 0.000000 -0.071552 0.997437 -0.401700 -10.134174 23.364750 11.348300 5.034600 0.914175 6158.dat
9 0 1.000000 0.000000 0.000000 0.000000 0.996195 0.087156 0.000000 -0.087156 0.996195 -10.538774 -10.016825 22.035774 1.211225 5.034600 1.976850 6158.dat
9 0 1.000000 0.000000 0.000000 0.000000 1.000000 0.000000 0.000000 0.000000 1.000000 -10.012050 -11.296901 12.355025 1.737950 7.046900 2.294325 6158.dat
9 0 1.000000 0.000000 0.000000 0.000000 0.254942 0.966956 0.000000 -0.966956 0.254942 -0.401700 -16.539474 18.228525 11.348300 5.132100 0.410725 6158.dat
9 0 -1.000000 0.000000 -0.000000 -0.000000 0.996195 0.087155 0.000000 0.087155 -0.996195 10.538774 -10.016825 22.035774 1.211225 5.034600 1.976850 6158.dat
9 0 1.000000 0.000000 0.000000 0.000000 1.000000 0.000000 0.000000 0.000000 1.000000 0.000000 -10.905875 14.124450 11.750000 6.655875 1.000550 6158.dat
9 0 1.000000 0.000000 0.000000 0.000000 1.000000 0.000000 0.000000 0.000000 1.000000 -11.593850 -13.432500 16.854826 2.294300 3.106475 2.261725 6158.dat
9 0 1.000000 0.000000 0.000000 0.000000 1.000000 0.000000 0.000000 0.000000 1.000000 11.531450 -13.432500 16.854826 2.294300 3.106475 2.261725 6158.dat
9 0 -0.000000 0.000000 1.000000 0.000000 1.000000 0.000000 -1.000000 0.000000 -0.000000 -13.514251 -11.115174 1.174000 5.241975 10.422925 0.298775 6158.dat
9 0 -0.564884 -0.173429 0.806739 -0.099476 0.984846 0.142065 -0.819152 -0.000001 -0.573576 -12.343350 -4.676350 -9.277750 7.011575 3.007700 2.410675 6158.dat
9 0 0.564884 -0.173430 0.806739 0.099476 0.984846 0.142065 -0.819152 0.000000 0.573576 12.387050 -4.854775 -9.346700 7.011575 3.188850 2.335325 6158.dat
9 0 -0.000000 0.000000 1.000000 0.000000 1.000000 0.000000 -1.000000 0.000000 -0.000000 13.514251 -11.115174 1.174000 5.241975 10.422925 0.301250 6158.dat
9 0 -0.171436 -0.319802 0.931846 0.062499 0.940413 0.334240 -0.983211 0.115540 -0.141233 15.931050 -8.698251 2.821550 7.011575 3.418925 1.757950 6158.dat
9 0 -1.000000 0.000000 -0.000000 0.000000 1.000000 0.000000 0.000000 0.000000 -1.000000 10.012050 -11.296901 12.355025 1.737950 7.046900 2.294325 6158.dat
9 0 0.171436 -0.319802 0.931846 -0.062499 0.940413 0.334241 -0.983211 -0.115540 0.141233 -15.931050 -8.698251 2.821550 7.011575 3.418925 1.757950 6158.dat
10 0 -19.226925 -2.089900 -27.349249 19.226925 22.227850 21.030001 6158.dat
6 50 -0.000000 -0.000000 1.000000 -1.000000 -0.000000 0.000000 0.000000 -1.000000 -0.000000 0.000000 -17.546600 0.000000 0.000000 0.000000 0.000000 0.000000 0 6158.dat
4 60 1.000000 0.000000 0.000000 0.000000 1.000000 0.000000 0.000000 0.000000 1.000000 0.000000 -4.000000 10.000000 2 6158.dat
