9 0 0.000000 0.000000 -1.000000 0.000000 1.000000 0.000000 1.000000 0.000000 0.000000 0.000000 4.593425 30.000002 9.750025 3.156575 9.750000 61678.dat
9 0 0.000000 0.000000 -1.000000 0.000000 1.000000 0.000000 1.000000 0.000000 0.000000 0.000000 10.343600 9.999951 9.750025 5.406425 9.750000 61678.dat
9 0 0.000000 0.000000 -1.000000 0.000000 1.000000 0.000000 1.000000 0.000000 0.000000 0.000000 17.305174 -9.999999 9.750025 6.444825 9.750000 61678.dat
9 0 0.000000 0.000000 -1.000000 0.000000 1.000000 0.000000 1.000000 0.000000 0.000000 0.000001 21.600000 -30.000002 9.750025 2.150000 9.750000 61678.dat
9 0 0.000000 0.387026 -0.922069 -0.000000 0.922069 0.387026 1.000000 0.000000 0.000000 0.000001 16.596350 -27.595747 12.195250 2.150000 9.750000 61678.dat
9 0 0.000000 0.240059 -0.970758 -0.000000 0.970758 0.240059 1.000000 0.000000 0.000000 0.000000 8.194250 -1.811248 14.883850 2.150000 9.750000 61678.dat
9 0 0.000000 0.082249 -0.996612 -0.000000 0.996612 0.082249 1.000000 0.000000 0.000000 0.000000 3.552925 26.132801 13.442101 2.150000 9.750000 61678.dat
10 0 -10.000000 -16.000000 -10.000000 70.000000 8.000000 10.000000 61678.dat
2 22 0.000000 0.000000 -1.000000 0.000000 1.000000 0.000000 1.000000 0.000000 0.000000 10.000000 24.000000 0.000000 2 4 22:1:1,22:2:1,22:2:1,22:2:1,22:1:1,22:2:1,15:4:1,15:4:1,15:4:1,22:2:1,22:1:1,22:2:1,22:2:1,22:2:1,22:1:1, 61678.dat
2 22 0.000000 0.000000 -1.000000 0.000000 1.000000 0.000000 1.000000 0.000000 0.000000 10.000000 16.000000 20.000002 2 2 22:1:1,22:2:1,29:0:1,22:2:1,15:4:1,29:0:1,22:1:1,22:2:1,29:0:1, 61678.dat
2 22 0.000000 0.000000 -1.000000 0.000000 1.000000 0.000000 1.000000 0.000000 0.000000 10.000000 8.000000 40.000000 2 2 22:1:1,22:2:1,29:0:1,22:2:1,15:4:1,29:0:1,22:1:1,22:2:1,29:0:1, 61678.dat
