9 0 1.000000 0.000000 0.000000 0.000000 1.000000 0.000000 0.000000 0.000000 1.000000 13.468751 252.000015 0.000000 6.281250 11.750000 19.750000 6168a.dat
9 0 -0.707107 0.000000 -0.707107 0.000000 1.000000 0.000000 0.707107 0.000000 -0.707107 -8.404800 120.000008 8.405575 9.608075 119.750000 4.623925 6168a.dat
9 0 0.707107 0.000000 -0.707107 0.000000 1.000000 0.000000 0.707107 0.000000 0.707107 -8.404400 120.000008 -8.403650 9.608075 119.750000 4.623925 6168a.dat
9 0 0.707107 0.000000 0.707107 0.000000 1.000000 0.000000 -0.707107 0.000000 0.707107 8.404799 120.000008 -8.403251 9.608075 119.750000 4.623925 6168a.dat
9 0 -0.707107 0.000000 0.707107 0.000000 1.000000 0.000000 -0.707107 0.000000 -0.707107 8.404400 120.000008 8.405975 9.608075 119.750000 4.623925 6168a.dat
9 0 -0.000000 0.000000 1.000000 0.000000 1.000000 0.000000 -1.000000 0.000000 -0.000000 0.000000 252.000015 13.468751 6.281250 11.750000 19.750000 6168a.dat
9 0 -1.000000 0.000000 -0.000000 0.000000 1.000000 0.000000 0.000000 0.000000 -1.000000 -13.468750 252.000015 0.000000 6.281250 11.750000 19.750000 6168a.dat
9 0 -0.000000 0.000000 -1.000000 0.000000 1.000000 0.000000 1.000000 0.000000 -0.000000 0.000000 252.000015 -13.468750 6.281250 11.750000 19.750000 6168a.dat
10 0 -10.000000 0.000000 -30.000002 30.000002 268.450012 10.000000 6168a.dat
2 22 1.000000 0.000000 0.000000 0.000000 1.000000 0.000000 0.000000 0.000000 1.000000 -20.000000 264.000000 20.000002 4 4 22:1:1,22:2:1,22:2:1,22:2:1,22:1:1,22:2:1,15:4:1,23:4:1,15:4:1,22:2:1,22:2:1,23:4:1,7:4:2,23:4:1,22:2:1,22:2:1,15:4:1,23:4:1,15:4:1,22:2:1,22:1:1,22:2:1,22:2:1,22:2:1,22:1:1, 6168a.dat
3 23 1.000000 0.000000 0.000000 0.000000 1.000000 0.000000 0.000000 0.000000 1.000000 -20.000000 0.000000 20.000002 4 4 29:0:1,23:4:1,18:2:1,23:4:1,29:0:1,23:4:1,0:4:2,23:4:1,0:4:2,23:4:1,18:2:1,23:4:1,18:4:1,23:4:1,18:2:1,23:4:1,0:4:2,23:4:1,0:4:2,23:4:1,29:0:1,23:4:1,18:2:1,23:4:1,29:0:1, 6168a.dat
0 8 0.000000 -0.000000 -1.000000 0.000000 -1.000000 0.000000 -1.000000 -0.000000 0.000000 0.000000 0.000000 0.000000 0 0 0.320000 0 0 6168a.dat
0 12 0.000000 -0.000000 -1.000000 0.000000 -1.000000 0.000000 -1.000000 -0.000000 0.000000 0.000000 239.750000 0.000000 0 0 0.960000 0 0 6168a.dat
6 28 0.000000 -0.000000 -1.000000 0.000000 -1.000000 0.000000 -1.000000 -0.000000 0.000000 0.000000 4.000020 0.000000 0.000000 0.000000 0.000000 0.000000 0 6168a.dat
