9 0 -1.000000 -0.000000 -0.000000 0.000000 0.000000 -1.000000 0.000000 -1.000000 0.000000 0.000000 1.375000 0.000000 71.840752 28.837749 1.125000 6177.dat
9 0 -1.000000 -0.000000 -0.000000 0.000000 0.000000 -1.000000 0.000000 -1.000000 0.000000 0.000000 4.000000 0.000000 38.500000 58.499996 3.750000 6177.dat
9 0 -1.000000 -0.000000 -0.000000 0.000000 0.000000 -1.000000 0.000000 -1.000000 0.000000 -77.302002 4.000000 0.000000 0.636875 14.365675 3.750000 6177.dat
9 0 -0.923880 -0.000001 -0.382683 0.382683 -0.000001 -0.923880 0.000000 -1.000000 0.000002 -71.417747 4.000000 -29.582203 0.636875 14.365651 3.750000 6177.dat
9 0 -0.707106 0.000001 -0.707107 0.707107 -0.000000 -0.707106 -0.000001 -1.000000 -0.000000 -54.660774 4.000000 -54.660774 0.636875 14.365675 3.750000 6177.dat
9 0 -0.382683 -0.000000 -0.923880 0.923880 0.000000 -0.382683 0.000000 -1.000000 0.000000 -29.582199 4.000000 -71.417747 0.636875 14.365651 3.750000 6177.dat
9 0 -0.000000 0.000000 -1.000000 1.000000 -0.000000 0.000000 -0.000000 -1.000000 -0.000000 0.000000 4.000000 -77.302002 0.636875 14.365675 3.750000 6177.dat
9 0 0.382683 0.000000 -0.923880 0.923880 0.000000 0.382683 0.000000 -1.000000 0.000000 29.582251 4.000000 -71.417747 0.636875 14.365651 3.750000 6177.dat
9 0 0.707106 -0.000000 -0.707107 0.707107 0.000000 0.707106 0.000000 -1.000000 0.000000 54.660751 4.000000 -54.660774 0.636875 14.365675 3.750000 6177.dat
9 0 0.923880 0.000000 -0.382683 0.382683 -0.000000 0.923880 -0.000000 -1.000000 -0.000000 71.417747 4.000000 -29.582203 0.636875 14.365651 3.750000 6177.dat
9 0 1.000000 0.000000 0.000000 0.000000 -0.000000 1.000000 0.000000 -1.000000 -0.000000 77.302002 4.000000 0.000000 0.636875 14.365675 3.750000 6177.dat
9 0 0.923880 -0.000000 0.382683 -0.382683 -0.000000 0.923880 0.000000 -1.000000 -0.000000 71.417747 4.000000 29.582251 0.636875 14.365651 3.750000 6177.dat
9 0 0.707106 0.000000 0.707107 -0.707107 0.000000 0.707106 -0.000000 -1.000000 0.000000 54.660751 4.000000 54.660751 0.636875 14.365675 3.750000 6177.dat
9 0 0.382683 0.000000 0.923880 -0.923880 0.000000 0.382683 -0.000000 -1.000000 0.000000 29.582251 4.000000 71.417740 0.636875 14.365651 3.750000 6177.dat
9 0 -0.000000 -0.000000 1.000000 -1.000000 -0.000000 0.000000 0.000000 -1.000000 -0.000000 0.000000 4.000000 77.301994 0.636875 14.365675 3.750000 6177.dat
9 0 -0.382683 0.000000 0.923880 -0.923880 0.000000 -0.382683 -0.000000 -1.000000 0.000000 -29.582199 4.000000 71.417740 0.636875 14.365651 3.750000 6177.dat
9 0 -0.707106 -0.000001 0.707107 -0.707107 -0.000000 -0.707106 0.000001 -1.000000 -0.000000 -54.660774 4.000000 54.660751 0.636875 14.365675 3.750000 6177.dat
9 0 -0.923880 0.000001 0.382683 -0.382683 -0.000001 -0.923880 -0.000000 -1.000000 0.000001 -71.417747 4.000000 29.582251 0.636875 14.365651 3.750000 6177.dat
9 0 -0.000000 0.000000 -1.000000 1.000000 -0.000000 0.000000 -0.000000 -1.000000 -0.000000 0.000000 1.375000 0.000000 71.840752 28.837749 1.125000 6177.dat
9 0 0.707106 -0.000000 -0.707107 0.707107 0.000000 0.707106 0.000000 -1.000000 0.000000 0.000000 1.375000 0.000000 71.840752 28.837999 1.125000 6177.dat
9 0 0.707106 0.000000 0.707107 -0.707107 0.000000 0.707106 -0.000000 -1.000000 0.000000 0.000000 1.375000 0.000000 71.840752 28.837999 1.125000 6177.dat
9 0 -0.000000 0.000000 -1.000000 1.000000 -0.000000 0.000000 -0.000000 -1.000000 -0.000000 0.000000 4.000000 0.000000 38.500000 58.499996 3.750000 6177.dat
10 0 -30.000002 0.000000 -110.000000 130.000000 12.450000 50.000000 6177.dat
3 23 1.000000 0.000000 0.000000 0.000000 1.000000 0.000000 0.000000 0.000000 1.000000 -19.999998 0.000000 19.999998 4 4 18:1:1,23:4:1,18:2:1,23:4:1,18:1:1,23:4:1,0:4:1,23:4:1,0:4:1,23:4:1,18:2:1,23:4:1,18:4:1,23:4:1,18:2:1,23:4:1,0:4:1,23:4:1,0:4:1,23:4:1,18:1:1,23:4:1,18:2:1,23:4:1,18:1:1, 6177.dat
2 22 1.000000 0.000000 0.000000 0.000000 1.000000 0.000000 0.000000 0.000000 1.000000 -60.000004 8.000000 59.999996 12 12 29:0:1,29:0:1,22:1:1,22:2:1,22:2:1,22:2:1,22:2:1,22:2:1,22:2:1,22:2:1,22:1:1,29:0:1,29:0:1,29:0:1,29:0:1,22:2:1,15:4:1,23:4:1,15:4:1,23:4:1,15:4:1,23:4:1,15:4:1,22:2:1,29:0:1,29:0:1,22:1:1,22:2:1,22:3:1,23:4:1,7:4:2,23:4:1,7:4:2,23:4:1,7:4:2,23:4:1,22:3:1,22:2:1,22:1:1,22:2:1,15:4:1,23:4:1,15:4:1,23:4:1,15:4:1,23:4:1,15:4:1,23:4:1,15:4:1,23:4:1,15:4:1,22:2:1,22:2:1,23:4:1,7:4:2,23:4:1,7:4:2,23:4:1,7:4:2,23:4:1,7:4:2,23:4:1,7:4:2,23:4:1,22:2:1,22:2:1,15:4:1,23:4:1,15:4:1,23:4:1,15:4:1,23:4:1,15:4:1,23:4:1,15:4:1,23:4:1,15:4:1,22:2:1,22:2:1,23:4:1,7:4:2,23:4:1,7:4:2,23:4:1,7:4:2,23:4:1,7:4:2,23:4:1,7:4:2,23:4:1,22:2:1,22:2:1,15:4:1,23:4:1,15:4:1,23:4:1,15:4:1,23:4:1,15:4:1,23:4:1,15:4:1,23:4:1,15:4:1,22:2:1,22:2:1,23:4:1,7:4:2,23:4:1,7:4:2,23:4:1,7:4:2,23:4:1,7:4:2,23:4:1,7:4:2,23:4:1,22:2:1,22:2:1,15:4:1,23:4:1,15:4:1,23:4:1,15:4:1,23:4:1,15:4:1,23:4:1,15:4:1,23:4:1,15:4:1,22:2:1,22:1:1,22:2:1,22:3:1,23:4:1,7:4:2,23:4:1,7:4:2,23:4:1,7:4:2,23:4:1,22:3:1,22:2:1,22:1:1,29:0:1,29:0:1,22:2:1,15:4:1,23:4:1,15:4:1,23:4:1,15:4:1,23:4:1,15:4:1,22:2:1,29:0:1,29:0:1,29:0:1,29:0:1,22:1:1,22:2:1,22:2:1,22:2:1,22:2:1,22:2:1,22:2:1,22:2:1,22:1:1,29:0:1,29:0:1, 6177.dat
