9 0 0.000001 1.000000 -0.000001 -0.000001 0.000001 1.000000 1.000000 -0.000001 0.000001 -7.067868 -0.000001 -10.000005 3.722650 9.750000 0.692875 61795.dat
9 0 1.000000 -0.000001 0.000001 -0.000001 0.000001 1.000000 -0.000001 -1.000000 0.000001 4.366135 4.072216 -9.999999 1.866150 9.750000 1.572225 61795.dat
9 0 -0.000001 -1.000000 0.000001 -0.000001 0.000001 1.000000 -1.000000 0.000001 -0.000001 4.072229 -4.366134 -9.999995 1.866150 9.750000 1.572225 61795.dat
9 0 -1.000000 0.000001 -0.000001 -0.000001 0.000001 1.000000 0.000001 1.000000 -0.000001 -4.366121 -4.072228 -10.000001 1.866150 9.750000 1.572225 61795.dat
9 0 0.000001 1.000000 -0.000001 -0.000001 0.000001 1.000000 1.000000 -0.000001 0.000001 -4.072216 4.366122 -10.000005 1.866150 9.750000 1.572225 61795.dat
9 0 1.000000 -0.000001 0.000001 -0.000001 0.000001 1.000000 -0.000001 -1.000000 0.000001 0.000011 7.067869 -10.000005 3.722650 9.750000 0.692875 61795.dat
9 0 -0.000001 -1.000000 0.000001 -0.000001 0.000001 1.000000 -1.000000 0.000001 -0.000001 7.067882 -0.000011 -9.999995 3.722650 9.750000 0.692875 61795.dat
9 0 -1.000000 0.000001 -0.000001 -0.000001 0.000001 1.000000 0.000001 1.000000 -0.000001 0.000002 -7.067881 -9.999995 3.722650 9.750000 0.692875 61795.dat
9 0 0.000001 0.890867 -0.454265 -0.000000 0.454265 0.890867 1.000000 -0.000001 0.000001 0.003328 15.896784 -27.068260 10.675674 1.347975 2.941150 61795.dat
9 0 1.000000 -0.000001 0.000001 -0.000001 0.000001 1.000000 -0.000001 -1.000000 0.000001 0.000014 -0.232913 -21.250000 6.506925 1.000000 7.107375 61795.dat
9 0 1.000000 -0.000001 0.000001 -0.000001 0.000001 1.000000 -0.000001 -1.000000 0.000001 0.000039 13.882473 -46.174507 1.437900 16.975075 9.125800 61795.dat
9 0 1.000000 -0.000001 0.000001 -0.000001 0.000001 1.000000 -0.000001 -1.000000 0.000001 0.000018 -8.802096 -36.743744 2.219450 14.034975 4.203625 61795.dat
9 0 0.000001 0.889088 -0.457737 -0.000000 0.457737 0.889088 1.000000 -0.000001 0.000001 0.003341 4.171240 -58.793251 14.085449 4.743225 4.893675 61795.dat
9 0 0.000001 0.752931 -0.658099 -0.000000 0.658099 0.752931 1.000000 -0.000001 0.000001 0.003364 24.586456 -73.451767 17.117449 2.835225 1.784225 61795.dat
9 0 0.000001 0.099959 -0.994992 0.000001 0.994992 0.099959 1.000000 -0.000001 0.000001 0.003344 -8.898995 -75.599739 16.451225 5.680075 0.989900 61795.dat
9 0 0.000001 0.897259 -0.441504 -0.000000 0.441504 0.897259 1.000000 -0.000001 0.000001 0.003373 17.458118 -94.079765 23.627501 9.920074 1.445000 61795.dat
9 0 0.000000 0.899752 0.436401 -0.000001 -0.436401 0.899752 1.000000 -0.000001 0.000001 0.003398 50.476940 -99.566032 20.991100 5.336250 1.444750 61795.dat
9 0 -0.000000 0.654353 0.756189 -0.000001 -0.756189 0.654353 1.000000 -0.000001 0.000001 0.003389 41.589691 -94.228271 16.180574 9.663500 1.403200 61795.dat
9 0 0.000001 0.507409 -0.861706 0.000000 0.861706 0.507409 1.000000 -0.000001 0.000001 0.003353 4.354479 -76.066498 21.434925 5.680075 0.989900 61795.dat
9 0 0.000001 1.000000 -0.000001 -0.000001 0.000001 1.000000 1.000000 -0.000001 0.000001 0.000077 35.250954 -82.265778 2.734425 2.734425 3.750000 61795.dat
10 0 -17.336802 0.000000 -9.250000 75.653496 113.864990 9.250000 61795.dat
0 4 -1.000000 0.000001 -0.000001 0.000001 -0.000001 -1.000000 -0.000001 -1.000000 0.000001 0.000013 -0.000012 -20.000000 1 0 0.800000 0 0 61795.dat
