9 0 1.000000 0.000000 0.000000 0.000000 1.000000 0.000000 0.000000 0.000000 1.000000 -12.859525 0.000000 39.999996 2.609525 14.749999 29.750002 61801.dat
9 0 1.000000 0.000000 0.000000 0.000000 1.000000 0.000000 0.000000 0.000000 1.000000 12.859525 0.000000 39.999996 2.609525 14.749999 29.750002 61801.dat
9 0 1.000000 0.000000 0.000000 0.000000 1.000000 0.000000 0.000000 0.000000 1.000000 0.000000 0.000000 19.999998 1.687500 5.375000 9.750000 61801.dat
9 0 1.000000 0.000000 0.000000 0.000000 1.000000 0.000000 0.000000 0.000000 1.000000 0.000000 0.000000 19.999998 5.375000 1.687500 9.750000 61801.dat
9 0 1.000000 0.000000 0.000000 0.000000 1.000000 0.000000 0.000000 0.000000 1.000000 -5.200400 5.358075 -20.000002 2.700400 2.858075 9.750000 61801.dat
9 0 1.000000 0.000000 0.000000 0.000000 1.000000 0.000000 0.000000 0.000000 1.000000 5.200400 5.358075 -20.000002 2.700400 2.858075 9.750000 61801.dat
9 0 1.000000 0.000000 0.000000 0.000000 1.000000 0.000000 0.000000 0.000000 1.000000 5.200400 -5.358075 -20.000002 2.700400 2.858075 9.750000 61801.dat
9 0 1.000000 0.000000 0.000000 0.000000 1.000000 0.000000 0.000000 0.000000 1.000000 -5.200400 -5.358075 -20.000002 2.700400 2.858075 9.750000 61801.dat
9 0 1.000000 0.000000 0.000000 0.000000 1.000000 0.000000 0.000000 0.000000 1.000000 -5.200400 -6.891925 6.125000 2.700400 2.858075 3.625000 61801.dat
9 0 1.000000 0.000000 0.000000 0.000000 1.000000 0.000000 0.000000 0.000000 1.000000 5.200400 -6.891925 6.125000 2.700400 2.858075 3.625000 61801.dat
9 0 1.000000 0.000000 0.000000 0.000000 1.000000 0.000000 0.000000 0.000000 1.000000 5.200400 -6.891925 -6.125001 2.700400 2.858075 3.625000 61801.dat
9 0 1.000000 0.000000 0.000000 0.000000 1.000000 0.000000 0.000000 0.000000 1.000000 -5.200400 -6.891925 -6.125001 2.700400 2.858075 3.625000 61801.dat
9 0 1.000000 0.000000 0.000000 0.000000 1.000000 0.000000 0.000000 0.000000 1.000000 -16.608925 0.000000 0.000000 1.358925 9.750000 9.750000 61801.dat
9 0 1.000000 0.000000 0.000000 0.000000 1.000000 0.000000 0.000000 0.000000 1.000000 16.608925 0.000000 0.000000 1.358925 9.750000 9.750000 61801.dat
9 0 0.492010 0.870590 0.000000 -0.870590 0.492010 0.000000 0.000000 0.000000 1.000000 -8.427500 -14.587299 -25.000000 0.315850 9.750000 4.750000 61801.dat
9 0 0.500000 -0.866025 0.000000 0.866025 0.500000 0.000000 0.000000 0.000000 1.000000 -8.468625 14.350174 -20.000002 0.315850 9.750000 9.750000 61801.dat
9 0 1.000000 0.000000 0.000000 0.000000 1.000000 0.000000 0.000000 0.000000 1.000000 -16.845951 -0.159800 -20.000002 0.315850 9.750000 9.750000 61801.dat
9 0 0.492010 0.870590 0.000000 -0.870590 0.492010 0.000000 0.000000 0.000000 1.000000 -8.427500 -14.587299 -20.000002 0.315850 9.750000 9.750000 61801.dat
9 0 -0.500000 -0.866026 -0.000000 -0.866026 0.500000 -0.000000 0.000000 0.000000 -1.000000 8.468625 14.350174 -20.000002 0.315850 9.750000 9.750000 61801.dat
9 0 -1.000000 0.000000 -0.000000 0.000000 1.000000 0.000000 0.000000 0.000000 -1.000000 16.845951 -0.159800 -20.000002 0.315850 9.750000 9.750000 61801.dat
9 0 -0.492010 0.870589 -0.000000 0.870589 0.492010 0.000000 0.000000 -0.000000 -1.000000 8.427500 -14.587299 -20.000002 0.315850 9.750000 9.750000 61801.dat
10 0 -20.000000 -20.000000 -100.000000 20.000000 20.000000 0.000000 61801.dat
0 4 -0.000000 1.000000 -0.000000 0.000000 -0.000000 -1.000000 -1.000000 0.000000 -0.000000 0.000000 0.000000 -30.000002 0 1 0.800000 0 0 61801.dat
0 4 -0.000000 0.000000 1.000000 0.000000 1.000000 0.000000 -1.000000 0.000000 -0.000000 0.000000 10.000000 -0.124502 0 0 0.800000 0 0 61801.dat
0 5 -0.000000 1.000000 -0.000000 0.000000 -0.000000 -1.000000 -1.000000 0.000000 -0.000000 0.000000 0.000000 9.999999 1 0 0.800000 0 0 61801.dat
