9 0 1.000000 0.000000 0.000000 0.000000 1.000000 0.000000 0.000000 0.000000 1.000000 -110.000000 109.900009 0.000000 9.750000 9.849999 9.750000 6184.dat
9 0 1.000000 0.000000 0.000000 0.000000 1.000000 0.000000 0.000000 0.000000 1.000000 110.000000 109.900009 0.000000 9.750000 9.849999 9.750000 6184.dat
9 0 1.000000 0.000000 0.000000 0.000000 1.000000 0.000000 0.000000 0.000000 1.000000 0.000000 8.000004 0.000000 19.949999 7.750000 9.750000 6184.dat
9 0 0.964482 0.264149 0.000000 -0.264149 0.964482 0.000000 0.000000 0.000000 1.000000 -105.743477 76.707756 0.000000 7.400350 25.788000 9.750000 6184.dat
9 0 0.703816 0.710382 0.000000 -0.710382 0.703816 0.000000 0.000000 0.000000 1.000000 -83.332504 36.419506 0.000000 6.570975 25.788000 9.750000 6184.dat
9 0 0.252230 0.967667 0.000000 -0.967667 0.252230 0.000000 0.000000 0.000000 1.000000 -43.225502 13.241756 0.000000 6.404575 25.788000 9.750000 6184.dat
9 0 -0.964482 0.264149 -0.000000 0.264149 0.964482 0.000000 0.000000 -0.000000 -1.000000 105.743492 76.707756 0.000000 7.400350 25.788000 9.750000 6184.dat
9 0 -0.703817 0.710382 -0.000000 0.710382 0.703817 0.000000 0.000000 -0.000000 -1.000000 83.332253 36.419506 0.000000 6.570975 25.788000 9.750000 6184.dat
9 0 -0.252229 0.967668 -0.000000 0.967668 0.252229 0.000000 0.000000 -0.000000 -1.000000 43.225502 13.241756 0.000000 6.404575 25.788000 9.750000 6184.dat
10 0 -10.000000 0.000000 -10.000000 230.000000 124.450005 10.000000 6184.dat
3 23 1.000000 0.000000 0.000000 0.000000 1.000000 0.000000 0.000000 0.000000 1.000000 -20.000004 0.000000 10.000000 2 4 18:1:1,23:4:1,18:2:1,23:4:1,18:1:1,23:4:1,0:4:1,23:4:1,0:4:1,23:4:1,18:1:1,23:4:1,18:2:1,23:4:1,18:1:1, 6184.dat
2 22 1.000000 0.000000 0.000000 0.000000 1.000000 0.000000 0.000000 0.000000 1.000000 -20.000004 16.000008 10.000000 2 4 22:2:1,22:2:1,22:2:1,22:2:1,22:2:1,22:2:1,15:4:0,9:4:1,15:4:0,22:2:1,22:2:1,22:2:1,22:2:1,22:2:1,22:2:1, 6184.dat
2 22 1.000000 0.000000 0.000000 0.000000 1.000000 0.000000 0.000000 0.000000 1.000000 -120.000008 120.000008 10.000000 2 2 22:1:1,22:2:1,22:1:1,22:2:1,15:4:1,22:2:1,22:1:1,22:2:1,22:1:1, 6184.dat
2 22 1.000000 0.000000 0.000000 0.000000 1.000000 0.000000 0.000000 0.000000 1.000000 99.999985 120.000008 10.000000 2 2 22:1:1,22:2:1,22:1:1,22:2:1,15:4:1,22:2:1,22:1:1,22:2:1,22:1:1, 6184.dat
