9 0 0.000000 0.000000 1.000000 0.000000 1.000000 0.000000 -1.000000 0.000000 0.000000 25.000006 8.500000 -34.249996 15.500000 0.500000 4.750000 61904.dat
9 0 0.000000 0.000000 1.000000 0.000000 1.000000 0.000000 -1.000000 0.000000 0.000000 25.000006 -8.500000 -34.249996 15.500000 0.500000 4.750000 61904.dat
9 0 0.000000 0.000000 1.000000 0.000000 1.000000 0.000000 -1.000000 0.000000 0.000000 26.000006 0.000000 -39.999996 2.000000 9.000000 3.750000 61904.dat
9 0 0.000000 0.000000 1.000000 0.000000 1.000000 0.000000 -1.000000 0.000000 0.000000 25.000011 0.000000 -20.374998 1.625000 9.000000 4.750000 61904.dat
9 0 0.000000 0.000000 1.000000 0.000000 1.000000 0.000000 -1.000000 0.000000 0.000000 18.083864 0.000000 -9.999996 9.750000 9.000000 2.915875 61904.dat
9 0 0.000000 0.000000 1.000000 0.000000 1.000000 0.000000 -1.000000 0.000000 0.000000 15.000017 28.500000 0.000006 9.750000 0.500000 4.750000 61904.dat
9 0 0.000000 0.000000 1.000000 0.000000 1.000000 0.000000 -1.000000 0.000000 0.000000 15.000017 11.500000 0.000006 9.750000 0.500000 4.750000 61904.dat
9 0 0.000000 0.000000 1.000000 0.000000 1.000000 0.000000 -1.000000 0.000000 0.000000 15.000011 24.425951 -14.425993 1.449050 1.449050 4.750000 61904.dat
9 0 0.000000 0.000000 1.000000 0.000000 1.000000 0.000000 -1.000000 0.000000 0.000000 15.000015 25.988501 -2.511495 4.511550 3.011550 4.750000 61904.dat
9 0 0.000000 0.000000 1.000000 0.000000 1.000000 0.000000 -1.000000 0.000000 0.000000 15.000015 14.011550 -2.511495 4.511550 3.011550 4.750000 61904.dat
9 0 0.000000 0.000000 1.000000 0.000000 1.000000 0.000000 -1.000000 0.000000 0.000000 15.000011 15.574050 -14.425993 1.449050 1.449050 4.750000 61904.dat
9 0 0.000000 0.000000 1.000000 0.000000 1.000000 0.000000 -1.000000 0.000000 0.000000 -24.999994 8.500000 -34.249981 15.500000 0.500000 4.750000 61904.dat
9 0 0.000000 0.000000 1.000000 0.000000 1.000000 0.000000 -1.000000 0.000000 0.000000 -24.999994 -8.500000 -34.249981 15.500000 0.500000 4.750000 61904.dat
9 0 0.000000 0.000000 1.000000 0.000000 1.000000 0.000000 -1.000000 0.000000 0.000000 -25.999992 0.000000 -39.999981 2.000000 9.000000 3.750000 61904.dat
9 0 0.000000 0.000000 1.000000 0.000000 1.000000 0.000000 -1.000000 0.000000 0.000000 -24.999989 0.000000 -20.374983 1.625000 9.000000 4.750000 61904.dat
9 0 0.000000 0.000000 1.000000 0.000000 1.000000 0.000000 -1.000000 0.000000 0.000000 -18.083736 0.000000 -9.999985 9.750000 9.000000 2.915875 61904.dat
9 0 0.000000 0.000000 1.000000 0.000000 1.000000 0.000000 -1.000000 0.000000 0.000000 -14.999983 28.500000 0.000012 9.750000 0.500000 4.750000 61904.dat
9 0 0.000000 0.000000 1.000000 0.000000 1.000000 0.000000 -1.000000 0.000000 0.000000 -14.999983 11.500000 0.000012 9.750000 0.500000 4.750000 61904.dat
9 0 0.000000 0.000000 1.000000 0.000000 1.000000 0.000000 -1.000000 0.000000 0.000000 -14.999986 24.425951 -14.425984 1.449050 1.449050 4.750000 61904.dat
9 0 0.000000 0.000000 1.000000 0.000000 1.000000 0.000000 -1.000000 0.000000 0.000000 -14.999983 25.988501 -2.511487 4.511550 3.011550 4.750000 61904.dat
9 0 0.000000 0.000000 1.000000 0.000000 1.000000 0.000000 -1.000000 0.000000 0.000000 -14.999983 14.011550 -2.511487 4.511550 3.011550 4.750000 61904.dat
9 0 0.000000 0.000000 1.000000 0.000000 1.000000 0.000000 -1.000000 0.000000 0.000000 -14.999986 15.574050 -14.425984 1.449050 1.449050 4.750000 61904.dat
9 0 0.000000 0.000000 1.000000 0.000000 1.000000 0.000000 -1.000000 0.000000 0.000000 0.000012 8.875000 -7.999992 7.750000 0.875000 19.750000 61904.dat
9 0 0.000000 0.000000 1.000000 0.000000 1.000000 0.000000 -1.000000 0.000000 0.000000 0.000009 8.875000 -17.874992 1.875000 0.875000 19.750000 61904.dat
9 0 0.000000 0.000000 1.000000 0.000000 1.000000 0.000000 -1.000000 0.000000 0.000000 13.875012 0.375000 -17.874994 1.875000 9.375000 5.875000 61904.dat
9 0 0.000000 0.000000 1.000000 0.000000 1.000000 0.000000 -1.000000 0.000000 0.000000 -13.874990 0.375000 -17.874987 1.875000 9.375000 5.875000 61904.dat
9 0 0.000000 0.000000 1.000000 0.000000 1.000000 0.000000 -1.000000 0.000000 0.000000 0.000009 -8.500000 -17.874992 1.875000 0.500000 19.750000 61904.dat
9 0 0.000000 0.000000 1.000000 0.000000 1.000000 0.000000 -1.000000 0.000000 0.000000 0.000009 -11.303024 -17.142740 1.142625 3.303025 11.093600 61904.dat
9 0 0.000000 0.000000 1.000000 0.500034 0.866006 -0.000000 -0.866006 0.500034 0.000000 -8.837983 -12.846126 1.250011 18.500000 0.581200 9.250800 61904.dat
9 0 0.000000 0.000000 1.000000 -0.500034 0.866006 0.000000 -0.866006 -0.500034 0.000000 8.837992 -12.846126 1.250005 18.500000 0.581200 9.250800 61904.dat
9 0 0.000000 0.000000 1.000000 0.965046 -0.262079 -0.000000 0.262079 0.965046 -0.000000 -15.464985 3.157275 1.250011 18.500000 0.581200 9.924225 61904.dat
9 0 0.000000 0.000000 1.000000 -0.965046 -0.262079 0.000000 0.262079 -0.965046 -0.000000 15.470317 3.137575 1.250005 18.500000 0.581200 9.903825 61904.dat
9 0 -0.000000 0.984808 0.173647 0.000000 -0.173647 0.984808 1.000000 0.000000 -0.000000 15.000012 11.986125 -11.412993 0.137500 2.447925 4.750000 61904.dat
9 0 0.000000 0.642787 0.766045 0.000000 -0.766045 0.642787 1.000000 0.000000 -0.000000 15.000011 14.769324 -16.233746 0.137500 2.447925 4.750000 61904.dat
9 0 0.000000 0.000000 1.000000 0.000000 -1.000000 -0.000000 1.000000 0.000000 -0.000000 15.000011 20.000000 -18.137493 0.137500 2.447925 4.750000 61904.dat
9 0 0.000000 -0.642787 0.766045 -0.000000 -0.766045 -0.642787 1.000000 0.000000 -0.000000 15.000011 25.230751 -16.233746 0.137500 2.447925 4.750000 61904.dat
9 0 0.000000 -0.984808 0.173647 -0.000000 -0.173647 -0.984808 1.000000 0.000000 -0.000000 15.000012 28.013750 -11.412993 0.137500 2.447925 4.750000 61904.dat
9 0 -0.000000 0.984808 0.173647 0.000000 -0.173647 0.984808 1.000000 0.000000 -0.000000 -14.999986 11.986125 -11.412984 0.137500 2.447925 4.750000 61904.dat
9 0 0.000000 0.642787 0.766045 0.000000 -0.766045 0.642787 1.000000 0.000000 -0.000000 -14.999986 14.769324 -16.233736 0.137500 2.447925 4.750000 61904.dat
9 0 0.000000 0.000000 1.000000 0.000000 -1.000000 -0.000000 1.000000 0.000000 -0.000000 -14.999989 20.000000 -18.137486 0.137500 2.447925 4.750000 61904.dat
9 0 0.000000 -0.642787 0.766045 -0.000000 -0.766045 -0.642787 1.000000 0.000000 -0.000000 -14.999986 25.230751 -16.233736 0.137500 2.447925 4.750000 61904.dat
9 0 0.000000 -0.984808 0.173647 -0.000000 -0.173647 -0.984808 1.000000 0.000000 -0.000000 -14.999986 28.013750 -11.412984 0.137500 2.447925 4.750000 61904.dat
9 0 0.000000 0.642787 0.766045 0.000000 -0.766045 0.642787 1.000000 0.000000 -0.000000 -26.000000 -5.230675 -56.233658 0.137500 2.447925 3.750000 61904.dat
9 0 0.000000 0.000000 1.000000 0.000000 -1.000000 -0.000000 1.000000 0.000000 -0.000000 -26.000000 0.000000 -58.137482 0.137500 2.447925 3.750000 61904.dat
9 0 0.000000 -0.642787 0.766045 -0.000000 -0.766045 -0.642787 1.000000 0.000000 -0.000000 -26.000000 5.230675 -56.233658 0.137500 2.447925 3.750000 61904.dat
9 0 0.000000 0.642787 0.766045 0.000000 -0.766045 0.642787 1.000000 0.000000 -0.000000 26.000000 -5.230675 -56.233673 0.137500 2.447925 3.750000 61904.dat
9 0 0.000000 0.000000 1.000000 0.000000 -1.000000 -0.000000 1.000000 0.000000 -0.000000 26.000000 0.000000 -58.137501 0.137500 2.447925 3.750000 61904.dat
9 0 0.000000 -0.642787 0.766045 -0.000000 -0.766045 -0.642787 1.000000 0.000000 -0.000000 26.000000 5.230675 -56.233673 0.137500 2.447925 3.750000 61904.dat
9 0 -0.000000 0.642788 -0.766044 -0.000000 -0.766044 -0.642788 -1.000000 0.000000 0.000000 -14.999977 14.769324 16.233761 0.137500 2.447925 4.750000 61904.dat
9 0 -0.000000 0.000000 -1.000000 -0.000000 -1.000000 -0.000000 -1.000000 0.000000 0.000000 -14.999977 20.000000 18.137514 0.137500 2.447925 4.750000 61904.dat
9 0 -0.000000 -0.642788 -0.766044 0.000000 -0.766044 0.642788 -1.000000 0.000000 0.000000 -14.999977 25.230751 16.233761 0.137500 2.447925 4.750000 61904.dat
9 0 -0.000000 0.642788 -0.766044 -0.000000 -0.766044 -0.642788 -1.000000 0.000000 0.000000 15.000021 14.769324 16.233753 0.137500 2.447925 4.750000 61904.dat
9 0 -0.000000 0.000000 -1.000000 -0.000000 -1.000000 -0.000000 -1.000000 0.000000 0.000000 15.000021 20.000000 18.137508 0.137500 2.447925 4.750000 61904.dat
9 0 -0.000000 -0.642788 -0.766044 0.000000 -0.766044 0.642788 -1.000000 0.000000 0.000000 15.000021 25.230751 16.233753 0.137500 2.447925 4.750000 61904.dat
9 0 0.866025 0.500000 -0.000000 -0.500000 0.866025 0.000000 0.000000 0.000000 1.000000 -7.047236 -4.068750 -9.999988 0.137500 2.447925 9.750000 61904.dat
9 0 0.342020 0.939692 0.000000 -0.939693 0.342020 0.000000 0.000000 -0.000000 1.000000 -2.783236 -7.646750 -9.999990 0.137500 2.447925 9.750000 61904.dat
9 0 -0.342019 0.939693 -0.000000 -0.939693 -0.342020 0.000001 0.000001 0.000001 1.000000 2.783263 -7.646750 -9.999990 0.137500 2.447925 9.750000 61904.dat
9 0 -0.866025 0.500000 0.000000 -0.500000 -0.866025 0.000000 0.000000 0.000000 1.000000 7.047288 -4.068750 -9.999993 0.137500 2.447925 9.750000 61904.dat
9 0 -0.984808 -0.173647 0.000000 0.173647 -0.984808 0.000001 0.000000 0.000001 1.000000 8.013887 1.413050 -9.999993 0.137500 2.447925 9.750000 61904.dat
9 0 0.984808 -0.173649 -0.000000 0.173649 0.984808 -0.000000 0.000000 0.000000 1.000000 -8.013737 1.413050 -9.999988 0.137500 2.447925 9.750000 61904.dat
9 0 0.642787 -0.766045 0.000000 0.766045 0.642787 -0.000000 0.000000 0.000000 1.000000 -5.230737 6.233675 -9.999988 0.137500 2.447925 9.750000 61904.dat
9 0 -0.642787 -0.766045 0.000000 0.766045 -0.642787 -0.000001 0.000001 -0.000000 1.000000 5.230688 6.233675 -9.999990 0.137500 2.447925 9.750000 61904.dat
9 0 0.906308 0.000000 0.422618 0.000000 1.000000 0.000000 -0.422618 0.000000 0.906308 22.468014 0.000000 -10.721996 3.289225 9.000000 9.982349 61904.dat
9 0 -0.906308 0.000000 0.422619 0.000000 1.000000 0.000000 -0.422619 0.000000 -0.906308 -22.467989 0.000000 -10.721981 3.289225 9.000000 9.982349 61904.dat
9 0 0.000000 0.000000 1.000000 0.000000 1.000000 0.000000 -1.000000 0.000000 0.000000 25.000006 7.000000 -35.375000 19.000000 0.500000 2.750000 61904.dat
9 0 0.000000 0.000000 1.000000 0.000000 1.000000 0.000000 -1.000000 0.000000 0.000000 25.000006 -7.000000 -35.375000 19.000000 0.500000 2.750000 61904.dat
9 0 0.000000 0.000000 1.000000 0.000000 1.000000 0.000000 -1.000000 0.000000 0.000000 -24.999994 7.000000 -35.374981 19.000000 0.500000 2.750000 61904.dat
9 0 0.000000 0.000000 1.000000 0.000000 1.000000 0.000000 -1.000000 0.000000 0.000000 -24.999994 -7.000000 -35.374981 19.000000 0.500000 2.750000 61904.dat
9 0 0.000000 0.000000 1.000000 0.000000 1.000000 0.000000 -1.000000 0.000000 0.000000 -14.999980 27.000002 3.524262 11.024175 0.500000 2.750000 61904.dat
9 0 0.000000 0.000000 1.000000 0.000000 1.000000 0.000000 -1.000000 0.000000 0.000000 -14.999980 13.000000 3.524262 11.024175 0.500000 2.750000 61904.dat
9 0 0.000000 0.000000 1.000000 0.000000 1.000000 0.000000 -1.000000 0.000000 0.000000 15.000017 27.000002 3.524256 11.024175 0.500000 2.750000 61904.dat
9 0 0.000000 0.000000 1.000000 0.000000 1.000000 0.000000 -1.000000 0.000000 0.000000 15.000017 13.000000 3.524256 11.024175 0.500000 2.750000 61904.dat
10 0 -9.250000 -29.249998 -60.000004 70.000000 20.000000 0.000000 61904.dat
0 2 0.000000 1.000000 -0.000000 1.000000 -0.000000 -0.000000 -0.000000 0.000000 -1.000000 30.000002 0.000000 -50.000000 0 0 0.400000 0 0 61904.dat
0 2 0.000000 1.000000 -0.000000 1.000000 -0.000000 -0.000000 -0.000000 0.000000 -1.000000 30.000008 0.000000 -30.000002 0 0 0.400000 0 0 61904.dat
0 2 0.000000 -1.000000 -0.000000 -1.000000 -0.000000 0.000000 -0.000000 0.000000 -1.000000 -29.999996 0.000000 -29.999981 0 0 0.400000 0 0 61904.dat
0 2 0.000000 -1.000000 -0.000000 -1.000000 -0.000000 0.000000 -0.000000 0.000000 -1.000000 -30.000002 0.000000 -49.999981 0 0 0.400000 0 0 61904.dat
0 2 0.000000 1.000000 -0.000000 1.000000 -0.000000 -0.000000 -0.000000 0.000000 -1.000000 20.000019 20.000000 10.000009 0 0 0.400000 0 0 61904.dat
0 4 0.000000 1.000000 -0.000000 1.000000 -0.000000 -0.000000 -0.000000 0.000000 -1.000000 20.000013 20.000000 -9.999996 0 0 0.400000 0 0 61904.dat
0 2 0.000000 -1.000000 -0.000000 -1.000000 -0.000000 0.000000 -0.000000 0.000000 -1.000000 -19.999981 20.000000 10.000020 0 0 0.400000 0 0 61904.dat
0 4 -0.000000 1.000000 -0.000000 -1.000000 -0.000000 0.000000 0.000000 0.000000 1.000000 -19.999987 20.000000 -9.999985 0 0 0.400000 0 0 61904.dat
0 2 -0.000000 -1.000000 -0.000000 0.000000 -0.000000 1.000000 -1.000000 0.000000 0.000000 0.000015 0.000000 0.000012 0 0 0.800000 0 0 61904.dat
2 22 -1.000000 0.000000 0.000000 0.000000 -0.000000 1.000000 0.000000 1.000000 0.000000 10.000017 10.000000 0.000006 2 2 22:1:1,22:2:1,22:1:1,22:2:1,16:4:64,22:2:1,22:1:1,22:2:1,22:1:1, 61904.dat
2 22 1.000000 -0.000000 -0.000000 -0.000000 -0.000000 -1.000000 0.000000 1.000000 -0.000000 -9.999990 10.000000 -19.999987 2 2 22:1:1,22:2:1,22:1:1,22:2:1,16:4:64,22:2:1,22:1:1,22:2:1,22:1:1, 61904.dat
