9 0 0.933730 -0.357978 0.000000 0.357978 0.933730 0.000000 0.000000 0.000000 1.000000 -16.189800 5.204850 10.000001 1.585925 6.028125 9.750000 61905.dat
9 0 0.933730 0.357978 0.000000 0.357978 -0.933730 -0.000000 -0.000000 0.000000 -1.000000 -16.189800 -5.204850 10.000001 1.585925 6.028125 9.750000 61905.dat
9 0 -0.933730 -0.357978 -0.000000 -0.357978 0.933730 -0.000000 0.000000 0.000000 -1.000000 16.189800 5.204850 10.000001 1.585925 6.028125 9.750000 61905.dat
9 0 -0.933730 0.357979 0.000000 -0.357979 -0.933730 0.000000 0.000000 0.000000 1.000000 16.189800 -5.204850 10.000001 1.585925 6.028125 9.750000 61905.dat
9 0 0.000000 -0.000000 1.000000 0.000000 -1.000000 -0.000000 1.000000 0.000000 0.000000 -10.000000 0.000000 -10.000000 9.750000 7.500000 2.000000 61905.dat
9 0 0.000000 -0.000000 1.000000 0.000000 -1.000000 -0.000000 1.000000 0.000000 0.000000 10.000000 0.000000 -10.000000 9.750000 7.500000 2.000000 61905.dat
9 0 0.000000 -0.000000 1.000000 0.000000 -1.000000 -0.000000 1.000000 0.000000 0.000000 0.000000 -8.475825 -10.000000 9.750000 0.475850 19.750000 61905.dat
9 0 0.000000 -0.000000 1.000000 0.000000 -1.000000 -0.000000 1.000000 0.000000 0.000000 0.000000 8.524150 -10.000000 9.750000 0.475850 19.750000 61905.dat
9 0 0.000000 -0.000000 1.000000 0.258818 0.965926 -0.000000 -0.965926 0.258818 0.000000 22.166149 8.085950 -11.000000 8.750000 0.313750 2.143600 61905.dat
9 0 0.000000 0.000000 1.000000 -0.258818 0.965926 0.000000 -0.965926 -0.258818 0.000000 -22.169050 8.096800 -11.000000 8.750000 0.302500 2.143600 61905.dat
9 0 -1.000000 -0.000000 -0.000000 0.000000 0.965926 -0.258819 0.000000 -0.258819 -0.965926 16.000000 -12.117425 -12.298925 3.750000 0.475850 1.963650 61905.dat
9 0 -1.000000 -0.000000 -0.000000 0.000000 0.707108 -0.707106 0.000000 -0.707106 -0.707108 16.000000 -14.322950 -15.932200 3.750000 0.475850 1.963650 61905.dat
9 0 -1.000000 -0.000000 -0.000000 0.000000 0.258819 -0.965926 0.000000 -0.965926 -0.258819 16.000000 -18.049625 -17.975975 3.750000 0.475850 1.963650 61905.dat
9 0 -1.000000 0.000000 0.000000 -0.000000 -0.258819 -0.965926 -0.000000 -0.965926 0.258819 16.000000 -22.298925 -17.882576 3.750000 0.475850 1.963650 61905.dat
9 0 -1.000000 0.000000 0.000000 -0.000000 -0.707108 -0.707106 -0.000000 -0.707106 0.707108 16.000000 -25.932249 -15.677050 3.750000 0.475850 1.963650 61905.dat
9 0 -1.000000 0.000000 0.000000 -0.000000 -0.965926 -0.258819 -0.000000 -0.258819 0.965926 16.000000 -27.976000 -11.950376 3.750000 0.475850 1.963650 61905.dat
9 0 -1.000000 0.000000 0.000000 -0.000000 -1.000000 0.000000 0.000000 0.000000 1.000000 15.000001 -24.187500 -14.187500 4.750000 1.687500 1.687500 61905.dat
9 0 -1.000000 0.000000 0.000000 -0.000000 -1.000000 0.000000 0.000000 0.000000 1.000000 15.000001 -15.812500 -14.187500 4.750000 1.687500 1.687500 61905.dat
9 0 -1.000000 0.000000 0.000000 -0.000000 -1.000000 0.000000 0.000000 0.000000 1.000000 15.000001 -15.000001 -2.750000 4.750000 2.500000 4.750000 61905.dat
9 0 -1.000000 0.000000 0.000000 -0.000000 -1.000000 0.000000 0.000000 0.000000 1.000000 15.000001 -25.000000 -2.750000 4.750000 2.500000 4.750000 61905.dat
9 0 -1.000000 0.000000 0.000000 -0.000000 -1.000000 0.000000 0.000000 0.000000 1.000000 15.000001 -11.715176 0.000000 4.750000 0.284825 9.750000 61905.dat
9 0 -1.000000 0.000000 0.000000 -0.000000 -1.000000 0.000000 0.000000 0.000000 1.000000 15.000001 -28.500000 0.000000 4.750000 0.500000 9.750000 61905.dat
9 0 1.000000 0.000000 0.000000 0.000000 0.965926 -0.258819 0.000000 0.258819 0.965926 -16.000000 -12.117425 -12.298925 3.750000 0.475850 1.963650 61905.dat
9 0 1.000000 0.000000 0.000000 0.000000 0.707107 -0.707107 0.000000 0.707107 0.707107 -16.000000 -14.322950 -15.932200 3.750000 0.475850 1.963650 61905.dat
9 0 1.000000 0.000000 0.000000 0.000000 0.258819 -0.965926 0.000000 0.965926 0.258819 -16.000000 -18.049625 -17.975975 3.750000 0.475850 1.963650 61905.dat
9 0 1.000000 0.000000 0.000000 0.000000 -0.258819 -0.965926 0.000000 0.965926 -0.258819 -16.000000 -22.298925 -17.882576 3.750000 0.475850 1.963650 61905.dat
9 0 1.000000 0.000000 0.000000 0.000000 -0.707107 -0.707107 0.000000 0.707107 -0.707107 -16.000000 -25.932249 -15.677050 3.750000 0.475850 1.963650 61905.dat
9 0 1.000000 0.000000 0.000000 0.000000 -0.965926 -0.258819 0.000000 0.258819 -0.965926 -16.000000 -27.976000 -11.950376 3.750000 0.475850 1.963650 61905.dat
9 0 1.000000 0.000000 0.000000 0.000000 -1.000000 -0.000000 0.000000 0.000000 -1.000000 -15.000001 -24.187500 -14.187500 4.750000 1.687500 1.687500 61905.dat
9 0 1.000000 0.000000 0.000000 0.000000 -1.000000 -0.000000 0.000000 0.000000 -1.000000 -15.000001 -15.812500 -14.187500 4.750000 1.687500 1.687500 61905.dat
9 0 1.000000 0.000000 0.000000 0.000000 -1.000000 -0.000000 0.000000 0.000000 -1.000000 -15.000001 -15.000001 -2.750000 4.750000 2.500000 4.750000 61905.dat
9 0 1.000000 0.000000 0.000000 0.000000 -1.000000 -0.000000 0.000000 0.000000 -1.000000 -15.000001 -25.000000 -2.750000 4.750000 2.500000 4.750000 61905.dat
9 0 1.000000 0.000000 0.000000 0.000000 -1.000000 -0.000000 0.000000 0.000000 -1.000000 -15.000001 -11.715176 0.000000 4.750000 0.284825 9.750000 61905.dat
9 0 1.000000 0.000000 0.000000 0.000000 -1.000000 -0.000000 0.000000 0.000000 -1.000000 -15.000001 -28.500000 0.000000 4.750000 0.500000 9.750000 61905.dat
9 0 -1.000000 0.000000 0.000000 -0.000000 -0.965926 -0.258819 -0.000000 -0.258819 0.965926 16.000000 12.117425 -12.298925 3.750000 0.475850 1.963650 61905.dat
9 0 -1.000000 0.000000 0.000000 -0.000000 -0.707108 -0.707106 -0.000000 -0.707106 0.707108 16.000000 14.322950 -15.932200 3.750000 0.475850 1.963650 61905.dat
9 0 -1.000000 0.000000 0.000000 -0.000000 -0.258819 -0.965926 -0.000000 -0.965926 0.258819 16.000000 18.049625 -17.975975 3.750000 0.475850 1.963650 61905.dat
9 0 -1.000000 -0.000000 -0.000000 0.000000 0.258819 -0.965926 0.000000 -0.965926 -0.258819 16.000000 22.298925 -17.882576 3.750000 0.475850 1.963650 61905.dat
9 0 -1.000000 -0.000000 -0.000000 0.000000 0.707108 -0.707106 0.000000 -0.707106 -0.707108 16.000000 25.932249 -15.677050 3.750000 0.475850 1.963650 61905.dat
9 0 -1.000000 -0.000000 -0.000000 0.000000 0.965926 -0.258819 0.000000 -0.258819 -0.965926 16.000000 27.976000 -11.950376 3.750000 0.475850 1.963650 61905.dat
9 0 -1.000000 0.000000 -0.000000 0.000000 1.000000 0.000000 0.000000 0.000000 -1.000000 15.000001 24.187500 -14.187500 4.750000 1.687500 1.687500 61905.dat
9 0 -1.000000 0.000000 -0.000000 0.000000 1.000000 0.000000 0.000000 0.000000 -1.000000 15.000001 15.812500 -14.187500 4.750000 1.687500 1.687500 61905.dat
9 0 -1.000000 0.000000 -0.000000 0.000000 1.000000 0.000000 0.000000 0.000000 -1.000000 15.000001 15.000001 -2.750000 4.750000 2.500000 4.750000 61905.dat
9 0 -1.000000 0.000000 -0.000000 0.000000 1.000000 0.000000 0.000000 0.000000 -1.000000 15.000001 25.000000 -2.750000 4.750000 2.500000 4.750000 61905.dat
9 0 -1.000000 0.000000 -0.000000 0.000000 1.000000 0.000000 0.000000 0.000000 -1.000000 15.000001 11.715176 0.000000 4.750000 0.284825 9.750000 61905.dat
9 0 -1.000000 0.000000 -0.000000 0.000000 1.000000 0.000000 0.000000 0.000000 -1.000000 15.000001 28.500000 0.000000 4.750000 0.500000 9.750000 61905.dat
9 0 1.000000 0.000000 0.000000 0.000000 -0.965926 -0.258819 0.000000 0.258819 -0.965926 -16.000000 12.117425 -12.298925 3.750000 0.475850 1.963650 61905.dat
9 0 1.000000 0.000000 0.000000 0.000000 -0.707107 -0.707107 0.000000 0.707107 -0.707107 -16.000000 14.322950 -15.932200 3.750000 0.475850 1.963650 61905.dat
9 0 1.000000 0.000000 0.000000 0.000000 -0.258819 -0.965926 0.000000 0.965926 -0.258819 -16.000000 18.049625 -17.975975 3.750000 0.475850 1.963650 61905.dat
9 0 1.000000 0.000000 0.000000 0.000000 0.258819 -0.965926 0.000000 0.965926 0.258819 -16.000000 22.298925 -17.882576 3.750000 0.475850 1.963650 61905.dat
9 0 1.000000 0.000000 0.000000 0.000000 0.707107 -0.707107 0.000000 0.707107 0.707107 -16.000000 25.932249 -15.677050 3.750000 0.475850 1.963650 61905.dat
9 0 1.000000 0.000000 0.000000 0.000000 0.965926 -0.258819 0.000000 0.258819 0.965926 -16.000000 27.976000 -11.950376 3.750000 0.475850 1.963650 61905.dat
9 0 1.000000 0.000000 0.000000 0.000000 1.000000 0.000000 0.000000 0.000000 1.000000 -15.000001 24.187500 -14.187500 4.750000 1.687500 1.687500 61905.dat
9 0 1.000000 0.000000 0.000000 0.000000 1.000000 0.000000 0.000000 0.000000 1.000000 -15.000001 15.812500 -14.187500 4.750000 1.687500 1.687500 61905.dat
9 0 1.000000 0.000000 0.000000 0.000000 1.000000 0.000000 0.000000 0.000000 1.000000 -15.000001 15.000001 -2.750000 4.750000 2.500000 4.750000 61905.dat
9 0 1.000000 0.000000 0.000000 0.000000 1.000000 0.000000 0.000000 0.000000 1.000000 -15.000001 25.000000 -2.750000 4.750000 2.500000 4.750000 61905.dat
9 0 1.000000 0.000000 0.000000 0.000000 1.000000 0.000000 0.000000 0.000000 1.000000 -15.000001 11.715176 0.000000 4.750000 0.284825 9.750000 61905.dat
9 0 1.000000 0.000000 0.000000 0.000000 1.000000 0.000000 0.000000 0.000000 1.000000 -15.000001 28.500000 0.000000 4.750000 0.500000 9.750000 61905.dat
9 0 0.000000 0.000000 1.000000 -0.707107 0.707106 0.000000 -0.707106 -0.707107 0.000000 -25.926750 5.927525 -11.000000 8.750000 0.302500 2.143600 61905.dat
9 0 0.000000 0.000000 1.000000 -0.965926 0.258818 0.000000 -0.258818 -0.965926 0.000000 -28.096500 2.169950 -11.000000 8.750000 0.302500 2.143600 61905.dat
9 0 0.000000 0.000000 1.000000 -0.965926 -0.258819 0.000000 0.258819 -0.965926 0.000000 -28.096750 -2.169050 -11.000000 8.750000 0.302500 2.143600 61905.dat
9 0 -0.000000 -0.000001 1.000000 -0.707107 -0.707106 -0.000001 0.707106 -0.707107 -0.000000 -25.927500 -5.926850 -11.000000 8.750000 0.302500 2.143600 61905.dat
9 0 -0.000000 -0.000000 1.000000 -0.258820 -0.965926 -0.000000 0.965926 -0.258820 -0.000000 -22.169950 -8.096550 -11.000000 8.750000 0.302500 2.143600 61905.dat
9 0 0.000000 -0.000000 1.000000 0.707107 0.707106 -0.000000 -0.707106 0.707107 0.000000 25.918999 5.919575 -11.000000 8.750000 0.313750 2.143600 61905.dat
9 0 0.000000 -0.000000 1.000000 0.965926 0.258818 -0.000000 -0.258818 0.965926 0.000000 28.085751 2.167050 -11.000000 8.750000 0.313750 2.143600 61905.dat
9 0 0.000000 -0.000000 1.000000 0.965926 -0.258819 -0.000000 0.258819 0.965926 0.000000 28.086000 -2.166125 -11.000000 8.750000 0.313750 2.143600 61905.dat
9 0 -0.000000 0.000001 1.000000 0.707107 -0.707106 0.000001 0.707106 0.707107 -0.000000 25.919500 -5.918875 -11.000000 8.750000 0.313750 2.143600 61905.dat
9 0 -1.000000 0.000000 -0.000000 -0.000000 0.965926 0.258819 0.000000 0.258819 -0.965926 16.000000 -11.963750 12.339999 3.750000 0.316725 1.963650 61905.dat
9 0 1.000000 0.000000 0.000000 0.000000 0.965926 0.258819 0.000000 -0.258819 0.965926 -16.000000 -11.963750 12.339999 3.750000 0.316725 1.963650 61905.dat
9 0 -1.000000 0.000000 -0.000000 -0.000000 0.707108 0.707106 0.000000 0.707106 -0.707108 16.000000 -14.210451 16.044750 3.750000 0.316725 1.963650 61905.dat
9 0 1.000000 0.000000 0.000000 0.000000 0.707107 0.707107 0.000000 -0.707107 0.707107 -16.000000 -14.210451 16.044750 3.750000 0.316725 1.963650 61905.dat
9 0 -1.000000 0.000000 -0.000000 -0.000000 0.258819 0.965926 0.000000 0.965926 -0.258819 16.000000 -18.008450 18.129749 3.750000 0.316725 1.963650 61905.dat
9 0 1.000000 0.000000 0.000000 0.000000 0.258819 0.965926 0.000000 -0.965926 0.258819 -16.000000 -18.008450 18.129749 3.750000 0.316725 1.963650 61905.dat
9 0 -1.000000 0.000000 -0.000000 -0.000000 -0.258819 0.965926 0.000000 0.965926 0.258819 16.000000 -22.340099 18.036251 3.750000 0.316725 1.963650 61905.dat
9 0 1.000000 0.000000 0.000000 0.000000 -0.258819 0.965926 0.000000 -0.965926 -0.258819 -16.000000 -22.340099 18.036251 3.750000 0.316725 1.963650 61905.dat
9 0 -1.000000 0.000000 -0.000000 -0.000000 -0.707108 0.707106 0.000000 0.707106 0.707108 16.000000 -26.044750 15.789498 3.750000 0.316725 1.963650 61905.dat
9 0 1.000000 0.000000 0.000000 0.000000 -0.707107 0.707107 0.000000 -0.707107 -0.707107 -16.000000 -26.044750 15.789498 3.750000 0.316725 1.963650 61905.dat
9 0 -1.000000 0.000000 -0.000000 -0.000000 -0.965926 0.258819 0.000000 0.258819 0.965926 16.000000 -28.129751 11.991499 3.750000 0.316725 1.963650 61905.dat
9 0 1.000000 0.000000 0.000000 0.000000 -0.965926 0.258819 0.000000 -0.258819 -0.965926 -16.000000 -28.129751 11.991499 3.750000 0.316725 1.963650 61905.dat
9 0 -1.000000 0.000000 -0.000000 -0.000000 0.965926 0.258819 0.000000 0.258819 -0.965926 16.000000 28.134998 11.992998 3.750000 0.311300 1.963650 61905.dat
9 0 1.000000 0.000000 0.000000 0.000000 0.965926 0.258819 0.000000 -0.258819 0.965926 -16.000000 28.134998 11.992998 3.750000 0.311300 1.963650 61905.dat
9 0 -1.000000 0.000000 -0.000000 -0.000000 0.707108 0.707106 0.000000 0.707106 -0.707108 16.000000 26.048500 15.793501 3.750000 0.311300 1.963650 61905.dat
9 0 1.000000 0.000000 0.000000 0.000000 0.707107 0.707107 0.000000 -0.707107 0.707107 -16.000000 26.048500 15.793501 3.750000 0.311300 1.963650 61905.dat
9 0 -1.000000 0.000000 -0.000000 -0.000000 0.258819 0.965926 0.000000 0.965926 -0.258819 16.000000 22.341499 18.041498 3.750000 0.311300 1.963650 61905.dat
9 0 1.000000 0.000000 0.000000 0.000000 0.258819 0.965926 0.000000 -0.965926 0.258819 -16.000000 22.341499 18.041498 3.750000 0.311300 1.963650 61905.dat
9 0 -1.000000 0.000000 -0.000000 -0.000000 -0.258819 0.965926 0.000000 0.965926 0.258819 16.000000 18.007050 18.135000 3.750000 0.311300 1.963650 61905.dat
9 0 1.000000 0.000000 0.000000 0.000000 -0.258819 0.965926 0.000000 -0.965926 -0.258819 -16.000000 18.007050 18.135000 3.750000 0.311300 1.963650 61905.dat
9 0 -1.000000 0.000000 -0.000000 -0.000000 -0.707108 0.707106 0.000000 0.707106 0.707108 16.000000 14.206600 16.048498 3.750000 0.311300 1.963650 61905.dat
9 0 1.000000 0.000000 0.000000 0.000000 -0.707107 0.707107 0.000000 -0.707107 -0.707107 -16.000000 14.206600 16.048498 3.750000 0.311300 1.963650 61905.dat
9 0 -1.000000 0.000000 -0.000000 -0.000000 -0.965926 0.258819 0.000000 0.258819 0.965926 16.000000 11.958500 12.341501 3.750000 0.311300 1.963650 61905.dat
9 0 1.000000 0.000000 0.000000 0.000000 -0.965926 0.258819 0.000000 -0.258819 -0.965926 -16.000000 11.958500 12.341501 3.750000 0.311300 1.963650 61905.dat
10 0 -30.000002 -29.249998 -40.000000 30.000002 29.249998 0.000000 61905.dat
0 2 -0.000000 1.000000 -0.000000 0.000000 -0.000000 -1.000000 -1.000000 0.000000 -0.000000 -20.000000 0.000000 -20.000000 0 1 0.800000 0 0 61905.dat
0 2 -0.000000 1.000000 -0.000000 0.000000 -0.000000 -1.000000 -1.000000 0.000000 -0.000000 0.000000 0.000000 -20.000000 0 0 0.800000 0 0 61905.dat
0 2 -0.000000 1.000000 -0.000000 0.000000 -0.000000 -1.000000 -1.000000 0.000000 -0.000000 20.000000 0.000000 -20.000000 0 1 0.800000 0 0 61905.dat
0 2 0.000000 1.000000 -0.000000 1.000000 0.000000 0.000000 0.000000 -0.000000 -1.000000 20.000000 -20.000000 10.000001 0 0 0.400000 0 0 61905.dat
0 2 0.000000 1.000000 -0.000000 1.000000 0.000000 0.000000 0.000000 -0.000000 -1.000000 20.000000 20.000000 10.000001 0 0 0.400000 0 0 61905.dat
0 4 0.000000 1.000000 -0.000000 1.000000 0.000000 0.000000 0.000000 -0.000000 -1.000000 20.000000 -20.000000 -10.000000 0 0 0.400000 0 0 61905.dat
0 4 0.000000 1.000000 -0.000000 1.000000 0.000000 0.000000 0.000000 -0.000000 -1.000000 20.000000 20.000000 -10.000000 0 0 0.400000 0 0 61905.dat
0 4 0.000000 1.000000 -0.000000 1.000000 0.000000 0.000000 0.000000 -0.000000 -1.000000 -10.000000 20.000000 -10.000000 0 0 0.400000 0 0 61905.dat
0 2 0.000000 1.000000 -0.000000 1.000000 0.000000 0.000000 0.000000 -0.000000 -1.000000 -10.000000 20.000000 10.000001 0 0 0.400000 0 0 61905.dat
0 2 0.000000 1.000000 -0.000000 1.000000 0.000000 0.000000 0.000000 -0.000000 -1.000000 -10.000000 -20.000000 10.000001 0 0 0.400000 0 0 61905.dat
0 4 0.000000 1.000000 -0.000000 1.000000 0.000000 0.000000 0.000000 -0.000000 -1.000000 -10.000000 -20.000000 -10.000000 0 0 0.400000 0 0 61905.dat
2 22 1.000000 0.000000 0.000000 0.000000 -0.000000 -1.000000 0.000000 1.000000 -0.000000 -30.000002 10.000000 -20.000000 2 6 22:1:1,22:2:1,22:2:1,22:2:1,22:2:1,22:2:1,22:1:1,22:2:1,16:4:64,22:2:1,16:4:64,22:2:1,16:4:64,22:2:1,22:1:1,22:2:1,22:2:1,22:2:1,22:2:1,22:2:1,22:1:1, 61905.dat
2 22 -1.000000 0.000000 -0.000000 -0.000000 0.000000 1.000000 0.000000 1.000000 0.000000 10.000000 10.000000 0.000000 2 2 22:1:1,22:2:1,22:1:1,22:2:1,16:4:64,22:2:1,22:1:1,22:2:1,22:1:1, 61905.dat
