9 0 1.000000 0.000000 0.000000 0.000000 1.000000 0.000000 0.000000 0.000000 1.000000 -34.999977 3.999996 -30.000002 4.750025 3.750000 39.750000 6195.dat
9 0 1.000000 0.000000 0.000000 0.000000 1.000000 0.000000 0.000000 0.000000 1.000000 0.000000 3.999996 -1.820004 39.750000 3.750000 11.569850 6195.dat
9 0 1.000000 0.000000 0.000000 0.000000 1.000000 0.000000 0.000000 0.000000 1.000000 34.999996 3.999996 -30.000002 4.750025 3.750000 39.750000 6195.dat
9 0 1.000000 0.000000 0.000000 0.000000 1.000000 0.000000 0.000000 0.000000 1.000000 0.000000 3.999996 -64.930199 39.750000 3.750000 4.819825 6195.dat
9 0 1.000000 0.000000 0.000000 0.000000 1.000000 0.000000 0.000000 0.000000 1.000000 0.000000 13.050997 -13.489503 12.250000 12.800950 1.078600 6195.dat
9 0 1.000000 0.000000 0.000000 0.000000 1.000000 0.000000 0.000000 0.000000 1.000000 0.000000 24.979746 -36.538578 25.934750 1.770300 17.829124 6195.dat
9 0 1.000000 0.000000 0.000000 0.000000 1.000000 0.000000 0.000000 0.000000 1.000000 0.000000 13.050997 -60.955601 12.250000 12.800950 1.078600 6195.dat
9 0 0.809017 0.000000 0.587785 0.000000 1.000000 0.000000 -0.587785 0.000000 0.809017 -19.809301 13.050997 -20.670002 12.250000 12.800950 1.078600 6195.dat
9 0 -0.000000 0.000000 1.000000 0.000000 1.000000 0.000000 -1.000000 0.000000 -0.000000 -29.562675 13.050997 -38.618378 12.250000 12.800950 1.078600 6195.dat
9 0 -0.819152 0.000000 0.573576 0.000000 1.000000 0.000000 -0.573576 0.000000 -0.819152 -19.759901 13.050997 -52.820950 12.250000 12.800950 1.075000 6195.dat
9 0 -0.809017 0.000000 0.587785 0.000000 1.000000 0.000000 -0.587785 0.000000 -0.809017 19.809250 13.050997 -20.670002 12.250000 12.800950 1.078600 6195.dat
9 0 -0.000000 0.000000 1.000000 0.000000 1.000000 0.000000 -1.000000 0.000000 -0.000000 29.562748 13.050997 -38.618378 12.250000 12.800950 1.078600 6195.dat
9 0 -0.819152 0.000000 -0.573576 0.000000 1.000000 0.000000 0.573576 0.000000 -0.819152 19.759998 13.050997 -52.820950 12.250000 12.800950 1.075000 6195.dat
10 0 -10.000000 77.000000 -70.000000 70.000000 108.449997 10.000050 6195.dat
3 23 1.000000 0.000000 0.000000 0.000000 1.000000 0.000000 0.000000 0.000000 1.000000 -40.000000 0.000000 9.999996 2 8 18:1:1,23:4:1,18:2:1,23:4:1,18:2:1,23:4:1,18:2:1,23:4:1,18:1:1,23:4:1,0:4:1,23:4:1,0:4:1,23:4:1,0:4:1,23:4:1,0:4:1,23:4:1,29:0:1,23:4:1,29:0:1,23:4:1,29:0:1,23:4:1,29:0:1,23:4:1,29:0:1, 6195.dat
2 22 1.000000 0.000000 0.000000 0.000000 1.000000 0.000000 0.000000 0.000000 1.000000 -40.000000 7.999998 9.999996 2 8 22:1:1,22:2:1,22:2:1,22:2:1,22:2:1,22:2:1,22:2:1,22:2:1,22:1:1,22:2:1,15:4:1,9:4:1,15:4:1,9:4:1,15:4:1,9:4:1,15:4:1,22:2:1,22:1:1,22:2:1,22:2:1,22:2:1,22:2:1,22:2:1,22:2:1,22:2:1,22:1:1, 6195.dat
