9 0 -1.000000 0.000000 -0.000000 0.000000 1.000000 0.000000 0.000000 0.000000 -1.000000 0.000002 -22.375000 -7.629150 4.234975 16.875000 0.981200 6206.dat
9 0 -1.000000 0.000000 -0.000000 0.000000 1.000000 0.000000 0.000000 0.000000 -1.000000 0.000000 -49.943501 -0.181450 1.250500 4.046400 1.256700 6206.dat
9 0 -1.000000 0.000000 -0.000000 0.000000 1.000000 0.000000 0.000000 0.000000 -1.000000 0.095000 -43.250000 0.000000 4.872350 3.500000 4.918675 6206.dat
9 0 -1.000000 0.000000 -0.000000 0.000000 1.000000 0.000000 0.000000 0.000000 -1.000000 -14.587700 -31.500000 -0.000005 5.162300 1.250000 3.750000 6206.dat
9 0 -1.000000 0.000000 -0.000000 0.000000 1.000000 0.000000 0.000000 0.000000 -1.000000 -14.587700 -11.000000 -0.000005 5.162300 1.250000 3.750000 6206.dat
9 0 -1.000000 0.000000 -0.000000 0.000000 1.000000 0.000000 0.000000 0.000000 -1.000000 -20.000000 -21.250000 0.051368 2.553600 11.506824 2.325975 6206.dat
9 0 -0.500000 0.000000 -0.866026 0.000000 1.000000 0.000000 0.866026 0.000000 -0.500000 6.607051 -22.375000 -3.814573 4.234975 16.875000 0.981200 6206.dat
9 0 0.500000 0.000000 -0.866025 0.000000 1.000000 0.000000 0.866025 0.000000 0.500000 6.607048 -22.375000 3.814577 4.234975 16.875000 0.981200 6206.dat
9 0 1.000000 0.000000 0.000000 0.000000 1.000000 0.000000 -0.000000 0.000000 1.000000 -0.000002 -22.375000 7.629150 4.234975 16.875000 0.981200 6206.dat
9 0 0.500000 0.000000 0.866026 0.000000 1.000000 0.000000 -0.866026 0.000000 0.500000 -6.607051 -22.375000 3.814573 4.234975 16.875000 0.981200 6206.dat
9 0 -0.500000 0.000000 0.866025 0.000000 1.000000 0.000000 -0.866025 0.000000 -0.500000 -6.607048 -22.375000 -3.814577 4.234975 16.875000 0.981200 6206.dat
9 0 -1.000000 0.000000 -0.000000 0.000000 1.000000 0.000000 0.000000 0.000000 -1.000000 6.637500 -2.625000 -0.000573 0.137500 2.375000 3.869800 6206.dat
9 0 -0.500000 0.000000 -0.866026 0.000000 1.000000 0.000000 0.866026 0.000000 -0.500000 3.319248 -2.625000 5.747951 0.137500 2.375000 3.869800 6206.dat
9 0 0.500000 0.000000 -0.866025 0.000000 1.000000 0.000000 0.866025 0.000000 0.500000 -3.318252 -2.625000 5.748524 0.137500 2.375000 3.869800 6206.dat
9 0 1.000000 0.000000 0.000000 0.000000 1.000000 0.000000 -0.000000 0.000000 1.000000 -6.637500 -2.625000 0.000573 0.137500 2.375000 3.869800 6206.dat
9 0 0.500000 0.000000 0.866026 0.000000 1.000000 0.000000 -0.866026 0.000000 0.500000 -3.319248 -2.625000 -5.747951 0.137500 2.375000 3.869800 6206.dat
9 0 -0.500000 0.000000 0.866025 0.000000 1.000000 0.000000 -0.866025 0.000000 -0.500000 3.318252 -2.625000 -5.748524 0.137500 2.375000 3.869800 6206.dat
10 0 -9.921950 0.000000 -10.075000 24.000000 55.000000 10.075000 6206.dat
0 7 1.000000 0.000000 0.000000 0.000000 1.000000 0.000000 -0.000000 0.000000 1.000000 -20.000000 -9.500000 -0.000007 0 0 0.940000 0 0 6206.dat
2 22 -1.000000 0.000000 -0.000000 0.000000 1.000000 0.000000 0.000000 0.000000 -1.000000 10.000003 0.000000 -9.999997 2 2 29:0:0,29:0:0,29:0:0,29:0:0,5:4:34,29:0:0,29:0:0,29:0:0,29:0:0, 6206.dat
