9 0 0.000000 0.000000 1.000000 -1.000000 -0.000000 0.000000 0.000000 -1.000000 -0.000000 -0.004949 -8.358726 -14.999998 4.750000 9.745050 0.313675 62271.dat
9 0 0.000000 0.000000 1.000000 -1.000000 -0.000000 0.000000 0.000000 -1.000000 -0.000000 -0.004947 8.641275 -10.010947 9.739025 9.745050 0.313675 62271.dat
9 0 0.000000 0.000000 1.000000 -1.000000 -0.000000 0.000000 0.000000 -1.000000 -0.000000 -0.007292 0.070550 6.557752 0.204550 9.747400 5.519400 62271.dat
9 0 0.000000 -0.500000 0.866025 -1.000000 -0.000000 0.000000 -0.000000 -0.866025 -0.500000 -0.004943 6.927875 4.116027 3.508375 9.745050 0.270425 62271.dat
9 0 0.000000 1.000000 0.000000 -1.000000 0.000000 0.000000 0.000000 -0.000000 1.000000 -0.004947 0.712500 -10.000173 6.837500 9.745050 2.000000 62271.dat
9 0 0.000000 1.000000 0.000000 -1.000000 0.000000 0.000000 0.000000 -0.000000 1.000000 -0.004946 5.025000 -5.004072 2.525000 9.745050 2.496100 62271.dat
9 0 0.000000 1.000000 0.000000 -1.000000 0.000000 0.000000 0.000000 -0.000000 1.000000 -0.004946 -4.312500 -5.004072 1.812500 9.745050 2.496100 62271.dat
9 0 0.000000 1.000000 0.000000 -1.000000 0.000000 0.000000 0.000000 -0.000000 1.000000 -0.004943 -4.187500 4.179503 1.687500 9.745050 1.687500 62271.dat
9 0 0.000000 1.000000 0.000000 -1.000000 0.000000 0.000000 0.000000 -0.000000 1.000000 -0.004943 4.187500 4.179503 1.687500 9.745050 1.687500 62271.dat
9 0 0.000000 1.000000 0.000000 -1.000000 0.000000 0.000000 0.000000 -0.000000 1.000000 -0.004953 0.000000 -28.329897 2.553325 9.745050 0.237100 62271.dat
9 0 0.000000 0.500000 0.866025 -1.000000 -0.000000 0.000000 0.000000 -0.866025 0.500000 -0.004952 7.328200 -23.824348 2.840500 9.745050 0.150675 62271.dat
9 0 -0.000000 0.500000 -0.866025 -1.000000 0.000000 0.000000 0.000000 0.866025 0.500000 -0.004952 -7.225825 -23.998047 2.883725 9.745050 0.148850 62271.dat
9 0 0.000000 0.000000 1.000000 -0.258819 0.965926 0.000000 -0.965926 -0.258819 0.000000 3.801331 -34.188251 78.750000 68.500000 3.096900 4.702225 62271.dat
9 0 0.000000 0.000000 1.000000 0.258819 0.965926 -0.000000 -0.965926 0.258819 0.000000 -3.802119 -34.188251 78.750008 68.500000 3.096900 4.702225 62271.dat
9 0 0.000000 0.000000 1.000000 0.707107 0.707107 -0.000000 -0.707107 0.707107 0.000000 -10.386794 -30.386251 78.750008 68.500000 3.096900 4.702225 62271.dat
9 0 0.000000 0.000000 1.000000 0.965926 0.258819 -0.000000 -0.258819 0.965926 0.000000 -14.188343 -23.801300 78.750008 68.500000 3.096900 4.702225 62271.dat
9 0 0.000000 0.000000 1.000000 0.965926 -0.258819 -0.000000 0.258819 0.965926 -0.000000 -14.188120 -16.197849 78.750008 68.500000 3.096900 4.702225 62271.dat
9 0 0.000000 0.000000 1.000000 0.707107 -0.707107 -0.000000 0.707107 0.707107 -0.000000 -10.386168 -9.613175 78.750008 68.500000 3.096900 4.702225 62271.dat
9 0 0.000000 0.000000 1.000000 0.258820 -0.965926 -0.000000 0.965926 0.258820 -0.000000 -3.801270 -5.811625 76.933762 70.316246 3.096900 4.702225 62271.dat
9 0 0.000000 0.000000 1.000000 -0.258820 -0.965926 0.000000 0.965926 -0.258820 -0.000000 3.802181 -5.811850 76.933754 70.316246 3.096900 4.702225 62271.dat
9 0 0.000000 0.000000 1.000000 -0.707107 -0.707107 0.000000 0.707107 -0.707107 -0.000000 10.386856 -9.613800 78.750000 68.500000 3.096900 4.702225 62271.dat
9 0 0.000000 0.000000 1.000000 -0.965926 -0.258819 0.000000 0.258819 -0.965926 -0.000000 14.188406 -16.198700 78.750000 68.500000 3.096900 4.702225 62271.dat
9 0 0.000000 0.000000 1.000000 -0.965926 0.258819 0.000000 -0.258819 -0.965926 0.000000 14.188181 -23.802149 78.750000 68.500000 3.096900 4.702225 62271.dat
9 0 0.000000 0.000000 1.000000 -0.707107 0.707107 0.000000 -0.707107 -0.707107 0.000000 10.386230 -30.386749 78.750000 68.500000 3.096900 4.702225 62271.dat
9 0 0.000000 0.000000 1.000000 0.000000 1.000000 0.000000 -1.000000 0.000000 0.000000 0.000006 -29.300001 0.000003 9.750000 0.800000 9.945251 62271.dat
9 0 0.000000 0.000000 1.000000 0.707107 0.707107 -0.000000 -0.707107 0.707107 0.000000 -7.913219 -26.828501 0.000006 9.750000 2.030225 2.027775 62271.dat
9 0 0.000000 0.000000 1.000000 0.965926 0.258819 -0.000000 -0.258819 0.965926 0.000000 -10.583969 -22.835674 0.000006 9.750000 2.563575 2.794550 62271.dat
9 0 0.000000 0.000000 1.000000 0.965926 -0.258819 -0.000000 0.258819 0.965926 -0.000000 -10.583818 -17.163774 0.000006 9.750000 2.563575 2.794550 62271.dat
9 0 0.000000 0.000000 1.000000 0.707107 -0.707107 -0.000000 0.707107 0.707107 -0.000000 -7.747743 -12.251850 0.000006 9.750000 2.563575 2.794550 62271.dat
9 0 0.000000 0.000000 1.000000 -0.707107 -0.707107 0.000000 0.707107 -0.707107 -0.000000 7.748157 -12.252251 0.000000 9.750000 2.563575 2.794550 62271.dat
9 0 0.000000 0.000000 1.000000 -0.965926 -0.258819 0.000000 0.258819 -0.965926 -0.000000 10.583982 -17.164326 0.000000 9.750000 2.563575 2.794550 62271.dat
9 0 0.000000 0.000000 1.000000 -0.965926 0.258819 0.000000 -0.258819 -0.965926 0.000000 10.583832 -22.836226 0.000000 9.750000 2.563575 2.794550 62271.dat
9 0 0.000000 0.000000 1.000000 -0.707107 0.707107 0.000000 -0.707107 -0.707107 0.000000 7.803906 -26.967999 0.000000 9.750000 2.051600 2.203175 62271.dat
9 0 0.000000 0.000000 1.000000 0.000000 1.000000 0.000000 -1.000000 0.000000 0.000000 0.000006 -8.968125 0.000003 9.750000 2.343125 9.750000 62271.dat
10 0 -10.000000 -10.000000 -28.750000 170.000000 38.750000 8.750000 62271.dat
0 2 0.000000 1.000000 -0.000000 1.000000 -0.000000 -0.000000 -0.000000 0.000000 -1.000000 10.000000 0.000000 -20.000000 0 0 0.800000 0 0 62271.dat
0 4 0.000000 1.000000 -0.000000 1.000000 -0.000000 -0.000000 -0.000000 0.000000 -1.000000 10.000006 0.000000 0.000000 0 0 0.800000 0 0 62271.dat
8 24 -0.000000 -1.000000 0.000000 -0.000000 0.000000 -1.000000 1.000000 -0.000000 -0.000000 0.000016 -20.000000 30.249756 1 1 4.600000 0 62271.dat
6 134 -0.000000 1.000000 -0.000000 -0.000000 -0.000000 -1.000000 -1.000000 0.000000 0.000000 0.000006 -20.000000 0.000003 0.000000 0.000000 0.000000 0.000000 1 62271.dat
2 22 0.000000 0.000000 1.000000 1.000000 -0.000000 -0.000000 0.000000 1.000000 -0.000000 9.999997 10.000000 -30.000002 2 2 22:1:1,22:2:1,22:1:1,22:2:1,16:4:64,22:2:1,22:1:1,22:2:1,22:1:1, 62271.dat
2 22 0.000000 0.000000 1.000000 -1.000000 -0.000000 0.000000 0.000000 -1.000000 -0.000000 -10.000003 -10.000000 -29.999996 2 2 22:1:1,22:2:1,22:1:1,22:2:1,16:4:64,22:2:1,22:1:1,22:2:1,22:1:1, 62271.dat
