9 0 0.000000 0.000000 -1.000000 1.000000 -0.000000 0.000000 -0.000000 -1.000000 -0.000000 -0.005047 -8.469399 9.517502 9.739025 9.745050 0.422100 62274.dat
9 0 0.000000 0.000000 -1.000000 1.000000 -0.000000 0.000000 -0.000000 -1.000000 -0.000000 -0.005047 8.530601 9.517502 9.739025 9.745050 0.422100 62274.dat
9 0 0.000000 0.000000 -1.000000 1.000000 -0.000000 0.000000 -0.000000 -1.000000 -0.000000 -0.002692 0.063650 -7.050997 0.204550 9.747400 5.519400 62274.dat
9 0 0.000000 -0.500000 -0.866025 1.000000 -0.000000 0.000000 -0.000000 -0.866025 0.500000 -0.005043 6.920975 -4.609473 3.508375 9.745050 0.289125 62274.dat
9 0 -0.000000 -0.500000 0.866025 1.000000 0.000000 0.000000 -0.000000 0.866025 0.500000 -0.005043 -7.035575 -4.434897 3.508375 9.745050 0.289125 62274.dat
9 0 -0.000000 1.000000 -0.000000 1.000000 0.000000 0.000001 0.000001 -0.000000 -1.000000 -0.005047 0.030600 9.506727 8.975000 9.745050 2.000000 62274.dat
9 0 -0.000000 1.000000 -0.000000 1.000000 0.000000 0.000001 0.000001 -0.000000 -1.000000 -0.005046 5.711850 6.772427 3.218750 9.745050 4.757900 62274.dat
9 0 -0.000000 1.000000 -0.000000 1.000000 0.000000 0.000001 0.000001 -0.000000 -1.000000 -0.005046 -5.725650 6.772427 3.218750 9.745050 4.757900 62274.dat
9 0 -0.000000 1.000000 -0.000000 1.000000 0.000000 0.000001 0.000001 -0.000000 -1.000000 -0.005043 -4.194400 -4.672947 1.687500 9.745050 1.687500 62274.dat
9 0 -0.000000 1.000000 -0.000000 1.000000 0.000000 0.000001 0.000001 -0.000000 -1.000000 -0.005043 4.180600 -4.672947 1.687500 9.745050 1.687500 62274.dat
9 0 -0.000000 1.000000 -0.000000 1.000000 0.000000 0.000001 0.000001 -0.000000 -1.000000 -0.005053 -0.006900 28.083252 2.377775 9.745050 0.315700 62274.dat
9 0 0.000000 0.500000 -0.866025 1.000000 -0.000000 0.000000 0.000000 -0.866025 -0.500000 -0.005051 7.422275 23.389202 2.768525 9.745050 0.146075 62274.dat
9 0 -0.000000 0.500000 0.866025 1.000000 0.000000 0.000000 0.000000 0.866025 -0.500000 -0.005051 -7.330575 23.561077 2.768525 9.745050 0.152675 62274.dat
9 0 -0.000000 -0.000000 1.000000 -0.707106 0.707108 -0.000000 -0.707108 -0.707106 -0.000000 -0.000115 -0.006900 -13.354749 5.388725 4.169425 4.169425 62274.dat
10 0 -10.000000 -10.000000 -20.000000 38.493500 10.000000 0.010000 62274.dat
0 4 0.000000 1.000000 0.000000 1.000000 -0.000000 0.000000 0.000000 0.000000 -1.000000 9.990005 -0.006900 -0.493270 0 0 0.800000 0 0 62274.dat
0 2 0.000000 1.000000 0.000000 1.000000 -0.000000 0.000000 0.000000 0.000000 -1.000000 9.990000 -0.006900 19.506731 0 0 0.800000 0 0 62274.dat
6 132 -0.000000 1.000000 0.000000 -0.000000 -0.000000 1.000000 1.000000 0.000000 0.000000 0.000012 0.000000 -18.993496 0.000000 0.000000 0.000000 0.000000 1 62274.dat
2 22 0.000000 0.000000 -1.000000 -1.000000 -0.000000 -0.000000 -0.000000 1.000000 -0.000000 -10.000003 10.000000 29.499998 2 2 22:1:1,22:2:1,22:1:1,22:2:1,16:4:64,22:2:1,22:1:1,22:2:1,22:1:1, 62274.dat
2 22 0.000000 0.000000 -1.000000 1.000000 -0.000000 0.000000 -0.000000 -1.000000 -0.000000 9.999997 -10.000000 29.500004 2 2 22:1:1,22:2:1,22:1:1,22:2:1,16:4:64,22:2:1,22:1:1,22:2:1,22:1:1, 62274.dat
