9 0 0.000000 0.000000 1.000000 0.000000 1.000000 0.000000 -1.000000 0.000000 0.000000 0.000025 9.375000 30.000002 9.750000 1.125000 9.750000 62361.dat
9 0 0.000000 0.000000 1.000000 0.000000 1.000000 0.000000 -1.000000 0.000000 0.000000 0.000028 12.497575 38.209999 1.540075 4.247575 9.750000 62361.dat
9 0 0.000000 -0.927412 0.374042 0.000000 0.374042 0.927412 -1.000000 0.000000 0.000000 -8.124975 12.387224 27.828997 0.686700 13.334775 1.625000 62361.dat
9 0 0.000000 0.000000 1.000000 0.000000 1.000000 0.000000 -1.000000 0.000000 0.000000 0.000031 19.999725 50.000000 9.750000 3.749725 9.750000 62361.dat
9 0 0.026178 -0.119905 -0.992440 -0.415212 0.901788 -0.119905 0.909348 0.415212 -0.026179 14.270793 5.497324 7.068741 7.865225 1.544975 4.652225 62361.dat
9 0 0.135725 -0.368288 -0.919751 -0.382865 0.836726 -0.391541 0.913779 0.405283 -0.027440 13.625897 9.474975 21.687996 7.865225 1.544975 3.714275 62361.dat
9 0 0.250301 -0.567425 -0.784461 -0.259511 0.741282 -0.618995 0.932740 0.358511 0.038290 13.312303 17.047701 34.416496 5.860325 1.042250 1.176500 62361.dat
9 0 0.000000 0.000000 1.000000 0.000000 1.000000 0.000000 -1.000000 0.000000 0.000000 0.000016 3.999700 0.000000 19.750000 3.749725 9.750000 62361.dat
9 0 0.250301 -0.567425 0.784461 -0.259510 0.741282 0.618995 -0.932740 -0.358510 0.038291 13.312281 17.047701 -34.416405 5.860325 1.042250 1.176500 62361.dat
9 0 0.135726 -0.368288 0.919751 -0.382866 0.836725 0.391541 -0.913779 -0.405283 -0.027439 13.625884 9.474975 -21.688002 7.865225 1.544975 3.714275 62361.dat
9 0 0.026381 -0.119905 0.992435 -0.415209 0.901778 0.119989 -0.909343 -0.415234 -0.025996 14.270788 5.497324 -7.068756 7.865225 1.544975 4.652225 62361.dat
9 0 -0.000000 0.000000 -1.000000 0.000000 1.000000 0.000000 1.000000 0.000000 -0.000000 0.000000 19.999725 -50.000000 9.750000 3.749725 9.750000 62361.dat
9 0 -0.000000 -0.927412 -0.374042 -0.000000 0.374042 -0.927412 1.000000 0.000000 -0.000000 -8.124993 12.387224 -27.829044 0.686700 13.334775 1.625000 62361.dat
9 0 -0.000000 0.000000 -1.000000 0.000000 1.000000 0.000000 1.000000 0.000000 -0.000000 0.000004 12.497575 -38.209923 1.540075 4.247575 9.750000 62361.dat
9 0 -0.000000 0.000000 -1.000000 0.000000 1.000000 0.000000 1.000000 0.000000 -0.000000 0.000006 9.375000 -30.000002 9.750000 1.125000 9.750000 62361.dat
9 0 0.352768 -0.934636 0.044824 0.044388 -0.031134 -0.998529 0.934657 0.354239 0.030504 10.849178 22.508875 41.056995 0.741975 1.042250 1.176500 62361.dat
9 0 0.352768 -0.934636 0.044824 0.044388 -0.031134 -0.998529 0.934657 0.354239 0.030504 10.833153 22.463850 -41.078678 0.741975 1.042250 1.176500 62361.dat
10 0 -10.000000 -0.000850 -10.000000 110.000000 28.450001 19.930250 62361.dat
3 23 0.000000 0.000000 1.000000 0.000000 1.000000 0.000000 -1.000000 0.000000 0.000000 -10.000003 16.000000 -59.999996 2 12 18:1:1,23:4:1,29:0:1,29:0:1,29:0:1,29:0:1,29:0:1,29:0:1,29:0:1,29:0:1,29:0:1,23:4:1,18:1:1,23:4:1,0:4:1,23:4:1,29:0:1,29:0:1,29:0:1,29:0:1,29:0:1,29:0:1,29:0:1,23:4:1,0:4:1,23:4:1,18:1:1,23:4:1,29:0:1,29:0:1,29:0:1,29:0:1,29:0:1,29:0:1,29:0:1,29:0:1,29:0:1,23:4:1,18:1:1, 62361.dat
3 23 0.000000 0.000000 1.000000 0.000000 1.000000 0.000000 -1.000000 0.000000 0.000000 -9.999997 8.000000 -39.999996 2 8 18:1:1,23:4:1,29:0:1,29:0:1,29:0:1,29:0:1,29:0:1,23:4:1,18:1:1,23:4:1,0:4:1,23:4:1,29:0:1,29:0:1,29:0:1,23:4:1,0:4:1,23:4:1,18:1:1,23:4:1,29:0:1,29:0:1,29:0:1,29:0:1,29:0:1,23:4:1,18:1:1, 62361.dat
3 23 0.000000 0.000000 1.000000 0.000000 1.000000 0.000000 -1.000000 0.000000 0.000000 -9.999990 0.000000 -19.999996 2 4 18:1:1,23:4:1,18:2:1,23:4:1,18:1:1,23:4:1,0:4:1,23:4:1,0:4:1,23:4:1,18:1:1,23:4:1,18:2:1,23:4:1,18:1:1, 62361.dat
2 22 0.000000 0.000000 1.000000 0.000000 1.000000 0.000000 -1.000000 0.000000 0.000000 -10.000003 24.000000 -59.999996 2 12 22:1:1,22:2:1,22:1:1,29:0:1,29:0:1,29:0:1,29:0:1,29:0:1,29:0:1,29:0:1,22:1:1,22:2:1,22:1:1,22:2:1,15:4:1,22:2:1,29:0:1,29:0:1,29:0:1,29:0:1,29:0:1,29:0:1,29:0:1,22:2:1,15:4:1,22:2:1,22:1:1,22:2:1,22:1:1,29:0:1,29:0:1,29:0:1,29:0:1,29:0:1,29:0:1,29:0:1,22:1:1,22:2:1,22:1:1, 62361.dat
