9 0 -1.000000 0.000000 -0.000000 0.000000 1.000000 0.000000 0.000000 0.000000 -1.000000 -38.125004 12.000000 14.999998 1.625000 11.750000 24.750000 6238a.dat
9 0 -1.000000 0.000000 -0.000000 0.000000 1.000000 0.000000 0.000000 0.000000 -1.000000 -0.025001 2.000000 -10.000001 29.775000 1.750000 9.750000 6238a.dat
9 0 -1.000000 0.000000 -0.000000 -0.000000 0.703014 0.711176 0.000000 0.711176 -0.703014 -0.025001 11.569999 -28.607378 29.775000 1.750000 13.932175 6238a.dat
9 0 -1.000000 0.000000 -0.000000 0.000000 1.000000 0.000000 0.000000 0.000000 -1.000000 0.000000 22.125000 -37.500050 29.750002 1.625000 2.250025 6238a.dat
9 0 -1.000000 0.000000 -0.000000 0.000000 1.000000 0.000000 0.000000 0.000000 -1.000000 19.999998 22.125000 -30.000002 2.875000 1.625000 9.750000 6238a.dat
9 0 -1.000000 0.000000 -0.000000 0.000000 1.000000 0.000000 0.000000 0.000000 -1.000000 38.124996 12.000000 14.999998 1.625000 11.750000 24.750000 6238a.dat
9 0 -1.000000 0.000000 -0.000000 0.000000 1.000000 0.000000 0.000000 0.000000 -1.000000 0.000000 22.125000 -30.000002 2.875000 1.625000 9.750000 6238a.dat
9 0 -1.000000 0.000000 -0.000000 0.000000 1.000000 0.000000 0.000000 0.000000 -1.000000 -20.000002 22.125000 -30.000002 2.875000 1.625000 9.750000 6238a.dat
9 0 -1.000000 0.000000 -0.000000 0.000000 1.000000 0.000000 0.000000 0.000000 -1.000000 0.000000 22.125000 -21.875002 39.750000 1.625000 1.625000 6238a.dat
9 0 -0.632510 0.545436 0.549936 -0.000000 0.710005 -0.704196 -0.774552 -0.445412 -0.449086 -34.761501 12.165750 -23.275826 5.610725 10.800550 1.625000 6238a.dat
9 0 0.632510 0.545437 0.549936 0.000000 0.710005 -0.704197 -0.774552 0.445412 0.449085 34.480751 12.149324 -23.341450 5.685825 10.765975 1.625000 6238a.dat
9 0 -0.727925 0.000000 0.685656 0.000000 1.000000 0.000000 -0.685656 0.000000 -0.727925 -34.960999 22.125000 -35.343601 5.212075 1.625000 0.727000 6238a.dat
9 0 -0.727925 0.000000 -0.685656 0.000000 1.000000 0.000000 0.685656 0.000000 -0.727925 34.907997 22.125000 -35.343601 5.212075 1.625000 0.727000 6238a.dat
9 0 -1.000000 0.000000 -0.000000 0.000000 1.000000 0.000000 0.000000 0.000000 -1.000000 38.124996 20.951900 -18.730276 1.625000 2.798100 8.480274 6238a.dat
9 0 -1.000000 0.000000 -0.000000 0.000000 1.000000 0.000000 0.000000 0.000000 -1.000000 -38.125004 20.951900 -18.730251 1.625000 2.798100 8.480274 6238a.dat
10 0 -10.000000 0.000000 -70.000000 70.000000 28.450001 10.000000 6238a.dat
3 23 1.000000 0.000000 0.000000 0.000000 1.000000 0.000000 0.000000 0.000000 1.000000 -40.000000 0.000000 0.000000 2 8 18:1:1,23:4:1,18:2:1,23:4:1,18:2:1,23:4:1,18:2:1,23:4:1,18:1:1,23:4:1,1:4:1,23:4:1,1:4:1,23:4:1,1:4:1,23:4:1,1:4:1,23:4:1,18:1:1,23:4:1,29:0:1,23:4:1,29:0:1,23:4:1,29:0:1,23:4:1,18:1:1, 6238a.dat
2 22 1.000000 0.000000 0.000000 0.000000 1.000000 0.000000 0.000000 0.000000 1.000000 -40.000000 24.000000 -20.000002 2 8 22:1:1,22:2:1,22:2:1,22:2:1,22:2:1,22:2:1,22:2:1,22:2:1,22:1:1,22:2:1,15:4:0,22:2:1,15:4:0,22:2:1,15:4:0,22:2:1,15:4:0,22:2:1,22:1:1,22:2:1,22:2:1,22:2:1,22:2:1,22:2:1,22:2:1,22:2:1,22:1:1, 6238a.dat
