9 0 -0.000000 -0.000000 1.000000 -1.000000 0.000000 -0.000000 0.000000 -1.000000 -0.000000 0.000000 6.000000 0.000000 29.750002 19.750000 3.750000 6239.dat
9 0 -0.000001 0.928486 0.371367 -1.000000 -0.000000 -0.000001 -0.000000 -0.371367 0.928486 0.000000 -12.960323 26.148275 15.070875 2.000000 19.311150 6239.dat
9 0 -0.000001 0.707107 0.707106 -1.000000 -0.000000 -0.000001 -0.000000 -0.707106 0.707107 0.000000 -14.660549 -5.907001 5.005575 2.000000 28.567249 6239.dat
9 0 -0.000001 0.707107 0.707106 -1.000000 -0.000000 -0.000001 -0.000000 -0.707106 0.707107 0.000000 -34.410000 28.077103 15.070875 2.000000 45.686001 6239.dat
9 0 0.000000 0.492423 0.870356 -1.000000 0.000000 0.000000 0.000000 -0.870356 0.492423 -0.000001 -41.888000 52.559750 15.070875 2.000000 32.245499 6239.dat
9 0 -0.000000 -0.000000 1.000000 -1.000000 0.000000 -0.000000 0.000000 -1.000000 -0.000000 -0.000001 -70.453003 66.976501 17.458799 2.000000 7.297075 6239.dat
10 0 -68.240753 0.000000 -30.000002 50.000000 88.000000 10.000000 6239.dat
2 22 0.000000 0.000000 -1.000000 0.000000 1.000000 0.000000 1.000000 0.000000 0.000000 20.000002 10.000000 30.000002 4 6 22:1:1,22:2:1,22:2:1,22:2:1,22:2:1,22:2:1,22:1:1,22:2:1,15:4:1,23:4:1,15:4:1,23:4:1,15:4:1,22:2:1,22:2:1,23:4:1,7:4:1,23:4:1,7:4:1,23:4:1,22:2:1,22:2:1,15:4:1,23:4:1,15:4:1,23:4:1,15:4:1,22:2:1,22:1:1,22:2:1,22:2:1,22:2:1,22:2:1,22:2:1,22:1:1, 6239.dat
