9 0 0.000000 0.000000 1.000000 0.000000 1.000000 0.000000 -1.000000 0.000000 0.000000 0.000000 8.205125 0.000006 4.750000 0.205125 19.750000 62462.dat
9 0 0.000000 -0.866025 0.500000 0.000000 0.500000 0.866025 -1.000000 0.000000 0.000000 0.000001 4.102550 7.105855 4.750000 0.205125 19.750000 62462.dat
9 0 -0.000000 -0.866025 -0.500000 0.000000 -0.500000 0.866025 -1.000000 0.000000 0.000000 0.000001 -4.102575 7.105855 4.750000 0.205125 19.750000 62462.dat
9 0 -0.000000 0.000000 -1.000000 -0.000000 -1.000000 -0.000000 -1.000000 0.000000 0.000000 0.000000 -8.205126 0.000006 4.750000 0.205125 19.750000 62462.dat
9 0 -0.000000 0.866025 -0.500000 -0.000000 -0.500000 -0.866025 -1.000000 0.000000 0.000000 -0.000001 -4.102550 -7.105844 4.750000 0.205125 19.750000 62462.dat
9 0 0.000000 0.866025 0.500000 -0.000000 0.500000 -0.866025 -1.000000 0.000000 0.000000 -0.000001 4.102575 -7.105844 4.750000 0.205125 19.750000 62462.dat
10 0 -10.000000 0.000000 -40.000000 10.000000 20.000000 0.000000 62462.dat
0 2 0.000000 1.000000 -0.000000 1.000000 -0.000000 -0.000000 -0.000000 0.000000 -1.000000 20.000000 0.000000 0.000000 0 0 0.800000 0 0 62462.dat
0 2 -0.000000 1.000000 -0.000000 -1.000000 -0.000000 0.000000 0.000000 0.000000 1.000000 -20.000000 0.000000 0.000013 0 0 0.800000 0 0 62462.dat
2 22 0.000000 0.000000 1.000000 1.000000 -0.000000 -0.000000 0.000000 1.000000 -0.000000 19.999998 10.000000 -10.000000 2 2 29:0:0,29:0:0,29:0:0,29:0:0,15:4:34,29:0:0,29:0:0,29:0:0,29:0:0, 62462.dat
2 22 0.000000 0.000000 1.000000 -1.000000 -0.000000 0.000000 0.000000 -1.000000 -0.000000 -20.000004 -10.000000 -9.999988 2 2 29:0:0,29:0:0,29:0:0,29:0:0,15:4:34,29:0:0,29:0:0,29:0:0,29:0:0, 62462.dat
