9 0 -1.000000 0.000000 -0.000000 0.000000 1.000000 0.000000 0.000000 0.000000 -1.000000 0.000003 -12.062051 -0.125000 6.317900 5.062050 6.000000 6248.dat
9 0 -0.866025 -0.500000 -0.000000 -0.500000 0.866025 -0.000000 0.000000 0.000000 -1.000000 5.781028 -10.513050 -0.124998 6.317900 5.062050 6.000000 6248.dat
9 0 -0.500000 -0.866025 -0.000000 -0.866025 0.500000 -0.000000 0.000000 0.000000 -1.000000 10.013053 -6.281025 -0.124997 6.317900 5.062050 6.000000 6248.dat
9 0 0.000000 -1.000000 0.000000 -1.000000 -0.000000 -0.000000 0.000000 0.000000 -1.000000 11.562053 -0.500000 -0.124996 6.317900 5.062050 6.000000 6248.dat
9 0 0.500000 -0.866025 0.000000 -0.866025 -0.500000 -0.000000 0.000000 0.000000 -1.000000 10.013053 5.281025 -0.124997 6.317900 5.062050 6.000000 6248.dat
9 0 0.866025 -0.500000 0.000000 -0.500000 -0.866025 -0.000000 0.000000 0.000000 -1.000000 5.781028 9.513049 -0.124998 6.317900 5.062050 6.000000 6248.dat
9 0 1.000000 0.000000 0.000000 0.000000 -1.000000 0.000000 0.000000 0.000000 -1.000000 0.000003 11.062050 -0.125000 6.317900 5.062050 6.000000 6248.dat
9 0 0.866025 0.500000 0.000000 0.500000 -0.866025 0.000000 0.000000 0.000000 -1.000000 -5.781022 9.513049 -0.125002 6.317900 5.062050 6.000000 6248.dat
9 0 0.500000 0.866025 0.000000 0.866025 -0.500000 0.000000 0.000000 0.000000 -1.000000 -10.013047 5.281025 -0.125003 6.317900 5.062050 6.000000 6248.dat
9 0 0.000000 1.000000 0.000000 1.000000 -0.000000 0.000000 0.000000 0.000000 -1.000000 -11.562047 -0.500000 -0.125004 6.317900 5.062050 6.000000 6248.dat
9 0 -0.500000 0.866025 -0.000000 0.866025 0.500000 0.000000 0.000000 0.000000 -1.000000 -10.013047 -6.281025 -0.125003 6.317900 5.062050 6.000000 6248.dat
9 0 -0.866025 0.500000 -0.000000 0.500000 0.866025 0.000000 0.000000 0.000000 -1.000000 -5.781022 -10.513050 -0.125002 6.317900 5.062050 6.000000 6248.dat
9 0 0.000000 -1.000000 0.000000 -1.000000 -0.000000 -0.000000 0.000000 0.000000 -1.000000 13.870652 -0.500000 7.687505 6.317900 5.870650 1.312500 6248.dat
9 0 0.000000 -1.000000 0.000000 -1.000000 -0.000000 -0.000000 0.000000 0.000000 -1.000000 13.870657 -0.500000 -7.937495 6.317900 5.870650 1.312500 6248.dat
9 0 -0.500000 -0.866025 -0.000000 -0.866025 0.500000 -0.000000 0.000000 0.000000 -1.000000 12.012326 -7.435326 7.687504 6.317900 5.870650 1.312500 6248.dat
9 0 -0.500000 -0.866025 -0.000000 -0.866025 0.500000 -0.000000 0.000000 0.000000 -1.000000 12.012331 -7.435326 -7.937495 6.317900 5.870650 1.312500 6248.dat
9 0 -0.866025 -0.500000 -0.000000 -0.500000 0.866025 -0.000000 0.000000 0.000000 -1.000000 6.935326 -12.512324 7.687502 6.317900 5.870650 1.312500 6248.dat
9 0 -0.866025 -0.500000 -0.000000 -0.500000 0.866025 -0.000000 0.000000 0.000000 -1.000000 6.935331 -12.512324 -7.937496 6.317900 5.870650 1.312500 6248.dat
9 0 -1.000000 0.000000 -0.000000 0.000000 1.000000 0.000000 0.000000 0.000000 -1.000000 0.000001 -14.370650 7.687500 6.317900 5.870650 1.312500 6248.dat
9 0 -1.000000 0.000000 -0.000000 0.000000 1.000000 0.000000 0.000000 0.000000 -1.000000 0.000006 -14.370650 -7.937499 6.317900 5.870650 1.312500 6248.dat
9 0 -0.866025 0.500000 -0.000000 0.500000 0.866025 0.000000 0.000000 0.000000 -1.000000 -6.935325 -12.512324 7.687498 6.317900 5.870650 1.312500 6248.dat
9 0 -0.866025 0.500000 -0.000000 0.500000 0.866025 0.000000 0.000000 0.000000 -1.000000 -6.935319 -12.512324 -7.937502 6.317900 5.870650 1.312500 6248.dat
9 0 -0.500000 0.866025 -0.000000 0.866025 0.500000 0.000000 0.000000 0.000000 -1.000000 -12.012324 -7.435326 7.687496 6.317900 5.870650 1.312500 6248.dat
9 0 -0.500000 0.866025 -0.000000 0.866025 0.500000 0.000000 0.000000 0.000000 -1.000000 -12.012320 -7.435326 -7.937504 6.317900 5.870650 1.312500 6248.dat
9 0 0.000000 1.000000 0.000000 1.000000 -0.000000 0.000000 0.000000 0.000000 -1.000000 -13.870649 -0.500000 7.687496 6.317900 5.870650 1.312500 6248.dat
9 0 0.000000 1.000000 0.000000 1.000000 -0.000000 0.000000 0.000000 0.000000 -1.000000 -13.870645 -0.500000 -7.937504 6.317900 5.870650 1.312500 6248.dat
9 0 0.500000 0.866025 0.000000 0.866025 -0.500000 0.000000 0.000000 0.000000 -1.000000 -12.012324 6.435325 7.687496 6.317900 5.870650 1.312500 6248.dat
9 0 0.500000 0.866025 0.000000 0.866025 -0.500000 0.000000 0.000000 0.000000 -1.000000 -12.012320 6.435325 -7.937504 6.317900 5.870650 1.312500 6248.dat
9 0 0.866025 0.500000 0.000000 0.500000 -0.866025 0.000000 0.000000 0.000000 -1.000000 -6.935325 11.512325 7.687498 6.317900 5.870650 1.312500 6248.dat
9 0 0.866025 0.500000 0.000000 0.500000 -0.866025 0.000000 0.000000 0.000000 -1.000000 -6.935319 11.512325 -7.937502 6.317900 5.870650 1.312500 6248.dat
9 0 1.000000 0.000000 0.000000 0.000000 -1.000000 0.000000 0.000000 0.000000 -1.000000 0.000001 13.370651 7.687500 6.317900 5.870650 1.312500 6248.dat
9 0 1.000000 0.000000 0.000000 0.000000 -1.000000 0.000000 0.000000 0.000000 -1.000000 0.000006 13.370651 -7.937499 6.317900 5.870650 1.312500 6248.dat
9 0 0.866025 -0.500000 0.000000 -0.500000 -0.866025 -0.000000 0.000000 0.000000 -1.000000 6.935326 11.512325 7.687502 6.317900 5.870650 1.312500 6248.dat
9 0 0.866025 -0.500000 0.000000 -0.500000 -0.866025 -0.000000 0.000000 0.000000 -1.000000 6.935331 11.512325 -7.937496 6.317900 5.870650 1.312500 6248.dat
9 0 0.500000 -0.866025 0.000000 -0.866025 -0.500000 -0.000000 0.000000 0.000000 -1.000000 12.012326 6.435325 7.687504 6.317900 5.870650 1.312500 6248.dat
9 0 0.500000 -0.866025 0.000000 -0.866025 -0.500000 -0.000000 0.000000 0.000000 -1.000000 12.012331 6.435325 -7.937495 6.317900 5.870650 1.312500 6248.dat
10 0 -21.250000 -21.250000 -23.950001 21.250000 21.250000 0.000000 6248.dat
3 23 -1.000000 0.000000 -0.000000 -0.000000 -0.000000 1.000000 -0.000000 1.000000 0.000000 20.000006 19.500000 -9.499993 4 4 29:0:1,23:4:1,18:2:1,23:4:1,29:0:1,23:4:1,0:4:0,23:4:1,0:4:0,23:4:1,18:2:1,23:4:1,18:4:1,23:4:1,18:2:1,23:4:1,0:4:0,23:4:1,0:4:0,23:4:1,29:0:1,23:4:1,18:2:1,23:4:1,29:0:1, 6248.dat
0 2 -1.000000 0.000000 -0.000000 -0.000000 -0.000000 1.000000 -0.000000 1.000000 0.000000 0.000000 -0.500000 10.000000 0 0 0.800000 0 0 6248.dat
4 41 -1.000000 0.000000 -0.000000 -0.000000 -0.000000 1.000000 -0.000000 1.000000 0.000000 0.000003 -0.500000 0.000000 1 6248.dat
4 41 -1.000000 0.000000 -0.000000 0.000000 -0.000000 -1.000000 -0.000000 -1.000000 0.000000 0.000003 -0.500000 0.000000 1 6248.dat
