9 0 1.000000 0.000000 0.000000 0.000000 -1.000000 0.000001 0.000000 -0.000001 -1.000000 3.989650 3.989624 28.409300 1.489650 1.489625 1.340700 62520.dat
9 0 1.000000 0.000000 0.000000 0.000000 -1.000000 0.000001 0.000000 -0.000001 -1.000000 3.989650 -3.989651 28.409302 1.489650 1.489625 1.340700 62520.dat
9 0 1.000000 0.000000 0.000000 0.000000 -1.000000 0.000001 0.000000 -0.000001 -1.000000 -3.989650 -3.989651 28.409302 1.489625 1.489625 1.340700 62520.dat
9 0 1.000000 0.000000 0.000000 0.000000 -1.000000 0.000001 0.000000 -0.000001 -1.000000 -3.989650 3.989649 28.409300 1.489625 1.489650 1.340700 62520.dat
9 0 1.000000 0.000000 0.000000 0.000000 -1.000000 0.000001 0.000000 -0.000001 -1.000000 0.000000 7.203125 28.638496 3.871100 0.828125 1.111500 62520.dat
9 0 1.000000 0.000000 0.000000 0.000000 -1.000000 0.000001 0.000000 -0.000001 -1.000000 0.000000 -7.203126 28.638506 3.871100 0.828125 1.111500 62520.dat
9 0 -0.000000 1.000000 -0.000001 1.000000 0.000000 -0.000000 0.000000 -0.000001 -1.000000 7.203125 -0.000001 28.638500 3.871100 0.828125 1.111500 62520.dat
9 0 -0.000000 1.000000 -0.000001 1.000000 0.000000 -0.000000 0.000000 -0.000001 -1.000000 -7.203125 -0.000001 28.638500 3.871100 0.828125 1.111500 62520.dat
9 0 0.644835 0.764322 -0.000000 -0.764322 0.644835 -0.000000 0.000000 0.000001 1.000000 -4.686175 4.172092 17.558323 1.891750 0.192175 9.010300 62520.dat
9 0 0.644835 -0.764322 0.000000 -0.764322 -0.644835 0.000000 0.000000 -0.000001 -1.000000 -4.686175 -4.172108 17.558329 1.891750 0.192175 9.010300 62520.dat
9 0 -0.644835 0.764322 -0.000000 0.764322 0.644835 -0.000000 0.000000 -0.000001 -1.000000 4.686175 4.172092 17.558323 1.891750 0.192175 9.010300 62520.dat
9 0 -0.644835 -0.764322 0.000001 0.764322 -0.644835 0.000000 0.000000 0.000001 1.000000 4.686175 -4.172108 17.558329 1.891750 0.192175 9.010300 62520.dat
9 0 1.000000 0.000000 0.000000 0.000000 1.000000 -0.000001 0.000000 0.000001 1.000000 0.000000 6.500092 17.336521 2.380350 0.125100 8.788475 62520.dat
9 0 1.000000 0.000000 0.000000 0.000000 1.000000 -0.000001 0.000000 0.000001 1.000000 0.000000 -6.500109 17.336531 2.380350 0.125100 8.788475 62520.dat
9 0 1.000000 0.000000 0.000000 0.000000 1.000000 -0.000001 0.000000 0.000001 1.000000 0.000000 7.534538 10.832447 3.362700 1.001725 2.284425 62520.dat
9 0 1.000000 0.000000 0.000000 0.000000 -1.000000 0.000001 0.000000 -0.000001 -1.000000 0.000000 -7.534562 10.832456 3.362700 1.001725 2.284425 62520.dat
9 0 0.000000 1.000000 -0.000001 -1.000000 0.000000 0.000000 0.000000 0.000001 1.000000 -7.458650 -0.000021 -3.320748 1.609475 0.589175 1.070700 62520.dat
9 0 0.000000 1.000000 -0.000001 -1.000000 0.000000 0.000000 0.000000 0.000001 1.000000 -7.458650 -3.060569 -0.301245 0.810550 0.589175 2.051175 62520.dat
9 0 0.000000 1.000000 -0.000001 -1.000000 0.000000 0.000000 0.000000 0.000001 1.000000 -7.458650 3.060531 -0.301251 0.810550 0.589175 2.051175 62520.dat
9 0 0.000000 1.000000 -0.000001 -1.000000 0.000000 0.000000 0.000000 0.000001 1.000000 -7.458650 -0.000014 7.683426 3.871100 0.589175 5.433450 62520.dat
9 0 -0.000000 1.000000 -0.000001 1.000000 0.000000 -0.000000 0.000000 -0.000001 -1.000000 7.458650 -0.000021 -3.320748 1.609475 0.589175 1.070700 62520.dat
9 0 -0.000000 1.000000 -0.000001 1.000000 0.000000 -0.000000 0.000000 -0.000001 -1.000000 7.458650 -3.060569 -0.301245 0.810550 0.589175 2.051175 62520.dat
9 0 -0.000000 1.000000 -0.000001 1.000000 0.000000 -0.000000 0.000000 -0.000001 -1.000000 7.458650 3.060531 -0.301251 0.810550 0.589175 2.051175 62520.dat
9 0 -0.000000 1.000000 -0.000001 1.000000 0.000000 -0.000000 0.000000 -0.000001 -1.000000 7.458650 -0.000014 7.683426 3.871100 0.589175 5.433450 62520.dat
10 0 -9.500000 -9.499149 -35.000000 9.500000 9.499149 0.000000 62520.dat
6 8 -0.000000 -1.000000 0.000001 -1.000000 0.000000 -0.000000 0.000000 -0.000001 -1.000000 0.000000 -0.000019 0.000000 0.000000 0.000000 0.000000 0.000000 0 62520.dat
0 4 -0.000000 -1.000000 0.000001 0.000000 0.000001 1.000000 -1.000000 0.000000 0.000000 0.000000 0.000000 30.000002 0 1 0.800000 0 0 62520.dat
