9 0 -0.145693 0.033929 0.988748 0.046962 0.998522 -0.027345 -0.988215 0.042449 -0.147071 -14.402300 9.462525 0.023500 5.422125 7.998100 0.441525 62537.dat
9 0 -0.729706 0.482994 0.483989 -0.000000 0.707834 -0.706379 -0.683761 -0.515449 -0.516511 -8.538500 -2.040350 -6.752200 5.042600 5.881800 0.686600 62537.dat
9 0 -0.806975 0.417177 -0.418037 -0.000000 0.707835 0.706378 0.590586 0.570029 -0.571205 -8.538500 -2.040350 8.113376 5.042600 5.881800 0.686600 62537.dat
9 0 0.186108 0.035642 0.981883 -0.046962 0.998522 -0.027345 -0.981406 -0.041022 0.187507 14.389799 9.451600 -0.354000 5.396075 7.998100 0.441525 62537.dat
9 0 0.729706 0.482994 0.483989 0.000000 0.707834 -0.706379 -0.683761 0.515449 0.516511 8.538500 -2.040350 -6.752200 5.042600 5.881800 0.686600 62537.dat
9 0 0.806975 0.417177 -0.418037 0.000000 0.707834 0.706379 0.590586 -0.570030 0.571204 8.538500 -2.040350 8.113376 5.042600 5.881800 0.686600 62537.dat
9 0 1.000000 0.000000 0.000000 0.000000 0.770602 -0.637316 0.000000 0.637316 0.770602 0.000000 -2.549825 -9.507725 6.710075 6.252900 0.686600 62537.dat
9 0 1.000000 0.000000 0.000000 0.000000 1.000000 0.000000 0.000000 0.000000 1.000000 0.000000 9.775775 14.098750 6.710075 7.998100 0.686600 62537.dat
9 0 -0.634950 0.019629 0.772304 -0.000001 0.999677 -0.025408 -0.772553 -0.016133 -0.634745 10.415850 9.660825 9.575399 5.898775 7.998100 0.686600 62537.dat
9 0 1.000000 0.000000 0.000000 0.000000 0.707834 0.706379 0.000000 -0.706379 0.707834 0.000000 -3.380075 9.276550 6.710075 6.599875 0.686600 62537.dat
9 0 1.000000 0.000000 0.000000 0.000000 -0.041126 0.999154 0.000000 -0.999154 -0.041126 0.000000 -4.685275 0.320250 8.288899 5.258975 4.430200 62537.dat
9 0 -0.421473 0.860318 0.286729 -0.093730 0.273163 -0.957391 -0.901984 -0.430389 -0.034493 -27.989500 2.428075 4.905800 6.746500 1.641500 1.667525 62537.dat
9 0 0.634950 0.019629 0.772304 0.000000 0.999677 -0.025408 -0.772553 0.016133 0.634745 -10.397599 9.660825 9.754725 5.898775 7.998100 0.686600 62537.dat
9 0 0.421472 0.860318 0.286729 0.093729 0.273164 -0.957390 -0.901984 0.430388 0.034494 27.989500 2.428075 4.905800 6.746500 1.641500 1.667525 62537.dat
9 0 0.956291 -0.260241 0.133348 0.133718 -0.016364 -0.990884 0.260051 0.965405 0.019150 20.340876 -4.556725 1.781925 4.558150 2.769275 2.786525 62537.dat
9 0 -0.956291 -0.260243 0.133348 -0.135848 -0.008442 -0.990694 0.258946 -0.965506 -0.027280 -20.340876 -4.556725 1.781925 4.558150 2.769275 3.008550 62537.dat
10 0 -34.510750 -18.340450 -16.549376 34.510750 10.640825 15.342100 62537.dat
2 22 1.000000 0.000000 0.000000 0.000000 1.000000 0.000000 0.000000 0.000000 1.000000 -10.000000 0.523575 10.000000 2 2 29:0:0,29:0:0,29:0:0,29:0:0,15:4:33,29:0:0,29:0:0,29:0:0,29:0:0, 62537.dat
