9 0 -1.000000 0.000000 -0.000000 0.000000 1.000000 0.000000 0.000000 0.000000 -1.000000 -0.111548 0.592500 -6.638825 3.584650 7.157500 0.197700 6254.dat
9 0 -0.500000 0.000000 0.866025 0.000000 1.000000 0.000000 -0.866025 0.000000 -0.500000 -5.826299 0.592500 -3.200577 3.584650 7.157500 0.197700 6254.dat
9 0 0.500000 0.000000 0.866026 0.000000 1.000000 0.000000 -0.866026 0.000000 0.500000 -5.706101 0.592500 3.467673 3.584650 7.157500 0.197700 6254.dat
9 0 1.000000 0.000000 0.000000 0.000000 1.000000 0.000000 -0.000000 0.000000 1.000000 0.128898 -2.164400 6.697700 3.584650 9.914400 0.197700 6254.dat
9 0 -0.500000 0.000000 -0.866026 0.000000 1.000000 0.000000 0.866026 0.000000 -0.500000 5.723451 0.592500 -3.408823 3.584650 7.157500 0.197700 6254.dat
9 0 0.500000 0.000000 -0.866025 0.000000 1.000000 0.000000 0.866025 0.000000 0.500000 5.843674 0.592500 3.259452 3.584650 7.157500 0.197700 6254.dat
9 0 -1.000000 0.000000 -0.000000 0.000000 1.000000 0.000000 0.000000 0.000000 -1.000000 0.000000 -18.327000 0.000000 5.969375 5.561850 5.400675 6254.dat
9 0 -1.000000 0.000000 -0.000000 0.000000 1.000000 0.000000 0.000000 0.000000 -1.000000 -7.642501 -7.399625 2.791848 3.390975 5.561850 5.836250 6254.dat
9 0 -1.000000 0.000000 -0.000000 0.000000 1.000000 0.000000 0.000000 0.000000 -1.000000 7.602799 -7.399625 2.791852 3.330675 5.561850 5.836250 6254.dat
9 0 -1.000000 0.000000 -0.000000 0.000000 1.000000 0.000000 0.000000 0.000000 -1.000000 0.000003 -7.760476 -8.041800 5.969375 5.561850 3.788750 6254.dat
10 0 -11.183475 0.000000 -12.080550 11.283450 32.138748 9.750000 6254.dat
0 6 0.000000 0.000000 -1.000000 0.000000 1.000000 0.000000 1.000000 0.000000 0.000000 0.000000 2.750000 0.000000 0 1 0.395000 0 0 6254.dat
2 22 -1.000000 0.000000 -0.000000 0.000000 1.000000 0.000000 0.000000 0.000000 -1.000000 10.000003 8.000000 -9.999997 2 2 29:0:0,29:0:0,29:0:0,29:0:0,5:4:34,29:0:0,29:0:0,29:0:0,29:0:0, 6254.dat
