9 0 0.707107 0.000000 0.707107 0.000000 1.000000 0.000000 -0.707107 0.000000 0.707107 0.000000 3.625000 0.000000 5.250000 3.625000 5.250000 6256.dat
9 0 1.000000 0.000000 0.000000 0.000000 1.000000 0.000000 0.000000 0.000000 1.000000 0.000000 1.000000 0.000000 12.250000 1.000000 12.250000 6256.dat
9 0 -0.364187 0.857167 -0.364187 0.606108 0.515038 0.606109 0.707107 0.000001 -0.707106 14.269325 -3.134225 14.269325 5.258375 1.036550 6.075225 6256.dat
9 0 -0.515038 0.857168 -0.000000 0.857168 0.515038 0.000000 0.000000 -0.000000 -1.000000 20.179874 -3.134225 0.000000 5.258375 1.036550 6.075225 6256.dat
9 0 -0.363139 0.857611 0.364188 0.606738 0.514298 -0.606108 -0.707106 0.000865 -0.707107 14.265776 -3.151650 -14.269325 5.258375 1.036550 6.075225 6256.dat
9 0 0.001048 0.857167 0.515038 0.000629 0.515037 -0.857168 -0.999999 0.001222 0.000000 -0.003525 -3.134225 -20.179874 5.258375 1.036550 6.075225 6256.dat
9 0 0.365234 0.856722 0.364187 -0.605479 0.515778 -0.606109 -0.707106 0.000864 0.707107 -14.272825 -3.116800 -14.269325 5.258375 1.036550 6.075225 6256.dat
9 0 0.500000 0.707107 0.500000 -0.500000 0.707107 -0.500000 -0.707107 0.000001 0.707107 -18.664700 -6.934824 -18.664700 1.848250 1.842725 5.335000 6256.dat
9 0 0.653281 0.707107 0.270598 -0.653282 0.707107 -0.270598 -0.382683 0.000000 0.923880 -24.386600 -6.934824 -10.101250 1.848250 1.842725 5.335000 6256.dat
9 0 0.707107 0.707107 0.000000 -0.707107 0.707107 0.000000 0.000000 0.000000 1.000000 -26.395750 -6.934824 0.000000 1.848250 1.842725 5.335000 6256.dat
9 0 0.365234 0.856722 -0.364187 -0.605479 0.515778 0.606109 0.707106 -0.000864 0.707107 -14.272825 -3.116800 14.269325 5.258375 1.036550 6.075225 6256.dat
9 0 0.500000 0.707107 -0.500000 -0.500000 0.707107 0.500000 0.707107 -0.000001 0.707107 -18.664700 -6.934824 18.664700 1.848250 1.842725 5.335000 6256.dat
9 0 0.270598 0.707107 -0.653282 -0.270599 0.707107 0.653281 0.923879 0.000001 0.382684 -10.101250 -6.934824 24.386600 1.848250 1.842725 5.335000 6256.dat
9 0 0.000000 0.707107 -0.707106 -0.000000 0.707106 0.707107 1.000000 -0.000000 0.000000 0.000000 -6.934824 26.395750 1.848250 1.842725 5.335000 6256.dat
9 0 -0.270598 0.707107 -0.653282 0.270599 0.707107 0.653281 0.923879 -0.000001 -0.382684 10.101250 -6.934824 24.386600 1.848250 1.842725 5.335000 6256.dat
9 0 0.002015 0.876873 -0.480718 -0.001057 0.480721 0.876873 0.999998 -0.001259 0.001895 -0.042625 -3.930375 20.049900 5.258375 1.036550 6.075225 6256.dat
9 0 0.516085 0.856537 0.000000 -0.856537 0.516085 0.000000 0.000000 0.000000 1.000000 -20.183376 -3.109575 0.000000 5.258375 1.036550 6.075225 6256.dat
9 0 -0.500000 0.707106 -0.500000 0.499999 0.707107 0.500000 0.707107 0.000000 -0.707106 18.664700 -6.934824 18.664700 1.848250 1.842725 5.335000 6256.dat
9 0 -0.653281 0.707108 -0.270598 0.653282 0.707106 0.270598 0.382683 0.000000 -0.923880 24.386600 -6.934824 10.101250 1.848250 1.842725 5.335000 6256.dat
9 0 -0.707108 0.707106 -0.000000 0.707106 0.707108 0.000000 0.000000 -0.000000 -1.000000 26.395750 -6.934824 0.000000 1.848250 1.842725 5.335000 6256.dat
9 0 -0.653281 0.707108 0.270598 0.653282 0.707106 -0.270598 -0.382683 -0.000000 -0.923880 24.386600 -6.934824 -10.101250 1.848250 1.842725 5.335000 6256.dat
9 0 -0.500000 0.707106 0.500000 0.499999 0.707107 -0.500000 -0.707107 -0.000000 -0.707106 18.664700 -6.934824 -18.664700 1.848250 1.842725 5.335000 6256.dat
9 0 -0.270598 0.707107 0.653282 0.270599 0.707107 -0.653281 -0.923879 0.000001 -0.382684 10.101250 -6.934824 -24.386600 1.848250 1.842725 5.335000 6256.dat
9 0 0.000000 0.707107 0.707106 -0.000000 0.707106 -0.707107 -1.000000 0.000000 0.000000 0.000000 -6.934824 -26.395750 1.848250 1.842725 5.335000 6256.dat
9 0 0.270598 0.707107 0.653282 -0.270599 0.707107 -0.653281 -0.923879 -0.000001 0.382684 -10.101250 -6.934824 -24.386600 1.848250 1.842725 5.335000 6256.dat
9 0 0.653281 0.707107 -0.270598 -0.653282 0.707107 0.270598 0.382683 0.000000 0.923880 -24.386600 -6.934824 10.101250 1.848250 1.842725 5.335000 6256.dat
10 0 -29.897249 0.000000 -29.897249 29.897249 18.230350 29.897249 6256.dat
2 22 1.000000 0.000000 0.000000 0.000000 1.000000 0.000000 0.000000 0.000000 1.000000 -10.000000 7.500000 10.000000 2 2 29:0:0,29:0:0,29:0:0,29:0:0,5:4:34,29:0:0,29:0:0,29:0:0,29:0:0, 6256.dat
0 7 -0.000000 1.000000 -0.000000 0.000000 -0.000000 -1.000000 -1.000000 0.000000 -0.000000 26.395750 -7.001224 -4.000000 0 0 0.320000 0 0 6256.dat
0 7 0.000000 1.000000 0.000000 0.382683 0.000000 -0.923880 -0.923880 0.000000 -0.382683 25.917250 -7.001224 6.405750 0 0 0.320000 0 0 6256.dat
0 7 -0.000000 1.000000 -0.000001 0.707106 -0.000000 -0.707107 -0.707107 -0.000001 -0.707106 21.493126 -7.001224 15.836275 0 0 0.320000 0 0 6256.dat
0 7 0.000000 1.000000 0.000001 0.923880 0.000000 -0.382683 -0.382683 0.000000 -0.923880 13.796775 -7.001224 22.855875 0 0 0.320000 0 0 6256.dat
0 7 0.000000 1.000000 -0.000000 1.000000 0.000000 0.000000 0.000000 -0.000000 -1.000000 4.000000 -7.001224 26.395750 0 0 0.320000 0 0 6256.dat
0 7 0.000000 1.000000 -0.000001 0.923880 0.000000 0.382683 0.382683 -0.000000 -0.923880 -6.405750 -7.001224 25.917250 0 0 0.320000 0 0 6256.dat
0 7 -0.000000 1.000000 0.000001 0.707106 -0.000000 0.707107 0.707107 0.000001 -0.707106 -15.836275 -7.001224 21.493126 0 0 0.320000 0 0 6256.dat
0 7 0.000000 1.000000 -0.000000 0.382683 0.000000 0.923880 0.923880 -0.000000 -0.382683 -22.855875 -7.001224 13.796775 0 0 0.320000 0 0 6256.dat
0 7 0.000000 1.000000 -0.000000 0.382683 0.000000 0.923880 0.923880 -0.000000 -0.382683 -22.855875 -7.001224 13.796775 0 0 0.320000 0 0 6256.dat
0 7 -0.000000 1.000000 0.000000 0.000000 -0.000000 1.000000 1.000000 0.000000 -0.000000 -26.395750 -7.001224 4.000000 0 0 0.320000 0 0 6256.dat
0 7 0.000000 1.000000 0.000000 -0.382683 0.000000 0.923880 0.923880 0.000000 0.382683 -25.917250 -7.001224 -6.405750 0 0 0.320000 0 0 6256.dat
0 7 0.000000 1.000000 -0.000000 -0.707106 0.000000 0.707107 0.707107 -0.000000 0.707106 -21.493126 -7.001224 -15.836275 0 0 0.320000 0 0 6256.dat
0 7 -0.000000 1.000000 0.000000 -0.923880 -0.000000 0.382683 0.382683 0.000000 0.923880 -13.796775 -7.001224 -22.855875 0 0 0.320000 0 0 6256.dat
0 7 -0.000000 1.000000 0.000000 -1.000000 -0.000000 0.000000 0.000000 0.000000 1.000000 -4.000000 -7.001224 -26.395750 0 0 0.320000 0 0 6256.dat
0 7 -0.000000 1.000000 -0.000000 -0.923880 -0.000000 -0.382683 -0.382683 -0.000000 0.923880 6.405750 -7.001224 -25.917250 0 0 0.320000 0 0 6256.dat
0 7 0.000000 1.000000 0.000000 -0.707106 0.000000 -0.707107 -0.707107 0.000000 0.707106 15.836275 -7.001224 -21.493126 0 0 0.320000 0 0 6256.dat
0 7 0.000000 1.000000 0.000000 -0.382683 0.000000 -0.923880 -0.923880 0.000000 0.382683 22.855875 -7.001224 -13.796775 0 0 0.320000 0 0 6256.dat
