9 0 -0.707107 0.000000 -0.707107 0.000000 1.000000 0.000000 0.707107 0.000000 -0.707107 0.000000 -8.082375 0.000000 5.583625 7.832375 5.583625 62575.dat
9 0 -1.000000 0.000000 -0.000000 0.000000 1.000000 0.000000 0.000000 0.000000 -1.000000 4.221725 -15.628976 -0.021299 23.776175 4.732525 8.632000 62575.dat
9 0 -1.000000 0.000000 -0.000000 0.000000 1.000000 0.000000 0.000000 0.000000 -1.000000 4.031875 -13.584126 -0.021299 1.618700 6.147900 24.200199 62575.dat
9 0 -0.780922 0.000000 -0.624629 0.000000 1.000000 0.000000 0.624629 0.000000 -0.780922 3.079525 -13.584126 0.266301 1.618700 6.147900 25.747248 62575.dat
9 0 -0.778580 0.000000 0.627545 0.000000 1.000000 0.000000 -0.627545 0.000000 -0.778580 2.965375 -13.584126 -0.379149 1.618700 6.147900 25.636751 62575.dat
10 0 -29.306501 0.000000 -24.671251 20.036625 21.972599 24.671251 62575.dat
2 22 -1.000000 0.000000 -0.000000 0.000000 1.000000 0.000000 0.000000 0.000000 -1.000000 10.000003 0.000000 -9.999997 2 2 29:0:0,29:0:0,29:0:0,29:0:0,5:4:34,29:0:0,29:0:0,29:0:0,29:0:0, 62575.dat
