9 0 -0.533058 0.846079 -0.000000 0.846079 0.533058 0.000000 0.000000 0.000000 -1.000000 1.817114 -2.884175 32.460751 18.739075 12.250000 6.353275 62577.dat
9 0 -0.456014 0.889973 -0.000000 0.889973 0.456014 0.000000 0.000000 0.000000 -1.000000 -15.596061 28.982750 30.137745 17.198975 8.777950 8.676126 62577.dat
9 0 -0.894073 0.447921 -0.000000 0.447921 0.894073 0.000000 0.000000 0.000000 -1.000000 -39.010010 49.753250 30.137739 22.442450 8.777950 8.676126 62577.dat
9 0 -0.999959 -0.009036 -0.000000 -0.009036 0.999959 -0.000000 0.000000 0.000000 -1.000000 -65.755508 49.178249 29.751480 19.773525 3.582050 13.992350 62577.dat
9 0 0.108722 0.994072 0.000000 0.994072 -0.108722 0.000000 0.000000 0.000000 -1.000000 -85.201515 61.117500 29.751474 14.284425 3.165850 9.428050 62577.dat
9 0 -0.109188 0.994021 -0.000000 0.994021 0.109188 0.000000 0.000000 0.000000 -1.000000 -56.179512 66.619499 31.854731 14.284425 2.472200 3.748100 62577.dat
9 0 1.000000 0.000000 0.000000 0.000000 1.000000 0.000000 -0.000000 0.000000 1.000000 -0.000006 -0.012625 17.377224 3.940975 3.801325 17.122776 62577.dat
9 0 1.000000 0.000000 0.000000 0.000000 1.000000 0.000000 -0.000000 0.000000 1.000000 -0.000009 -0.030000 26.531250 9.848650 4.720000 6.631250 62577.dat
10 0 -22.170601 -81.943001 0.000000 91.815254 25.268751 46.037502 62577.dat
0 3 0.000000 1.000000 -0.000000 0.000000 -0.000000 -1.000000 -1.000000 0.000000 -0.000000 0.000000 0.000000 0.000000 0 1 0.800000 0 0 62577.dat
