9 0 -1.000000 0.000000 -0.000000 0.000000 1.000000 0.000000 0.000000 0.000000 -1.000000 0.000000 54.275002 0.000000 4.235875 11.975000 3.030300 62695.dat
9 0 -1.000000 0.000000 -0.000000 0.000000 1.000000 0.000000 0.000000 0.000000 -1.000000 0.000006 89.249748 -18.891174 1.769250 7.315050 0.966225 62695.dat
9 0 0.500000 0.000000 -0.866025 0.000000 1.000000 0.000000 0.866025 0.000000 0.500000 16.360222 89.249748 9.445580 1.769250 7.315050 0.966225 62695.dat
9 0 0.500000 0.000001 -0.866025 -0.663414 0.642787 -0.383022 0.556670 0.766044 0.321394 9.471599 104.282997 5.468428 1.769250 12.710100 1.763725 62695.dat
9 0 -1.000000 0.000000 -0.000000 0.000000 1.000000 0.000000 0.000000 0.000000 -1.000000 0.000000 54.260246 0.000000 2.582000 57.774250 2.582000 62695.dat
9 0 1.000000 -0.000000 0.000000 -0.000000 0.642788 0.766044 -0.000000 -0.766044 0.642788 -0.078447 103.559258 -10.559175 1.775000 12.710100 1.763725 62695.dat
9 0 0.499999 -0.000001 0.866026 0.663414 0.642787 -0.383021 -0.556670 0.766044 0.321394 -10.506328 103.417755 6.081471 1.769250 12.710775 1.763725 62695.dat
9 0 0.500000 0.000000 0.866026 0.000000 1.000000 0.000000 -0.866026 0.000000 0.500000 -16.312078 89.249748 9.439995 1.769250 7.315050 0.966225 62695.dat
9 0 -1.000000 0.000000 -0.000000 0.000000 1.000000 0.000000 0.000000 0.000000 -1.000000 0.000000 61.049999 0.000000 5.946025 0.750000 3.750000 62695.dat
9 0 -1.000000 0.000000 -0.000000 0.000000 1.000000 0.000000 0.000000 0.000000 -1.000000 0.000000 43.049999 0.000000 4.499750 0.750000 3.750000 62695.dat
10 0 -19.887550 -113.803993 -21.809475 20.805250 5.212525 13.049049 62695.dat
0 7 -0.000000 -0.000000 1.000000 -0.000000 -1.000000 -0.000000 1.000000 -0.000000 0.000000 0.000000 0.000000 0.000000 0 1 1.682000 0 0 62695.dat
0 3 -0.000000 -0.000000 1.000000 -0.000000 -1.000000 -0.000000 1.000000 -0.000000 0.000000 0.000000 42.049999 0.000000 0 0 0.800000 0 0 62695.dat
0 7 -0.000000 -0.000000 1.000000 -0.000000 -1.000000 -0.000000 1.000000 -0.000000 0.000000 0.000000 66.500000 0.000000 1 1 1.573450 0 1 62695.dat
