9 0 -0.000000 0.000000 1.000000 0.000000 1.000000 0.000000 -1.000000 0.000000 -0.000000 14.815325 16.577574 -5.662575 7.164325 6.597400 1.064200 62697.dat
9 0 -1.000000 0.000000 -0.000000 0.000000 1.000000 0.000000 0.000000 0.000000 -1.000000 -0.049500 8.274550 13.846525 10.543250 6.597400 0.609200 62697.dat
9 0 -0.000000 0.000000 1.000000 0.000000 1.000000 0.000000 -1.000000 0.000000 -0.000000 14.221125 8.274550 2.523725 7.612475 6.597400 0.959525 62697.dat
9 0 -0.000000 0.000000 1.000000 0.766045 -0.642787 0.000000 0.642787 0.766045 -0.000000 -9.582400 -3.260425 -0.897150 8.810451 7.076050 0.346625 62697.dat
9 0 -1.000000 0.000000 -0.000000 0.000000 1.000000 0.000000 0.000000 0.000000 -1.000000 -0.573875 17.826225 -15.128675 12.278150 6.597400 1.878675 62697.dat
9 0 -0.000000 0.000000 1.000000 0.000000 1.000000 0.000000 -1.000000 0.000000 -0.000000 -14.681925 8.274550 2.523725 7.612475 6.597400 0.959525 62697.dat
9 0 1.000000 0.000000 0.000000 0.000000 -0.500000 -0.866025 0.000000 0.866025 -0.500000 -0.273900 -5.608625 9.013275 8.460775 7.076050 0.346625 62697.dat
9 0 -0.000000 0.000000 1.000000 0.000000 1.000000 0.000000 -1.000000 0.000000 -0.000000 -14.635099 16.616100 -5.693575 7.164325 6.597400 1.064200 62697.dat
9 0 -0.000000 -0.000000 -1.000000 -0.766045 -0.642787 0.000000 -0.642787 0.766045 -0.000000 9.724175 -3.200450 -0.969350 8.810451 7.076050 0.346625 62697.dat
9 0 -1.000000 0.000000 -0.000000 -0.000000 -0.500000 0.866026 0.000000 0.866026 0.500000 0.273900 -5.608625 -9.013275 8.460775 7.076050 0.346625 62697.dat
9 0 -0.736237 0.000000 0.676724 0.000000 1.000000 0.000000 -0.676724 0.000000 -0.736237 9.921625 8.694900 9.248276 4.951900 7.017750 0.609200 62697.dat
9 0 -0.736239 0.000000 -0.676722 0.000000 1.000000 0.000000 0.676722 0.000000 -0.736239 -10.075575 8.694900 9.264275 4.951900 7.017750 0.609200 62697.dat
10 0 -19.165800 -24.673624 -17.073975 19.165800 9.912701 19.773951 62697.dat
2 22 1.000000 0.000000 0.000000 0.000000 1.000000 0.000000 0.000000 0.000000 1.000000 -10.000000 0.000000 10.000000 2 2 29:0:0,29:0:0,29:0:0,29:0:0,5:4:33,29:0:0,29:0:0,29:0:0,29:0:0, 62697.dat
