9 0 1.000000 0.000000 0.000000 0.000000 1.000000 0.000000 0.000000 0.000000 1.000000 0.000000 0.483500 -13.395550 4.282725 3.998900 0.546450 62699.dat
9 0 0.707107 0.000000 0.707107 0.000000 1.000000 0.000000 -0.707107 0.000000 0.707107 9.472075 0.376575 -9.472075 4.282725 3.059175 0.546450 62699.dat
9 0 -0.000000 0.000000 1.000000 0.000000 1.000000 0.000000 -1.000000 0.000000 -0.000000 13.395550 4.412175 0.000000 4.282725 7.989350 0.546450 62699.dat
9 0 -0.707107 0.000000 0.707107 0.000000 1.000000 0.000000 -0.707107 0.000000 -0.707107 9.472075 4.151300 9.472075 4.282725 9.519175 0.546450 62699.dat
9 0 -0.707107 0.000000 -0.707107 0.000000 1.000000 0.000000 0.707107 0.000000 -0.707107 -9.472075 4.151300 9.472075 4.282725 9.519175 0.546450 62699.dat
9 0 -0.000000 0.000000 -1.000000 0.000000 1.000000 0.000000 1.000000 0.000000 -0.000000 -13.395550 4.412175 0.000000 4.282725 7.989350 0.546450 62699.dat
9 0 0.707107 0.000000 -0.707107 0.000000 1.000000 0.000000 0.707107 0.000000 0.707107 -9.472075 0.376575 -9.472075 4.282725 3.059175 0.546450 62699.dat
9 0 1.000000 0.000000 0.000000 0.000000 1.000000 0.000000 0.000000 0.000000 1.000000 0.000000 -6.116850 3.754025 9.408675 3.907300 12.848451 62699.dat
9 0 0.718372 0.491906 0.491906 0.000000 0.707107 -0.707107 -0.695660 0.507965 0.507965 0.000000 -8.035075 15.497126 11.911850 6.604125 11.919126 62699.dat
9 0 1.000000 0.000000 0.000000 0.000000 -0.000000 -1.000000 0.000000 1.000000 -0.000000 -5.047750 4.755225 18.669649 11.844250 4.638750 13.978874 62699.dat
10 0 -19.649975 -19.196501 -32.080997 16.884426 24.618900 15.589025 62699.dat
2 22 1.000000 0.000000 0.000000 0.000000 1.000000 0.000000 0.000000 0.000000 1.000000 -10.000000 0.000000 10.000000 2 2 29:0:0,29:0:0,29:0:0,29:0:0,15:4:33,29:0:0,29:0:0,29:0:0,29:0:0, 62699.dat
