9 0 -0.000000 -1.000000 0.000000 1.000000 -0.000000 0.000000 0.000000 0.000000 1.000000 -0.085875 -5.117325 -1.484250 2.936025 12.876999 13.734250 62696.dat
9 0 1.000000 0.000000 0.000000 0.000000 1.000000 0.000000 0.000000 0.000000 1.000000 -13.792725 9.050501 -1.734325 0.720550 11.559475 7.923900 62696.dat
9 0 0.000000 0.087398 -0.996174 0.000000 0.996174 0.087398 1.000000 0.000000 0.000000 0.000000 18.638077 17.902925 2.623225 29.102749 8.487275 62696.dat
9 0 1.000000 0.000000 0.000000 0.000000 1.000000 0.000000 0.000000 0.000000 1.000000 13.597276 9.050501 -1.711700 0.720550 11.559475 7.925250 62696.dat
9 0 0.766044 0.000000 0.642788 0.000000 1.000000 0.000000 -0.642788 0.000000 0.766044 5.603875 7.448925 15.301550 1.173575 9.957900 11.334575 62696.dat
9 0 0.766044 0.000000 -0.642788 0.000000 1.000000 0.000000 0.642788 0.000000 0.766044 -5.513050 7.448925 15.225349 1.173575 9.957900 11.334575 62696.dat
10 0 -16.498051 -51.848251 -27.223501 16.773975 10.093425 16.435425 62696.dat
2 22 1.000000 0.000000 0.000000 0.000000 1.000000 0.000000 0.000000 0.000000 1.000000 -10.000000 -2.000000 10.000000 2 2 29:0:0,29:0:0,29:0:0,29:0:0,5:4:33,29:0:0,29:0:0,29:0:0,29:0:0, 62696.dat
