9 0 -1.000000 0.000000 -0.000000 0.000000 1.000000 0.000000 0.000000 0.000000 -1.000000 1.125000 -6.505025 0.000000 0.875000 13.225100 4.428275 62691.dat
9 0 1.000000 0.000000 0.000000 0.000000 1.000000 0.000000 -0.000000 0.000000 1.000000 11.375000 -14.764400 0.000004 0.875000 4.965725 4.428275 62691.dat
9 0 -0.000000 0.000000 1.000000 -0.227362 0.973810 -0.000000 -0.973810 -0.227362 -0.000000 5.508748 -12.877899 5.313702 0.875000 5.505125 4.024750 62691.dat
9 0 -1.000000 0.000000 -0.000000 0.000000 1.000000 0.000000 0.000000 0.000000 -1.000000 5.195175 -5.407175 0.000002 4.945200 6.292825 4.428275 62691.dat
9 0 -0.445839 -0.895113 -0.000000 -0.895113 0.445839 -0.000000 0.000000 0.000000 -1.000000 5.300075 2.687275 0.000002 2.367475 4.397225 4.882850 62691.dat
9 0 0.000000 0.000000 -1.000000 -0.227362 0.973810 -0.000000 0.973810 0.227362 0.000000 5.508752 -12.877899 -5.313698 0.875000 5.505125 4.024750 62691.dat
10 0 -14.166350 -7.448325 -7.824550 3.750000 24.449999 7.824550 62691.dat
3 23 -1.000000 0.000000 -0.000000 0.000000 1.000000 0.000000 0.000000 0.000000 -1.000000 16.250002 -20.000000 -9.999995 2 2 29:0:0,29:0:0,29:0:0,29:0:0,1:4:38,29:0:0,29:0:0,29:0:0,29:0:0, 62691.dat
6 15 0.000000 1.000000 0.000000 1.000000 -0.000000 0.000000 0.000000 0.000000 -1.000000 -3.750000 0.000000 -0.000001 0.000000 0.000000 0.000000 0.000000 1 62691.dat
0 6 0.000000 0.000000 -1.000000 0.000000 1.000000 0.000000 1.000000 0.000000 0.000000 6.250000 -11.950000 0.000002 1 0 0.500000 0 0 62691.dat
