9 0 -1.000000 -0.000001 0.000000 0.000001 -1.000000 0.000000 0.000000 0.000000 1.000000 -4.770003 4.769997 -7.047625 1.793100 1.793100 6.797625 62701.dat
9 0 -1.000000 -0.000001 0.000000 0.000001 -1.000000 0.000000 0.000000 0.000000 1.000000 4.772128 -4.772122 -7.054225 1.795250 1.795250 6.804225 62701.dat
9 0 -1.000000 -0.000001 0.000000 0.000001 -1.000000 0.000000 0.000000 0.000000 1.000000 -4.775822 -4.775828 -7.065675 1.798950 1.798950 6.815675 62701.dat
9 0 -1.000000 -0.000001 0.000000 0.000001 -1.000000 0.000000 0.000000 0.000000 1.000000 4.768647 4.768653 -7.043525 1.791775 1.791775 6.793525 62701.dat
9 0 -1.000000 -0.000001 0.000000 0.000001 -1.000000 0.000000 0.000000 0.000000 1.000000 0.000005 -7.594125 -7.406225 3.230250 1.219125 7.156225 62701.dat
9 0 -1.000000 -0.000001 0.000000 0.000001 -1.000000 0.000000 0.000000 0.000000 1.000000 -0.000005 7.539975 -7.406225 3.809250 1.129300 7.156225 62701.dat
9 0 0.000001 -1.000000 0.000000 1.000000 0.000001 0.000000 0.000000 0.000000 1.000000 -7.556150 -0.000005 -7.406225 3.585750 1.171100 7.156225 62701.dat
9 0 0.000001 -1.000000 0.000000 1.000000 0.000001 0.000000 0.000000 0.000000 1.000000 7.504300 0.000005 -7.406225 3.848575 1.129300 7.156225 62701.dat
9 0 -0.707107 0.707106 0.000000 -0.707106 -0.707107 0.000000 0.000000 0.000000 1.000000 0.000000 0.000000 -12.406225 6.836350 6.836350 2.156225 62701.dat
9 0 -0.766045 0.642787 0.000000 -0.642787 -0.766045 0.000000 0.000000 0.000000 1.000000 20.194811 -16.945436 -18.856050 1.578325 10.010600 0.893950 62701.dat
9 0 -1.000000 -0.000001 0.000000 0.000001 -1.000000 0.000000 0.000000 0.000000 1.000000 26.362499 0.000017 -18.856050 1.578325 10.010600 0.893950 62701.dat
9 0 -0.766044 -0.642788 0.000000 0.642788 -0.766044 0.000000 0.000000 0.000000 1.000000 20.194790 16.945463 -18.856050 1.578325 10.010600 0.893950 62701.dat
9 0 -0.173648 -0.984808 0.000000 0.984808 -0.173648 0.000000 0.000000 0.000000 1.000000 4.577758 25.962004 -18.856050 1.578325 10.010600 0.893950 62701.dat
9 0 0.500001 -0.866025 0.000000 0.866025 0.500001 0.000000 0.000000 0.000000 1.000000 -13.181239 22.830542 -18.856050 1.578325 10.010600 0.893950 62701.dat
9 0 0.939693 -0.342020 0.000000 0.342020 0.939693 0.000000 0.000000 0.000000 1.000000 -24.772606 9.016459 -18.856050 1.578325 10.010600 0.893950 62701.dat
9 0 -0.173649 0.984808 0.000000 -0.984808 -0.173649 0.000000 0.000000 0.000000 1.000000 4.577816 -25.961998 -18.856050 1.578325 10.010600 0.893950 62701.dat
9 0 0.500000 0.866026 0.000000 -0.866026 0.500000 0.000000 0.000000 0.000000 1.000000 -13.181210 -22.830559 -18.856050 1.578325 10.010600 0.893950 62701.dat
9 0 0.939692 0.342021 0.000000 -0.342021 0.939692 0.000000 0.000000 0.000000 1.000000 -24.772593 -9.016516 -18.856050 1.578325 10.010600 0.893950 62701.dat
9 0 0.856427 0.311715 0.411542 -0.342021 0.939692 -0.000000 -0.386723 -0.140756 0.911391 -12.160296 -4.426007 -16.326300 5.752800 2.250000 0.717375 62701.dat
9 0 0.939692 0.342021 -0.000588 -0.342021 0.939692 -0.000000 0.000552 0.000201 1.000000 -22.003546 -8.008664 -18.824150 5.152700 2.250000 0.601075 62701.dat
9 0 0.455695 0.789288 0.411542 -0.866026 0.499999 0.000000 -0.205770 -0.356406 0.911391 -6.470344 -11.207004 -16.326300 5.752800 2.250000 0.717375 62701.dat
9 0 0.499999 0.866026 -0.000588 -0.866026 0.499999 -0.000000 0.000294 0.000510 1.000000 -11.707837 -20.278606 -18.824150 5.152700 2.250000 0.601075 62701.dat
9 0 -0.158262 0.897545 0.411542 -0.984808 -0.173649 0.000000 0.071464 -0.405290 0.911391 2.247133 -12.744124 -16.326300 5.752800 2.250000 0.717375 62701.dat
9 0 -0.173649 0.984807 -0.000588 -0.984808 -0.173649 0.000000 -0.000102 0.000579 1.000000 4.066114 -23.059946 -18.824150 5.152675 2.250000 0.601075 62701.dat
9 0 -0.158261 -0.897545 0.411542 0.984808 -0.173648 -0.000000 0.071464 0.405290 0.911391 2.247117 12.744127 -16.326300 5.752800 2.250000 0.717375 62701.dat
9 0 -0.173648 -0.984808 -0.000588 0.984808 -0.173648 -0.000000 -0.000102 -0.000579 1.000000 4.066085 23.059952 -18.824150 5.152675 2.250000 0.601075 62701.dat
9 0 0.455696 -0.789287 0.411542 0.866025 0.500000 -0.000000 -0.205771 0.356406 0.911391 -6.470357 11.206997 -16.326300 5.752800 2.250000 0.717375 62701.dat
9 0 0.500000 -0.866025 -0.000588 0.866025 0.500001 0.000000 0.000294 -0.000510 1.000000 -11.707863 20.278593 -18.824150 5.152700 2.250000 0.601075 62701.dat
9 0 0.856427 -0.311714 0.411542 0.342020 0.939693 0.000000 -0.386723 0.140756 0.911391 -12.160303 4.425992 -16.326300 5.752800 2.250000 0.717375 62701.dat
9 0 0.939693 -0.342020 -0.000588 0.342020 0.939693 0.000000 0.000552 -0.000201 1.000000 -22.003553 8.008636 -18.824150 5.152700 2.250000 0.601075 62701.dat
9 0 -0.698166 0.585830 0.411542 -0.642787 -0.766045 0.000000 0.315260 -0.264534 0.911391 9.913180 -8.318119 -16.326300 5.752800 2.250000 0.717375 62701.dat
9 0 -0.766045 0.642787 -0.000588 -0.642787 -0.766045 -0.000000 -0.000451 0.000378 1.000000 17.937485 -15.051312 -18.824150 5.152675 2.250000 0.601075 62701.dat
9 0 -0.911391 -0.000001 0.411542 0.000001 -1.000000 0.000000 0.411542 0.000000 0.911391 12.940725 0.000008 -16.326300 5.752800 2.250000 0.717375 62701.dat
9 0 -1.000000 -0.000001 0.000000 0.000001 -1.000000 0.000000 0.000000 0.000000 1.000000 23.415699 0.000015 -18.824150 5.152700 2.250000 0.601075 62701.dat
9 0 -0.698165 -0.585831 0.411542 0.642788 -0.766044 -0.000000 0.315259 0.264534 0.911391 9.913170 8.318130 -16.326300 5.752800 2.250000 0.717375 62701.dat
9 0 -0.766044 -0.642788 -0.000588 0.642788 -0.766044 0.000000 -0.000451 -0.000378 1.000000 17.937466 15.051336 -18.824150 5.152675 2.250000 0.601075 62701.dat
10 0 -30.000002 -29.544249 0.000000 30.000002 29.544249 20.149826 62701.dat
0 4 0.000001 -1.000000 0.000000 -0.000000 0.000000 1.000000 -1.000000 -0.000001 -0.000000 0.000000 0.000000 0.000000 0 1 0.400000 0 0 62701.dat
