9 0 -1.000000 0.000000 -0.000000 0.000000 1.000000 0.000000 0.000000 0.000000 -1.000000 -13.262597 12.000000 -0.000007 6.487400 11.750000 19.750000 62712.dat
9 0 -1.000000 0.000000 -0.000000 0.000000 1.000000 0.000000 0.000000 0.000000 -1.000000 13.262603 12.000000 0.000001 6.487400 11.750000 19.750000 62712.dat
9 0 0.000000 0.000000 -1.000000 0.000000 1.000000 0.000000 1.000000 0.000000 0.000000 0.000007 12.000000 -13.262603 6.487400 11.750000 19.750000 62712.dat
9 0 0.000000 0.000000 -1.000000 0.000000 1.000000 0.000000 1.000000 0.000000 0.000000 -0.000001 12.000000 13.265246 6.487400 11.750000 19.750000 62712.dat
9 0 0.000000 0.000000 -1.000000 0.000000 1.000000 0.000000 1.000000 0.000000 0.000000 -4.187498 8.250000 4.187496 1.687500 8.000000 1.687500 62712.dat
9 0 0.000000 0.000000 -1.000000 0.000000 1.000000 0.000000 1.000000 0.000000 0.000000 -4.187495 8.250000 -4.187504 1.687500 8.000000 1.687500 62712.dat
9 0 0.000000 0.000000 -1.000000 0.000000 1.000000 0.000000 1.000000 0.000000 0.000000 4.187505 8.250000 -4.187501 1.687500 8.000000 1.687500 62712.dat
9 0 0.000000 0.000000 -1.000000 0.000000 1.000000 0.000000 1.000000 0.000000 0.000000 4.187502 8.250000 4.187498 1.687500 8.000000 1.687500 62712.dat
9 0 -1.000000 0.000000 -0.000000 0.000000 1.000000 0.000000 0.000000 0.000000 -1.000000 25.718653 9.500000 0.000005 1.406150 9.000000 19.750000 62712.dat
9 0 -1.000000 0.000000 -0.000000 0.000000 1.000000 0.000000 0.000000 0.000000 -1.000000 22.031260 9.500000 -18.124998 1.781250 9.000000 1.625000 62712.dat
9 0 -1.000000 0.000000 -0.000000 0.000000 1.000000 0.000000 0.000000 0.000000 -1.000000 22.031248 9.500000 18.127680 1.781250 9.000000 1.625000 62712.dat
9 0 -1.000000 0.000000 -0.000000 0.000000 1.000000 0.000000 0.000000 0.000000 -1.000000 22.031254 2.468750 0.001329 1.781250 1.968750 16.001350 62712.dat
9 0 -0.957791 0.287464 -0.000000 0.287464 0.957791 0.000000 0.000000 0.000000 -1.000000 27.378458 5.684425 -15.018246 0.601300 4.176500 4.711175 62712.dat
9 0 -0.957792 -0.287461 -0.000000 -0.287461 0.957792 -0.000000 0.000000 0.000000 -1.000000 27.561182 13.340700 -15.018246 0.601300 4.176500 4.711175 62712.dat
9 0 -0.957791 0.287464 -0.000000 0.287464 0.957791 0.000000 0.000000 0.000000 -1.000000 27.378448 5.684425 15.023206 0.601300 4.176500 4.711175 62712.dat
9 0 -0.957792 -0.287461 -0.000000 -0.287461 0.957792 -0.000000 0.000000 0.000000 -1.000000 27.561172 13.340700 15.023206 0.601300 4.176500 4.711175 62712.dat
9 0 -0.988081 0.153934 -0.000000 0.153934 0.988081 0.000000 0.000000 0.000000 -1.000000 27.272602 16.565926 0.001331 1.426950 2.093750 16.001350 62712.dat
9 0 -1.000000 0.000000 -0.000000 0.000000 1.000000 0.000000 0.000000 0.000000 -1.000000 34.077759 1.049350 -13.674018 5.609450 0.450625 3.145425 62712.dat
9 0 -1.000000 0.000000 -0.000000 0.000000 1.000000 0.000000 0.000000 0.000000 -1.000000 34.077747 1.049350 13.983583 5.609450 0.450625 3.145425 62712.dat
9 0 -0.985708 0.000000 -0.168465 0.000000 1.000000 0.000000 0.168465 0.000000 -0.985708 34.077759 17.976549 -14.900467 5.609450 0.476550 3.145425 62712.dat
9 0 -0.990461 0.000000 0.137794 0.000000 1.000000 0.000000 -0.137794 0.000000 -0.990461 34.077724 17.976549 14.729433 5.609450 0.476550 3.145425 62712.dat
9 0 -0.923880 0.382683 -0.000000 0.382683 0.923880 0.000000 0.000000 0.000000 -1.000000 43.417500 16.137049 14.225662 4.242675 0.698525 1.968600 62712.dat
9 0 0.000000 1.000000 0.000000 1.000000 -0.000000 0.000000 0.000000 0.000000 -1.000000 47.549999 9.391050 14.223462 4.857600 0.778950 1.970800 62712.dat
9 0 0.933168 0.359440 0.000000 0.359440 -0.933168 0.000000 0.000000 0.000000 -1.000000 43.004501 2.645099 14.223461 4.242675 0.722150 1.970800 62712.dat
9 0 -0.923880 0.382683 -0.000000 0.382683 0.923880 0.000000 0.000000 0.000000 -1.000000 43.417507 16.137049 -14.171616 4.242675 0.698525 1.879275 62712.dat
9 0 0.000000 1.000000 0.000000 1.000000 -0.000000 0.000000 0.000000 0.000000 -1.000000 47.550007 9.391050 -14.150437 4.857600 0.778950 1.900450 62712.dat
9 0 0.933168 0.359440 0.000000 0.359440 -0.933168 0.000000 0.000000 0.000000 -1.000000 43.004509 2.645099 -14.150440 4.242675 0.722150 1.900450 62712.dat
9 0 0.000000 0.000000 -1.000000 0.000000 1.000000 0.000000 1.000000 0.000000 0.000000 29.216757 1.784299 -13.200342 5.521550 1.103075 3.145425 62712.dat
9 0 0.000000 0.000000 -1.000000 0.000000 1.000000 0.000000 1.000000 0.000000 0.000000 29.216749 1.784299 13.440307 5.521550 1.103075 3.145425 62712.dat
9 0 -1.000000 0.000000 -0.000000 0.000000 1.000000 0.000000 0.000000 0.000000 -1.000000 32.253506 9.375000 -12.720767 0.368975 2.911025 0.470775 62712.dat
9 0 -0.685145 -0.728407 -0.000000 -0.728407 0.685145 -0.000000 0.000000 0.000000 -1.000000 34.800182 3.789875 -12.720767 0.390575 2.911025 0.470775 62712.dat
9 0 -0.646600 0.762829 -0.000000 0.762829 0.646600 0.000000 0.000000 0.000000 -1.000000 34.901981 15.321699 -12.720767 0.376075 2.911025 0.470775 62712.dat
9 0 -0.685145 -0.728407 -0.000000 -0.728407 0.685145 -0.000000 0.000000 0.000000 -1.000000 34.800175 3.789875 14.593184 0.390575 2.911025 2.340525 62712.dat
9 0 -0.646600 0.762829 -0.000000 0.762829 0.646600 0.000000 0.000000 0.000000 -1.000000 34.901974 15.321699 12.742008 0.376075 2.911025 0.489325 62712.dat
9 0 0.978698 0.000000 0.205305 0.000000 1.000000 0.000000 -0.205305 0.000000 0.978698 30.755577 9.500000 10.302882 1.125175 2.616900 0.550825 62712.dat
10 0 -39.224998 0.000000 -30.000002 30.000002 28.450001 10.002675 62712.dat
3 23 -1.000000 0.000000 -0.000000 0.000000 1.000000 0.000000 0.000000 0.000000 -1.000000 20.000011 0.000000 -19.999998 4 4 29:0:1,23:4:1,18:2:1,23:4:1,18:1:1,23:4:1,0:4:0,23:4:1,0:4:0,23:4:1,29:0:1,23:4:1,18:4:1,23:4:1,18:2:1,23:4:1,0:4:0,23:4:1,0:4:0,23:4:1,29:0:1,23:4:1,18:2:1,23:4:1,18:1:1, 62712.dat
2 22 -1.000000 0.000000 -0.000000 0.000000 1.000000 0.000000 0.000000 0.000000 -1.000000 20.000011 24.000000 -19.999998 4 4 22:1:1,22:2:1,22:2:1,22:2:1,22:1:1,22:2:1,15:4:2,23:4:1,15:4:2,22:2:1,22:2:1,23:4:1,7:4:0,23:4:1,22:2:1,22:2:1,15:4:2,23:4:1,15:4:2,22:2:1,22:1:1,22:2:1,22:2:1,22:2:1,22:1:1, 62712.dat
0 4 0.000000 0.000000 -1.000000 0.000000 1.000000 0.000000 1.000000 0.000000 0.000000 0.000003 16.500000 -0.000003 0 0 0.660000 0 0 62712.dat
1 4 0.000000 0.000000 -1.000000 -1.000000 -0.000000 -0.000000 -0.000000 1.000000 0.000000 40.000004 9.500000 -0.001315 62712.dat
0 2 0.000000 1.000000 0.000000 -0.000000 -0.000000 1.000000 1.000000 0.000000 0.000000 40.000008 9.500000 -9.999990 0 0 0.400000 0 0 62712.dat
0 2 0.000000 1.000000 -0.000000 0.000000 -0.000000 -1.000000 -1.000000 0.000000 -0.000000 40.000000 9.500000 10.002685 0 0 0.400000 0 0 62712.dat
6 164 -0.000000 0.000000 1.000000 0.000000 -1.000000 0.000000 1.000000 0.000000 0.000000 40.000004 9.500000 0.000010 0.000000 0.000000 0.000000 0.000000 0 62712.dat
