9 0 1.000000 0.000000 0.000000 0.000000 1.000000 0.000000 0.000000 0.000000 1.000000 0.000000 -3.561375 0.000000 11.000000 2.492925 11.000000 62810.dat
9 0 1.000000 0.000000 0.000000 0.000000 1.000000 0.000000 0.000000 0.000000 1.000000 13.038100 4.241225 0.000000 0.288100 4.809675 5.139350 62810.dat
9 0 0.707107 0.000000 0.707107 0.000000 1.000000 0.000000 -0.707107 0.000000 0.707107 9.445925 7.553550 9.445925 0.608550 8.122025 5.139350 62810.dat
9 0 -0.000000 0.000000 1.000000 0.000000 1.000000 0.000000 -1.000000 0.000000 -0.000000 0.000000 7.553550 13.698900 0.948900 8.122025 5.139350 62810.dat
9 0 -0.707107 0.000000 0.707107 0.000000 1.000000 0.000000 -0.707107 0.000000 -0.707107 -9.381275 7.553550 9.381275 0.517125 8.122025 5.139350 62810.dat
9 0 -1.000000 0.000000 -0.000000 0.000000 1.000000 0.000000 0.000000 0.000000 -1.000000 -13.090651 4.241225 0.000000 0.340650 4.809675 5.139350 62810.dat
9 0 -0.707107 0.000000 -0.707107 0.000000 1.000000 0.000000 0.707107 0.000000 -0.707107 -9.147225 1.461000 -9.147225 0.186125 2.029475 5.139350 62810.dat
9 0 -0.000000 0.000000 -1.000000 0.000000 1.000000 0.000000 1.000000 0.000000 -0.000000 0.000000 1.400750 -13.698900 0.948900 1.969225 5.139350 62810.dat
9 0 0.707107 0.000000 -0.707107 0.000000 1.000000 0.000000 0.707107 0.000000 0.707107 9.271399 2.705150 -9.271399 0.361725 3.273625 5.139350 62810.dat
10 0 -14.778900 -17.229000 -16.237150 14.644700 8.735075 17.069300 62810.dat
2 22 1.000000 0.000000 0.000000 0.000000 1.000000 0.000000 0.000000 0.000000 1.000000 -10.000000 0.000000 10.000000 2 2 29:0:0,29:0:0,29:0:0,29:0:0,5:4:33,29:0:0,29:0:0,29:0:0,29:0:0, 62810.dat
