9 0 0.000000 -1.000000 0.000000 1.000000 0.000000 0.000000 0.000000 0.000000 1.000000 -0.000010 31.140249 26.999998 2.765275 10.512975 0.250000 62821.dat
9 0 -0.707107 -0.707107 0.000000 0.707107 -0.707107 0.000000 0.000000 0.000000 1.000000 22.019491 22.019506 26.999998 2.765275 10.512975 0.250000 62821.dat
9 0 -1.000000 -0.000000 0.000000 0.000000 -1.000000 0.000000 0.000000 0.000000 1.000000 31.140249 0.000010 26.999998 2.765275 10.512975 0.250000 62821.dat
9 0 -0.707107 0.707107 0.000000 -0.707107 -0.707107 0.000000 0.000000 0.000000 1.000000 22.019506 -22.019491 26.999998 2.765275 10.512975 0.250000 62821.dat
9 0 -0.000000 1.000000 0.000000 -1.000000 -0.000000 0.000000 0.000000 0.000000 1.000000 0.000010 -31.140249 26.999998 2.765275 10.512975 0.250000 62821.dat
9 0 0.707107 0.707107 0.000000 -0.707107 0.707107 0.000000 0.000000 0.000000 1.000000 -22.019491 -22.019506 26.999998 2.765275 10.512975 0.250000 62821.dat
9 0 1.000000 0.000000 0.000000 -0.000000 1.000000 0.000000 0.000000 0.000000 1.000000 -31.140249 -0.000010 26.999998 2.765275 10.512975 0.250000 62821.dat
9 0 0.707107 -0.707107 0.000000 0.707107 0.707107 0.000000 0.000000 0.000000 1.000000 -22.019506 22.019491 26.999998 2.765275 10.512975 0.250000 62821.dat
9 0 0.000000 -1.000000 0.000000 1.000000 0.000000 0.000000 0.000000 0.000000 1.000000 33.284248 0.000010 24.181498 0.979750 2.708700 1.943525 62821.dat
9 0 -0.222521 -0.974928 0.000000 0.974928 -0.222521 0.000000 0.000000 0.000000 1.000000 32.449753 -7.406440 24.181498 0.979750 2.708700 1.943525 62821.dat
9 0 -0.433883 -0.900969 0.000000 0.900969 -0.433883 0.000000 0.000000 0.000000 1.000000 29.988007 -14.441492 24.181498 0.979750 2.708700 1.943525 62821.dat
9 0 -0.623490 -0.781832 0.000000 0.781832 -0.623490 0.000000 0.000000 0.000000 1.000000 26.022757 -20.752392 24.181498 0.979750 2.708700 1.943525 62821.dat
9 0 -0.781831 -0.623490 0.000000 0.623490 -0.781831 0.000000 0.000000 0.000000 1.000000 20.752407 -26.022743 24.181498 0.979750 2.708700 1.943525 62821.dat
9 0 -0.900969 -0.433884 0.000000 0.433884 -0.900969 0.000000 0.000000 0.000000 1.000000 14.441509 -29.987993 24.181498 0.979750 2.708700 1.943525 62821.dat
9 0 -0.974928 -0.222521 0.000000 0.222521 -0.974928 0.000000 0.000000 0.000000 1.000000 7.406460 -32.449745 24.181498 0.979750 2.708700 1.943525 62821.dat
9 0 -1.000000 -0.000000 0.000000 0.000000 -1.000000 0.000000 0.000000 0.000000 1.000000 0.000010 -33.284248 24.181498 0.979750 2.708700 1.943525 62821.dat
9 0 -0.974928 0.222521 0.000000 -0.222521 -0.974928 0.000000 0.000000 0.000000 1.000000 -7.406440 -32.449753 24.181498 0.979750 2.708700 1.943525 62821.dat
9 0 -0.900969 0.433884 0.000000 -0.433884 -0.900969 0.000000 0.000000 0.000000 1.000000 -14.441492 -29.988007 24.181498 0.979750 2.708700 1.943525 62821.dat
9 0 -0.781832 0.623490 0.000000 -0.623490 -0.781832 0.000000 0.000000 0.000000 1.000000 -20.752392 -26.022757 24.181498 0.979750 2.708700 1.943525 62821.dat
9 0 -0.623490 0.781831 0.000000 -0.781831 -0.623490 0.000000 0.000000 0.000000 1.000000 -26.022743 -20.752407 24.181498 0.979750 2.708700 1.943525 62821.dat
9 0 -0.433884 0.900969 0.000000 -0.900969 -0.433884 0.000000 0.000000 0.000000 1.000000 -29.987993 -14.441509 24.181498 0.979750 2.708700 1.943525 62821.dat
9 0 -0.222521 0.974928 0.000000 -0.974928 -0.222521 0.000000 0.000000 0.000000 1.000000 -32.449745 -7.406460 24.181498 0.979750 2.708700 1.943525 62821.dat
9 0 -0.000000 1.000000 0.000000 -1.000000 -0.000000 0.000000 0.000000 0.000000 1.000000 -33.284248 -0.000010 24.181498 0.979750 2.708700 1.943525 62821.dat
9 0 0.222521 0.974928 0.000000 -0.974928 0.222521 0.000000 0.000000 0.000000 1.000000 -32.449753 7.406440 24.181498 0.979750 2.708700 1.943525 62821.dat
9 0 0.433883 0.900969 0.000000 -0.900969 0.433883 0.000000 0.000000 0.000000 1.000000 -29.988007 14.441492 24.181498 0.979750 2.708700 1.943525 62821.dat
9 0 0.623489 0.781832 0.000000 -0.781832 0.623489 0.000000 0.000000 0.000000 1.000000 -26.022757 20.752392 24.181498 0.979750 2.708700 1.943525 62821.dat
9 0 0.781831 0.623490 0.000000 -0.623490 0.781831 0.000000 0.000000 0.000000 1.000000 -20.752407 26.022743 24.181498 0.979750 2.708700 1.943525 62821.dat
9 0 0.900969 0.433884 0.000000 -0.433884 0.900969 0.000000 0.000000 0.000000 1.000000 -14.441509 29.987993 24.181498 0.979750 2.708700 1.943525 62821.dat
9 0 0.974928 0.222521 0.000000 -0.222521 0.974928 0.000000 0.000000 0.000000 1.000000 -7.406460 32.449745 24.181498 0.979750 2.708700 1.943525 62821.dat
9 0 1.000000 0.000000 0.000000 -0.000000 1.000000 0.000000 0.000000 0.000000 1.000000 -0.000010 33.284248 24.181498 0.979750 2.708700 1.943525 62821.dat
9 0 0.974928 -0.222521 0.000000 0.222521 0.974928 0.000000 0.000000 0.000000 1.000000 7.406440 32.449753 24.181498 0.979750 2.708700 1.943525 62821.dat
9 0 0.900969 -0.433883 0.000000 0.433883 0.900969 0.000000 0.000000 0.000000 1.000000 14.441492 29.988007 24.181498 0.979750 2.708700 1.943525 62821.dat
9 0 0.781832 -0.623490 0.000000 0.623490 0.781832 0.000000 0.000000 0.000000 1.000000 20.752392 26.022757 24.181498 0.979750 2.708700 1.943525 62821.dat
9 0 0.623490 -0.781831 0.000000 0.781831 0.623490 0.000000 0.000000 0.000000 1.000000 26.022743 20.752407 24.181498 0.979750 2.708700 1.943525 62821.dat
9 0 0.433884 -0.900969 0.000000 0.900969 0.433884 0.000000 0.000000 0.000000 1.000000 29.987993 14.441509 24.181498 0.979750 2.708700 1.943525 62821.dat
9 0 0.222521 -0.974928 0.000000 0.974928 0.222521 0.000000 0.000000 0.000000 1.000000 32.449745 7.406460 24.181498 0.979750 2.708700 1.943525 62821.dat
9 0 0.000000 -1.000000 0.000000 1.000000 0.000000 0.000000 0.000000 0.000000 1.000000 -0.000007 21.098974 1.187497 0.848975 11.250000 18.687500 62821.dat
9 0 0.000000 -1.000000 0.000000 1.000000 0.000000 0.000000 0.000000 0.000000 1.000000 -0.000003 10.000000 -8.750001 9.750000 11.250000 1.000000 62821.dat
9 0 0.000000 -1.000000 0.000000 1.000000 0.000000 0.000000 0.000000 0.000000 1.000000 -0.000003 10.000000 8.749998 9.750000 11.250000 1.000000 62821.dat
9 0 0.000000 -1.000000 0.000000 1.000000 0.000000 0.000000 0.000000 0.000000 1.000000 9.999997 10.000003 0.000000 9.750000 1.250000 7.250000 62821.dat
9 0 0.000000 -1.000000 0.000000 1.000000 0.000000 0.000000 0.000000 0.000000 1.000000 0.000005 -15.750000 0.000000 4.000000 2.401650 2.401650 62821.dat
9 0 0.000000 -1.000000 0.000000 1.000000 0.000000 0.000000 0.000000 0.000000 1.000000 0.000007 -21.098999 2.437499 0.848975 11.250000 19.937500 62821.dat
9 0 -1.000000 -0.000000 0.000000 0.000000 -1.000000 0.000000 0.000000 0.000000 1.000000 -8.376200 -0.000003 -26.062500 0.186050 2.666625 3.687500 62821.dat
9 0 0.000000 -1.000000 0.000000 1.000000 0.000000 0.000000 0.000000 0.000000 1.000000 0.000007 -22.467651 -23.875002 0.217650 9.250100 5.875000 62821.dat
9 0 -0.707107 -0.707107 0.000000 0.707107 -0.707107 0.000000 0.000000 0.000000 1.000000 -15.887020 -15.887030 -25.062502 0.217650 9.250100 4.687500 62821.dat
9 0 -1.000000 -0.000000 0.000000 0.000000 -1.000000 0.000000 0.000000 0.000000 1.000000 -22.467651 -0.000007 -26.062500 0.217650 9.250100 3.687500 62821.dat
9 0 -0.707107 0.707107 0.000000 -0.707107 -0.707107 0.000000 0.000000 0.000000 1.000000 -15.887030 15.887020 -25.062502 0.217650 9.250100 4.687500 62821.dat
9 0 -0.000000 1.000000 0.000000 -1.000000 -0.000000 0.000000 0.000000 0.000000 1.000000 -0.000007 22.467651 -23.875002 0.217650 9.250100 5.875000 62821.dat
9 0 0.707107 0.707107 0.000000 -0.707107 0.707107 0.000000 0.000000 0.000000 1.000000 15.887020 15.887030 -23.875002 0.217650 9.250100 5.875000 62821.dat
9 0 1.000000 0.000000 0.000000 -0.000000 1.000000 0.000000 0.000000 0.000000 1.000000 22.467651 0.000007 -23.875002 0.217650 9.250100 5.875000 62821.dat
9 0 0.707107 -0.707107 0.000000 0.707107 0.707107 0.000000 0.000000 0.000000 1.000000 15.887030 -15.887020 -23.875002 0.217650 9.250100 5.875000 62821.dat
9 0 -0.707107 -0.707107 0.000000 0.707107 -0.707107 0.000000 0.000000 0.000000 1.000000 -10.304247 -10.304278 -23.312500 6.894150 11.351250 0.937500 62821.dat
9 0 -0.707107 0.707107 0.000000 -0.707107 -0.707107 0.000000 0.000000 0.000000 1.000000 -10.304278 10.304247 -23.312500 6.894150 11.351250 0.937500 62821.dat
9 0 0.707107 0.707107 0.000000 -0.707107 0.707107 0.000000 0.000000 0.000000 1.000000 11.113397 11.113429 -20.187500 4.358600 11.351250 2.187500 62821.dat
9 0 0.707107 -0.707107 0.000000 0.707107 0.707107 0.000000 0.000000 0.000000 1.000000 11.113429 -11.113397 -20.187500 4.358600 11.351250 2.187500 62821.dat
9 0 -0.707107 -0.707107 0.000000 0.707107 -0.707107 0.000000 0.000000 0.000000 1.000000 11.857021 11.857004 21.625000 5.448850 10.145850 3.375000 62821.dat
9 0 -0.707107 0.707107 0.000000 -0.707107 -0.707107 0.000000 0.000000 0.000000 1.000000 11.857004 -11.857021 21.625000 5.448850 10.145850 3.375000 62821.dat
9 0 0.707107 0.707107 0.000000 -0.707107 0.707107 0.000000 0.000000 0.000000 1.000000 -12.457147 -12.457129 23.624998 8.117050 14.938925 1.375000 62821.dat
9 0 0.707107 -0.707107 0.000000 0.707107 0.707107 0.000000 0.000000 0.000000 1.000000 -12.457129 12.457147 23.624998 8.117050 14.938925 1.375000 62821.dat
9 0 -1.000000 -0.000000 0.000000 0.000000 -1.000000 0.000000 0.000000 0.000000 1.000000 -8.376200 -0.000003 26.000000 0.186050 2.666625 3.750000 62821.dat
9 0 -0.707107 0.707107 0.000000 -0.707107 -0.707107 0.000000 0.000000 0.000000 1.000000 -5.922852 5.922848 26.000000 0.186050 2.666625 3.750000 62821.dat
9 0 -0.707107 0.707107 0.000000 -0.707107 -0.707107 0.000000 0.000000 0.000000 1.000000 -5.922852 5.922848 -26.062500 0.186050 2.666625 3.687500 62821.dat
9 0 -0.000000 1.000000 0.000000 -1.000000 -0.000000 0.000000 0.000000 0.000000 1.000000 -0.000003 8.376200 26.000000 0.186050 2.666625 3.750000 62821.dat
9 0 -0.000000 1.000000 0.000000 -1.000000 -0.000000 0.000000 0.000000 0.000000 1.000000 -0.000003 8.376200 -26.062500 0.186050 2.666625 3.687500 62821.dat
9 0 0.707107 0.707107 0.000000 -0.707107 0.707107 0.000000 0.000000 0.000000 1.000000 5.922848 5.922852 26.000000 0.186050 2.666625 3.750000 62821.dat
9 0 0.707107 0.707107 0.000000 -0.707107 0.707107 0.000000 0.000000 0.000000 1.000000 5.922848 5.922852 -26.062500 0.186050 2.666625 3.687500 62821.dat
9 0 1.000000 0.000000 0.000000 -0.000000 1.000000 0.000000 0.000000 0.000000 1.000000 8.376200 0.000003 26.000000 0.186050 2.666625 3.750000 62821.dat
9 0 1.000000 0.000000 0.000000 -0.000000 1.000000 0.000000 0.000000 0.000000 1.000000 8.376200 0.000003 -26.062500 0.186050 2.666625 3.687500 62821.dat
9 0 0.707107 -0.707107 0.000000 0.707107 0.707107 0.000000 0.000000 0.000000 1.000000 5.922852 -5.922848 26.000000 0.186050 2.666625 3.750000 62821.dat
9 0 0.707107 -0.707107 0.000000 0.707107 0.707107 0.000000 0.000000 0.000000 1.000000 5.922852 -5.922848 -26.062500 0.186050 2.666625 3.687500 62821.dat
9 0 0.000000 -1.000000 0.000000 1.000000 0.000000 0.000000 0.000000 0.000000 1.000000 0.000003 -8.376200 26.000000 0.186050 2.666625 3.750000 62821.dat
9 0 0.000000 -1.000000 0.000000 1.000000 0.000000 0.000000 0.000000 0.000000 1.000000 0.000003 -8.376200 -26.062500 0.186050 2.666625 3.687500 62821.dat
9 0 -0.707107 -0.707107 0.000000 0.707107 -0.707107 0.000000 0.000000 0.000000 1.000000 -5.922848 -5.922852 26.000000 0.186050 2.666625 3.750000 62821.dat
9 0 -0.707107 -0.707107 0.000000 0.707107 -0.707107 0.000000 0.000000 0.000000 1.000000 -5.922848 -5.922852 -26.062500 0.186050 2.666625 3.687500 62821.dat
10 0 -36.250000 -36.250000 -60.000004 36.250000 36.247250 0.000000 62821.dat
0 2 -1.000000 -0.000000 -0.000000 -0.000000 0.000000 1.000000 -0.000000 1.000000 -0.000000 0.000000 0.000000 30.000002 0 0 0.400000 0 0 62821.dat
0 2 1.000000 0.000000 -0.000000 -0.000000 -0.000000 -1.000000 -0.000000 1.000000 -0.000000 0.000000 0.000000 -30.000002 0 0 0.400000 0 0 62821.dat
0 7 -1.000000 -0.000000 0.000000 0.000000 -1.000000 0.000000 0.000000 0.000000 1.000000 0.000006 -20.000000 0.000000 1 0 0.360000 0 0 62821.dat
2 22 0.000000 -1.000000 0.000000 -0.000000 -0.000000 -1.000000 1.000000 0.000000 -0.000000 9.999997 10.000003 -30.000002 2 2 29:0:0,29:0:0,29:0:0,29:0:0,15:4:33,29:0:0,29:0:0,29:0:0,29:0:0, 62821.dat
5 13 0.000000 -1.000000 0.000000 1.000000 0.000000 0.000000 0.000000 0.000000 1.000000 0.000000 0.000000 25.000000 1.4 28 62821.dat
6 21 -1.000000 -0.000000 0.000000 -0.000000 1.000000 0.000000 -0.000000 0.000000 -1.000000 0.000005 -15.000001 0.000000 0.000000 0.000000 0.000000 0.000000 1 62821.dat
6 21 -1.000000 -0.000000 0.000000 -0.000000 0.000000 -1.000000 0.000000 -1.000000 -0.000000 0.000000 0.000000 14.999998 0.000000 0.000000 0.000000 0.000000 1 62821.dat
6 21 -1.000000 -0.000000 -0.000000 -0.000000 0.000000 1.000000 -0.000000 1.000000 -0.000000 0.000000 0.000000 -15.000001 0.000000 0.000000 0.000000 0.000000 1 62821.dat
