9 0 -1.000000 0.000000 -0.000000 0.000000 1.000000 0.000000 0.000000 0.000000 -1.000000 0.000075 3.986350 -0.000003 19.750000 3.763650 9.750000 63868.dat
9 0 -0.000000 0.000000 1.000000 -1.000000 -0.000000 -0.000000 0.000000 -1.000000 0.000000 22.613924 4.000000 0.000004 3.750000 2.363925 3.750000 63868.dat
9 0 -0.000001 -0.000000 1.000000 -0.986567 -0.163359 -0.000001 0.163359 -0.986567 -0.000000 29.238400 7.255675 0.000006 3.750000 4.500000 1.089375 63868.dat
9 0 -0.000001 -0.000000 1.000000 -0.973702 0.227827 -0.000001 -0.227827 -0.973702 -0.000000 29.444626 -3.319925 0.000006 3.750000 4.166600 1.060700 63868.dat
9 0 -0.000000 0.000000 1.000000 -0.740598 0.671949 -0.000000 -0.671949 -0.740598 -0.000000 24.575048 -0.774700 0.000005 3.750000 3.327700 1.283775 63868.dat
10 0 -24.250074 -1.388825 -10.000000 30.000002 13.779825 10.000000 63868.dat
0 6 0.000000 1.000000 0.000000 -0.000000 -0.000000 1.000000 1.000000 0.000000 0.000000 29.999998 1.800000 4.000006 0 0 0.320000 1 0 63868.dat
3 23 -1.000000 0.000000 -0.000000 0.000000 1.000000 0.000000 0.000000 0.000000 -1.000000 20.000004 0.000000 -9.999997 2 4 18:1:1,23:4:1,18:2:1,23:4:1,18:1:1,23:4:1,0:4:1,23:4:1,0:4:1,23:4:1,18:1:1,23:4:1,18:2:1,23:4:1,18:1:1, 63868.dat
2 22 -1.000000 0.000000 -0.000000 0.000000 1.000000 0.000000 0.000000 0.000000 -1.000000 20.000004 8.000000 -9.999997 2 4 22:1:1,22:2:1,22:2:1,22:2:1,22:1:1,22:2:1,15:4:1,9:4:1,15:4:1,22:2:1,22:1:1,22:2:1,22:2:1,22:2:1,22:1:1, 63868.dat
