9 0 -1.000000 0.000000 0.000000 -0.000000 0.000000 -1.000000 -0.000000 -1.000000 0.000000 0.000000 11.486925 0.000000 19.750000 9.750000 0.436950 63869.dat
9 0 -1.000000 -0.000000 -0.000000 0.000000 0.000000 -1.000000 0.000000 -1.000000 0.000000 0.000000 28.537500 0.000000 19.750000 9.750000 0.487500 63869.dat
9 0 -0.000000 1.000000 -0.000000 0.000000 -0.000000 -1.000000 -1.000000 0.000000 -0.000000 -10.000000 20.037500 0.000000 8.975000 9.750000 2.000000 63869.dat
9 0 -0.000000 1.000000 -0.000000 0.000000 -0.000000 -1.000000 -1.000000 0.000000 -0.000000 10.000001 20.037500 0.000000 8.975000 9.750000 2.000000 63869.dat
9 0 -1.000000 0.000000 -0.000000 0.000000 1.000000 0.000000 0.000000 0.000000 -1.000000 28.137499 20.000000 0.000000 0.137500 2.448725 9.750000 63869.dat
9 0 -0.766045 0.642787 -0.000000 0.642787 0.766045 0.000000 0.000000 -0.000000 -1.000000 26.233751 14.769324 0.000000 0.137500 2.448725 9.750000 63869.dat
9 0 -0.766045 -0.642787 -0.000000 -0.642787 0.766045 -0.000000 0.000000 0.000000 -1.000000 26.233751 25.230677 0.000000 0.137500 2.448725 9.750000 63869.dat
9 0 1.000000 0.000000 0.000000 0.000000 1.000000 0.000000 0.000000 0.000000 1.000000 -28.137499 20.000000 0.002850 0.137500 2.448725 9.747149 63869.dat
9 0 0.766044 0.642788 0.000000 -0.642788 0.766044 0.000000 0.000000 0.000000 1.000000 -26.233677 14.769324 0.002850 0.137500 2.448725 9.747149 63869.dat
9 0 0.766044 -0.642788 0.000000 0.642788 0.766044 0.000000 0.000000 0.000000 1.000000 -26.233677 25.230677 0.002850 0.137500 2.448725 9.747149 63869.dat
9 0 -0.000000 -1.000000 0.000000 1.000000 -0.000000 0.000000 0.000000 0.000000 1.000000 -8.374950 -7.105251 0.001525 0.730300 1.375050 4.016675 63869.dat
9 0 0.000000 0.500000 -0.866025 1.000000 0.000001 0.000001 0.000001 -0.866025 -0.500000 -8.374925 -3.518824 6.453101 0.394975 1.375025 4.016675 63869.dat
9 0 0.000000 0.500000 0.866025 1.000000 0.000001 -0.000001 -0.000001 0.866025 -0.500000 -8.374925 -3.516175 -6.454625 0.394975 1.375025 4.016675 63869.dat
9 0 -0.000000 -1.000000 0.000000 1.000000 -0.000000 0.000000 0.000000 0.000000 1.000000 8.374999 -7.105251 0.001525 0.730300 1.375050 4.016675 63869.dat
9 0 0.000000 0.500000 -0.866025 1.000000 0.000001 0.000001 0.000001 -0.866025 -0.500000 8.374999 -3.518824 6.453101 0.394975 1.375050 4.016675 63869.dat
9 0 0.000000 0.500000 0.866025 1.000000 0.000001 -0.000001 -0.000001 0.866025 -0.500000 8.374999 -3.516175 -6.454625 0.394975 1.375050 4.016675 63869.dat
9 0 -0.000000 -1.000000 0.000000 1.000000 -0.000000 0.000000 0.000000 0.000000 1.000000 0.000000 -3.556849 -3.697050 1.056850 9.750000 1.197050 63869.dat
9 0 -0.000000 -1.000000 0.000000 1.000000 -0.000000 0.000000 0.000000 0.000000 1.000000 0.000000 -3.556849 3.697050 1.056850 9.750000 1.197050 63869.dat
9 0 -0.000000 -1.000000 0.000000 1.000000 -0.000000 0.000000 0.000000 0.000000 1.000000 0.000000 -6.512500 0.000000 0.137500 9.750000 2.000000 63869.dat
9 0 -0.000000 -1.000000 0.000000 1.000000 -0.000000 0.000000 0.000000 0.000000 1.000000 0.000000 3.556850 -3.697050 1.056850 9.750000 1.197050 63869.dat
9 0 -0.000000 -1.000000 0.000000 1.000000 -0.000000 0.000000 0.000000 0.000000 1.000000 0.000000 3.556850 3.697050 1.056850 9.750000 1.197050 63869.dat
9 0 -0.000000 0.000000 1.000000 1.000000 -0.000000 0.000000 0.000000 1.000000 -0.000000 -8.874975 5.406250 7.687500 1.312500 0.874975 5.156250 63869.dat
9 0 -0.000000 0.000000 1.000000 1.000000 -0.000000 0.000000 0.000000 1.000000 -0.000000 -8.874975 5.406250 -7.687500 1.312500 0.874975 5.156250 63869.dat
9 0 -0.000000 0.000000 1.000000 1.000000 -0.000000 0.000000 0.000000 1.000000 -0.000000 8.874999 5.406250 -7.687500 1.312500 0.874975 5.156250 63869.dat
9 0 -0.000000 0.000000 1.000000 1.000000 -0.000000 0.000000 0.000000 1.000000 -0.000000 8.874999 5.406250 7.687500 1.312500 0.874975 5.156250 63869.dat
9 0 1.000000 0.000000 0.000000 0.000000 1.000000 0.000000 0.000000 0.000000 1.000000 0.085400 27.000002 0.000000 24.460424 0.500000 7.750000 63869.dat
9 0 1.000000 0.000000 0.000000 0.000000 1.000000 0.000000 0.000000 0.000000 1.000000 0.085400 13.000000 0.000000 24.460424 0.500000 7.750000 63869.dat
10 0 -10.000000 -10.000000 -20.000000 50.000000 29.156250 0.000000 63869.dat
0 2 1.000000 0.000000 0.000000 0.000000 -0.000000 -1.000000 0.000000 1.000000 -0.000000 -20.000000 20.000000 -10.000000 0 0 0.800000 0 0 63869.dat
0 2 1.000000 0.000000 0.000000 0.000000 -0.000000 -1.000000 0.000000 1.000000 -0.000000 0.000000 20.000000 -10.000000 0 0 0.800000 0 0 63869.dat
0 2 1.000000 0.000000 0.000000 0.000000 -0.000000 -1.000000 0.000000 1.000000 -0.000000 20.000000 20.000000 -10.000000 0 0 0.800000 0 0 63869.dat
2 22 1.000000 0.000000 0.000000 0.000000 -0.000000 -1.000000 0.000000 1.000000 -0.000000 -30.000002 30.000002 -10.000000 2 6 22:1:1,22:2:1,22:2:1,22:2:1,22:2:1,22:2:1,22:1:1,22:2:1,16:4:64,22:2:1,16:4:64,22:2:1,16:4:64,22:2:1,22:1:1,22:2:1,22:2:1,22:2:1,22:2:1,22:2:1,22:1:1, 63869.dat
2 22 1.000000 0.000000 0.000000 0.000000 -0.000000 1.000000 0.000000 -1.000000 -0.000000 -30.000002 10.000000 10.000000 2 6 22:1:1,22:2:1,22:2:1,22:2:1,22:2:1,22:2:1,22:1:1,22:2:1,16:4:64,22:2:1,16:4:64,22:2:1,16:4:64,22:2:1,22:1:1,22:2:1,22:2:1,22:2:1,22:2:1,22:2:1,22:1:1, 63869.dat
0 4 -0.000000 1.000000 0.000000 -1.000000 -0.000000 0.000000 0.000000 0.000000 1.000000 -10.000000 0.000000 0.000000 0 0 0.800000 0 0 63869.dat
