9 0 0.000000 0.692865 -0.721067 1.000000 0.000001 0.000001 0.000001 -0.721067 -0.692865 -0.016535 -10.750470 -116.525986 6.056400 9.000000 7.045925 64275.dat
9 0 0.000001 0.142337 -0.989818 1.000000 0.000001 0.000001 0.000001 -0.989818 -0.142337 -0.016530 -7.639151 -127.879738 6.724200 9.000000 4.489800 64275.dat
9 0 0.000001 -0.123708 -0.992319 1.000000 0.000001 0.000001 0.000001 -0.992319 0.123708 -0.016520 -8.573460 -141.409485 6.170775 9.000000 2.870325 64275.dat
9 0 0.000001 -0.012217 -0.999925 1.000000 0.000001 0.000001 0.000001 -0.999925 0.012217 -0.016554 -17.842548 -80.350479 35.337498 8.250000 1.927475 64275.dat
9 0 0.000001 0.031880 -0.999492 1.000000 0.000001 0.000001 0.000001 -0.999492 -0.031880 -0.016559 -13.019022 -77.231239 32.246750 9.000000 10.612550 64275.dat
9 0 0.000000 0.702024 -0.712154 1.000000 0.000001 0.000001 0.000001 -0.712154 -0.702024 -0.016587 -11.424823 -36.742489 3.406725 8.250000 8.626650 64275.dat
9 0 -0.000001 1.000000 -0.000001 1.000000 0.000001 0.000001 0.000001 -0.000001 -1.000000 0.366742 -16.142521 -37.846737 4.607625 8.633300 3.696775 64275.dat
9 0 -0.000001 1.000000 -0.000001 1.000000 0.000001 0.000001 0.000001 -0.000001 -1.000000 0.148175 -0.000017 -28.512245 9.750000 3.338850 0.512375 64275.dat
9 0 -0.000001 1.000000 -0.000001 0.707107 -0.000000 -0.707107 -0.707107 -0.000001 -0.707107 -5.914326 -0.000019 -26.123997 9.750000 3.340400 0.512375 64275.dat
9 0 -0.000001 1.000000 -0.000001 0.000001 -0.000001 -1.000000 -1.000000 -0.000001 -0.000001 -8.499986 -0.000012 -11.424425 9.750000 12.064176 0.500000 64275.dat
9 0 -0.000001 1.000000 -0.000001 -1.000000 -0.000001 -0.000001 -0.000001 0.000001 1.000000 0.000013 -0.000005 -9.187494 9.750000 9.000000 2.812500 64275.dat
9 0 -0.000001 1.000000 -0.000001 -0.000001 0.000001 1.000000 1.000000 0.000001 0.000001 8.500013 -0.000001 -10.761838 9.750000 11.401600 0.500000 64275.dat
9 0 -0.000001 1.000000 -0.000001 0.707106 0.000001 0.707108 0.707108 -0.000000 -0.707106 5.528049 -0.000013 -26.510242 9.750000 2.497650 0.512375 64275.dat
9 0 -0.000000 1.000000 -0.000000 -0.707106 -0.000000 -0.707108 -0.707108 0.000000 0.707106 -5.480096 0.000000 5.270503 9.750000 3.340400 0.430825 64275.dat
9 0 -0.000001 1.000000 -0.000001 -1.000000 -0.000001 -0.000001 -0.000001 0.000001 1.000000 -0.148198 0.000004 7.601831 9.750000 3.340400 0.430825 64275.dat
9 0 -0.000001 1.000000 -0.000000 -0.707107 -0.000001 0.707107 0.707107 0.000001 0.707107 5.270503 0.000007 5.480110 9.750000 3.340400 0.430825 64275.dat
10 0 -9.250000 -10.000000 -40.000000 148.332504 10.000000 0.000000 64275.dat
0 4 1.000000 0.000001 0.000001 -0.000001 1.000000 -0.000001 -0.000001 0.000001 1.000000 0.000000 10.000000 0.000000 0 0 0.800000 0 0 64275.dat
0 2 1.000000 0.000001 0.000001 -0.000001 1.000000 -0.000001 -0.000001 0.000001 1.000000 0.000013 9.999989 -20.000000 0 0 0.800000 0 0 64275.dat
2 22 0.000001 -0.000001 -1.000000 -0.000001 1.000000 -0.000001 1.000000 0.000001 0.000001 10.000007 10.000000 -9.999993 2 2 22:1:1,22:2:1,22:1:1,22:2:1,16:4:64,22:2:1,22:1:1,22:2:1,22:1:1, 64275.dat
2 22 0.000001 -0.000001 -1.000000 0.000001 -1.000000 0.000001 -1.000000 -0.000001 -0.000001 -9.999980 -10.000012 -9.999995 2 2 22:1:1,22:2:1,22:1:1,22:2:1,16:4:64,22:2:1,22:1:1,22:2:1,22:1:1, 64275.dat
1 16 0.000001 -1.000000 0.000001 -0.000001 0.000001 1.000000 -1.000000 -0.000001 -0.000001 0.000115 -30.000082 -134.999985 64275.dat
