9 0 0.000000 -0.000000 -1.000000 0.000000 -1.000000 0.000000 -1.000000 -0.000000 0.000000 8.612741 1.025856 63.866989 23.793224 8.750000 0.148350 64392.dat
9 0 0.000000 -0.000000 -1.000000 0.000000 -1.000000 0.000000 -1.000000 -0.000000 0.000000 -8.529181 1.025855 59.999992 21.784975 8.750000 0.487500 64392.dat
9 0 -1.000000 0.000000 -0.000000 -0.000000 -1.000000 -0.000000 -0.000000 -0.000000 1.000000 -0.346008 1.025854 49.999996 8.658175 8.750000 2.000000 64392.dat
9 0 -1.000000 0.000000 -0.000000 -0.000000 -1.000000 -0.000000 -0.000000 -0.000000 1.000000 -0.586584 1.025856 69.999992 8.417600 8.750000 2.000000 64392.dat
9 0 1.000000 -0.000000 0.000000 0.000000 -0.000000 -1.000000 -0.000000 1.000000 0.000000 -10.000002 8.555026 -0.000001 9.750000 9.750000 0.487500 64392.dat
9 0 -0.000000 1.000000 0.000000 0.000000 -0.000000 -1.000000 -1.000000 -0.000000 0.000000 -10.000002 0.055026 -1.000000 8.975000 8.750000 1.934125 64392.dat
9 0 0.000000 -1.000000 0.000000 0.000000 -0.000000 -1.000000 1.000000 0.000000 0.000000 4.505767 -11.049069 59.999992 0.676975 24.983900 0.930850 64392.dat
9 0 -0.264837 -0.964293 0.000000 0.000000 -0.000000 -1.000000 0.964293 -0.264837 0.000000 1.259044 -44.577496 72.577988 14.915376 82.327995 0.465825 64392.dat
9 0 -0.365354 -0.930869 0.000000 0.000000 -0.000000 -1.000000 0.930869 -0.365354 0.000000 -8.013772 -72.926498 -0.000001 14.522500 9.750000 0.438625 64392.dat
9 0 -0.000000 1.000000 0.000000 0.000000 -0.000000 -1.000000 -1.000000 -0.000000 0.000000 -11.394850 -43.878998 -0.012251 35.879002 9.750000 0.509375 64392.dat
9 0 -0.000000 1.000000 0.000000 0.000000 -0.000000 -1.000000 -1.000000 -0.000000 0.000000 -28.524998 -40.007748 -1.006126 39.750000 8.756124 0.475000 64392.dat
9 0 -0.000000 1.000000 0.000000 0.000000 -0.000000 -1.000000 -1.000000 -0.000000 0.000000 -20.025000 -9.999999 -0.012251 1.924600 9.750000 8.975000 64392.dat
9 0 -0.000000 1.000000 0.000000 0.000000 -0.000000 -1.000000 -1.000000 -0.000000 0.000000 -20.025000 -30.000002 -0.012251 1.924600 9.750000 8.975000 64392.dat
9 0 -0.000000 1.000000 0.000000 0.000000 -0.000000 -1.000000 -1.000000 -0.000000 0.000000 -20.024998 -50.000000 -0.012251 1.924600 9.750000 8.975000 64392.dat
9 0 -0.000000 1.000000 0.000000 0.000000 -0.000000 -1.000000 -1.000000 -0.000000 0.000000 -20.024998 -70.000000 -0.012251 1.924600 9.750000 8.975000 64392.dat
9 0 -0.000000 1.000000 0.000000 0.000000 -0.000000 -1.000000 -1.000000 -0.000000 0.000000 -5.751652 -8.575598 -0.000001 0.398550 9.750000 12.448375 64392.dat
9 0 -0.129884 -0.991529 0.000000 0.000000 -0.000000 -1.000000 0.991529 -0.129884 0.000000 5.898492 -20.065668 86.268242 9.740625 96.018250 0.465825 64392.dat
9 0 -0.042520 -0.999096 0.000000 0.000000 -0.000000 -1.000000 0.999096 -0.042520 0.000000 7.879733 0.274285 143.606735 9.540850 54.106747 0.465825 64392.dat
9 0 -0.328727 -0.930689 0.160491 -0.049661 -0.152666 -0.987029 0.943118 -0.332433 0.003966 -6.958282 -69.306992 93.042732 5.963200 62.647499 0.465825 64392.dat
9 0 -0.084087 -0.996458 -0.000001 -0.996458 0.084087 0.000000 0.000000 0.000001 -1.000000 -6.925526 -40.271248 9.228374 31.934250 2.402600 0.509375 64392.dat
9 0 -0.115820 -0.590715 0.798525 -0.132018 -0.787648 -0.601816 0.984458 -0.175122 0.013240 3.982158 -27.851740 173.702484 7.723100 41.159748 0.485825 64392.dat
9 0 -0.000001 -0.707106 -0.707107 -1.000000 0.000001 0.000000 0.000000 0.707107 -0.707106 -8.476548 -72.606499 12.606424 4.015500 1.523450 0.206075 64392.dat
9 0 0.000000 -0.000000 -1.000000 -1.000000 -0.000000 0.000000 -0.000000 1.000000 0.000000 -7.564949 -69.543999 19.999998 4.015500 2.435025 0.206075 64392.dat
9 0 0.000000 0.707106 -0.707107 -1.000000 -0.000000 -0.000000 -0.000000 0.707107 0.707106 -8.925426 -72.606499 27.393499 4.015500 1.074550 0.206075 64392.dat
9 0 -0.000000 0.866025 -0.500000 1.000000 0.000000 0.000000 0.000000 -0.500000 -0.866025 -19.999998 -84.156754 12.784049 3.519175 9.750000 0.233450 64392.dat
9 0 -0.000000 0.866025 0.500000 1.000000 0.000000 0.000000 0.000000 0.500000 -0.866025 -19.999998 -75.806747 12.772024 3.519175 9.750000 0.233450 64392.dat
9 0 -0.000000 0.000000 1.000000 1.000000 0.000000 0.000000 -0.000000 1.000000 0.000000 -19.999998 -71.621498 19.997248 3.519175 9.750000 0.233450 64392.dat
9 0 -0.000000 -0.866025 0.500000 1.000000 0.000000 -0.000000 -0.000000 0.500000 0.866025 -19.999998 -75.786003 27.234497 3.519175 9.750000 0.233450 64392.dat
9 0 0.000000 -0.866025 -0.500000 1.000000 0.000000 -0.000000 -0.000000 -0.500000 0.866025 -19.999998 -84.135750 27.246498 3.519175 9.750000 0.233450 64392.dat
9 0 0.000000 -0.000000 -1.000000 1.000000 0.000000 0.000000 0.000000 -1.000000 0.000000 -19.999998 -88.321251 20.021248 3.519175 9.750000 0.233450 64392.dat
9 0 0.766044 -0.642788 0.000000 0.000000 -0.000000 -1.000000 0.642788 0.766044 0.000000 5.278243 6.308677 10.606723 3.730950 20.465700 0.180900 64392.dat
9 0 0.707107 0.707107 0.000000 0.000000 -0.000000 -1.000000 -0.707107 0.707107 0.000000 -25.912025 5.892000 -1.074851 3.631975 8.784100 0.287575 64392.dat
9 0 0.866026 0.000000 -0.500000 0.000000 -1.000000 -0.000000 -0.500000 0.000000 -0.866026 -4.088056 1.000003 32.933998 3.711800 8.750000 0.149375 64392.dat
9 0 0.866025 0.000001 0.500000 0.000001 -1.000000 -0.000001 0.500000 0.000001 -0.866025 4.073119 1.000004 32.911747 3.544825 8.750000 0.161200 64392.dat
9 0 -0.500000 0.866025 0.000000 0.000000 -0.000000 -1.000000 -0.866025 -0.500000 0.000000 -27.087719 -84.337997 -0.987751 3.243675 8.750000 0.126850 64392.dat
9 0 -1.000000 0.000000 0.000000 0.000000 -0.000000 -1.000000 -0.000000 -1.000000 0.000000 -19.983120 -88.325752 -0.987726 3.243675 8.750000 0.126850 64392.dat
9 0 -1.000000 -0.000000 0.000000 0.000000 -1.000000 0.000000 -0.000000 0.000000 1.000000 3.532015 1.025857 88.378738 4.432075 8.750000 0.253550 64392.dat
9 0 -0.707107 0.000000 -0.707106 -0.000000 -1.000000 -0.000000 -0.707106 -0.000000 0.707107 -6.028961 0.390431 85.907242 2.802800 8.750000 0.225825 64392.dat
9 0 -0.365354 -0.930869 0.000000 0.000000 -0.000000 -1.000000 0.930869 -0.365354 0.000000 -4.718554 -64.187500 54.564743 5.183575 64.314751 0.465825 64392.dat
9 0 -0.000000 1.000000 0.000000 0.000000 -0.000000 -1.000000 -1.000000 -0.000000 0.000000 8.258243 -3.477022 14.303574 5.052950 24.053576 0.258225 64392.dat
9 0 -0.000000 1.000000 0.000000 0.000000 -0.000000 -1.000000 -1.000000 -0.000000 0.000000 5.933992 -0.856498 11.147122 6.617675 0.852875 1.934125 64392.dat
10 0 -90.000000 0.000000 -10.000000 10.025850 215.000015 30.788750 64392.dat
0 2 -0.000000 1.000000 0.000000 -0.000000 0.000000 1.000000 1.000000 0.000000 -0.000000 -19.999998 -60.000004 9.999999 0 0 0.800000 0 0 64392.dat
0 2 1.000000 0.000000 0.000000 -0.000000 0.000000 1.000000 0.000000 -1.000000 0.000000 -20.000000 -40.000000 9.999999 0 0 0.800000 0 0 64392.dat
0 2 1.000000 0.000000 0.000000 -0.000000 0.000000 1.000000 0.000000 -1.000000 0.000000 -20.000000 -19.999998 9.999999 0 0 0.800000 0 0 64392.dat
0 2 1.000000 0.000000 0.000000 -0.000000 0.000000 1.000000 0.000000 -1.000000 0.000000 -20.000002 0.000001 9.999999 0 0 0.800000 0 0 64392.dat
0 2 1.000000 0.000000 0.000000 -0.000000 0.000000 1.000000 0.000000 -1.000000 0.000000 -0.000003 -0.024573 9.999999 0 0 0.800000 0 0 64392.dat
0 2 1.000000 0.000000 0.000000 -0.000000 0.000000 1.000000 0.000000 -1.000000 0.000000 -19.999998 -80.023994 9.999999 0 0 0.800000 0 0 64392.dat
0 2 0.000000 -0.000000 -1.000000 -1.000000 -0.000000 0.000000 -0.000000 1.000000 0.000000 -29.999971 -80.000000 20.024746 0 0 0.800000 0 0 64392.dat
0 2 1.000000 0.000000 -0.000000 -0.000000 1.000000 0.000000 -0.000000 0.000000 1.000000 0.008316 10.000006 59.999992 0 0 0.800000 0 0 64392.dat
0 2 1.000000 0.000000 -0.000000 -0.000000 1.000000 0.000000 -0.000000 0.000000 1.000000 0.008319 10.025854 39.999996 0 0 0.800000 0 0 64392.dat
0 2 1.000000 0.000000 -0.000000 -0.000000 1.000000 0.000000 -0.000000 0.000000 1.000000 0.008315 10.000006 79.999992 0 0 0.800000 0 0 64392.dat
2 22 -1.000000 -0.000000 0.000000 0.000000 -0.000000 -1.000000 0.000000 -1.000000 0.000000 10.000004 -90.000000 -10.000000 10 4 29:0:1,29:0:1,22:1:1,22:2:1,22:1:1,29:0:1,29:0:1,22:2:1,16:4:64,22:2:1,29:0:1,29:0:1,22:2:1,22:2:1,22:2:1,29:0:1,29:0:1,22:2:1,16:4:64,22:2:1,29:0:1,29:0:1,22:2:1,22:2:1,22:2:1,29:0:1,29:0:1,22:2:1,16:4:64,22:2:1,29:0:1,29:0:1,22:2:1,22:2:1,22:2:1,29:0:1,29:0:1,22:2:1,16:4:64,22:2:1,22:1:1,22:2:1,22:2:1,22:2:1,22:2:1,22:2:1,16:4:64,22:2:1,16:4:64,22:2:1,22:1:1,22:2:1,22:2:1,22:2:1,22:1:1, 64392.dat
2 22 -1.000000 -0.000000 -0.000000 -0.000000 1.000000 0.000000 0.000000 -0.000000 -1.000000 10.008245 10.000004 29.999998 6 2 22:1:1,22:2:1,22:1:1,22:2:1,16:4:64,22:2:1,22:2:1,22:2:1,22:2:1,22:2:1,16:4:64,22:2:1,22:2:1,22:2:1,22:2:1,22:2:1,16:4:64,22:2:1,22:1:1,22:2:1,22:1:1, 64392.dat
2 22 0.000000 -1.000000 -0.000000 -1.000000 -0.000000 0.000000 0.000000 0.000000 -1.000000 -29.999998 -70.000000 9.999999 2 2 22:1:1,22:2:1,22:1:1,22:2:1,16:4:64,22:2:1,22:1:1,22:2:1,22:1:1, 64392.dat
