9 0 -0.000000 1.000000 0.000000 -0.000000 -0.000000 -1.000000 -1.000000 -0.000000 0.000000 -8.729486 -0.306366 118.990982 10.082225 78.716248 0.270575 64393.dat
9 0 -0.511216 0.843552 -0.164552 0.078054 -0.145101 -0.986333 -0.855900 -0.517073 0.008335 0.215036 -25.475243 109.008743 7.877475 79.267502 0.235225 64393.dat
9 0 -0.373772 0.927520 0.000000 -0.000000 -0.000000 -1.000000 -0.927520 -0.373772 0.000000 -4.168492 -18.988968 67.929741 9.227300 77.443497 0.235225 64393.dat
9 0 -0.000000 -0.000000 -1.000000 0.000000 -1.000000 0.000000 -1.000000 -0.000000 0.000000 8.529181 1.025830 60.012238 19.750000 8.750000 0.487500 64393.dat
9 0 1.000000 -0.000000 -0.000000 -0.000000 -1.000000 0.000000 -0.000000 -0.000000 -1.000000 0.345983 1.025829 50.012241 8.658175 8.750000 1.898700 64393.dat
9 0 1.000000 -0.000000 -0.000000 -0.000000 -1.000000 0.000000 -0.000000 -0.000000 -1.000000 0.586584 1.025831 70.012245 8.417600 8.750000 1.898700 64393.dat
9 0 -0.707107 0.707107 0.000000 -0.000000 -0.000000 -1.000000 -0.707107 -0.707107 0.000000 25.860750 5.840700 -1.074851 3.631975 8.784100 0.205550 64393.dat
9 0 0.500000 0.866025 0.000000 -0.000000 -0.000000 -1.000000 -0.866025 0.500000 0.000000 27.087725 -44.111500 -0.987751 3.243675 8.750000 0.126850 64393.dat
9 0 1.000000 0.000000 0.000000 -0.000000 -0.000000 -1.000000 0.000000 1.000000 0.000000 19.983124 -48.211498 -0.987726 3.243675 8.750000 0.126850 64393.dat
9 0 -0.000000 1.000000 0.000000 -0.000000 -0.000000 -1.000000 -1.000000 -0.000000 0.000000 -5.999993 -1.937498 11.124999 5.562500 0.875000 2.000000 64393.dat
9 0 -0.000000 1.000000 0.000000 -0.000000 -0.000000 -1.000000 -1.000000 -0.000000 0.000000 20.025000 -30.000002 -0.000001 1.564725 9.750000 8.975000 64393.dat
9 0 -0.000000 1.000000 0.000000 -0.000000 -0.000000 -1.000000 -1.000000 -0.000000 0.000000 11.951976 -9.999999 -0.000001 1.564725 9.750000 17.048025 64393.dat
9 0 -0.000000 1.000000 0.000000 -0.000000 -0.000000 -1.000000 -1.000000 -0.000000 0.000000 10.000001 -15.041574 0.006124 24.071575 7.756125 3.500000 64393.dat
9 0 -0.000000 -0.707106 -0.707107 1.000000 0.000000 -0.000000 0.000000 -0.707107 0.707106 6.202827 -32.606499 12.606424 4.015500 3.797175 0.206075 64393.dat
9 0 -0.000000 1.000000 0.000000 -0.000000 -0.000000 -1.000000 -1.000000 -0.000000 0.000000 5.459727 -19.267073 8.624998 11.267100 1.125000 6.032400 64393.dat
9 0 -0.601040 0.799218 0.000000 -0.000000 -0.000000 -1.000000 -0.799218 -0.601041 0.000000 5.164900 -34.730999 -0.812626 15.708025 8.937375 0.224300 64393.dat
9 0 -1.000000 0.000000 0.000000 -0.000000 -0.000000 -1.000000 -0.000000 -1.000000 0.000000 10.000002 8.578627 -0.000001 9.750000 9.750000 0.423075 64393.dat
9 0 -0.000000 1.000000 0.000000 -0.000000 -0.000000 -1.000000 -1.000000 -0.000000 0.000000 28.500000 -20.000000 -1.000000 19.750000 8.750000 0.500000 64393.dat
9 0 -0.766044 -0.642788 0.000000 -0.000000 -0.000000 -1.000000 0.642788 -0.766044 0.000000 -5.271243 6.300102 10.684874 3.730950 20.543850 0.180900 64393.dat
9 0 0.000000 0.000000 1.000000 -1.000000 0.000000 0.000000 -0.000000 -1.000000 0.000000 21.000027 -31.365997 19.997248 3.414525 8.750000 0.225600 64393.dat
9 0 0.000000 0.866025 0.500000 -1.000000 0.000000 -0.000000 0.000000 -0.500000 0.866025 21.000025 -35.693249 12.525874 3.414525 8.750000 0.225600 64393.dat
9 0 -0.000000 0.866025 -0.500000 -1.000000 0.000000 -0.000000 0.000000 0.500000 0.866025 21.000025 -44.327499 12.537900 3.414525 8.750000 0.225600 64393.dat
9 0 -0.000000 -0.000000 -1.000000 -1.000000 0.000000 0.000000 0.000000 1.000000 0.000000 21.000025 -48.633995 20.021248 3.414525 8.750000 0.225600 64393.dat
9 0 -0.000000 -0.866025 -0.500000 -1.000000 0.000000 0.000000 -0.000000 0.500000 -0.866025 21.000027 -44.306747 27.492496 3.414525 8.750000 0.225600 64393.dat
9 0 -0.000000 -0.866025 0.500000 -1.000000 0.000000 0.000000 -0.000000 -0.500000 -0.866025 21.000027 -35.672497 27.480497 3.414525 8.750000 0.225600 64393.dat
9 0 -0.866025 -0.000000 -0.500000 0.000001 -1.000000 -0.000001 -0.500000 -0.000001 0.866025 4.185381 1.000003 32.765499 4.370350 8.750000 0.164500 64393.dat
9 0 -0.866025 -0.000000 0.500000 0.000000 -1.000000 -0.000000 0.500000 -0.000000 0.866026 -4.173169 1.000004 32.738499 4.370350 8.750000 0.181800 64393.dat
9 0 1.000000 -0.000000 -0.000000 -0.000000 -1.000000 0.000000 -0.000000 -0.000000 -1.000000 -3.532015 1.025857 88.378738 4.432075 8.750000 0.253550 64393.dat
9 0 0.707107 0.000000 -0.707106 0.000001 -1.000000 0.000000 -0.707106 -0.000001 -0.707107 6.038436 1.025856 85.916740 2.802800 8.750000 0.217075 64393.dat
9 0 -0.000000 -1.000000 0.000000 -0.000000 -0.000000 -1.000000 1.000000 -0.000000 0.000000 -4.505767 -11.067070 60.012238 0.657100 24.983900 0.930850 64393.dat
9 0 0.000001 0.707106 -0.707107 1.000000 -0.000001 0.000000 -0.000000 -0.707107 -0.707106 5.509153 -32.606499 27.393499 4.015500 4.490825 0.206075 64393.dat
9 0 -0.000000 -0.000000 -1.000000 1.000000 -0.000000 0.000000 -0.000000 -1.000000 0.000000 4.598679 -29.543995 19.999998 4.015500 5.401325 0.206075 64393.dat
9 0 -0.011524 0.999934 0.000000 -0.000000 -0.000000 -1.000000 -0.999934 -0.011524 0.000000 -8.453743 -3.081248 11.656524 4.493975 21.406525 0.249450 64393.dat
9 0 -0.053891 0.575020 -0.816363 0.148554 -0.803836 -0.576003 -0.987435 -0.152315 -0.042101 -5.818228 -6.125062 190.262970 8.361625 13.536450 0.270575 64393.dat
10 0 -10.000000 0.000000 -10.000000 50.000000 215.212494 30.200499 64393.dat
0 2 0.000000 0.000000 1.000000 -0.000000 -1.000000 0.000000 1.000000 -0.000000 0.000000 -0.008319 -9.999996 39.999996 0 0 0.800000 0 0 64393.dat
0 2 0.000000 0.000000 1.000000 -0.000000 -1.000000 0.000000 1.000000 -0.000000 0.000000 -0.008318 -9.999995 59.999992 0 0 0.800000 0 0 64393.dat
0 2 0.000000 0.000000 1.000000 -0.000000 -1.000000 0.000000 1.000000 -0.000000 0.000000 -0.008316 -9.999994 79.999992 0 0 0.800000 0 0 64393.dat
0 2 -0.000000 -1.000000 0.000000 -0.000000 -0.000000 -1.000000 1.000000 -0.000000 0.000000 20.000000 0.008325 -10.000000 0 0 0.800000 0 0 64393.dat
0 2 -0.000000 -1.000000 0.000000 -0.000000 -0.000000 -1.000000 1.000000 -0.000000 0.000000 19.999998 -19.991674 -10.000000 0 0 0.800000 0 0 64393.dat
0 2 -0.000000 -1.000000 0.000000 -0.000000 -0.000000 -1.000000 1.000000 -0.000000 0.000000 19.999998 -39.991753 -10.000000 0 0 0.800000 0 0 64393.dat
0 2 1.000000 0.000000 0.000000 -0.000000 -0.000000 -1.000000 0.000000 1.000000 0.000000 0.000001 0.017501 -10.000000 0 0 0.800000 0 0 64393.dat
0 2 -0.000000 -1.000000 0.000000 -1.000000 0.000000 0.000000 -0.000000 -0.000000 -1.000000 10.000001 -40.023998 19.999998 0 0 0.800000 0 0 64393.dat
2 22 -1.000000 0.000000 0.000000 0.000000 1.000000 0.000000 -0.000000 -0.000000 -1.000000 9.991681 10.000003 29.999998 6 2 22:1:1,22:2:1,22:1:1,22:2:1,16:4:64,22:2:1,22:2:1,22:2:1,22:2:1,22:2:1,16:4:64,22:2:1,22:2:1,22:2:1,22:2:1,22:2:1,16:4:64,22:2:1,22:1:1,22:2:1,22:1:1, 64393.dat
2 22 -0.000000 1.000000 -0.000000 1.000000 0.000000 0.000000 -0.000000 -0.000000 -1.000000 29.999998 -50.000000 9.999999 2 2 22:1:1,22:2:1,22:1:1,22:2:1,16:4:64,22:2:1,22:1:1,22:2:1,22:1:1, 64393.dat
2 22 -0.000000 -1.000000 0.000000 -0.000000 -0.000000 -1.000000 1.000000 -0.000000 0.000000 30.000002 9.999999 -10.000000 4 6 22:1:1,22:2:1,22:2:1,22:2:1,22:2:1,22:2:1,22:1:1,22:2:1,16:4:64,22:2:1,16:4:64,22:2:1,16:4:64,22:2:1,22:2:1,22:2:1,22:2:1,22:2:1,22:2:1,22:2:1,22:1:1,22:2:1,15:4:1,22:2:1,29:0:1,29:0:1,29:0:1,29:0:1,22:1:1,22:2:1,22:1:1,29:0:1,29:0:1,29:0:1,29:0:1, 64393.dat
