9 0 0.000000 0.000000 1.000000 0.000000 1.000000 0.000000 -1.000000 0.000000 0.000000 5.000001 53.875004 3.130449 6.750000 1.625000 4.750000 64390.dat
9 0 0.000000 0.000000 1.000000 0.000000 1.000000 0.000000 -1.000000 0.000000 0.000000 5.000001 42.125000 3.130449 6.750000 1.625000 4.750000 64390.dat
9 0 0.000000 0.000000 1.000000 0.000000 1.000000 0.000000 -1.000000 0.000000 0.000000 5.000001 5.875003 3.130449 6.750000 1.625000 4.750000 64390.dat
9 0 0.000000 0.000000 1.000000 0.000000 1.000000 0.000000 -1.000000 0.000000 0.000000 5.000001 -5.874997 3.130449 6.750000 1.625000 4.750000 64390.dat
9 0 -0.707107 0.000000 0.707107 0.000000 1.000000 0.000000 -0.707107 0.000000 -0.707107 0.000000 48.000000 0.130450 2.562250 7.500000 2.562250 64390.dat
9 0 -0.707107 0.000000 0.707107 0.000000 1.000000 0.000000 -0.707107 0.000000 -0.707107 0.000000 0.000000 0.130450 2.562250 7.500000 2.562250 64390.dat
9 0 0.000000 0.000000 1.000000 0.000000 1.000000 0.000000 -1.000000 0.000000 0.000000 5.000003 24.000000 8.255448 1.625000 16.000000 4.750000 64390.dat
9 0 0.000000 0.000000 1.000000 0.000000 1.000000 0.000000 -1.000000 0.000000 0.000000 5.000003 67.250000 8.255448 1.625000 11.250000 4.750000 64390.dat
9 0 0.000000 0.000000 1.000000 0.000000 1.000000 0.000000 -1.000000 0.000000 0.000000 5.000029 32.812504 92.005501 1.625000 45.687500 4.750000 64390.dat
9 0 0.000000 0.000000 1.000000 0.000000 1.000000 0.000000 -1.000000 0.000000 0.000000 5.000016 76.875000 50.130497 39.750000 1.625000 4.750000 64390.dat
9 0 0.000000 0.000000 1.000000 0.000000 1.000000 0.000000 -1.000000 0.000000 0.000000 5.000003 -10.437500 8.249999 1.625000 2.437500 4.750000 64390.dat
9 0 -0.000000 1.000000 -0.000000 -0.000000 -0.000000 -1.000000 -1.000000 0.000000 0.000000 5.000016 -54.081501 50.125004 0.706400 10.924275 4.750000 64390.dat
9 0 0.000000 0.866025 0.500000 -0.000000 0.500000 -0.866025 -1.000000 0.000000 0.000000 5.000010 -48.467995 29.719746 0.560650 10.924275 4.750000 64390.dat
9 0 0.000000 0.500000 0.866026 -0.000000 0.866026 -0.500000 -1.000000 0.000000 0.000000 5.000005 -33.548248 14.750898 0.596475 10.924275 4.750000 64390.dat
9 0 0.000000 0.000000 1.000000 0.000000 1.000000 0.000000 -1.000000 0.000000 0.000000 5.000003 -14.149750 9.165049 0.709925 9.899650 4.750000 64390.dat
9 0 -0.000000 0.866025 -0.500000 -0.000000 -0.500000 -0.866025 -1.000000 0.000000 0.000000 5.000022 -48.467995 70.530251 0.560650 10.924275 4.750000 64390.dat
9 0 -0.000000 0.500000 -0.866025 -0.000000 -0.866025 -0.500000 -1.000000 0.000000 0.000000 5.000027 -33.548248 85.499001 0.596475 10.924275 4.750000 64390.dat
9 0 -0.000000 0.000000 -1.000000 -0.000000 -1.000000 -0.000000 -1.000000 0.000000 0.000000 5.000029 -13.124996 91.084999 0.709925 10.924275 4.750000 64390.dat
9 0 -0.000000 1.000000 -0.000000 -0.000000 -0.000000 -1.000000 -1.000000 0.000000 0.000000 5.000017 -47.201252 51.869751 3.746500 17.386700 1.625000 64390.dat
9 0 -0.000000 1.000000 -0.000000 -0.000000 -0.000000 -1.000000 -1.000000 0.000000 0.000000 5.000007 23.301750 21.942947 55.198254 10.312500 1.625000 64390.dat
9 0 -0.000000 1.000000 -0.000000 -0.000000 -0.000000 -1.000000 -1.000000 0.000000 0.000000 5.000008 -36.740242 26.218246 4.343600 7.412125 1.625000 64390.dat
9 0 -0.000000 1.000000 -0.000000 -0.000000 -0.000000 -1.000000 -1.000000 0.000000 0.000000 5.000016 45.312504 49.286747 33.187500 16.531250 1.625000 64390.dat
9 0 -0.000000 1.000000 -0.000000 -0.000000 -0.000000 -1.000000 -1.000000 0.000000 0.000000 5.000025 61.027504 80.694504 17.472500 12.935950 1.625000 64390.dat
9 0 -0.000000 1.000000 -0.000000 -0.000000 -0.000000 -1.000000 -1.000000 0.000000 0.000000 5.000027 31.162504 83.974251 11.892450 9.656250 1.625000 64390.dat
9 0 -0.000000 1.000000 -0.000000 -0.000000 -0.000000 -1.000000 -1.000000 0.000000 0.000000 5.000025 -5.195498 78.943001 23.965700 10.937500 1.625000 64390.dat
9 0 -0.000000 1.000000 -0.000000 -0.000000 -0.000000 -1.000000 -1.000000 0.000000 0.000000 5.000023 -36.308002 73.122002 6.646750 7.342650 1.625000 64390.dat
9 0 -0.000000 1.000000 -0.000000 -0.000000 -0.000000 -1.000000 -1.000000 0.000000 0.000000 5.000016 13.537502 50.130497 1.412500 19.575001 4.750000 64390.dat
9 0 -0.000000 1.000000 -0.000000 -0.000000 -0.000000 -1.000000 -1.000000 0.000000 0.000000 5.000021 -4.862499 68.852753 19.812500 0.847275 4.750000 64390.dat
9 0 -0.000000 1.000000 -0.000000 -0.000000 -0.000000 -1.000000 -1.000000 0.000000 0.000000 5.000010 -4.862499 31.397247 19.812500 0.847275 4.750000 64390.dat
9 0 -0.000000 0.000000 -1.000000 -0.000000 -1.000000 -0.000000 -1.000000 0.000000 0.000000 5.000016 -42.883503 50.125004 4.645600 0.747200 4.750000 64390.dat
9 0 -0.000000 -0.500000 -0.866025 0.000000 -0.866025 0.500000 -1.000000 0.000000 0.000000 5.000018 -40.676750 58.359997 4.645625 0.747200 4.750000 64390.dat
9 0 -0.000000 -0.866025 -0.500000 0.000000 -0.500000 0.866025 -1.000000 0.000000 0.000000 5.000020 -34.661747 64.411255 4.645625 1.053025 4.750000 64390.dat
9 0 -0.000000 -1.000000 -0.000000 0.000000 -0.000000 1.000000 -1.000000 0.000000 0.000000 5.000021 -28.104246 67.510002 2.954900 1.006225 4.750000 64390.dat
9 0 0.000000 -0.500000 0.866026 -0.000000 -0.866026 -0.500000 1.000000 0.000000 -0.000000 5.000013 -40.676750 41.889999 4.645625 0.747200 4.750000 64390.dat
9 0 0.000000 -0.866025 0.500001 -0.000000 -0.500001 -0.866025 1.000000 0.000000 -0.000000 5.000011 -34.661747 35.838745 4.645625 1.053025 4.750000 64390.dat
9 0 0.000000 -1.000000 -0.000000 -0.000000 0.000000 -1.000000 1.000000 0.000000 -0.000000 5.000010 -28.104246 32.739998 2.954900 1.006225 4.750000 64390.dat
9 0 -0.000000 1.000000 -0.000000 -0.000000 -0.000000 -1.000000 -1.000000 0.000000 0.000000 1.250012 10.625005 38.849251 0.375000 4.718750 1.000000 64390.dat
9 0 -0.000000 1.000000 -0.000000 -0.000000 -0.000000 -1.000000 -1.000000 0.000000 0.000000 1.250019 10.625005 61.286747 0.375000 4.718750 1.000000 64390.dat
9 0 -0.000000 1.000000 -0.000000 -0.000000 -0.000000 -1.000000 -1.000000 0.000000 0.000000 1.250021 -6.837499 67.537498 17.837502 2.162500 1.000000 64390.dat
9 0 -0.000000 1.000000 -0.000000 -0.000000 -0.000000 -1.000000 -1.000000 0.000000 0.000000 1.250010 -6.837499 32.712502 17.837502 2.162500 1.000000 64390.dat
9 0 -0.000000 1.000000 -0.000000 -0.000000 -0.000000 -1.000000 -1.000000 0.000000 0.000000 1.250011 -24.924994 34.560749 4.838275 0.314350 1.000000 64390.dat
9 0 -0.000000 0.866025 -0.500000 -0.000000 -0.500000 -0.866025 -1.000000 0.000000 0.000000 1.250012 -32.707249 36.645748 4.838275 0.314350 1.000000 64390.dat
9 0 -0.000000 0.500000 -0.866025 -0.000000 -0.866025 -0.500000 -1.000000 0.000000 0.000000 1.250013 -37.441742 40.676003 2.913700 0.314350 1.000000 64390.dat
9 0 -0.000000 -0.500000 -0.866025 0.000000 -0.866025 0.500000 -1.000000 0.000000 0.000000 1.250019 -37.478493 59.510498 2.986800 0.314350 1.000000 64390.dat
9 0 -0.000000 -0.866025 -0.500000 0.000000 -0.500000 0.866025 -1.000000 0.000000 0.000000 1.250020 -32.707249 63.603996 4.838275 0.314350 1.000000 64390.dat
9 0 -0.000000 -1.000000 -0.000000 0.000000 -0.000000 1.000000 -1.000000 0.000000 0.000000 1.250021 -24.924994 65.689247 4.838275 0.314350 1.000000 64390.dat
10 0 -3.869550 0.000000 -4.000000 93.880501 135.625000 11.950000 64390.dat
0 7 0.000000 0.000000 1.000000 0.000000 1.000000 0.000000 -1.000000 0.000000 0.000000 0.000000 52.000000 0.000000 1 1 0.320000 0 1 64390.dat
0 7 0.000000 0.000000 1.000000 0.000000 1.000000 0.000000 -1.000000 0.000000 0.000000 0.000000 4.000002 0.000000 1 1 0.320000 0 1 64390.dat
6 44 -0.000000 1.000000 -0.000000 -0.000000 -0.000000 -1.000000 -1.000000 0.000000 0.000000 5.514515 -21.608997 49.937496 0.000000 0.000000 0.000000 0.000000 0 64390.dat
3 23 -0.000000 -0.000000 -1.000000 1.000000 0.000000 -0.000000 0.000000 -1.000000 0.000000 2.500025 15.805000 79.937500 2 2 29:0:0,29:0:0,29:0:0,29:0:0,1:4:41,29:0:0,29:0:0,29:0:0,29:0:0, 64390.dat
0 6 0.000000 1.000000 -0.000000 1.000000 -0.000000 -0.000000 -0.000000 0.000000 -1.000000 11.950021 25.805002 69.937492 0 0 0.556000 0 0 64390.dat
3 23 0.000000 0.000000 1.000000 -1.000000 -0.000000 0.000000 0.000000 -1.000000 -0.000000 7.500019 15.805000 59.937500 2 2 29:0:0,29:0:0,29:0:0,29:0:0,1:4:41,29:0:0,29:0:0,29:0:0,29:0:0, 64390.dat
