9 0 -1.000000 0.000000 -0.000000 0.000000 1.000000 0.000000 0.000000 0.000000 -1.000000 0.000016 3.999996 0.000000 3.750000 3.750000 13.750000 64450.dat
9 0 -1.000000 0.000000 -0.000000 0.000000 1.000000 0.000000 0.000000 0.000000 -1.000000 -29.999987 3.999996 -0.000012 3.750000 3.750000 22.299175 64450.dat
9 0 1.000000 0.000000 0.000000 0.000000 1.000000 0.000000 -0.000000 0.000000 1.000000 30.000015 3.999996 0.000009 3.750000 3.750000 22.299175 64450.dat
9 0 -1.000000 0.000000 -0.000000 0.000000 1.000000 0.000000 0.000000 0.000000 -1.000000 0.000000 76.000000 50.000000 25.750000 2.537075 2.537075 64450.dat
9 0 -1.000000 0.000000 -0.000000 0.000000 1.000000 0.000000 0.000000 0.000000 -1.000000 0.000013 3.999996 9.999999 25.750000 2.537075 2.537075 64450.dat
9 0 -1.000000 0.000000 -0.000000 0.000000 0.207104 -0.978319 0.000000 -0.978319 -0.207104 -29.999998 47.849998 43.981438 3.750000 3.750000 29.810249 64450.dat
9 0 -1.000000 0.000000 -0.000000 0.000000 0.079151 -0.996863 0.000000 -0.996863 -0.079151 -24.499998 71.568649 44.759491 9.250000 1.930250 7.988875 64450.dat
9 0 -1.000000 0.000000 -0.000000 0.000000 0.420505 -0.907290 0.000000 -0.907290 -0.420505 -29.999996 13.888746 35.954865 3.750000 2.888550 6.044800 64450.dat
9 0 -1.000000 0.000000 -0.000000 0.000000 0.938410 -0.345525 0.000000 -0.345525 -0.938410 -29.999996 5.675250 27.656639 3.750000 2.888550 6.044800 64450.dat
9 0 1.000000 0.000000 0.000000 0.000000 0.207104 -0.978319 -0.000000 0.978319 0.207104 30.000004 47.849998 43.981461 3.750000 3.750000 29.810249 64450.dat
9 0 1.000000 0.000000 0.000000 0.000000 0.079151 -0.996863 -0.000000 0.996863 0.079151 24.500002 71.568649 44.759510 9.250000 1.930250 7.988875 64450.dat
9 0 1.000000 0.000000 0.000000 0.000000 0.420505 -0.907290 -0.000000 0.907290 0.420505 30.000008 13.888746 35.954887 3.750000 2.888550 6.044800 64450.dat
9 0 1.000000 0.000000 0.000000 0.000000 0.938409 -0.345526 -0.000000 0.345526 0.938409 30.000008 5.675250 27.656662 3.750000 2.888550 6.044800 64450.dat
9 0 -1.000000 0.000000 -0.000000 0.000000 1.000000 0.000000 0.000000 0.000000 -1.000000 0.000033 76.000000 -50.000000 25.750000 2.537075 2.537075 64450.dat
9 0 -1.000000 0.000000 -0.000000 0.000000 1.000000 0.000000 0.000000 0.000000 -1.000000 0.000020 3.999996 -10.000002 25.750000 2.537075 2.537075 64450.dat
9 0 -1.000000 0.000000 -0.000000 0.000000 0.611841 -0.790981 0.000000 -0.790981 -0.611841 0.000027 8.192748 -32.485748 25.750000 5.735575 1.311225 64450.dat
9 0 -1.000000 0.000000 -0.000000 -0.000000 0.207104 0.978319 0.000000 0.978319 -0.207104 -29.999971 47.849998 -43.981510 3.750000 3.750000 29.810249 64450.dat
9 0 -1.000000 0.000000 -0.000000 -0.000000 0.079151 0.996863 0.000000 0.996863 -0.079151 -24.499969 71.553452 -44.758255 9.250000 1.930250 8.004126 64450.dat
9 0 -1.000000 0.000000 -0.000000 -0.000000 0.420505 0.907290 0.000000 0.907290 -0.420505 -29.999975 13.888746 -35.955013 3.750000 2.888550 6.044800 64450.dat
9 0 -1.000000 0.000000 -0.000000 -0.000000 0.938410 0.345525 0.000000 0.345525 -0.938410 -29.999977 5.675250 -27.656763 3.750000 2.888550 6.044800 64450.dat
9 0 1.000000 -0.000000 0.000000 -0.000000 0.207104 0.978319 -0.000000 -0.978319 0.207104 30.000031 47.849998 -43.981487 3.750000 3.750000 29.810249 64450.dat
9 0 1.000000 -0.000000 0.000000 -0.000000 0.079151 0.996863 -0.000000 -0.996863 0.079151 24.499432 71.553452 -44.758244 9.250600 1.930250 8.004126 64450.dat
9 0 1.000000 -0.000000 0.000000 -0.000000 0.420505 0.907290 -0.000000 -0.907290 0.420505 30.000029 13.888746 -35.954987 3.750000 2.888550 6.044800 64450.dat
9 0 1.000000 -0.000000 0.000000 -0.000000 0.938409 0.345526 -0.000000 -0.345526 0.938409 30.000025 5.675250 -27.656740 3.750000 2.888550 6.044800 64450.dat
9 0 -1.000000 0.000000 -0.000000 -0.000000 0.604415 0.796670 0.000000 0.796670 -0.604415 0.000006 7.703501 32.570522 25.750000 5.735575 1.311225 64450.dat
10 0 -34.000000 -4.500000 -104.499992 34.000000 80.425003 4.500000 64450.dat
3 23 -1.000000 0.000000 -0.000000 0.000000 1.000000 0.000000 0.000000 0.000000 -1.000000 0.000016 0.000000 0.000000 2 2 29:0:0,29:0:0,29:0:0,29:0:0,1:4:32,29:0:0,29:0:0,29:0:0,29:0:0, 64450.dat
3 23 -1.000000 0.000000 -0.000000 0.000000 1.000000 0.000000 0.000000 0.000000 -1.000000 20.013943 0.000000 0.000006 2 2 29:0:0,29:0:0,29:0:0,29:0:0,1:4:32,29:0:0,29:0:0,29:0:0,29:0:0, 64450.dat
3 23 -1.000000 0.000000 -0.000000 0.000000 1.000000 0.000000 0.000000 0.000000 -1.000000 -0.013902 0.000000 -19.999998 2 2 29:0:0,29:0:0,29:0:0,29:0:0,1:4:32,29:0:0,29:0:0,29:0:0,29:0:0, 64450.dat
3 23 -1.000000 0.000000 -0.000000 0.000000 1.000000 0.000000 0.000000 0.000000 -1.000000 20.013948 0.000000 -19.999992 2 2 29:0:0,29:0:0,29:0:0,29:0:0,1:4:32,29:0:0,29:0:0,29:0:0,29:0:0, 64450.dat
0 7 0.000000 1.000000 0.000000 1.000000 -0.000000 0.000000 0.000000 0.000000 -1.000000 15.000001 76.000000 50.000008 1 1 1.200000 0 1 64450.dat
0 7 0.000000 1.000000 0.000000 1.000000 -0.000000 0.000000 0.000000 0.000000 -1.000000 15.000033 76.000000 -49.999992 1 1 1.200000 0 1 64450.dat
0 7 0.000000 1.000000 0.000000 1.000000 -0.000000 0.000000 0.000000 0.000000 -1.000000 26.000011 3.999996 10.000009 1 1 0.374443 0 1 64450.dat
0 7 0.000000 1.000000 0.000000 1.000000 -0.000000 0.000000 0.000000 0.000000 -1.000000 -16.638912 3.999996 9.999993 1 1 0.374443 0 1 64450.dat
0 7 0.000000 1.000000 0.000000 1.000000 -0.000000 0.000000 0.000000 0.000000 -1.000000 26.000019 3.999996 -9.999996 1 1 0.374443 0 1 64450.dat
0 7 0.000000 1.000000 0.000000 1.000000 -0.000000 0.000000 0.000000 0.000000 -1.000000 -16.638906 3.999996 -10.000009 1 1 0.374443 0 1 64450.dat
