9 0 -0.707107 0.000000 0.707107 0.000000 1.000000 0.000000 -0.707107 0.000000 -0.707107 0.000000 3.375000 0.000000 1.075825 3.125000 1.075825 64647.dat
9 0 -0.707107 0.000000 0.707107 0.000000 1.000000 0.000000 -0.707107 0.000000 -0.707107 0.000000 -2.500000 0.000000 2.578425 2.250000 2.578425 64647.dat
9 0 0.000000 0.955428 0.295224 -0.000000 0.295224 -0.955428 -1.000000 0.000000 0.000000 0.000253 -16.253750 10.278850 3.808400 15.545775 2.327050 64647.dat
9 0 -0.000000 0.868745 -0.495260 -0.000000 -0.495260 -0.868745 -1.000000 0.000000 0.000000 0.000002 -18.815126 5.217825 12.168725 5.591950 1.250000 64647.dat
9 0 -0.000000 0.999549 -0.030015 -0.000000 -0.030015 -0.999549 -1.000000 0.000000 0.000000 0.000253 -11.256525 8.824300 2.803075 13.390949 2.327050 64647.dat
10 0 -5.977925 -6.750000 -4.000000 27.728998 32.155998 4.000000 64647.dat
0 15 0.000000 0.000000 1.000000 0.000000 1.000000 0.000000 -1.000000 0.000000 0.000000 0.000000 6.750000 0.000000 0 1 0.270000 0 0 64647.dat
0 7 0.000000 0.000000 1.000000 0.000000 1.000000 0.000000 -1.000000 0.000000 0.000000 0.000000 0.000000 0.000000 0 1 0.200000 0 0 64647.dat
