9 0 0.114013 -0.993479 0.000000 -0.000000 -0.000000 -1.000000 0.993479 0.114013 0.000000 -6.099744 -21.097195 44.197746 10.717100 53.947754 1.160225 64680.dat
9 0 0.251526 -0.967851 0.000000 -0.000000 -0.000000 -1.000000 0.967851 0.251526 0.000000 -1.783422 -43.907997 35.507248 12.250000 45.257248 1.116725 64680.dat
9 0 0.321514 -0.946905 0.000000 -0.000000 -0.000000 -1.000000 0.946905 0.321514 0.000000 3.896701 -62.660004 27.257746 6.965875 37.007748 1.375125 64680.dat
9 0 0.031093 -0.999516 0.000000 -0.000000 -0.000000 -1.000000 0.999516 0.031093 0.000000 -7.200737 -2.576042 102.175484 11.982125 12.675400 1.373700 64680.dat
9 0 0.128399 -0.790711 -0.598574 -0.068293 0.595087 -0.800754 0.989368 0.143695 0.022408 -4.101940 -22.299017 98.216232 33.659248 8.863700 1.740725 64680.dat
9 0 0.305798 -0.751509 -0.584570 -0.068293 0.595087 -0.800754 0.949644 0.284791 0.130653 5.388829 -61.648743 68.163742 16.806776 8.863700 1.740725 64680.dat
9 0 0.386860 -0.922139 0.000000 -0.000000 -0.000000 -1.000000 0.922139 0.386860 0.000000 9.708948 -78.087006 0.252274 7.666275 10.002275 0.258200 64680.dat
9 0 0.439010 -0.898482 0.000000 -0.000000 -0.000000 -1.000000 0.898482 0.439010 0.000000 8.549726 -73.466240 46.583996 7.666275 16.534651 0.791225 64680.dat
9 0 -0.000000 -1.000000 0.000000 -0.000000 -0.000000 -1.000000 1.000000 -0.000000 0.000000 10.299076 -8.602049 -1.089626 0.397950 8.660376 18.700924 64680.dat
9 0 -0.000000 -1.000000 0.000000 -0.000000 -0.000000 -1.000000 1.000000 -0.000000 0.000000 20.000000 -10.809549 -0.000001 1.190425 9.750000 9.000000 64680.dat
9 0 -0.000000 -1.000000 0.000000 -0.000000 -0.000000 -1.000000 1.000000 -0.000000 0.000000 19.999998 -30.015001 -0.000001 1.985000 9.750000 9.000000 64680.dat
9 0 -0.000000 -1.000000 0.000000 -0.000000 -0.000000 -1.000000 1.000000 -0.000000 0.000000 19.999998 -49.869747 -0.000001 1.869625 9.750000 9.000000 64680.dat
9 0 -0.000000 -1.000000 0.000000 -0.000000 -0.000000 -1.000000 1.000000 -0.000000 0.000000 19.999998 -70.014999 -0.000001 1.985000 9.750000 9.000000 64680.dat
9 0 -0.000000 -1.000000 0.000000 -0.000000 -0.000000 -1.000000 1.000000 -0.000000 0.000000 28.686501 -39.785252 -1.089626 39.964752 8.660376 0.313500 64680.dat
9 0 -0.000000 -1.000000 0.000000 -0.000000 -0.000000 -1.000000 1.000000 -0.000000 0.000000 11.320374 -43.046249 -1.089626 36.703751 8.660376 0.245250 64680.dat
9 0 -0.000000 -1.000000 0.000000 -0.000000 -0.000000 -1.000000 1.000000 -0.000000 0.000000 10.235353 8.500002 -1.089626 0.500000 8.660376 9.985350 64680.dat
9 0 -0.000000 -1.000000 0.000000 -0.000000 -0.000000 -1.000000 1.000000 -0.000000 0.000000 10.178701 -0.619624 -1.089626 8.380375 8.660376 1.821325 64680.dat
9 0 -0.000000 -1.000000 0.000000 -0.000000 -0.000000 -1.000000 1.000000 -0.000000 0.000000 2.978027 -22.391350 8.624998 12.772224 1.125000 7.521975 64680.dat
9 0 0.130654 -0.991428 0.000000 -0.000000 -0.000000 -1.000000 0.991428 0.130654 0.000000 7.099300 -53.674252 8.624998 17.377224 1.125000 3.681275 64680.dat
9 0 0.142408 -0.989808 0.000000 -0.000000 -0.000000 -1.000000 0.989808 0.142408 0.000000 4.658376 -40.762501 8.624998 16.178524 1.125000 6.068225 64680.dat
9 0 -0.000000 -1.000000 0.000000 -0.000000 -0.000000 -1.000000 1.000000 -0.000000 0.000000 8.612707 1.041280 59.949993 8.708725 19.699900 0.387325 64680.dat
9 0 -0.000000 -1.000000 0.000000 -0.000000 -0.000000 -1.000000 1.000000 -0.000000 0.000000 -8.624242 1.041281 65.811493 8.708725 25.561501 0.375725 64680.dat
9 0 -0.000000 -1.000000 0.000000 -0.000000 -0.000000 -1.000000 1.000000 -0.000000 0.000000 -0.214668 1.041279 50.089241 8.708725 1.340900 8.785325 64680.dat
9 0 -0.000000 -1.000000 0.000000 -0.000000 -0.000000 -1.000000 1.000000 -0.000000 0.000000 -0.214666 1.041281 69.849487 8.708725 1.598125 8.785325 64680.dat
9 0 -0.678667 -0.734446 0.000000 -0.000000 -0.000000 -1.000000 0.734446 -0.678668 0.000000 25.966274 5.971875 -1.089626 0.193350 8.660376 2.865325 64680.dat
9 0 -0.000000 -1.000000 0.000000 -0.000000 -0.000000 -1.000000 1.000000 -0.000000 0.000000 -5.315741 -10.999994 59.999992 0.750000 25.000000 1.740725 64680.dat
9 0 -0.000000 -1.000000 0.000000 -0.000000 -0.000000 -1.000000 1.000000 -0.000000 0.000000 -5.740742 -1.533123 11.124999 5.966875 0.875000 1.740725 64680.dat
9 0 -0.000000 -1.000000 0.000000 -0.000000 -0.000000 -1.000000 1.000000 -0.000000 0.000000 12.235622 -76.970749 10.568849 4.470700 0.318850 1.514375 64680.dat
9 0 0.000000 0.707107 0.707107 0.000000 -0.707107 0.707107 1.000000 -0.000000 0.000000 19.999998 -85.753998 14.245924 0.137500 2.947800 9.750000 64680.dat
9 0 0.000000 1.000000 -0.000000 0.000000 0.000000 1.000000 1.000000 -0.000000 0.000000 19.999998 -88.137505 19.999998 0.137500 2.947800 9.750000 64680.dat
9 0 -0.000000 0.707107 -0.707107 0.000000 0.707107 0.707107 1.000000 -0.000000 0.000000 19.999998 -85.753998 25.753998 0.137500 2.947800 9.750000 64680.dat
9 0 0.000000 -0.707107 0.707107 -0.000000 -0.707107 -0.707107 1.000000 -0.000000 0.000000 19.999998 -74.246002 14.245924 0.137500 2.947800 9.750000 64680.dat
9 0 -0.000000 -0.000000 -1.000000 0.000000 1.000000 0.000000 1.000000 -0.000000 0.000000 19.999998 -80.000000 28.137499 0.137500 2.947800 9.750000 64680.dat
9 0 0.000000 0.000000 1.000000 -0.000000 -1.000000 0.000000 1.000000 -0.000000 0.000000 19.999998 -80.000000 11.862497 0.137500 2.947800 9.750000 64680.dat
9 0 -0.000000 -0.707107 -0.707107 -0.000000 0.707107 -0.707107 1.000000 -0.000000 0.000000 19.999998 -74.246002 25.753998 0.137500 2.947800 9.750000 64680.dat
9 0 -0.000000 -1.000000 0.000000 -0.000000 -0.000000 -1.000000 1.000000 -0.000000 0.000000 19.999998 -71.862503 19.999998 0.137500 2.947800 9.750000 64680.dat
9 0 -0.000000 -0.000000 -1.000000 1.000000 -0.000000 0.000000 -0.000000 -1.000000 0.000000 0.000010 1.000007 88.137489 0.137500 2.448725 8.750000 64680.dat
9 0 0.642787 0.000000 -0.766045 0.766045 -0.000000 0.642787 -0.000000 -1.000000 -0.000000 -5.230738 1.000007 86.233742 0.137500 2.448725 8.750000 64680.dat
9 0 0.984808 -0.000000 -0.173647 0.173647 0.000001 0.984808 0.000000 -1.000000 0.000001 -8.013739 1.000007 81.412987 0.137500 2.448725 8.750000 64680.dat
9 0 -0.642787 -0.000000 -0.766045 0.766045 0.000000 -0.642787 0.000000 -1.000000 0.000000 5.230686 1.000006 86.233742 0.137500 2.448725 8.750000 64680.dat
9 0 -0.984808 -0.000000 -0.173649 0.173649 -0.000000 -0.984808 0.000000 -1.000000 0.000000 8.013884 1.000006 81.412987 0.137500 2.448725 8.750000 64680.dat
9 0 0.000000 0.000000 1.000000 1.000000 -0.000000 0.000000 0.000000 1.000000 0.000000 0.000006 1.000003 31.862497 0.137500 2.448725 8.750000 64680.dat
9 0 0.642787 -0.000000 0.766045 0.766045 -0.000000 -0.642787 0.000000 1.000000 0.000000 -5.230744 1.000004 33.766251 0.137500 2.448725 8.750000 64680.dat
9 0 0.984808 -0.000000 0.173649 0.173649 -0.000000 -0.984808 0.000000 1.000000 0.000000 -8.013744 1.000004 38.586998 0.137500 2.448725 8.750000 64680.dat
9 0 -0.642787 0.000000 0.766045 0.766045 0.000000 0.642787 -0.000000 1.000000 -0.000000 5.230681 1.000003 33.766251 0.137500 2.448725 8.750000 64680.dat
9 0 -0.984808 -0.000000 0.173647 0.173647 -0.000001 0.984808 0.000000 1.000000 0.000001 8.013880 1.000003 38.586998 0.137500 2.448725 8.750000 64680.dat
9 0 0.866025 -0.500000 0.000000 -0.000000 -0.000000 -1.000000 0.500000 0.866025 0.000000 -7.043745 4.074702 11.350549 0.137500 21.100550 2.740925 64680.dat
9 0 0.258819 -0.965926 0.000000 -0.000000 -0.000000 -1.000000 0.965926 0.258819 0.000000 -2.099445 7.861952 11.124999 0.137500 20.875000 2.740925 64680.dat
9 0 0.999738 0.022878 0.000000 -0.000000 -0.000000 -1.000000 -0.022878 0.999738 0.000000 -8.778744 -3.655648 11.350549 0.137500 21.100550 3.415475 64680.dat
9 0 -0.000000 -1.000000 0.000000 -0.000000 -0.000000 -1.000000 1.000000 -0.000000 0.000000 19.999996 -88.436501 -0.000001 0.241525 9.750000 2.460350 64680.dat
9 0 0.707107 -0.707107 0.000000 -0.000000 -0.000000 -1.000000 0.707107 0.707107 0.000000 25.923447 -85.907753 -0.000001 0.241525 9.750000 2.349400 64680.dat
10 0 -10.025850 0.000000 -10.000000 90.000000 136.187500 30.751249 64680.dat
0 2 -0.000000 -1.000000 0.000000 -0.000000 -0.000000 -1.000000 1.000000 -0.000000 0.000000 20.000000 0.000000 -10.000000 0 0 0.800000 0 0 64680.dat
0 2 -0.000000 -1.000000 0.000000 -0.000000 -0.000000 -1.000000 1.000000 -0.000000 0.000000 19.999998 -20.000000 -10.000000 0 0 0.800000 0 0 64680.dat
0 2 -0.000000 -1.000000 0.000000 -0.000000 -0.000000 -1.000000 1.000000 -0.000000 0.000000 19.999998 -40.000000 -10.000000 0 0 0.800000 0 0 64680.dat
0 2 -0.000000 -1.000000 0.000000 -0.000000 -0.000000 -1.000000 1.000000 -0.000000 0.000000 19.999998 -60.000004 -10.000000 0 0 0.800000 0 0 64680.dat
0 2 -0.000000 -1.000000 0.000000 -0.000000 -0.000000 -1.000000 1.000000 -0.000000 0.000000 19.999996 -80.000000 -10.000000 0 0 0.800000 0 0 64680.dat
0 2 0.000000 0.000000 1.000000 -0.000000 -1.000000 0.000000 1.000000 -0.000000 0.000000 0.000006 -9.974147 39.999996 0 0 0.800000 0 0 64680.dat
0 2 0.000000 0.000000 1.000000 -0.000000 -1.000000 0.000000 1.000000 -0.000000 0.000000 0.000007 -9.974145 59.999992 0 0 0.800000 0 0 64680.dat
0 2 0.000000 0.000000 1.000000 -0.000000 -1.000000 0.000000 1.000000 -0.000000 0.000000 0.000009 -9.974144 79.999992 0 0 0.800000 0 0 64680.dat
0 2 1.000000 0.000000 0.000000 -0.000000 -0.000000 -1.000000 0.000000 1.000000 0.000000 0.000001 0.000001 -10.000000 0 0 0.800000 0 0 64680.dat
0 2 -0.000000 -1.000000 0.000000 -1.000000 0.000000 0.000000 -0.000000 -0.000000 -1.000000 9.999999 -80.000000 19.999998 0 0 0.800000 0 0 64680.dat
2 22 -1.000000 0.000000 0.000000 0.000000 1.000000 0.000000 -0.000000 -0.000000 -1.000000 10.000006 10.000003 29.999998 6 2 22:2:1,22:2:1,22:2:1,22:2:1,16:4:64,22:2:1,22:2:1,22:2:1,22:2:1,22:2:1,16:4:64,22:2:1,22:2:1,22:2:1,22:2:1,22:2:1,16:4:64,22:2:1,22:2:1,22:2:1,22:2:1, 64680.dat
2 22 -0.000000 -1.000000 0.000000 1.000000 -0.000000 0.000000 0.000000 0.000000 1.000000 29.999998 -70.000000 29.999998 2 2 22:1:1,22:2:1,22:1:1,22:2:1,16:4:64,22:2:1,22:1:1,22:2:1,22:1:1, 64680.dat
2 22 -1.000000 0.000000 0.000000 -0.000000 -0.000000 -1.000000 -0.000000 -1.000000 0.000000 29.999996 -90.000000 -10.000000 10 4 22:1:1,22:2:1,22:2:1,29:0:1,29:0:1,22:2:1,16:4:64,22:2:1,29:0:1,29:0:1,22:2:1,22:2:1,22:2:1,22:2:1,29:0:1,22:2:1,16:4:64,22:2:1,22:2:1,29:0:1,22:2:1,22:2:1,22:2:1,22:2:1,29:0:1,22:2:1,16:4:64,22:2:1,22:2:1,29:0:1,22:2:1,22:2:1,22:2:1,22:2:1,29:0:1,22:2:1,16:4:64,22:2:1,22:2:1,22:2:1,22:2:1,22:2:1,22:2:1,22:2:1,22:2:1,22:2:1,16:4:64,22:2:1,16:4:64,22:2:1,22:1:1,22:2:1,22:2:1,22:2:1,22:1:1, 64680.dat
