9 0 -0.000001 1.000000 0.000000 1.000000 0.000001 -0.000000 -0.000000 0.000000 -1.000000 0.000093 -72.426743 -0.000033 5.120150 5.375000 4.750000 64711.dat
9 0 -0.642789 0.766044 0.000001 0.766044 0.642789 -0.000000 -0.000000 0.000000 -1.000000 46.555069 -55.481930 -0.000045 5.120150 5.375000 4.750000 64711.dat
9 0 -0.984808 0.173647 0.000001 0.173647 0.984808 0.000000 -0.000000 0.000000 -1.000000 71.326515 -12.576667 -0.000037 5.120150 5.375000 4.750000 64711.dat
9 0 -0.866025 -0.500001 0.000000 -0.500001 0.866025 0.000001 -0.000000 0.000000 -1.000000 62.723438 36.213596 -0.000012 5.120150 5.375000 4.750000 64711.dat
9 0 -0.342019 -0.939693 -0.000000 -0.939693 0.342019 0.000001 -0.000000 0.000000 -1.000000 24.771296 68.059036 0.000019 5.120150 5.375000 4.750000 64711.dat
9 0 0.342022 -0.939692 -0.000001 -0.939692 -0.342022 0.000000 -0.000000 0.000000 -1.000000 -24.771503 68.058968 0.000042 5.120150 5.375000 4.750000 64711.dat
9 0 0.866026 -0.499999 -0.000001 -0.499999 -0.866026 -0.000000 -0.000000 0.000000 -1.000000 -62.723560 36.213421 0.000043 5.120150 5.375000 4.750000 64711.dat
9 0 0.984807 0.173650 -0.000000 0.173650 -0.984807 -0.000001 -0.000000 0.000000 -1.000000 -71.326485 -12.576866 0.000027 5.120150 5.375000 4.750000 64711.dat
9 0 0.642787 0.766045 0.000000 0.766045 -0.642787 -0.000001 -0.000000 0.000000 -1.000000 -46.554932 -55.482059 -0.000004 5.120150 5.375000 4.750000 64711.dat
9 0 -0.000001 1.000000 0.000000 1.000000 0.000001 -0.000000 -0.000000 0.000000 -1.000000 -0.000101 72.426750 20.000032 5.120150 5.375000 4.750000 64711.dat
9 0 -0.642789 0.766044 0.000001 0.766044 0.642789 -0.000000 -0.000000 0.000000 -1.000000 -46.555077 55.481934 20.000046 5.120150 5.375000 4.750000 64711.dat
9 0 -0.984808 0.173647 0.000001 0.173647 0.984808 0.000000 -0.000000 0.000000 -1.000000 -71.326515 12.576675 20.000038 5.120150 5.375000 4.750000 64711.dat
9 0 -0.866025 -0.500001 0.000000 -0.500001 0.866025 0.000001 -0.000000 0.000000 -1.000000 -62.723446 -36.213337 20.000011 5.120150 5.375000 4.750000 64711.dat
9 0 -0.342019 -0.939693 -0.000000 -0.939693 0.342019 0.000001 -0.000000 0.000000 -1.000000 -24.771330 -68.059036 19.999981 5.120150 5.375000 4.750000 64711.dat
9 0 0.342022 -0.939692 -0.000001 -0.939692 -0.342022 0.000000 -0.000000 0.000000 -1.000000 24.771496 -68.058960 19.999958 5.120150 5.375000 4.750000 64711.dat
9 0 0.866026 -0.499999 -0.000001 -0.499999 -0.866026 -0.000000 -0.000000 0.000000 -1.000000 62.723553 -36.213413 19.999958 5.120150 5.375000 4.750000 64711.dat
9 0 0.984807 0.173650 -0.000000 0.173650 -0.984807 -0.000001 -0.000000 0.000000 -1.000000 71.326485 12.576875 19.999973 5.120150 5.375000 4.750000 64711.dat
9 0 0.642787 0.766045 0.000000 0.766045 -0.642787 -0.000001 -0.000000 0.000000 -1.000000 46.554924 55.482067 20.000004 5.120150 5.375000 4.750000 64711.dat
9 0 -0.000001 1.000000 0.000000 1.000000 0.000001 -0.000000 -0.000000 0.000000 -1.000000 -34.243008 -0.000040 1.875015 8.139375 7.743625 1.625000 64711.dat
9 0 0.866025 0.500001 -0.000000 0.500001 -0.866025 -0.000001 -0.000000 0.000000 -1.000000 -17.121550 29.655235 1.875021 8.139375 7.743625 1.625000 64711.dat
9 0 0.866026 -0.499999 -0.000001 -0.499999 -0.866026 -0.000000 -0.000000 0.000000 -1.000000 17.121450 29.655283 1.875006 8.139375 7.743625 1.625000 64711.dat
9 0 0.000001 -1.000000 -0.000000 -1.000000 -0.000001 0.000000 -0.000000 0.000000 -1.000000 34.242992 0.000056 1.874985 8.139375 7.743625 1.625000 64711.dat
9 0 -0.866025 -0.500001 0.000000 -0.500001 0.866025 0.000001 -0.000000 0.000000 -1.000000 17.121534 -29.655218 1.874979 8.139375 7.743625 1.625000 64711.dat
9 0 -0.866026 0.499999 0.000001 0.499999 0.866026 0.000000 -0.000000 0.000000 -1.000000 -17.121466 -29.655266 1.874994 8.139375 7.743625 1.625000 64711.dat
9 0 0.866026 -0.499999 -0.000001 -0.499999 -0.866026 -0.000000 -0.000000 0.000000 -1.000000 27.754168 48.071804 -13.381241 27.042749 3.619400 6.368751 64711.dat
9 0 0.000001 -1.000000 -0.000000 -1.000000 -0.000001 0.000000 -0.000000 0.000000 -1.000000 55.508240 0.000093 -13.381274 27.042749 3.619400 6.368751 64711.dat
9 0 -0.866025 -0.500001 0.000000 -0.500001 0.866025 0.000001 -0.000000 0.000000 -1.000000 27.754303 -48.071697 -13.381283 27.042749 3.619400 6.368751 64711.dat
9 0 -0.866026 0.499999 0.000001 0.499999 0.866026 0.000000 -0.000000 0.000000 -1.000000 -27.754196 -48.071774 -13.381259 27.042749 3.619400 6.368751 64711.dat
9 0 -0.000001 1.000000 0.000000 1.000000 0.000001 -0.000000 -0.000000 0.000000 -1.000000 -55.508263 -0.000063 -13.381227 27.042749 3.619400 6.368751 64711.dat
9 0 0.866025 0.500001 -0.000000 0.500001 -0.866025 -0.000001 -0.000000 0.000000 -1.000000 -27.754333 48.071728 -13.381217 27.042749 3.619400 6.368751 64711.dat
9 0 0.866026 -0.499999 -0.000001 -0.242695 -0.420362 0.874297 -0.437147 -0.757164 -0.485392 23.251980 40.273796 -10.824992 12.835450 9.518875 1.056175 64711.dat
9 0 0.000001 -1.000000 -0.000000 -0.485392 -0.000001 0.874297 -0.874297 -0.000001 -0.485392 46.503986 0.000079 -10.825022 12.835450 9.518875 1.056175 64711.dat
9 0 -0.866025 -0.500001 0.000000 -0.242696 0.420361 0.874297 -0.437150 0.757163 -0.485391 23.252094 -40.273701 -10.825027 12.835450 9.518875 1.056175 64711.dat
9 0 -0.866026 0.499999 0.000001 0.242696 0.420362 0.874297 0.437147 0.757164 -0.485392 -23.252007 -40.273769 -10.825009 12.835450 9.518875 1.056175 64711.dat
9 0 -0.000001 1.000000 0.000000 0.485393 0.000000 0.874296 0.874296 0.000001 -0.485393 -46.504013 -0.000051 -10.824980 12.835450 9.518875 1.056175 64711.dat
9 0 0.866025 0.500001 -0.000000 0.242697 -0.420362 0.874296 0.437149 -0.757162 -0.485393 -23.252121 40.273731 -10.824974 12.835450 9.518875 1.056175 64711.dat
9 0 -0.000001 1.000000 0.000000 -1.000000 -0.000001 0.000001 0.000001 -0.000000 1.000000 -0.000072 48.332005 10.000022 0.296000 5.679675 9.750000 64711.dat
9 0 0.000001 -1.000000 -0.000000 1.000000 0.000001 -0.000000 0.000000 -0.000000 1.000000 0.000063 -48.331997 9.999979 0.225175 6.858325 9.750000 64711.dat
9 0 -1.000000 -0.000001 0.000001 0.000001 -1.000000 -0.000000 0.000001 -0.000000 1.000000 -8.379555 -0.000007 10.000004 0.296000 44.541000 9.750000 64711.dat
9 0 1.000000 0.000001 -0.000001 -0.000001 1.000000 0.000001 0.000001 -0.000001 1.000000 8.379546 0.000016 9.999996 0.296000 44.541000 9.750000 64711.dat
9 0 -0.000001 1.000000 0.000000 -1.000000 -0.000001 0.000001 0.000001 -0.000000 1.000000 0.000038 -29.981497 9.999987 1.712775 6.858325 9.750000 64711.dat
9 0 -0.000001 1.000000 0.000000 -1.000000 -0.000001 0.000001 0.000001 -0.000000 1.000000 0.000010 -10.029120 9.999995 1.712775 6.858325 9.750000 64711.dat
9 0 -0.000001 1.000000 0.000000 -1.000000 -0.000001 0.000001 0.000001 -0.000000 1.000000 -0.000018 9.970880 10.000005 1.712775 6.858325 9.750000 64711.dat
9 0 -0.000001 1.000000 0.000000 -1.000000 -0.000001 0.000001 0.000001 -0.000000 1.000000 -0.000046 29.971004 10.000013 1.712775 6.858325 9.750000 64711.dat
9 0 -0.866024 -0.500002 0.000000 0.500002 -0.866024 -0.000001 0.000000 -0.000000 1.000000 -41.856720 -24.166029 10.000009 0.296000 5.679675 9.750000 64711.dat
9 0 0.866024 0.500002 -0.000000 -0.500002 0.866024 0.000001 0.000001 -0.000000 1.000000 41.856716 24.166037 9.999992 0.296000 5.679675 9.750000 64711.dat
9 0 0.500001 -0.866025 -0.000001 0.866025 0.500001 -0.000000 0.000000 -0.000000 1.000000 4.189756 -7.256915 9.999995 0.296000 44.541000 9.750000 64711.dat
9 0 -0.500001 0.866025 0.000001 -0.866025 -0.500001 0.000000 0.000001 -0.000000 1.000000 -4.189764 7.256924 10.000006 0.296000 44.541000 9.750000 64711.dat
9 0 -0.866025 -0.500001 0.000000 0.500001 -0.866025 -0.000001 0.000000 -0.000000 1.000000 25.964725 14.990815 9.999995 1.712775 6.858325 9.750000 64711.dat
9 0 -0.866025 -0.500001 0.000000 0.500001 -0.866025 -0.000001 0.000000 -0.000000 1.000000 8.685464 5.014592 9.999999 1.712775 6.858325 9.750000 64711.dat
9 0 -0.866025 -0.500001 0.000000 0.500001 -0.866025 -0.000001 0.000000 -0.000000 1.000000 -8.635022 -4.985432 10.000002 1.712775 6.858325 9.750000 64711.dat
9 0 -0.866025 -0.500001 0.000000 0.500001 -0.866025 -0.000001 0.000000 -0.000000 1.000000 -25.955482 -14.985456 10.000006 1.712775 6.858325 9.750000 64711.dat
9 0 -0.866026 0.499999 0.000001 -0.499999 -0.866026 -0.000000 0.000001 -0.000000 1.000000 -41.856785 24.165920 10.000030 0.296000 5.679675 9.750000 64711.dat
9 0 0.866026 -0.499999 -0.000001 0.499999 0.866026 0.000000 0.000000 -0.000000 1.000000 41.856781 -24.165913 9.999971 0.296000 5.679675 9.750000 64711.dat
9 0 -0.499999 -0.866026 -0.000000 0.866026 -0.499999 -0.000001 0.000000 -0.000000 1.000000 -4.189795 -7.256876 9.999999 0.296000 44.541000 9.750000 64711.dat
9 0 0.499999 0.866026 0.000000 -0.866026 0.499999 0.000001 0.000001 -0.000000 1.000000 4.189785 7.256886 10.000002 0.296000 44.541000 9.750000 64711.dat
9 0 -0.866026 0.499998 0.000001 -0.499998 -0.866026 -0.000000 0.000001 -0.000000 1.000000 25.964767 -14.990709 9.999982 1.712775 6.858325 9.750000 64711.dat
9 0 -0.866026 0.499998 0.000001 -0.499998 -0.866026 -0.000000 0.000001 -0.000000 1.000000 8.685477 -5.014533 9.999994 1.712775 6.858325 9.750000 64711.dat
9 0 -0.866026 0.499998 0.000001 -0.499998 -0.866026 -0.000000 0.000001 -0.000000 1.000000 -8.635036 4.985442 10.000006 1.712775 6.858325 9.750000 64711.dat
9 0 -0.866026 0.499998 0.000001 -0.499998 -0.866026 -0.000000 0.000001 -0.000000 1.000000 -25.955524 14.985418 10.000018 1.712775 6.858325 9.750000 64711.dat
9 0 1.000000 0.000001 -0.000000 0.000001 -1.000000 -0.000000 -0.000000 0.000000 -1.000000 -0.000097 66.040253 10.000030 18.569574 1.199350 19.750000 64711.dat
9 0 0.866026 -0.499999 -0.000001 -0.499999 -0.866026 -0.000000 -0.000000 0.000000 -1.000000 33.020164 57.192551 10.000010 18.569574 1.199350 19.750000 64711.dat
9 0 0.500001 -0.866025 -0.000001 -0.866025 -0.500001 0.000000 -0.000000 0.000000 -1.000000 57.192444 33.020332 9.999990 18.569574 1.199350 19.750000 64711.dat
9 0 -0.000001 1.000000 0.000000 1.000000 0.000001 -0.000000 -0.000000 0.000000 -1.000000 -66.040253 -0.000088 10.000030 18.569574 1.199350 19.750000 64711.dat
9 0 0.499999 0.866026 0.000000 0.866026 -0.499999 -0.000001 -0.000000 0.000000 -1.000000 -57.192551 33.020172 10.000040 18.569574 1.199350 19.750000 64711.dat
9 0 0.866025 0.500001 -0.000000 0.500001 -0.866025 -0.000001 -0.000000 0.000000 -1.000000 -33.020332 57.192455 10.000040 18.569574 1.199350 19.750000 64711.dat
9 0 -1.000000 -0.000001 0.000000 -0.000001 1.000000 0.000000 -0.000000 0.000000 -1.000000 0.000088 -66.040245 9.999971 18.569574 1.199350 19.750000 64711.dat
9 0 -0.866026 0.499999 0.000001 0.499999 0.866026 0.000000 -0.000000 0.000000 -1.000000 -33.020172 -57.192539 9.999990 18.569574 1.199350 19.750000 64711.dat
9 0 -0.500001 0.866025 0.000001 0.866025 0.500001 -0.000000 -0.000000 0.000000 -1.000000 -57.192455 -33.020325 10.000010 18.569574 1.199350 19.750000 64711.dat
9 0 0.000001 -1.000000 -0.000000 -1.000000 -0.000001 0.000000 -0.000000 0.000000 -1.000000 66.040245 0.000097 9.999971 18.569574 1.199350 19.750000 64711.dat
9 0 -0.499999 -0.866026 -0.000000 -0.866026 0.499999 0.000001 -0.000000 0.000000 -1.000000 57.192539 -33.020164 9.999960 18.569574 1.199350 19.750000 64711.dat
9 0 -0.866025 -0.500001 0.000000 -0.500001 0.866025 0.000001 -0.000000 0.000000 -1.000000 33.020325 -57.192444 9.999960 18.569574 1.199350 19.750000 64711.dat
9 0 -0.500001 0.866025 0.000000 0.131001 0.075633 0.988493 0.856059 0.494247 -0.151267 -46.095722 -26.613554 -7.802491 12.835450 11.810124 1.056175 64711.dat
9 0 -1.000000 -0.000002 0.000000 0.000000 0.151267 0.988493 -0.000002 0.988493 -0.151267 0.000062 -53.226738 -7.802524 12.835450 11.810124 1.056175 64711.dat
9 0 -0.499998 -0.866026 0.000000 -0.131002 0.075634 0.988493 -0.856061 0.494245 -0.151268 46.095776 -26.613422 -7.802533 12.835450 11.810124 1.056175 64711.dat
9 0 0.500001 -0.866025 -0.000001 -0.131001 -0.075635 0.988493 -0.856059 -0.494247 -0.151268 46.095699 26.613579 -7.802509 12.835450 11.810124 1.056175 64711.dat
9 0 1.000000 0.000001 -0.000000 0.000001 -0.151268 0.988493 0.000001 -0.988493 -0.151268 -0.000087 53.226765 -7.802476 12.835450 11.810124 1.056175 64711.dat
9 0 0.499998 0.866026 0.000000 0.131002 -0.075634 0.988493 0.856061 -0.494245 -0.151268 -46.095802 26.613447 -7.802467 12.835450 11.810124 1.056175 64711.dat
10 0 -77.797005 -77.591743 -40.000000 77.797005 77.591743 10.000000 64711.dat
0 2 -0.000001 1.000000 0.000000 0.000000 -0.000000 1.000000 1.000000 0.000001 -0.000000 0.000000 0.000000 20.000000 0 0 0.800000 0 0 64711.dat
0 2 -0.000001 1.000000 0.000000 0.000000 -0.000000 1.000000 1.000000 0.000001 -0.000000 -0.000028 19.976200 20.000010 0 0 0.800000 0 0 64711.dat
0 2 -0.000001 1.000000 0.000000 0.000000 -0.000000 1.000000 1.000000 0.000001 -0.000000 -0.000056 39.952499 20.000019 0 0 0.800000 0 0 64711.dat
0 2 -0.000001 1.000000 0.000000 0.000000 -0.000000 1.000000 1.000000 0.000001 -0.000000 34.599724 19.976250 19.999994 0 0 0.800000 0 0 64711.dat
0 2 -0.000001 1.000000 0.000000 0.000000 -0.000000 1.000000 1.000000 0.000001 -0.000000 17.299887 9.988125 19.999998 0 0 0.800000 0 0 64711.dat
0 2 -0.000001 1.000000 0.000000 0.000000 -0.000000 1.000000 1.000000 0.000001 -0.000000 17.299913 -9.988075 19.999989 0 0 0.800000 0 0 64711.dat
0 2 -0.000001 1.000000 0.000000 0.000000 -0.000000 1.000000 1.000000 0.000001 -0.000000 34.599777 -19.976151 19.999977 0 0 0.800000 0 0 64711.dat
0 2 -0.000001 1.000000 0.000000 0.000000 -0.000000 1.000000 1.000000 0.000001 -0.000000 0.000028 -19.976200 19.999990 0 0 0.800000 0 0 64711.dat
0 2 -0.000001 1.000000 0.000000 0.000000 -0.000000 1.000000 1.000000 0.000001 -0.000000 0.000056 -39.952499 19.999983 0 0 0.800000 0 0 64711.dat
0 2 -0.000001 1.000000 0.000000 0.000000 -0.000000 1.000000 1.000000 0.000001 -0.000000 -17.299887 -9.988125 20.000004 0 0 0.800000 0 0 64711.dat
0 2 -0.000001 1.000000 0.000000 0.000000 -0.000000 1.000000 1.000000 0.000001 -0.000000 -17.299913 9.988075 20.000011 0 0 0.800000 0 0 64711.dat
0 2 -0.000001 1.000000 0.000000 0.000000 -0.000000 1.000000 1.000000 0.000001 -0.000000 -34.599777 19.976151 20.000025 0 0 0.800000 0 0 64711.dat
0 2 -0.000001 1.000000 0.000000 0.000000 -0.000000 1.000000 1.000000 0.000001 -0.000000 -34.599724 -19.976250 20.000006 0 0 0.800000 0 0 64711.dat
2 22 -0.000001 1.000000 0.000000 0.000000 -0.000000 1.000000 1.000000 0.000001 -0.000000 10.000071 -49.999985 19.999973 2 10 29:0:1,29:0:1,29:0:1,29:0:1,29:0:1,29:0:1,29:0:1,29:0:1,29:0:1,29:0:1,29:0:1,22:2:1,16:4:64,22:2:1,16:4:64,22:2:1,16:4:64,22:2:1,16:4:64,22:2:1,16:4:64,22:2:1,29:0:1,29:0:1,29:0:1,29:0:1,29:0:1,29:0:1,29:0:1,29:0:1,29:0:1,29:0:1,29:0:1, 64711.dat
2 22 0.866025 0.500001 -0.000000 0.000001 -0.000001 1.000000 0.500001 -0.866025 -0.000001 -38.301201 -33.660305 20.000002 2 10 29:0:1,29:0:1,29:0:1,29:0:1,29:0:1,29:0:1,29:0:1,29:0:1,29:0:1,29:0:1,29:0:1,22:2:1,16:4:64,22:2:1,16:4:64,29:0:1,29:0:0,29:0:1,16:4:64,22:2:1,16:4:64,22:2:1,29:0:1,29:0:1,29:0:1,29:0:1,29:0:1,29:0:1,29:0:1,29:0:1,29:0:1,29:0:1,29:0:1, 64711.dat
2 22 -0.866026 0.499999 0.000001 0.000001 -0.000000 1.000000 0.499999 0.866026 0.000000 48.301273 -16.339684 19.999971 2 10 29:0:1,29:0:1,29:0:1,29:0:1,29:0:1,29:0:1,29:0:1,29:0:1,29:0:1,29:0:1,29:0:1,22:2:1,16:4:64,22:2:1,16:4:64,29:0:1,29:0:0,29:0:1,16:4:64,22:2:1,16:4:64,22:2:1,29:0:1,29:0:1,29:0:1,29:0:1,29:0:1,29:0:1,29:0:1,29:0:1,29:0:1,29:0:1,29:0:1, 64711.dat
2 22 0.000001 -1.000000 -0.000000 -0.000000 0.000000 -1.000000 1.000000 0.000001 -0.000000 9.999921 50.000019 0.000018 2 10 29:0:1,29:0:1,29:0:1,29:0:1,29:0:1,29:0:1,29:0:1,29:0:1,29:0:1,29:0:1,29:0:1,22:2:1,16:4:64,22:2:1,16:4:64,22:2:1,16:4:64,22:2:1,16:4:64,22:2:1,16:4:64,22:2:1,29:0:1,29:0:1,29:0:1,29:0:1,29:0:1,29:0:1,29:0:1,29:0:1,29:0:1,29:0:1,29:0:1, 64711.dat
2 22 0.866026 -0.499999 0.000000 0.000000 -0.000000 -1.000000 0.499999 0.866026 -0.000000 -38.301308 33.660206 0.000031 2 10 29:0:1,29:0:1,29:0:1,29:0:1,29:0:1,29:0:1,29:0:1,29:0:1,29:0:1,29:0:1,29:0:1,22:2:1,16:4:64,22:2:1,16:4:64,29:0:1,29:0:0,29:0:1,16:4:64,22:2:1,16:4:64,22:2:1,29:0:1,29:0:1,29:0:1,29:0:1,29:0:1,29:0:1,29:0:1,29:0:1,29:0:1,29:0:1,29:0:1, 64711.dat
2 22 -0.866024 -0.500002 -0.000001 0.000000 0.000001 -1.000000 0.500002 -0.866024 -0.000001 48.301216 16.339827 -0.000015 2 10 29:0:1,29:0:1,29:0:1,29:0:1,29:0:1,29:0:1,29:0:1,29:0:1,29:0:1,29:0:1,29:0:1,22:2:1,16:4:64,22:2:1,16:4:64,29:0:1,29:0:0,29:0:1,16:4:64,22:2:1,16:4:64,22:2:1,29:0:1,29:0:1,29:0:1,29:0:1,29:0:1,29:0:1,29:0:1,29:0:1,29:0:1,29:0:1,29:0:1, 64711.dat
