9 0 1.000000 0.000000 0.000000 0.000000 1.000000 0.000000 0.000000 0.000000 1.000000 0.000000 0.625000 0.000000 21.000000 20.375000 21.000000 64776.dat
9 0 1.000000 0.000000 0.000000 0.000000 0.707107 0.707107 0.000000 -0.707107 0.707107 0.000000 -23.785999 -23.785925 23.588449 3.513100 1.341000 64776.dat
9 0 1.000000 0.000000 0.000000 0.000000 -0.707107 0.707107 0.000000 -0.707107 -0.707107 0.000000 23.785925 -23.785925 23.588449 3.513100 1.341000 64776.dat
9 0 1.000000 0.000000 0.000000 0.000000 -0.707107 -0.707107 0.000000 0.707107 -0.707107 0.000000 23.785925 23.785999 23.588449 3.513100 1.341000 64776.dat
9 0 1.000000 0.000000 0.000000 0.000000 0.707107 -0.707107 0.000000 0.707107 0.707107 0.000000 -23.785999 23.785999 23.588449 3.513100 1.341000 64776.dat
9 0 0.000000 0.000000 1.000000 -0.707107 0.707106 0.000000 -0.707106 -0.707107 0.000000 23.785999 -23.785999 0.000000 23.588449 3.513100 1.341000 64776.dat
9 0 -0.000000 -0.000001 1.000000 -0.707107 -0.707106 -0.000001 0.707106 -0.707107 -0.000000 23.785999 23.785925 0.000000 23.588449 3.513100 1.341000 64776.dat
9 0 -0.000000 0.000001 1.000000 0.707107 -0.707106 0.000001 0.707106 0.707107 -0.000000 -23.785925 23.785925 0.000000 23.588449 3.513100 1.341000 64776.dat
9 0 0.000000 -0.000000 1.000000 0.707107 0.707106 -0.000000 -0.707106 0.707107 0.000000 -23.785925 -23.785999 0.000000 23.588449 3.513100 1.341000 64776.dat
9 0 0.000000 -1.000000 0.000000 0.707106 0.000000 0.707107 -0.707107 -0.000000 0.707106 -23.785925 0.000000 -23.785925 23.588449 3.513100 1.341000 64776.dat
9 0 -0.000000 -1.000000 -0.000001 -0.707106 -0.000000 0.707107 -0.707107 0.000001 -0.707106 23.785999 0.000000 -23.785925 23.588449 3.513100 1.341000 64776.dat
9 0 -0.000000 -1.000000 0.000001 -0.707106 -0.000000 -0.707107 0.707107 -0.000001 -0.707106 23.785999 0.000000 23.785999 23.588449 3.513100 1.341000 64776.dat
9 0 0.000000 -1.000000 -0.000000 0.707106 0.000000 -0.707107 0.707107 0.000000 0.707106 -23.785925 0.000000 23.785999 23.588449 3.513100 1.341000 64776.dat
10 0 -19.530775 -19.530775 -50.780750 39.530750 39.530750 8.280775 64776.dat
3 23 1.000000 0.000000 0.000000 0.000000 1.000000 0.000000 0.000000 0.000000 1.000000 -20.000000 -21.250000 19.999998 4 4 29:0:1,23:4:1,29:0:1,23:4:1,29:0:1,23:4:1,0:4:1,23:4:1,0:4:1,23:4:1,29:0:1,23:4:1,18:4:1,23:4:1,29:0:1,23:4:1,0:4:1,23:4:1,0:4:1,23:4:1,29:0:1,23:4:1,29:0:1,23:4:1,29:0:1, 64776.dat
3 23 -0.000000 1.000000 0.000000 -1.000000 -0.000000 0.000000 0.000000 0.000000 1.000000 21.250000 -20.000002 19.999998 4 4 29:0:1,23:4:1,29:0:1,23:4:1,29:0:1,23:4:1,0:4:1,23:4:1,0:4:1,23:4:1,29:0:1,23:4:1,18:4:1,23:4:1,29:0:1,23:4:1,0:4:1,23:4:1,0:4:1,23:4:1,29:0:1,23:4:1,29:0:1,23:4:1,29:0:1, 64776.dat
3 23 -0.000000 -1.000000 0.000000 1.000000 -0.000000 0.000000 0.000000 0.000000 1.000000 -21.250000 20.000000 19.999998 4 4 29:0:1,23:4:1,29:0:1,23:4:1,29:0:1,23:4:1,0:4:1,23:4:1,0:4:1,23:4:1,29:0:1,23:4:1,18:4:1,23:4:1,29:0:1,23:4:1,0:4:1,23:4:1,0:4:1,23:4:1,29:0:1,23:4:1,29:0:1,23:4:1,29:0:1, 64776.dat
3 23 -1.000000 0.000000 0.000000 -0.000000 -1.000000 0.000000 0.000000 0.000000 1.000000 20.000002 21.250000 19.999998 4 4 29:0:1,23:4:1,29:0:1,23:4:1,29:0:1,23:4:1,0:4:1,23:4:1,0:4:1,23:4:1,29:0:1,23:4:1,18:4:1,23:4:1,29:0:1,23:4:1,0:4:1,23:4:1,0:4:1,23:4:1,29:0:1,23:4:1,29:0:1,23:4:1,29:0:1, 64776.dat
3 23 1.000000 0.000000 0.000000 0.000000 -0.000000 1.000000 0.000000 -1.000000 -0.000000 -20.000000 -20.000002 -21.250000 4 4 29:0:1,23:4:1,29:0:1,23:4:1,29:0:1,23:4:1,0:4:1,23:4:1,0:4:1,23:4:1,29:0:1,23:4:1,18:4:1,23:4:1,29:0:1,23:4:1,0:4:1,23:4:1,0:4:1,23:4:1,29:0:1,23:4:1,29:0:1,23:4:1,29:0:1, 64776.dat
3 23 1.000000 0.000000 0.000000 0.000000 -0.000000 -1.000000 0.000000 1.000000 -0.000000 -20.000000 20.000000 21.250000 4 4 29:0:1,23:4:1,29:0:1,23:4:1,29:0:1,23:4:1,0:4:1,23:4:1,0:4:1,23:4:1,29:0:1,23:4:1,18:4:1,23:4:1,29:0:1,23:4:1,0:4:1,23:4:1,0:4:1,23:4:1,29:0:1,23:4:1,29:0:1,23:4:1,29:0:1, 64776.dat
