9 0 0.000000 -0.787196 -0.616703 0.000000 0.616703 -0.787196 1.000000 0.000000 0.000000 0.000017 3.802050 -52.613747 7.322450 11.620100 7.322450 64780.dat
9 0 0.000000 -0.988763 -0.149495 0.000000 0.149495 -0.988763 1.000000 0.000000 0.000000 0.000013 -4.112975 -40.524250 8.972175 14.206125 8.972175 64780.dat
9 0 -0.000000 -0.952553 0.304372 0.000000 -0.304372 -0.952553 1.000000 0.000000 0.000000 0.000011 -15.185250 -34.030499 8.972175 14.206125 1.610275 64780.dat
9 0 0.000000 -0.988763 -0.149495 0.000000 0.149495 -0.988763 1.000000 0.000000 0.000000 0.000013 -5.350350 -40.711250 10.065625 6.724100 12.941700 64780.dat
9 0 -0.000000 -0.707107 0.707107 0.000000 -0.707107 -0.707107 1.000000 0.000000 0.000000 0.000004 13.216725 -13.216725 1.973600 7.911800 9.624875 64780.dat
9 0 -0.000000 0.000000 1.000000 -0.000000 -1.000000 0.000000 1.000000 0.000000 0.000000 0.000006 0.000000 -18.691250 1.973600 7.911800 9.624875 64780.dat
9 0 -0.000000 0.707107 0.707107 -0.000000 -0.707107 0.707107 1.000000 0.000000 0.000000 0.000004 -13.216725 -13.216725 1.973600 7.911800 9.624875 64780.dat
9 0 -0.000000 1.000000 0.000000 -0.000000 -0.000000 1.000000 1.000000 0.000000 0.000000 0.000000 -18.691250 0.000000 1.973600 7.911800 9.624875 64780.dat
9 0 -0.000000 -0.990275 0.139124 0.000000 -0.139124 -0.990275 1.000000 0.000000 0.000000 0.000008 -9.131275 -25.632751 13.322151 9.586300 5.633050 64780.dat
9 0 0.000000 0.000000 -1.000000 0.000000 1.000000 0.000000 1.000000 0.000000 0.000000 0.000014 -26.618252 -43.044250 1.972350 0.693375 10.287750 64780.dat
9 0 0.000000 -0.707107 -0.707107 0.000000 0.707107 -0.707107 1.000000 0.000000 0.000000 0.000012 -25.170248 -39.548748 1.972350 0.693375 10.287750 64780.dat
9 0 -0.000000 -1.000000 0.000000 0.000000 -0.000000 -1.000000 1.000000 0.000000 0.000000 0.000011 -18.748100 -33.505249 4.661625 2.155975 18.820024 64780.dat
9 0 -0.000000 -0.707107 0.707107 0.000000 -0.707107 -0.707107 1.000000 0.000000 0.000000 0.000012 -18.179350 -39.548748 1.972350 0.693375 10.287750 64780.dat
9 0 -0.000000 0.000000 1.000000 -0.000000 -1.000000 0.000000 1.000000 0.000000 0.000000 0.000014 -16.731476 -43.044250 1.972350 0.693375 10.287750 64780.dat
9 0 -0.000000 0.707107 0.707107 -0.000000 -0.707107 0.707107 1.000000 0.000000 0.000000 0.000015 -18.179350 -46.539749 1.972350 0.693375 10.287750 64780.dat
9 0 -0.000000 1.000000 0.000000 -0.000000 -0.000000 1.000000 1.000000 0.000000 0.000000 0.000015 -21.674826 -47.987751 1.972350 0.693375 10.287750 64780.dat
9 0 0.000000 0.707107 -0.707107 -0.000000 0.707107 0.707107 1.000000 0.000000 0.000000 0.000015 -25.170248 -46.539749 1.972350 0.693375 10.287750 64780.dat
9 0 -0.000000 -1.000000 0.000000 0.000000 -0.000000 -1.000000 1.000000 0.000000 0.000000 0.000011 -20.596750 -33.505249 2.812975 2.155975 23.147751 64780.dat
10 0 -24.078150 -27.234501 -25.128000 66.276756 30.290499 25.128000 64780.dat
0 6 -0.000000 1.000000 0.000000 -1.000000 -0.000000 -0.000000 -0.000000 0.000000 1.000000 1.889489 -21.674826 -43.044250 1 0 0.349416 0 0 64780.dat
0 6 -0.000000 -1.000000 0.000000 1.000000 -0.000000 0.000000 -0.000000 0.000000 1.000000 -1.860261 -21.674826 -43.044250 1 0 0.349416 0 0 64780.dat
6 152 0.000000 1.000000 0.000000 1.000000 -0.000000 0.000000 0.000000 0.000000 -1.000000 0.000000 0.000000 0.000000 0.000000 0.000000 0.000000 0.000000 1 64780.dat
