9 0 -0.000000 0.000000 -1.000000 0.000000 1.000000 0.000000 1.000000 0.000000 -0.000000 0.000000 0.567075 -12.670951 0.948900 1.042050 5.347225 64798.dat
9 0 0.707107 0.000000 -0.707107 0.000000 1.000000 0.000000 0.707107 0.000000 0.707107 9.686600 1.486375 -9.686600 0.948900 1.686100 5.139350 64798.dat
9 0 -0.707107 0.000000 -0.707107 0.000000 1.000000 0.000000 0.707107 0.000000 -0.707107 -9.686600 1.486375 -9.686600 0.948900 1.686100 5.139350 64798.dat
9 0 -1.000000 0.000000 -0.000000 0.000000 1.000000 0.000000 0.000000 0.000000 -1.000000 -13.822000 1.797500 0.000000 1.072000 6.621250 5.139350 64798.dat
9 0 -0.707107 0.000000 0.707107 0.000000 1.000000 0.000000 -0.707107 0.000000 -0.707107 -10.053450 7.339600 10.053450 0.994325 8.133600 3.755825 64798.dat
9 0 -0.000000 0.000000 1.000000 0.000000 1.000000 0.000000 -1.000000 0.000000 -0.000000 0.000000 6.376000 14.352925 1.154725 10.150800 10.800675 64798.dat
9 0 0.707107 0.000000 0.707107 0.000000 1.000000 0.000000 -0.707107 0.000000 0.707107 10.053450 7.339600 10.053450 0.994325 8.133600 3.755825 64798.dat
9 0 1.000000 0.000000 0.000000 0.000000 1.000000 0.000000 0.000000 0.000000 1.000000 13.960025 1.797500 0.000000 1.051275 6.621250 5.139350 64798.dat
9 0 1.000000 0.000000 0.000000 0.000000 1.000000 0.000000 0.000000 0.000000 1.000000 0.000000 -4.611700 3.134825 11.493850 3.779850 12.340625 64798.dat
10 0 -17.728800 -18.773251 -20.270473 17.728800 11.432500 13.991650 64798.dat
2 22 1.000000 0.000000 0.000000 0.000000 1.000000 0.000000 0.000000 0.000000 1.000000 -10.000000 0.010750 10.000000 2 2 29:0:0,29:0:0,29:0:0,29:0:0,5:4:33,29:0:0,29:0:0,29:0:0,29:0:0, 64798.dat
