9 0 1.000000 0.000000 0.000000 0.000000 1.000000 0.000000 0.000000 0.000000 1.000000 0.000000 -6.277625 0.000000 10.896524 2.584475 10.896524 64797.dat
9 0 0.775161 0.000000 0.631763 0.000000 1.000000 0.000000 -0.631763 0.000000 0.775161 -15.716225 1.039450 -3.347850 1.037600 7.642600 14.710251 64797.dat
9 0 -0.000000 0.000000 1.000000 0.000000 1.000000 0.000000 -1.000000 0.000000 -0.000000 0.205275 -8.210400 -14.731500 1.037600 16.457750 9.699776 64797.dat
9 0 -0.761614 0.000000 0.648030 0.000000 1.000000 0.000000 -0.648030 0.000000 -0.761614 16.019199 0.800150 -3.389950 1.037600 7.881925 14.481075 64797.dat
9 0 -1.000000 0.000000 -0.000000 0.000000 1.000000 0.000000 0.000000 0.000000 -1.000000 17.842426 3.403725 4.416300 4.883875 8.572300 3.300450 64797.dat
9 0 -0.707107 0.000000 -0.707107 0.000000 1.000000 0.000000 0.707107 0.000000 -0.707107 10.088201 3.813175 10.317801 1.037600 8.910151 5.721000 64797.dat
9 0 -0.000000 0.000000 -1.000000 0.000000 1.000000 0.000000 1.000000 0.000000 -0.000000 -0.154225 3.829450 14.769250 1.037600 8.910151 5.721000 64797.dat
9 0 0.707107 0.000000 -0.707107 0.000000 1.000000 0.000000 0.707107 0.000000 0.707107 -10.291349 3.790825 10.063600 1.037600 8.910151 5.721000 64797.dat
9 0 -0.822268 -0.079624 0.563502 -0.394702 0.793109 -0.463884 -0.409982 -0.603853 -0.683576 15.629450 -12.011900 -4.968575 1.037600 5.390025 12.735701 64797.dat
9 0 0.822268 -0.079625 0.563503 0.394703 0.793109 -0.463884 -0.409982 0.603853 0.683576 -15.629450 -12.011900 -4.968575 1.037600 5.390025 12.735701 64797.dat
9 0 -1.000000 0.000000 -0.000000 0.000000 1.000000 0.000000 0.000000 0.000000 -1.000000 -17.789299 3.403725 4.416300 4.883875 8.572300 3.300450 64797.dat
10 0 -25.813999 -17.299999 -17.895075 26.193501 25.230499 17.909401 64797.dat
2 22 1.000000 0.000000 0.000000 0.000000 1.000000 0.000000 0.000000 0.000000 1.000000 -10.000000 0.000000 10.000000 2 2 29:0:0,29:0:0,29:0:0,29:0:0,15:4:33,29:0:0,29:0:0,29:0:0,29:0:0, 64797.dat
