9 0 -0.580308 0.814397 -0.000000 0.616206 0.439085 0.653830 0.532477 0.379423 -0.756641 -14.803499 -22.657749 -3.244358 4.400425 3.780700 1.741725 64805.dat
9 0 -1.000000 0.000000 -0.000000 0.000000 1.000000 0.000000 0.000000 0.000000 -1.000000 0.370245 15.090351 12.690396 15.865774 16.287024 1.896725 64805.dat
9 0 -1.000000 0.000000 -0.000000 0.000000 1.000000 0.000000 0.000000 0.000000 -1.000000 0.275455 4.470003 -17.690128 12.120850 17.480125 2.502775 64805.dat
9 0 -1.000000 0.000000 -0.000000 0.000000 1.000000 0.000000 0.000000 0.000000 -1.000000 0.275444 12.694526 16.639122 12.120850 9.255574 2.025825 64805.dat
9 0 -1.000000 0.000000 -0.000000 0.000000 1.000000 0.000000 0.000000 0.000000 -1.000000 0.031225 -19.056002 -1.640454 11.982275 5.872450 12.430200 64805.dat
9 0 0.580308 0.814397 -0.000000 -0.616207 0.439086 0.653829 0.532477 -0.379422 0.756642 13.307926 -22.329750 -1.548199 4.400425 3.780700 1.718875 64805.dat
9 0 -1.000000 0.000000 -0.000000 0.000000 1.000000 0.000000 0.000000 0.000000 -1.000000 0.031254 6.764251 -13.198254 15.482076 24.505276 2.633750 64805.dat
9 0 -1.000000 0.000000 -0.000000 0.000000 1.000000 0.000000 0.000000 0.000000 -1.000000 0.239645 -10.286749 12.860422 12.082050 8.558075 1.490500 64805.dat
9 0 -0.513115 -0.590928 -0.622509 -0.777401 0.627376 0.045239 0.363814 0.507152 -0.781304 -12.916756 7.222000 16.401417 4.886225 2.284950 1.109825 64805.dat
9 0 0.185751 0.252833 -0.949512 -0.337397 0.923987 0.180033 0.922854 0.286922 0.256936 -16.989746 0.855002 -5.510734 5.225550 2.603800 0.686900 64805.dat
9 0 -0.037533 -0.170872 -0.984578 -0.253382 0.954701 -0.156028 0.966638 0.243618 -0.079129 -17.016003 0.731251 5.583041 4.886225 2.284950 0.686900 64805.dat
9 0 -0.185750 0.252833 -0.949512 0.337397 0.923987 0.180033 0.922854 -0.286922 -0.256936 18.909101 0.596502 -4.848322 5.939200 2.688275 0.686900 64805.dat
9 0 0.037533 -0.170873 -0.984578 0.253383 0.954700 -0.156028 0.966638 -0.243619 0.079129 18.831274 0.731251 5.583053 4.886225 2.284950 0.686900 64805.dat
9 0 0.503223 -0.600045 -0.621863 0.856937 0.439332 0.269531 0.111473 -0.668531 0.735282 13.265395 7.335502 16.298777 4.886225 2.284950 1.706800 64805.dat
9 0 0.000000 0.000000 -1.000000 0.209509 0.977807 0.000000 0.977807 -0.209509 0.000000 13.892950 -9.409248 -0.268749 10.026150 8.558075 1.490475 64805.dat
9 0 0.000000 0.000000 -1.000000 -0.209509 0.977807 -0.000000 0.977807 0.209509 0.000000 -13.798725 -9.409248 -0.268758 10.026150 8.558075 1.490475 64805.dat
10 0 -10.828250 0.350775 -22.399250 31.496752 61.202251 22.691425 64805.dat
6 200 0.000000 0.000000 -1.000000 0.000000 1.000000 0.000000 1.000000 0.000000 0.000000 -0.249250 0.707501 -0.000004 0.000000 0.000000 0.000000 0.000000 1 64805.dat
2 22 -1.000000 0.000000 -0.000000 0.000000 1.000000 0.000000 0.000000 0.000000 -1.000000 9.750752 0.707501 -10.000000 2 2 29:0:0,29:0:0,29:0:0,29:0:0,15:4:33,29:0:0,29:0:0,29:0:0,29:0:0, 64805.dat
