9 0 1.000000 0.000000 0.000000 0.000000 1.000000 0.000000 0.000000 0.000000 1.000000 0.000000 -3.861700 2.187075 7.902025 3.611200 6.408926 64803.dat
9 0 1.000000 0.000000 0.000000 0.000000 0.991411 -0.130781 0.000000 0.130781 0.991411 0.000000 3.458675 -15.750826 9.597125 0.395850 2.683200 64803.dat
9 0 1.000000 0.000000 0.000000 0.000000 0.493510 0.869740 0.000000 -0.869740 0.493510 0.000000 -1.313675 -10.641300 10.615050 0.395850 4.794775 64803.dat
9 0 1.000000 0.000000 0.000000 0.000000 1.000000 0.000000 0.000000 0.000000 1.000000 0.000000 9.091275 14.105700 7.902025 10.015275 0.877600 64803.dat
9 0 -1.000000 0.000000 -0.000000 0.000000 1.000000 0.000000 0.000000 0.000000 -1.000000 14.151075 9.663900 0.152025 0.957000 11.927250 6.711000 64803.dat
9 0 -0.836387 0.000000 -0.548139 0.000000 1.000000 0.000000 0.548139 0.000000 -0.836387 11.343650 9.098300 7.913225 0.678625 10.320200 4.380650 64803.dat
9 0 1.000000 0.000000 0.000000 0.000000 1.000000 0.000000 0.000000 0.000000 1.000000 -14.151075 9.663900 0.152025 0.957000 11.927250 6.711000 64803.dat
9 0 0.836387 0.000000 -0.548139 0.000000 1.000000 0.000000 0.548139 0.000000 0.836387 -11.343650 9.098300 7.913225 0.678625 10.320200 4.380650 64803.dat
10 0 -18.244726 -22.797676 -18.621824 18.244726 11.353650 20.990499 64803.dat
2 22 1.000000 0.000000 0.000000 0.000000 1.000000 0.000000 0.000000 0.000000 1.000000 -10.000000 0.000000 10.000000 2 2 29:0:0,29:0:0,29:0:0,29:0:0,15:4:33,29:0:0,29:0:0,29:0:0,29:0:0, 64803.dat
