9 0 -1.000000 0.000000 -0.000000 0.000000 1.000000 0.000000 0.000000 0.000000 -1.000000 0.000010 -20.000000 -30.000002 9.750000 3.750000 19.750000 64867.dat
9 0 -1.000000 0.000000 -0.000000 0.000000 1.000000 0.000000 0.000000 0.000000 -1.000000 -49.999992 -2.500000 -30.000015 19.750000 2.250000 19.750000 64867.dat
9 0 -0.953349 0.301871 -0.000000 0.301871 0.953349 0.000000 0.000000 0.000000 -1.000000 -39.302990 -12.298500 -30.000013 31.218248 2.058550 19.750000 64867.dat
9 0 -0.316146 0.000000 0.948711 0.000000 1.000000 0.000000 -0.948711 0.000000 -0.316146 -30.525749 -2.500000 1.577465 1.250825 2.250000 2.986700 64867.dat
9 0 -1.000000 0.000000 -0.000000 0.000000 1.000000 0.000000 0.000000 0.000000 -1.000000 -20.972639 -12.585400 -30.000008 10.722650 4.335400 19.750000 64867.dat
9 0 -1.000000 0.000000 -0.000000 0.000000 1.000000 0.000000 0.000000 0.000000 -1.000000 0.000020 -2.500000 -60.000004 9.750000 2.250000 9.750000 64867.dat
9 0 -0.316146 0.000000 0.948711 0.000000 1.000000 0.000000 -0.948711 0.000000 -0.316146 -57.491501 -2.500000 -7.407894 1.250825 2.250000 12.436501 64867.dat
9 0 -0.316146 -0.000000 -0.948711 -0.000000 -1.000000 0.000000 -0.948711 0.000000 0.316146 -57.491230 -2.500000 -52.591270 1.251625 2.250000 12.436501 64867.dat
9 0 -0.316146 0.000000 0.948711 0.000000 1.000000 0.000000 -0.948711 0.000000 -0.316146 -12.525828 -2.500000 7.577471 1.250825 2.250000 2.986700 64867.dat
9 0 -0.316146 -0.000000 -0.948711 -0.000000 -1.000000 0.000000 -0.948711 0.000000 0.316146 -30.524979 -2.500000 -61.575264 1.251625 2.250000 2.986950 64867.dat
9 0 -1.000000 0.000000 -0.000000 0.000000 0.688734 -0.725014 0.000000 -0.725014 -0.688734 0.000019 -12.543900 -58.141750 9.750000 13.543124 2.448325 64867.dat
9 0 -1.000000 0.000000 -0.000000 0.000000 1.000000 0.000000 0.000000 0.000000 -1.000000 0.000000 -2.500000 0.000000 9.750000 2.250000 9.750000 64867.dat
9 0 -1.000000 0.000000 -0.000000 -0.000000 0.688734 0.725014 0.000000 0.725014 -0.688734 0.000001 -12.543900 -1.858225 9.750000 13.543124 2.448325 64867.dat
9 0 -1.000000 0.000000 -0.000000 0.000000 1.000000 0.000000 0.000000 0.000000 -1.000000 0.000002 -8.000000 -5.810250 9.750000 7.750000 3.939750 64867.dat
9 0 -1.000000 0.000000 -0.000000 0.000000 1.000000 0.000000 0.000000 0.000000 -1.000000 -21.561022 -6.558350 -8.125007 11.311026 6.308350 1.625000 64867.dat
9 0 -0.316146 -0.000000 -0.948711 -0.000000 -1.000000 0.000000 -0.948711 0.000000 0.316146 -12.525028 -2.500000 -67.575256 1.251625 2.250000 2.986950 64867.dat
9 0 -0.953717 0.300705 -0.000000 0.300705 0.953717 0.000000 0.000000 0.000000 -1.000000 -39.221741 -12.031625 -30.000013 31.218248 2.377300 19.750000 64867.dat
9 0 -1.000000 0.000000 -0.000000 0.000000 1.000000 0.000000 0.000000 0.000000 -1.000000 0.000018 -8.000000 -54.179001 9.750000 7.750000 3.929075 64867.dat
9 0 -1.000000 0.000000 -0.000000 0.000000 1.000000 0.000000 0.000000 0.000000 -1.000000 -21.561008 -6.558350 -51.875008 11.311026 6.308350 1.625000 64867.dat
9 0 -0.953153 0.302486 -0.001237 0.205455 0.644389 -0.736581 -0.222008 -0.702328 -0.676349 -25.119484 -14.275225 -53.628754 14.613025 5.626200 0.757250 64867.dat
9 0 -0.953153 0.302486 0.001237 0.205455 0.644389 0.736581 0.222009 0.702328 -0.676349 -25.119499 -14.275225 -6.313258 14.613025 5.626200 0.757250 64867.dat
9 0 -0.953257 0.302160 -0.000000 0.302160 0.953257 0.000000 0.000000 0.000000 -1.000000 -44.091740 -15.672350 -29.735014 19.059425 2.252150 12.844224 64867.dat
10 0 -10.000000 0.000000 -70.000000 70.000000 28.420002 10.000000 64867.dat
3 23 -1.000000 0.000000 -0.000000 0.000000 1.000000 0.000000 0.000000 0.000000 -1.000000 10.000016 -24.000000 -49.999996 4 2 18:1:1,23:4:1,18:1:1,23:4:1,0:4:1,23:4:1,18:2:1,23:4:1,18:2:1,23:4:1,0:4:1,23:4:1,18:1:1,23:4:1,18:1:1, 64867.dat
2 22 -1.000000 0.000000 -0.000000 0.000000 1.000000 0.000000 0.000000 0.000000 -1.000000 10.000023 0.000000 -69.999992 8 8 22:1:1,22:2:1,22:2:1,29:0:1,29:0:1,29:0:1,29:0:1,29:0:1,29:0:1,22:2:1,15:4:1,22:2:1,29:0:1,22:2:1,29:0:1,22:2:1,29:0:1,29:0:1,22:1:1,22:2:1,22:2:1,22:2:1,22:3:1,22:2:1,22:2:1,22:2:1,22:2:1,29:0:1,29:0:1,29:0:1,29:0:1,22:2:1,15:4:1,23:4:1,15:4:1,22:2:1,29:0:1,29:0:1,29:0:1,29:0:1,22:2:1,23:4:1,7:4:2,23:4:1,22:2:1,29:0:1,29:0:1,29:0:1,29:0:1,22:2:1,15:4:1,23:4:1,15:4:1,22:2:1,22:1:1,22:2:1,22:2:1,22:2:1,22:3:1,22:2:1,22:2:1,22:2:1,22:2:1,22:2:1,15:4:1,22:2:1,29:0:1,22:2:1,29:0:1,22:2:1,29:0:1,29:0:1,22:1:1,22:2:1,22:2:1,29:0:1,29:0:1,29:0:1,29:0:1,29:0:1,29:0:1, 64867.dat
2 22 -1.000000 0.000000 -0.000000 0.000000 1.000000 0.000000 0.000000 0.000000 -1.000000 -9.999984 -8.000000 -50.000008 4 2 22:1:1,22:2:1,22:1:1,22:2:1,15:4:1,22:2:1,22:2:1,23:4:1,22:2:1,22:2:1,15:4:1,22:2:1,22:1:1,22:2:1,22:1:1, 64867.dat
2 22 -1.000000 0.000000 -0.000000 0.000000 1.000000 0.000000 0.000000 0.000000 -1.000000 10.000016 -16.000000 -49.999996 4 2 22:1:1,22:2:1,22:1:1,22:2:1,15:4:1,22:2:1,22:2:1,23:4:1,22:2:1,22:2:1,15:4:1,22:2:1,22:1:1,22:2:1,22:1:1, 64867.dat
