9 0 0.000000 0.000000 -1.000000 -0.000000 -1.000000 -0.000000 -1.000000 0.000000 -0.000000 -19.137463 -35.106251 -15.031253 44.031250 20.106224 6.637500 64892.dat
9 0 0.000000 0.000000 -1.000000 -0.000000 -1.000000 -0.000000 -1.000000 0.000000 -0.000000 19.137514 -35.106251 -15.031240 44.031250 20.106224 6.637525 64892.dat
9 0 0.000000 0.000000 -1.000000 -1.000000 -0.000000 -0.000000 -0.000000 1.000000 -0.000000 0.000061 -14.220224 -15.031247 44.031250 13.331175 1.985225 64892.dat
9 0 0.000000 0.000000 -1.000000 -1.000000 -0.000000 -0.000000 -0.000000 1.000000 -0.000000 0.000036 -61.831249 -15.031247 44.031250 25.775000 8.881250 64892.dat
9 0 1.000000 -0.000000 0.000000 -0.000000 -1.000000 -0.000000 0.000000 0.000000 -1.000000 -6.774970 -22.237549 2.723177 5.225000 5.212500 26.276749 64892.dat
9 0 0.000000 0.000000 -1.000000 0.000000 1.000000 0.000000 1.000000 0.000000 0.000000 0.000006 8.629150 0.100753 19.750000 0.381325 9.750000 64892.dat
9 0 0.000000 0.000000 -1.000000 0.000000 1.000000 0.000000 1.000000 0.000000 0.000000 0.000006 -12.394825 -0.000022 29.000000 4.130225 9.750000 64892.dat
9 0 0.000000 0.000000 -1.000000 0.000000 1.000000 0.000000 1.000000 0.000000 0.000000 0.000015 -6.745125 -28.499996 0.500025 6.494400 9.750000 64892.dat
9 0 0.000000 0.707107 -0.707107 -0.000000 0.707107 0.707107 1.000000 0.000000 0.000000 0.000014 5.977425 -25.931995 0.151900 2.517750 9.750000 64892.dat
9 0 0.000000 -0.941597 -0.336741 0.000000 0.336741 -0.941597 1.000000 0.000000 0.000000 -0.000001 7.945425 22.303278 0.133175 2.445150 9.750000 64892.dat
9 0 -0.000000 -1.000000 0.000000 0.000000 -0.000000 -1.000000 1.000000 0.000000 0.000000 0.000003 0.774775 10.004828 8.235700 1.843275 9.750000 64892.dat
9 0 -0.000000 -1.000000 0.000000 0.000000 -0.000000 -1.000000 1.000000 0.000000 0.000000 0.000010 0.774775 -9.995248 8.235700 1.843250 9.750000 64892.dat
9 0 0.000000 0.000000 -1.000000 0.000000 1.000000 0.000000 1.000000 0.000000 0.000000 -0.000003 -6.745125 28.499954 0.500025 6.494400 9.750000 64892.dat
9 0 0.000000 -0.304778 -0.952423 0.000000 0.952423 -0.304778 1.000000 0.000000 0.000000 -0.000002 2.176000 27.910805 0.197700 2.333875 9.750000 64892.dat
9 0 0.000000 0.000000 -1.000000 0.000000 1.000000 0.000000 1.000000 0.000000 0.000000 0.000078 -39.348751 -69.118744 9.556225 27.113750 25.775000 64892.dat
9 0 0.000000 0.000000 -1.000000 -1.000000 -0.000000 -0.000000 -0.000000 1.000000 -0.000000 21.012512 -51.689499 -20.099991 38.962502 8.512475 11.590650 64892.dat
9 0 0.000000 0.000000 -1.000000 -1.000000 -0.000000 -0.000000 -0.000000 1.000000 -0.000000 -21.012512 -51.689499 -20.100002 38.962502 8.512475 11.590650 64892.dat
10 0 -10.000000 -10.000000 -39.774998 99.487503 70.962502 19.775000 64892.dat
0 2 0.000000 0.000000 -1.000000 -1.000000 -0.000000 -0.000000 -0.000000 1.000000 -0.000000 -10.000000 0.000000 20.000000 0 0 0.800000 0 0 64892.dat
4 28 -0.000000 1.000000 0.000000 -0.000000 -0.000000 1.000000 1.000000 0.000000 0.000000 -1.369468 -27.807001 -0.750022 2 Port0 64892.dat
0 2 0.000000 0.000000 -1.000000 -1.000000 -0.000000 -0.000000 -0.000000 1.000000 -0.000000 -9.999994 0.000000 0.000000 0 0 0.800000 0 0 64892.dat
0 2 0.000000 0.000000 -1.000000 -1.000000 -0.000000 -0.000000 -0.000000 1.000000 -0.000000 -9.999988 0.000000 -20.000000 0 0 0.800000 0 0 64892.dat
2 22 0.000000 0.000000 -1.000000 -1.000000 -0.000000 -0.000000 -0.000000 1.000000 -0.000000 -10.000003 10.000000 30.000002 2 6 22:1:1,22:2:1,22:2:1,22:2:1,22:2:1,22:2:1,22:1:1,22:2:1,16:4:64,22:2:1,16:4:64,22:2:1,16:4:64,22:2:1,22:1:1,22:2:1,22:2:1,22:2:1,22:2:1,22:2:1,22:1:1, 64892.dat
2 22 0.000000 0.000000 -1.000000 1.000000 -0.000000 0.000000 -0.000000 -1.000000 -0.000000 9.999997 -10.000000 30.000008 2 6 22:1:1,22:2:1,22:2:1,22:2:1,22:2:1,22:2:1,22:1:1,22:2:1,16:4:64,22:2:1,16:4:64,22:2:1,16:4:64,22:2:1,22:1:1,22:2:1,22:2:1,22:2:1,22:2:1,22:2:1,22:1:1, 64892.dat
