9 0 0.978655 -0.205510 0.000000 0.205510 0.978655 0.000000 0.000000 0.000000 1.000000 -37.020748 -24.956474 0.028100 1.155550 19.534250 10.215400 64951.dat
9 0 0.847540 -0.205509 0.489328 0.177976 0.978655 0.102755 -0.500000 0.000000 0.866025 -32.074875 -24.956474 -18.485975 1.155550 19.534250 10.215400 64951.dat
9 0 0.489328 -0.205509 0.847540 0.102755 0.978655 0.177976 -0.866025 0.000000 0.500000 -18.534651 -24.956474 -32.046749 1.155550 19.534250 10.215400 64951.dat
9 0 -0.000000 -0.205510 0.978655 -0.000000 0.978655 0.205510 -1.000000 0.000000 -0.000000 -0.028100 -24.956474 -37.020748 1.155550 19.534250 10.215400 64951.dat
9 0 -0.489328 -0.205509 0.847540 -0.102754 0.978655 0.177977 -0.866025 0.000000 -0.500000 18.486000 -24.956474 -32.074875 1.155550 19.534250 10.215400 64951.dat
9 0 -0.847540 -0.205510 0.489328 -0.177976 0.978655 0.102756 -0.500000 0.000001 -0.866025 32.046749 -24.956474 -18.534651 1.155550 19.534250 10.215400 64951.dat
9 0 -0.978655 -0.205509 -0.000000 -0.205509 0.978655 -0.000000 0.000000 0.000000 -1.000000 37.020752 -24.956474 -0.028100 1.155550 19.534250 10.215400 64951.dat
9 0 -0.847540 -0.205510 -0.489328 -0.177976 0.978655 -0.102756 0.500000 -0.000001 -0.866025 32.074749 -24.956474 18.486000 1.155550 19.534250 10.215400 64951.dat
9 0 -0.489328 -0.205509 -0.847540 -0.102754 0.978655 -0.177977 0.866025 -0.000000 -0.500000 18.534750 -24.956474 32.046749 1.155550 19.534250 10.215400 64951.dat
9 0 -0.000000 -0.205510 -0.978655 -0.000000 0.978655 -0.205510 1.000000 -0.000000 -0.000000 0.028100 -24.956474 37.020752 1.155550 19.534250 10.215400 64951.dat
9 0 0.489328 -0.205509 -0.847540 0.102755 0.978655 -0.177976 0.866025 -0.000000 0.500000 -18.485975 -24.956474 32.074749 1.155550 19.534250 10.215400 64951.dat
9 0 0.847540 -0.205509 -0.489328 0.177976 0.978655 -0.102755 0.500000 -0.000000 0.866025 -32.046749 -24.956474 18.534750 1.155550 19.534250 10.215400 64951.dat
9 0 -0.000000 0.000000 -1.000000 0.000000 1.000000 0.000000 1.000000 0.000000 -0.000000 0.000000 -4.000000 14.705825 8.302725 3.750000 2.028100 64951.dat
9 0 -0.000000 0.000000 -1.000000 0.000000 1.000000 0.000000 1.000000 0.000000 -0.000000 -9.545876 -4.000000 9.573975 7.017775 3.750000 7.017775 64951.dat
9 0 -0.000000 0.000000 -1.000000 0.000000 1.000000 0.000000 1.000000 0.000000 -0.000000 -13.458475 -6.702800 13.486576 10.930375 1.047200 10.930375 64951.dat
9 0 -1.000000 0.000000 -0.000000 0.000000 1.000000 0.000000 0.000000 0.000000 -1.000000 14.677724 -4.000000 0.028100 8.302725 3.750000 2.028100 64951.dat
9 0 -1.000000 0.000000 -0.000000 0.000000 1.000000 0.000000 0.000000 0.000000 -1.000000 9.545876 -4.000000 9.573975 7.017775 3.750000 7.017775 64951.dat
9 0 -1.000000 0.000000 -0.000000 0.000000 1.000000 0.000000 0.000000 0.000000 -1.000000 13.458475 -6.702800 13.486576 10.930375 1.047200 10.930375 64951.dat
9 0 -0.000000 0.000000 1.000000 0.000000 1.000000 0.000000 -1.000000 0.000000 -0.000000 0.000000 -4.000000 -14.649625 8.302725 3.750000 2.028100 64951.dat
9 0 -0.000000 0.000000 1.000000 0.000000 1.000000 0.000000 -1.000000 0.000000 -0.000000 9.545876 -4.000000 -9.517776 7.017775 3.750000 7.017775 64951.dat
9 0 -0.000000 0.000000 1.000000 0.000000 1.000000 0.000000 -1.000000 0.000000 -0.000000 13.458475 -6.702800 -13.430375 10.930375 1.047200 10.930375 64951.dat
9 0 1.000000 0.000000 0.000000 0.000000 1.000000 0.000000 0.000000 0.000000 1.000000 -14.677724 -4.000000 0.028100 8.302725 3.750000 2.028100 64951.dat
9 0 1.000000 0.000000 0.000000 0.000000 1.000000 0.000000 0.000000 0.000000 1.000000 -9.545876 -4.000000 -9.517776 7.017775 3.750000 7.017775 64951.dat
9 0 1.000000 0.000000 0.000000 0.000000 1.000000 0.000000 0.000000 0.000000 1.000000 -13.458475 -6.702800 -13.430375 10.930375 1.047200 10.930375 64951.dat
9 0 0.866026 0.000000 -0.500000 0.000000 1.000000 0.000000 0.500000 0.000000 0.866026 11.937900 -6.625000 20.705250 16.222975 1.125000 6.229950 64951.dat
9 0 -0.000000 0.000000 -1.000000 0.000000 1.000000 0.000000 1.000000 0.000000 -0.000000 23.875750 -6.625000 0.028125 16.222975 1.125000 6.229925 64951.dat
9 0 -0.866025 0.000000 -0.500000 0.000000 1.000000 0.000000 0.500000 0.000000 -0.866025 11.937950 -6.625000 -20.648951 16.222975 1.125000 6.229925 64951.dat
9 0 -0.866025 0.000000 0.500000 0.000000 1.000000 0.000000 -0.500000 0.000000 -0.866025 -11.937876 -6.625000 -20.648973 16.222975 1.125000 6.229950 64951.dat
9 0 -0.000000 0.000000 1.000000 0.000000 1.000000 0.000000 -1.000000 0.000000 -0.000000 -23.875799 -6.625000 0.028075 16.222975 1.125000 6.229925 64951.dat
9 0 0.866026 0.000000 0.500000 0.000000 1.000000 0.000000 -0.500000 0.000000 0.866026 -11.937925 -6.625000 20.705250 16.222975 1.125000 6.229925 64951.dat
10 0 -33.766499 0.000000 -53.302254 53.766502 45.000000 33.245998 64951.dat
2 22 1.000000 0.000000 0.000000 0.000000 1.000000 0.000000 0.000000 0.000000 1.000000 -20.000000 0.000000 20.000002 4 4 22:1:1,22:2:1,22:2:1,22:2:1,22:1:1,22:2:1,15:4:0,23:4:1,15:4:0,22:2:1,22:2:1,23:4:1,7:4:0,23:4:1,22:2:1,22:2:1,15:4:0,23:4:1,15:4:0,22:2:1,22:1:1,22:2:1,22:2:1,22:2:1,22:1:1, 64951.dat
3 23 1.000000 0.000000 0.000000 0.000000 1.000000 0.000000 0.000000 0.000000 1.000000 -20.000000 -8.000000 20.000002 4 4 18:1:1,23:4:1,18:2:1,23:4:1,18:1:1,23:4:1,0:4:0,23:4:1,0:4:0,23:4:1,18:2:1,23:4:1,18:4:0,23:4:1,18:2:1,23:4:1,0:4:0,23:4:1,0:4:0,23:4:1,18:1:1,23:4:1,18:2:1,23:4:1,18:1:1, 64951.dat
0 4 1.000000 0.000000 0.000000 0.000000 -1.000000 -0.000000 0.000000 0.000000 -1.000000 0.000000 -8.000000 0.000000 0 0 0.110000 0 0 64951.dat
