9 0 0.707107 -0.707107 0.000000 0.707107 0.707107 0.000000 0.000000 0.000000 1.000000 4.480075 -4.480075 -0.000250 1.890900 0.756300 19.751200 6538b.dat
9 0 0.707107 -0.707107 0.000000 0.707107 0.707107 0.000000 0.000000 0.000000 1.000000 -4.480075 4.480075 -0.000250 1.890900 0.756300 19.751200 6538b.dat
9 0 -0.000000 -1.000000 0.000000 1.000000 -0.000000 0.000000 0.000000 0.000000 1.000000 -4.417100 -4.428500 -0.000250 1.890900 1.851825 19.751200 6538b.dat
9 0 -0.000000 -1.000000 0.000000 1.000000 -0.000000 0.000000 0.000000 0.000000 1.000000 4.362275 4.420825 -0.000250 1.890900 1.851825 19.751200 6538b.dat
9 0 1.000000 0.000000 0.000000 0.000000 1.000000 0.000000 0.000000 0.000000 1.000000 0.028250 -7.117350 -0.000250 3.121525 0.280650 19.751200 6538b.dat
9 0 -0.000000 1.000000 0.000000 -1.000000 -0.000000 0.000000 0.000000 0.000000 1.000000 7.117350 0.028250 -0.000250 3.121525 0.280650 19.751200 6538b.dat
9 0 -0.000000 -1.000000 0.000000 1.000000 -0.000000 0.000000 0.000000 0.000000 1.000000 -7.117350 -0.028250 -0.000250 3.121525 0.280650 19.751200 6538b.dat
9 0 -1.000000 0.000000 0.000000 -0.000000 -1.000000 0.000000 0.000000 0.000000 1.000000 -0.028250 7.117350 -0.000250 3.121525 0.280650 19.751200 6538b.dat
10 0 -8.742001 -8.742001 -40.000000 8.742001 8.742001 0.000000 6538b.dat
0 4 1.000000 0.000000 0.000000 0.000000 -0.000000 -1.000000 0.000000 1.000000 -0.000000 0.000000 0.000000 -20.000000 0 1 0.800000 0 0 6538b.dat
0 4 1.000000 0.000000 0.000000 0.000000 -0.000000 -1.000000 0.000000 1.000000 -0.000000 0.000000 0.000000 0.000000 1 0 0.800000 0 0 6538b.dat
2 22 0.707106 -0.707107 -0.000000 0.000000 0.000000 -1.000000 0.707107 0.707106 0.000000 0.000000 14.142124 -20.000000 2 2 29:0:0,29:0:0,29:0:0,29:0:0,13:4:32,29:0:0,29:0:0,29:0:0,29:0:0, 6538b.dat
2 22 0.707106 -0.707107 0.000000 0.000000 0.000000 1.000000 -0.707107 -0.707106 0.000000 -14.142124 0.000000 20.000000 2 2 29:0:0,29:0:0,29:0:0,29:0:0,13:4:32,29:0:0,29:0:0,29:0:0,29:0:0, 6538b.dat
4 69 -1.000000 0.000000 -0.000000 -0.000000 0.000000 1.000000 0.000000 1.000000 0.000000 6.250000 0.000000 -10.000000 2 6538b.dat
4 69 -1.000000 0.000000 -0.000000 -0.000000 0.000000 1.000000 0.000000 1.000000 0.000000 6.250000 0.000000 0.000000 2 6538b.dat
4 69 -1.000000 0.000000 -0.000000 -0.000000 0.000000 1.000000 0.000000 1.000000 0.000000 6.250000 0.000000 10.000001 2 6538b.dat
4 69 1.000000 0.000000 0.000000 0.000000 -0.000000 1.000000 0.000000 -1.000000 -0.000000 -6.250000 0.000000 -10.000000 2 6538b.dat
4 69 -0.000000 -1.000000 -0.000000 -0.000000 -0.000000 1.000000 -1.000000 0.000000 -0.000000 0.000000 6.250000 -10.000000 2 6538b.dat
4 69 -0.000000 1.000000 0.000000 0.000000 -0.000000 1.000000 1.000000 0.000000 -0.000000 0.000000 -6.250000 -10.000000 2 6538b.dat
4 69 1.000000 0.000000 0.000000 0.000000 -0.000000 1.000000 0.000000 -1.000000 -0.000000 -6.250000 0.000000 0.000000 2 6538b.dat
4 69 -0.000000 -1.000000 -0.000000 -0.000000 -0.000000 1.000000 -1.000000 0.000000 -0.000000 0.000000 6.250000 0.000000 2 6538b.dat
4 69 -0.000000 1.000000 0.000000 0.000000 -0.000000 1.000000 1.000000 0.000000 -0.000000 0.000000 -6.250000 0.000000 2 6538b.dat
4 69 1.000000 0.000000 0.000000 0.000000 -0.000000 1.000000 0.000000 -1.000000 -0.000000 -6.250000 0.000000 10.000001 2 6538b.dat
4 69 -0.000000 -1.000000 -0.000000 -0.000000 -0.000000 1.000000 -1.000000 0.000000 -0.000000 0.000000 6.250000 10.000001 2 6538b.dat
4 69 -0.000000 1.000000 0.000000 0.000000 -0.000000 1.000000 1.000000 0.000000 -0.000000 0.000000 -6.250000 10.000001 2 6538b.dat
