9 0 1.000000 0.000000 0.000000 0.000000 1.000000 0.000000 0.000000 0.000000 1.000000 0.000000 -17.117050 0.000000 0.789400 4.613825 4.375000 6542.dat
9 0 -0.000000 -1.000000 0.000000 1.000000 -0.000000 0.000000 0.000000 0.000000 1.000000 -17.117050 0.000000 0.000000 0.789400 4.613825 4.375000 6542.dat
9 0 -1.000000 0.000000 0.000000 -0.000000 -1.000000 0.000000 0.000000 0.000000 1.000000 0.000000 17.117050 0.000000 0.789400 4.613825 4.375000 6542.dat
9 0 -0.000000 1.000000 0.000000 -1.000000 -0.000000 0.000000 0.000000 0.000000 1.000000 17.117050 0.000000 0.000000 0.789400 4.613825 4.375000 6542.dat
9 0 0.923880 -0.382683 0.000000 0.382683 0.923880 0.000000 0.000000 0.000000 1.000000 -7.019450 -16.946449 0.000000 0.789400 3.388175 4.375000 6542.dat
9 0 0.707107 -0.707107 0.000000 0.707107 0.707107 0.000000 0.000000 0.000000 1.000000 -12.922125 -12.922125 0.000000 0.789400 3.456225 4.375000 6542.dat
9 0 0.382683 -0.923880 0.000000 0.923880 0.382683 0.000000 0.000000 0.000000 1.000000 -16.946449 -7.019450 0.000000 0.789400 3.388175 4.375000 6542.dat
9 0 -0.382683 -0.923880 0.000000 0.923880 -0.382683 0.000000 0.000000 0.000000 1.000000 -16.946449 7.019450 0.000000 0.789400 3.388175 4.375000 6542.dat
9 0 -0.707107 -0.707107 0.000000 0.707107 -0.707107 0.000000 0.000000 0.000000 1.000000 -12.922125 12.922125 0.000000 0.789400 3.456225 4.375000 6542.dat
9 0 -0.923880 -0.382683 0.000000 0.382683 -0.923880 0.000000 0.000000 0.000000 1.000000 -7.019450 16.946449 0.000000 0.789400 3.388175 4.375000 6542.dat
9 0 -0.923880 0.382683 0.000000 -0.382683 -0.923880 0.000000 0.000000 0.000000 1.000000 7.019450 16.946449 0.000000 0.789400 3.388175 4.375000 6542.dat
9 0 -0.707107 0.707107 0.000000 -0.707107 -0.707107 0.000000 0.000000 0.000000 1.000000 12.922125 12.922125 0.000000 0.789400 3.456225 4.375000 6542.dat
9 0 -0.382683 0.923880 0.000000 -0.923880 -0.382683 0.000000 0.000000 0.000000 1.000000 16.946449 7.019450 0.000000 0.789400 3.388175 4.375000 6542.dat
9 0 0.382683 0.923880 0.000000 -0.923880 0.382683 0.000000 0.000000 0.000000 1.000000 16.946449 -7.019450 0.000000 0.789400 3.388175 4.375000 6542.dat
9 0 0.707107 0.707107 0.000000 -0.707107 0.707107 0.000000 0.000000 0.000000 1.000000 12.922125 -12.922125 0.000000 0.789400 3.456225 4.375000 6542.dat
9 0 0.923880 0.382683 0.000000 -0.382683 0.923880 0.000000 0.000000 0.000000 1.000000 7.019450 -16.946449 0.000000 0.789400 3.388175 4.375000 6542.dat
9 0 1.000000 0.000000 0.000000 0.000000 1.000000 0.000000 0.000000 0.000000 1.000000 0.000000 -7.906225 0.000000 2.467400 0.659800 9.750000 6542.dat
9 0 1.000000 0.000000 0.000000 0.000000 1.000000 0.000000 0.000000 0.000000 1.000000 0.000775 -15.437176 2.687500 4.656675 0.437175 7.062500 6542.dat
9 0 0.809017 0.587785 0.000000 -0.587785 0.809017 0.000000 0.000000 0.000000 1.000000 4.647175 -6.396275 0.000000 2.467400 0.659800 9.750000 6542.dat
9 0 0.809017 0.587785 0.000000 -0.587785 0.809017 0.000000 0.000000 0.000000 1.000000 9.074375 -12.488475 2.687500 4.656675 0.437175 7.062500 6542.dat
9 0 0.309017 0.951057 0.000000 -0.951057 0.309017 0.000000 0.000000 0.000000 1.000000 7.519275 -2.443150 0.000000 2.467400 0.659800 9.750000 6542.dat
9 0 0.309017 0.951057 0.000000 -0.951057 0.309017 0.000000 0.000000 0.000000 1.000000 14.681850 -4.769600 2.687500 4.656675 0.437175 7.062500 6542.dat
9 0 0.809017 -0.587785 0.000000 0.587785 0.809017 0.000000 0.000000 0.000000 1.000000 -4.647175 -6.396275 0.000000 2.467400 0.659800 9.750000 6542.dat
9 0 0.809017 -0.587785 0.000000 0.587785 0.809017 0.000000 0.000000 0.000000 1.000000 -9.073100 -12.489400 2.687500 4.656675 0.437175 7.062500 6542.dat
9 0 0.309017 -0.951057 0.000000 0.951057 0.309017 0.000000 0.000000 0.000000 1.000000 -7.519275 -2.443150 0.000000 2.467400 0.659800 9.750000 6542.dat
9 0 0.309017 -0.951057 0.000000 0.951057 0.309017 0.000000 0.000000 0.000000 1.000000 -14.681376 -4.771100 2.687500 4.656675 0.437175 7.062500 6542.dat
9 0 -1.000000 0.000000 0.000000 -0.000000 -1.000000 0.000000 0.000000 0.000000 1.000000 0.000000 7.906225 0.000000 2.467400 0.659800 9.750000 6542.dat
9 0 -1.000000 0.000000 0.000000 -0.000000 -1.000000 0.000000 0.000000 0.000000 1.000000 -0.000775 15.437176 2.687500 4.656675 0.437175 7.062500 6542.dat
9 0 -0.809017 -0.587785 0.000000 0.587785 -0.809017 0.000000 0.000000 0.000000 1.000000 -4.647175 6.396275 0.000000 2.467400 0.659800 9.750000 6542.dat
9 0 -0.809017 -0.587785 0.000000 0.587785 -0.809017 0.000000 0.000000 0.000000 1.000000 -9.074375 12.488475 2.687500 4.656675 0.437175 7.062500 6542.dat
9 0 -0.309017 -0.951056 0.000000 0.951056 -0.309017 0.000000 0.000000 0.000000 1.000000 -7.519275 2.443150 0.000000 2.467400 0.659800 9.750000 6542.dat
9 0 -0.309017 -0.951056 0.000000 0.951056 -0.309017 0.000000 0.000000 0.000000 1.000000 -14.681850 4.769600 2.687500 4.656675 0.437175 7.062500 6542.dat
9 0 -0.809017 0.587785 0.000000 -0.587785 -0.809017 0.000000 0.000000 0.000000 1.000000 4.647175 6.396275 0.000000 2.467400 0.659800 9.750000 6542.dat
9 0 -0.809017 0.587785 0.000000 -0.587785 -0.809017 0.000000 0.000000 0.000000 1.000000 9.073100 12.489400 2.687500 4.656675 0.437175 7.062500 6542.dat
9 0 -0.309017 0.951056 0.000000 -0.951056 -0.309017 0.000000 0.000000 0.000000 1.000000 7.519275 2.443150 0.000000 2.467400 0.659800 9.750000 6542.dat
9 0 -0.309017 0.951056 0.000000 -0.951056 -0.309017 0.000000 0.000000 0.000000 1.000000 14.681376 4.771100 2.687500 4.656675 0.437175 7.062500 6542.dat
9 0 1.000000 0.000000 0.000000 0.000000 1.000000 0.000000 0.000000 0.000000 1.000000 0.000000 -11.350975 -2.312500 4.031875 4.850975 2.062500 6542.dat
9 0 0.707107 0.707107 0.000000 -0.707107 0.707107 0.000000 0.000000 0.000000 1.000000 8.026350 -8.026350 -2.312500 4.031875 4.850975 2.062500 6542.dat
9 0 -0.000000 1.000000 0.000000 -1.000000 -0.000000 0.000000 0.000000 0.000000 1.000000 11.350975 0.000000 -2.312500 4.031875 4.850975 2.062500 6542.dat
9 0 -0.707107 0.707107 0.000000 -0.707107 -0.707107 0.000000 0.000000 0.000000 1.000000 8.026350 8.026350 -2.312500 4.031875 4.850975 2.062500 6542.dat
9 0 0.707107 -0.707107 0.000000 0.707107 0.707107 0.000000 0.000000 0.000000 1.000000 -8.026350 -8.026350 -2.312500 4.031875 4.850975 2.062500 6542.dat
9 0 -0.000000 -1.000000 0.000000 1.000000 -0.000000 0.000000 0.000000 0.000000 1.000000 -11.350975 0.000000 -2.312500 4.031875 4.850975 2.062500 6542.dat
9 0 -0.707107 -0.707107 0.000000 0.707107 -0.707107 0.000000 0.000000 0.000000 1.000000 -8.026350 8.026350 -2.312500 4.031875 4.850975 2.062500 6542.dat
9 0 -1.000000 0.000000 0.000000 -0.000000 -1.000000 0.000000 0.000000 0.000000 1.000000 0.000000 11.350975 -2.312500 4.031875 4.850975 2.062500 6542.dat
10 0 -22.231426 -22.231426 -20.000000 22.231426 22.231426 0.000000 6542.dat
0 12 -0.000000 1.000000 -0.000000 0.000000 -0.000000 -1.000000 -1.000000 0.000000 -0.000000 0.000000 0.000000 -10.000000 0 0 0.800000 0 0 6542.dat
2 22 1.000000 0.000000 0.000000 0.000000 -0.000000 1.000000 0.000000 -1.000000 -0.000000 -10.000000 -10.000000 10.000000 2 2 29:0:0,29:0:0,29:0:0,29:0:0,15:4:33,29:0:0,29:0:0,29:0:0,29:0:0, 6542.dat
