9 0 -0.000000 0.000000 -1.000000 0.000000 1.000000 0.000000 1.000000 0.000000 -0.000000 0.680990 12.000000 28.500002 1.250000 11.750000 19.069025 6564.dat
9 0 0.948267 0.000000 0.317475 0.000000 1.000000 0.000000 -0.317475 0.000000 0.948267 -6.420568 9.375000 -0.034046 3.175050 9.125000 30.204000 6564.dat
9 0 -0.000000 0.000000 -1.000000 0.000000 1.000000 0.000000 1.000000 0.000000 -0.000000 10.000006 12.000000 0.000000 29.750002 11.750000 9.750000 6564.dat
9 0 0.948798 0.000000 0.315882 0.000000 1.000000 0.000000 -0.315882 0.000000 0.948798 -2.564649 21.374998 -17.579496 1.240075 2.375000 12.344675 6564.dat
9 0 0.949718 0.000000 0.313105 0.000000 1.000000 0.000000 -0.313105 0.000000 0.949718 -11.752016 21.374998 9.968005 1.248975 2.375000 3.236075 6564.dat
9 0 0.949718 0.000000 0.313105 0.000000 1.000000 0.000000 -0.313105 0.000000 0.949718 -17.257986 21.374998 26.508760 1.261050 2.375000 2.605700 6564.dat
9 0 0.948267 0.000000 0.317475 0.000000 1.000000 0.000000 -0.317475 0.000000 0.948267 -2.185590 1.375000 10.784753 6.881800 1.125000 17.211149 6564.dat
10 0 -10.000000 0.000000 -30.000002 50.000000 28.424999 10.000000 6564.dat
3 23 -0.000000 0.000000 -1.000000 0.000000 1.000000 0.000000 1.000000 0.000000 -0.000000 20.000017 0.000000 29.999996 2 6 18:1:1,23:4:1,18:2:1,23:4:1,18:2:1,23:4:1,18:1:1,23:4:1,0:4:1,23:4:1,0:4:1,23:4:1,0:4:1,23:4:1,18:1:1,23:4:1,29:0:1,23:4:1,18:2:1,23:4:1,18:1:1, 6564.dat
2 22 -0.000000 0.000000 -1.000000 0.000000 1.000000 0.000000 1.000000 0.000000 -0.000000 20.000017 24.000000 29.999996 2 6 22:1:1,22:2:1,22:2:1,22:2:1,22:2:1,22:2:1,22:1:1,22:2:1,15:4:1,9:4:1,15:4:1,9:4:1,15:4:1,22:2:1,22:1:1,22:2:1,22:2:1,22:2:1,22:2:1,22:2:1,22:1:1, 6564.dat
