9 0 -0.948324 -0.000001 0.317305 -0.317305 -0.000001 -0.948324 0.000001 -1.000000 0.000001 17.267767 21.374973 26.476742 1.223075 2.587650 2.375000 6565.dat
9 0 0.949068 -0.000000 -0.315070 0.315070 0.000000 0.949068 -0.000000 -1.000000 0.000000 0.958032 1.375000 2.906647 7.521025 25.501749 1.125000 6565.dat
9 0 0.000000 0.000000 1.000000 -1.000000 -0.000000 0.000000 0.000000 -1.000000 -0.000000 7.857864 12.000000 28.124994 1.625000 7.607875 11.750000 6565.dat
9 0 0.000000 0.000000 1.000000 -1.000000 -0.000000 0.000000 0.000000 -1.000000 -0.000000 -9.999994 12.000000 0.000000 29.750002 9.750000 11.750000 6565.dat
9 0 -0.948323 -0.000000 0.317305 -0.317305 0.000000 -0.948323 0.000000 -1.000000 0.000000 8.363481 9.375000 -0.135507 1.223075 30.650000 9.125000 6565.dat
9 0 -0.948323 0.000002 0.317305 -0.317305 -0.000001 -0.948323 -0.000001 -1.000000 0.000002 11.744859 21.374998 9.970243 1.223075 3.242725 2.375000 6565.dat
9 0 -0.317306 0.000001 -0.948323 -0.948323 -0.000000 0.317306 0.000000 1.000000 0.000001 2.528026 21.374998 -17.575829 12.357625 1.223075 2.375025 6565.dat
10 0 -10.000000 0.000000 -10.000000 50.000000 28.424999 30.000002 6565.dat
3 23 -0.000000 0.000000 -1.000000 0.000000 1.000000 0.000000 1.000000 0.000000 -0.000000 0.000016 0.000000 29.999996 2 6 18:1:1,23:4:1,29:0:1,23:4:1,29:0:1,23:4:1,18:1:1,23:4:1,0:4:1,23:4:1,0:4:1,23:4:1,0:4:1,23:4:1,18:1:1,23:4:1,18:2:1,23:4:1,18:2:1,23:4:1,18:1:1, 6565.dat
2 22 -0.000000 0.000000 -1.000000 0.000000 1.000000 0.000000 1.000000 0.000000 -0.000000 0.000016 24.000000 29.999996 2 6 22:1:1,22:2:1,22:2:1,22:2:1,22:2:1,22:2:1,22:1:1,22:2:1,15:4:1,9:4:1,15:4:1,9:4:1,15:4:1,22:2:1,22:1:1,22:2:1,22:2:1,22:2:1,22:2:1,22:2:1,22:1:1, 6565.dat
