9 0 1.000000 0.000000 0.000000 0.000000 1.000000 0.000000 0.000000 0.000000 1.000000 0.000000 1.874998 -6.750000 56.000000 1.625000 3.000000 6567.dat
9 0 1.000000 0.000000 0.000000 0.000000 1.000000 0.000000 0.000000 0.000000 1.000000 0.000000 44.000000 -19.979050 49.750000 3.750000 9.729050 6567.dat
9 0 1.000000 0.000000 0.000000 0.000000 0.894934 -0.446198 0.000000 0.446198 0.894934 0.000000 20.826250 -18.327049 59.706497 22.117701 1.625000 6567.dat
9 0 1.000000 0.000000 0.000000 0.000000 1.000000 0.000000 0.000000 0.000000 1.000000 -58.103199 24.000000 0.000000 1.603200 23.750000 9.750000 6567.dat
9 0 1.000000 0.000000 0.000000 0.000000 0.894934 -0.446198 0.000000 0.446198 0.894934 -58.103199 23.934549 -12.099675 1.603200 22.114626 8.554425 6567.dat
9 0 1.000000 0.000000 0.000000 0.000000 1.000000 0.000000 0.000000 0.000000 1.000000 54.999996 44.000000 -10.000000 4.750000 3.750000 19.750000 6567.dat
9 0 1.000000 0.000000 0.000000 0.000000 1.000000 0.000000 0.000000 0.000000 1.000000 58.103252 24.000000 0.000000 1.603200 23.750000 9.750000 6567.dat
9 0 1.000000 0.000000 0.000000 0.000000 0.894934 -0.446198 0.000000 0.446198 0.894934 58.146751 23.934549 -12.099675 1.603200 22.114626 8.554425 6567.dat
9 0 1.000000 0.000000 0.000000 0.000000 1.000000 0.000000 0.000000 0.000000 1.000000 45.000000 44.000000 -15.000001 4.750000 3.750000 14.749999 6567.dat
9 0 1.000000 0.000000 0.000000 0.000000 1.000000 0.000000 0.000000 0.000000 1.000000 55.146503 1.370499 1.636225 4.896600 1.120600 8.113774 6567.dat
9 0 0.707107 0.000000 -0.707107 0.000000 1.000000 0.000000 0.707107 0.000000 0.707107 49.547501 1.370499 0.315200 6.278150 1.120600 6.918225 6567.dat
9 0 -1.000000 0.000000 -0.000000 0.000000 1.000000 0.000000 0.000000 0.000000 -1.000000 -55.000000 44.000000 -10.000000 4.750000 3.750000 19.750000 6567.dat
9 0 -1.000000 0.000000 -0.000000 0.000000 1.000000 0.000000 0.000000 0.000000 -1.000000 -58.103199 24.000000 0.000000 1.603200 23.750000 9.750000 6567.dat
9 0 -1.000000 -0.000000 -0.000000 0.000000 0.894935 -0.446197 0.000000 -0.446197 -0.894935 -58.146797 23.934549 -12.099675 1.603200 22.114626 8.554425 6567.dat
9 0 -1.000000 0.000000 -0.000000 0.000000 1.000000 0.000000 0.000000 0.000000 -1.000000 -45.000000 44.000000 -15.000001 4.750000 3.750000 14.749999 6567.dat
9 0 -1.000000 0.000000 -0.000000 0.000000 1.000000 0.000000 0.000000 0.000000 -1.000000 -55.146599 1.370499 1.636225 4.896600 1.120600 8.113774 6567.dat
9 0 -0.707107 0.000000 -0.707107 0.000000 1.000000 0.000000 0.707107 0.000000 -0.707107 -49.547401 1.370499 0.315200 6.278150 1.120600 6.918225 6567.dat
10 0 -10.043200 0.000000 -10.000000 110.043251 52.474998 30.000002 6567.dat
2 22 1.000000 0.000000 0.000000 0.000000 1.000000 0.000000 0.000000 0.000000 1.000000 -60.000004 48.000000 10.000000 4 12 22:1:1,22:2:1,22:1:1,29:0:1,29:0:1,29:0:1,29:0:1,29:0:1,29:0:1,29:0:1,22:1:1,22:2:1,22:1:1,22:2:1,15:4:0,22:2:1,29:0:1,29:0:1,29:0:1,29:0:1,29:0:1,29:0:1,29:0:1,22:2:1,15:4:0,22:2:1,22:2:1,9:4:1,22:3:1,22:2:1,22:2:1,22:2:1,22:2:1,22:2:1,22:2:1,22:2:1,22:3:1,9:4:1,22:2:1,22:2:1,15:4:2,9:4:1,15:4:1,9:4:1,15:4:1,9:4:1,15:4:1,9:4:1,15:4:1,9:4:1,15:4:2,22:2:1,22:1:1,22:2:1,22:2:1,22:2:1,22:2:1,22:2:1,22:2:1,22:2:1,22:2:1,22:2:1,22:2:1,22:2:1,22:1:1, 6567.dat
3 23 1.000000 0.000000 0.000000 0.000000 1.000000 0.000000 0.000000 0.000000 1.000000 -60.000004 0.000000 10.000000 2 12 18:1:1,23:4:1,18:1:1,29:0:1,29:0:1,29:0:1,29:0:1,29:0:1,29:0:1,29:0:1,18:1:1,23:4:1,18:1:1,23:4:1,1:4:2,23:4:1,29:0:1,29:0:1,29:0:1,29:0:1,29:0:1,29:0:1,29:0:1,23:4:1,1:4:2,23:4:1,18:1:1,23:4:1,18:2:1,29:0:1,29:0:1,29:0:1,29:0:1,29:0:1,29:0:1,29:0:1,18:2:1,23:4:1,18:1:1, 6567.dat
