9 0 0.000000 1.000000 0.000000 -1.000000 0.000000 0.000000 0.000000 0.000000 1.000000 -0.199118 21.164400 -0.250000 0.914400 9.519350 24.125000 6573.dat
9 0 0.000000 1.000000 0.000000 -1.000000 0.000000 0.000000 0.000000 0.000000 1.000000 -0.199132 -21.914400 -0.250000 1.164400 9.519350 24.125000 6573.dat
9 0 0.000000 1.000000 0.000000 -0.707107 0.000000 0.707107 0.707107 -0.000000 0.707107 0.000005 14.998751 0.000000 4.748750 2.498875 2.498875 6573.dat
9 0 0.000000 1.000000 0.000000 -1.000000 0.000000 0.000000 0.000000 0.000000 1.000000 -0.246171 13.362825 22.312502 7.362824 11.827375 2.062500 6573.dat
9 0 1.000000 -0.000000 0.000000 0.000000 1.000000 0.000000 0.000000 0.000000 1.000000 13.862824 -0.253829 22.312502 7.362824 11.827375 2.062500 6573.dat
9 0 -0.000000 -1.000000 0.000000 1.000000 -0.000000 0.000000 0.000000 0.000000 1.000000 0.246171 -14.362823 22.312502 7.362824 11.827375 2.062500 6573.dat
9 0 -1.000000 0.000000 0.000000 -0.000000 -1.000000 0.000000 0.000000 0.000000 1.000000 -13.862824 -0.746171 22.312502 7.362824 11.827375 2.062500 6573.dat
9 0 1.000000 -0.000000 0.000000 0.000000 1.000000 0.000000 0.000000 0.000000 1.000000 14.822901 -0.213605 29.999998 8.322900 13.800650 4.375000 6573.dat
9 0 0.000000 1.000000 0.000000 -1.000000 0.000000 0.000000 0.000000 0.000000 1.000000 -0.246171 13.362825 -22.312502 7.362824 11.827375 2.062500 6573.dat
9 0 1.000000 -0.000000 0.000000 0.000000 1.000000 0.000000 0.000000 0.000000 1.000000 13.862824 -0.253829 -22.312502 7.362824 11.827375 2.062500 6573.dat
9 0 -0.000000 -1.000000 0.000000 1.000000 -0.000000 0.000000 0.000000 0.000000 1.000000 0.246171 -14.362823 -22.312502 7.362824 11.827375 2.062500 6573.dat
9 0 -1.000000 0.000000 0.000000 -0.000000 -1.000000 0.000000 0.000000 0.000000 1.000000 -13.862824 -0.746171 -22.312502 7.362824 11.827375 2.062500 6573.dat
9 0 1.000000 -0.000000 0.000000 0.000000 1.000000 0.000000 0.000000 0.000000 1.000000 10.735675 -0.357403 -32.312500 4.235675 6.746050 7.437500 6573.dat
9 0 0.500000 -0.866026 0.000000 0.866026 0.500000 0.000000 0.000000 0.000000 1.000000 7.659471 -13.193803 29.999998 8.322900 13.800650 4.375000 6573.dat
9 0 -0.500000 -0.866025 0.000000 0.866025 -0.500000 0.000000 0.000000 0.000000 1.000000 -7.163428 -13.480197 29.999998 8.322900 13.800650 4.375000 6573.dat
9 0 -1.000000 0.000000 0.000000 -0.000000 -1.000000 0.000000 0.000000 0.000000 1.000000 -14.822901 -0.786395 29.999998 8.322900 13.800650 4.375000 6573.dat
9 0 -0.500000 0.866026 0.000000 -0.866026 -0.500000 0.000000 0.000000 0.000000 1.000000 -7.659471 12.193803 29.999998 8.322900 13.800650 4.375000 6573.dat
9 0 0.500000 0.866025 0.000000 -0.866025 0.500000 0.000000 0.000000 0.000000 1.000000 7.163428 12.480197 29.999998 8.322900 13.800650 4.375000 6573.dat
9 0 0.500000 -0.866026 0.000000 0.866026 0.500000 0.000000 0.000000 0.000000 1.000000 5.491322 -9.726076 -32.312500 4.235675 6.746050 7.437500 6573.dat
9 0 -0.500000 -0.866025 0.000000 0.866025 -0.500000 0.000000 0.000000 0.000000 1.000000 -5.244353 -9.868674 -32.312500 4.235675 6.746050 7.437500 6573.dat
9 0 -1.000000 0.000000 0.000000 -0.000000 -1.000000 0.000000 0.000000 0.000000 1.000000 -10.735675 -0.642597 -32.312500 4.235675 6.746050 7.437500 6573.dat
9 0 -0.500000 0.866026 0.000000 -0.866026 -0.500000 0.000000 0.000000 0.000000 1.000000 -5.491322 8.726076 -32.312500 4.235675 6.746050 7.437500 6573.dat
9 0 0.500000 0.866025 0.000000 -0.866025 0.500000 0.000000 0.000000 0.000000 1.000000 5.244353 8.868673 -32.312500 4.235675 6.746050 7.437500 6573.dat
9 0 1.000000 -0.000000 0.000000 0.000000 1.000000 0.000000 0.000000 0.000000 1.000000 10.500000 -0.335353 35.375004 4.000000 7.828074 4.375000 6573.dat
9 0 -0.000000 -1.000000 0.000000 1.000000 -0.000000 0.000000 0.000000 0.000000 1.000000 0.164647 -11.000000 35.375004 4.000000 7.828074 4.375000 6573.dat
9 0 -1.000000 0.000000 0.000000 -0.000000 -1.000000 0.000000 0.000000 0.000000 1.000000 -10.500000 -0.664647 35.375004 4.000000 7.828074 4.375000 6573.dat
9 0 0.000000 1.000000 0.000000 -1.000000 0.000000 0.000000 0.000000 0.000000 1.000000 -0.164647 9.999999 35.375004 4.000000 7.828074 4.375000 6573.dat
10 0 -32.243248 -32.243248 -80.000000 32.243248 32.243248 0.000000 6573.dat
2 22 0.000000 1.000000 0.000000 0.000000 -0.000000 1.000000 1.000000 -0.000000 -0.000000 9.999997 -10.500004 40.000000 2 2 29:0:0,29:0:0,29:0:0,29:0:0,5:4:32,29:0:0,29:0:0,29:0:0,29:0:0, 6573.dat
2 22 0.000000 1.000000 0.000000 0.000000 -0.000000 -1.000000 -1.000000 0.000000 -0.000000 -10.000003 -10.499997 -40.000000 2 2 29:0:0,29:0:0,29:0:0,29:0:0,5:4:32,29:0:0,29:0:0,29:0:0,29:0:0, 6573.dat
2 22 0.000000 1.000000 0.000000 0.000000 -0.000000 -1.000000 -1.000000 0.000000 -0.000000 -10.000003 -10.499997 20.000002 2 2 29:0:0,29:0:0,29:0:0,29:0:0,15:4:32,29:0:0,29:0:0,29:0:0,29:0:0, 6573.dat
2 22 0.000000 1.000000 0.000000 0.000000 -0.000000 1.000000 1.000000 -0.000000 -0.000000 9.999997 -10.500004 -20.000000 2 2 29:0:0,29:0:0,29:0:0,29:0:0,15:4:32,29:0:0,29:0:0,29:0:0,29:0:0, 6573.dat
6 21 1.000000 -0.000000 0.000000 -0.000000 -1.000000 0.000000 0.000000 -0.000000 -1.000000 0.000005 15.000001 0.000000 0.000000 0.000000 0.000000 0.000000 1 6573.dat
6 21 1.000000 -0.000000 0.000000 0.000000 -0.000000 -1.000000 0.000000 1.000000 -0.000000 0.000000 -0.500000 15.000001 0.000000 0.000000 0.000000 0.000000 1 6573.dat
6 21 1.000000 -0.000000 -0.000000 0.000000 -0.000000 1.000000 -0.000000 -1.000000 -0.000000 0.000000 -0.500000 -15.000001 0.000000 0.000000 0.000000 0.000000 1 6573.dat
0 12 -1.000000 0.000000 -0.000000 0.000000 0.000000 -1.000000 -0.000000 -1.000000 -0.000000 0.000000 -0.500000 -40.000000 0 0 0.800000 0 0 6573.dat
0 12 -1.000000 0.000000 -0.000000 0.000000 0.000000 -1.000000 -0.000000 -1.000000 -0.000000 0.000000 -0.500000 20.000002 0 0 0.800000 0 0 6573.dat
