9 0 1.000000 0.000000 -0.000000 -0.000000 -0.000000 -1.000000 -0.000000 1.000000 -0.000000 -0.030802 27.240776 0.000000 3.459025 4.750000 0.865775 6575.dat
9 0 1.000000 0.000000 -0.000000 -0.000000 -0.000000 -1.000000 -0.000000 1.000000 -0.000000 0.000015 -27.289248 0.000000 5.634325 4.750000 0.789300 6575.dat
9 0 1.000000 0.000000 -0.000000 -0.000000 -0.000000 -1.000000 -0.000000 1.000000 -0.000000 10.643283 -4.999997 0.000000 7.705775 4.750000 2.062500 6575.dat
9 0 1.000000 0.000000 -0.000000 -0.000000 -0.000000 -1.000000 -0.000000 1.000000 -0.000000 6.297714 -24.468746 0.000000 3.360200 4.750000 1.531250 6575.dat
9 0 1.000000 0.000000 -0.000000 -0.000000 -0.000000 -1.000000 -0.000000 1.000000 -0.000000 7.452728 10.000002 0.000000 4.515225 4.750000 7.062500 6575.dat
9 0 1.000000 0.000000 -0.000000 -0.000000 -0.000000 -1.000000 -0.000000 1.000000 -0.000000 -7.457722 9.999998 0.000000 4.520225 4.750000 7.062500 6575.dat
9 0 1.000000 0.000000 -0.000000 -0.000000 -0.000000 -1.000000 -0.000000 1.000000 -0.000000 -10.681967 -5.000003 0.000000 7.744475 4.750000 2.062500 6575.dat
9 0 1.000000 0.000000 -0.000000 -0.000000 -0.000000 -1.000000 -0.000000 1.000000 -0.000000 -10.032563 -15.000002 0.000000 7.095075 4.750000 2.062500 6575.dat
9 0 1.000000 0.000000 -0.000000 -0.000000 -0.000000 -1.000000 -0.000000 1.000000 -0.000000 10.024961 -14.999996 0.000000 7.087450 4.750000 2.062500 6575.dat
9 0 1.000000 0.000000 -0.000000 -0.000000 -0.000000 -1.000000 -0.000000 1.000000 -0.000000 -6.297710 -24.468752 0.000000 3.360225 4.750000 1.531250 6575.dat
9 0 1.000000 0.000000 -0.000000 -0.000000 -0.000000 -1.000000 -0.000000 1.000000 -0.000000 -4.702501 24.406248 0.000000 1.765000 4.750000 1.468750 6575.dat
9 0 1.000000 0.000000 -0.000000 -0.000000 -0.000000 -1.000000 -0.000000 1.000000 -0.000000 4.695398 24.406252 0.000000 1.757900 4.750000 1.468750 6575.dat
9 0 0.965378 -0.260856 0.000000 0.000000 0.000000 -1.000000 0.260857 0.965378 0.000000 -11.508296 4.667222 0.000000 4.738975 4.750000 8.172074 6575.dat
9 0 1.000000 0.000000 -0.000000 -0.000000 -0.000000 -1.000000 -0.000000 1.000000 -0.000000 -7.935868 -1.701003 0.000000 1.435900 4.750000 23.701000 6575.dat
9 0 1.000000 0.000000 -0.000000 -0.000000 -0.000000 -1.000000 -0.000000 1.000000 -0.000000 7.878407 -1.999997 0.000000 1.378400 4.750000 24.000000 6575.dat
9 0 0.899594 0.436728 0.000000 0.000000 0.000000 -1.000000 -0.436728 0.899593 0.000000 -12.599262 -16.157503 0.000000 2.715325 4.750000 8.820050 6575.dat
9 0 0.964413 0.264399 0.000000 0.000000 0.000000 -1.000000 -0.264399 0.964413 0.000000 11.542930 4.657703 0.000000 4.738975 4.750000 8.172074 6575.dat
9 0 0.897011 -0.442008 0.000000 0.000000 0.000000 -1.000000 0.442008 0.897011 -0.000000 12.498211 -16.127249 0.000000 2.715325 4.750000 8.829700 6575.dat
10 0 -9.250000 -18.925425 -10.000000 49.250000 18.925425 0.000000 6575.dat
0 4 0.000000 -1.000000 0.000000 -0.000000 -0.000000 -1.000000 1.000000 0.000000 -0.000000 0.000000 20.000000 -5.000000 0 0 0.400000 0 0 6575.dat
0 4 0.000000 -1.000000 0.000000 -0.000000 -0.000000 -1.000000 1.000000 0.000000 -0.000000 0.000006 0.000000 -5.000000 0 0 0.400000 0 0 6575.dat
0 4 0.000000 -1.000000 0.000000 -0.000000 -0.000000 -1.000000 1.000000 0.000000 -0.000000 0.000009 -10.000001 -5.000000 0 0 0.400000 0 0 6575.dat
0 4 0.000000 -1.000000 0.000000 -0.000000 -0.000000 -1.000000 1.000000 0.000000 -0.000000 0.000013 -20.000000 -5.000000 0 0 0.400000 0 0 6575.dat
