9 0 -1.000000 0.000000 -0.000000 0.000000 1.000000 0.000000 0.000000 0.000000 -1.000000 -5.428274 -3.582025 3.499999 2.928275 0.582025 3.750000 6589.dat
9 0 -1.000000 0.000000 -0.000000 0.000000 1.000000 0.000000 0.000000 0.000000 -1.000000 5.428276 -3.582025 3.500002 2.928275 0.582025 3.750000 6589.dat
9 0 -1.000000 0.000000 -0.000000 0.000000 1.000000 0.000000 0.000000 0.000000 -1.000000 5.428276 2.582025 3.500002 2.928275 0.582025 3.750000 6589.dat
9 0 -1.000000 0.000000 -0.000000 0.000000 1.000000 0.000000 0.000000 0.000000 -1.000000 -5.428274 2.582025 3.499999 2.928275 0.582025 3.750000 6589.dat
9 0 -1.000000 0.000000 -0.000000 0.000000 1.000000 0.000000 0.000000 0.000000 -1.000000 -3.082024 -6.933475 3.499999 0.582025 2.269450 3.750000 6589.dat
9 0 -1.000000 0.000000 -0.000000 0.000000 1.000000 0.000000 0.000000 0.000000 -1.000000 3.082026 -6.933475 3.500001 0.582025 2.269450 3.750000 6589.dat
9 0 -1.000000 0.000000 -0.000000 0.000000 1.000000 0.000000 0.000000 0.000000 -1.000000 -3.082024 5.924325 3.499999 0.582025 2.260300 3.750000 6589.dat
9 0 -1.000000 0.000000 -0.000000 0.000000 1.000000 0.000000 0.000000 0.000000 -1.000000 3.082026 5.924325 3.500001 0.582025 2.260300 3.750000 6589.dat
9 0 -1.000000 0.000000 -0.000000 0.000000 1.000000 0.000000 0.000000 0.000000 -1.000000 0.000003 -9.787900 -1.250000 4.055175 0.537900 1.000000 6589.dat
9 0 -0.707107 -0.707107 -0.000000 -0.707107 0.707107 -0.000000 0.000000 0.000000 -1.000000 6.626678 -7.202150 -1.249997 3.487400 0.674900 1.000000 6589.dat
9 0 0.000000 -1.000000 0.000000 -1.000000 -0.000000 -0.000000 0.000000 0.000000 -1.000000 9.296653 -0.500000 -1.249997 4.055175 0.546650 1.000000 6589.dat
9 0 0.707107 -0.707107 0.000000 -0.707107 -0.707107 -0.000000 0.000000 0.000000 -1.000000 6.574428 6.074425 -1.249997 4.055175 0.547650 1.000000 6589.dat
9 0 1.000000 0.000000 0.000000 0.000000 -1.000000 0.000000 0.000000 0.000000 -1.000000 0.000003 8.924900 -1.250000 4.055175 0.674900 1.000000 6589.dat
9 0 0.707107 0.707107 0.000000 0.707107 -0.707107 0.000000 0.000000 0.000000 -1.000000 -6.517597 6.311224 -1.250002 3.847575 0.674900 1.000000 6589.dat
9 0 0.000000 1.000000 0.000000 1.000000 -0.000000 0.000000 0.000000 0.000000 -1.000000 -9.265323 -0.500000 -1.250003 4.055175 0.515325 1.000000 6589.dat
9 0 -0.707107 0.707107 -0.000000 0.707107 0.707107 0.000000 0.000000 0.000000 -1.000000 -6.764772 -6.872575 -1.250002 3.777850 0.539500 1.000000 6589.dat
9 0 0.000000 -1.000000 0.000000 -1.000000 -0.000000 -0.000000 0.000000 0.000000 -1.000000 -0.158648 -13.084425 0.485776 1.901875 5.017000 0.235775 6589.dat
9 0 0.684395 -0.729112 0.000000 -0.729112 -0.684395 -0.000000 0.000000 0.000000 -1.000000 8.533702 -9.823100 0.485779 1.955425 5.017000 0.235775 6589.dat
9 0 0.999949 0.010085 0.000577 0.010094 -0.999757 -0.019580 0.000379 0.019585 -0.999808 12.623803 -0.393925 0.484779 1.937625 5.017000 0.132100 6589.dat
9 0 0.687057 0.726603 0.000575 0.726472 -0.686917 -0.019579 -0.013831 0.013870 -0.999808 8.672253 8.640250 0.497428 1.913075 5.017000 0.144750 6589.dat
9 0 0.002445 0.999997 0.000576 0.999805 -0.002434 -0.019579 -0.019578 0.000624 -0.999808 0.052027 12.097675 0.487275 1.911150 5.017000 0.134625 6589.dat
9 0 -0.683495 0.729955 0.000576 0.729807 0.683373 -0.019580 -0.014686 -0.012962 -0.999808 -8.538298 8.872425 0.493872 1.990725 4.864925 0.144150 6589.dat
9 0 -0.999864 -0.016501 0.000576 -0.016509 0.999672 -0.019581 -0.000253 -0.019588 -0.999808 -12.576572 -0.686000 0.504121 1.891325 5.017000 0.137500 6589.dat
9 0 -0.728012 -0.685564 0.000576 -0.685441 0.727865 -0.019580 0.013004 -0.014650 -0.999808 -9.156947 -9.093375 0.506648 1.871100 5.017000 0.125625 6589.dat
9 0 -1.000000 0.000000 -0.000000 0.000000 1.000000 0.000000 0.000000 0.000000 -1.000000 7.701177 -2.125000 3.500003 1.326175 0.375000 3.750000 6589.dat
9 0 -1.000000 0.000000 -0.000000 0.000000 1.000000 0.000000 0.000000 0.000000 -1.000000 -7.701173 -2.125000 3.499998 1.326175 0.375000 3.750000 6589.dat
9 0 -1.000000 0.000000 -0.000000 0.000000 1.000000 0.000000 0.000000 0.000000 -1.000000 -7.701173 1.125000 3.499998 1.326175 0.375000 3.750000 6589.dat
9 0 -1.000000 0.000000 -0.000000 0.000000 1.000000 0.000000 0.000000 0.000000 -1.000000 7.701177 1.125000 3.500003 1.326175 0.375000 3.750000 6589.dat
9 0 -1.000000 0.000000 -0.000000 0.000000 1.000000 0.000000 0.000000 0.000000 -1.000000 -1.625674 7.160750 3.500000 0.375675 1.285750 3.750000 6589.dat
9 0 -1.000000 0.000000 -0.000000 0.000000 1.000000 0.000000 0.000000 0.000000 -1.000000 1.624326 7.160750 3.500001 0.375675 1.285750 3.750000 6589.dat
9 0 -1.000000 0.000000 -0.000000 0.000000 1.000000 0.000000 0.000000 0.000000 -1.000000 1.624326 -8.160750 3.500001 0.375675 1.285750 3.750000 6589.dat
9 0 -1.000000 0.000000 -0.000000 0.000000 1.000000 0.000000 0.000000 0.000000 -1.000000 -1.625674 -8.160750 3.500000 0.375675 1.285750 3.750000 6589.dat
9 0 0.500000 -0.866025 0.000001 -0.769805 -0.444446 0.458114 -0.396738 -0.229057 -0.888894 10.206051 5.396775 3.774704 0.655200 2.765175 1.732275 6589.dat
9 0 -0.866025 -0.500000 -0.000001 -0.444447 0.769804 0.458114 -0.229057 0.396739 -0.888893 5.896776 -10.706050 3.774702 0.655200 2.765175 1.732275 6589.dat
9 0 -0.500000 -0.866025 -0.000000 -0.769804 0.444447 0.458114 -0.396738 0.229057 -0.888893 10.209802 -6.390325 3.774704 0.655200 2.765175 1.732275 6589.dat
9 0 0.000000 -1.000000 -0.000000 -0.888894 -0.000000 0.458113 -0.458113 -0.000000 -0.888894 11.787102 -0.496275 3.774704 0.655200 2.765175 1.732275 6589.dat
9 0 0.500000 0.866025 -0.000000 0.769804 -0.444446 0.458114 0.396739 -0.229057 -0.888893 -10.209799 5.390325 3.774697 0.655200 2.765175 1.732275 6589.dat
9 0 0.866026 -0.500000 0.000001 -0.444447 -0.769804 0.458114 -0.229056 -0.396739 -0.888893 5.890326 9.709800 3.774702 0.655200 2.765175 1.732275 6589.dat
9 0 0.866026 0.500000 -0.000000 0.444447 -0.769804 0.458114 0.229057 -0.396739 -0.888893 -5.896774 9.706049 3.774698 0.655200 2.765175 1.732275 6589.dat
9 0 1.000000 0.000000 0.000000 -0.000000 -0.888893 0.458115 0.000000 -0.458115 -0.888893 -0.003724 11.287100 3.774700 0.655200 2.765175 1.732275 6589.dat
9 0 -1.000000 0.000000 -0.000000 -0.000000 0.888893 0.458114 0.000000 0.458114 -0.888893 0.003726 -12.287101 3.774700 0.655200 2.765175 1.732275 6589.dat
9 0 -0.866025 0.500000 -0.000000 0.444446 0.769804 0.458115 0.229057 0.396739 -0.888893 -5.890324 -10.709801 3.774698 0.655200 2.765175 1.732275 6589.dat
9 0 -0.500000 0.866025 -0.000000 0.769804 0.444447 0.458114 0.396739 0.229057 -0.888893 -10.206048 -6.396775 3.774697 0.655200 2.765175 1.732275 6589.dat
9 0 0.000000 1.000000 0.000000 0.888893 -0.000000 0.458114 0.458114 -0.000000 -0.888893 -11.787099 -0.503725 3.774697 0.655200 2.765175 1.732275 6589.dat
10 0 -15.812150 -15.812150 -10.000000 15.812150 15.812150 0.000000 6589.dat
6 20 0.000000 1.000000 0.000000 -0.000000 -0.000000 1.000000 1.000000 0.000000 0.000000 0.000002 -0.500000 2.500000 0.000000 0.000000 0.000000 0.000000 1 6589.dat
0 4 0.000000 1.000000 0.000000 -0.000000 -0.000000 1.000000 1.000000 0.000000 0.000000 0.000000 -0.500000 7.500000 0 0 0.400000 0 0 6589.dat
5 13 -1.000000 0.000000 -0.000000 0.000000 1.000000 0.000000 0.000000 0.000000 -1.000000 0.000002 -0.500000 2.500000 0.6 12 6589.dat
