9 0 0.000001 -1.000000 0.000001 0.000001 0.000001 1.000000 -1.000000 -0.000001 0.000001 9.987397 -0.005735 -4.652194 2.813750 0.402200 9.737374 6628.dat
9 0 0.000001 -0.707106 0.707107 0.000000 0.707107 0.707106 -1.000000 -0.000001 0.000001 -2.102299 -0.000015 0.000014 1.811825 1.811825 2.715000 6628.dat
9 0 0.000001 0.000001 1.000000 -0.000001 1.000000 -0.000001 -1.000000 -0.000001 0.000001 9.987404 -4.657932 0.000009 2.813750 0.402200 9.737374 6628.dat
9 0 -0.000001 1.000000 -0.000001 -0.000001 -0.000001 -1.000000 -1.000000 -0.000001 0.000001 9.987404 -0.005729 4.652206 2.813750 0.402200 9.737374 6628.dat
9 0 -0.000001 -0.000001 -1.000000 0.000001 -1.000000 0.000001 -1.000000 -0.000001 0.000001 9.987397 4.646468 0.000004 2.813750 0.402200 9.737374 6628.dat
9 0 0.000001 -0.707106 0.707107 0.000000 0.707107 0.707106 -1.000000 -0.000001 0.000001 18.750000 -3.006053 -3.006047 3.970625 0.137500 1.000000 6628.dat
9 0 0.000000 -0.707107 -0.707106 0.000001 -0.707106 0.707107 -1.000000 -0.000001 0.000001 18.749996 3.006047 -3.006051 3.970625 0.137500 1.000000 6628.dat
9 0 -0.000001 0.707106 -0.707107 0.000000 -0.707107 -0.707106 -1.000000 -0.000001 0.000001 18.750000 3.006051 3.006049 3.970625 0.137500 1.000000 6628.dat
9 0 0.000000 0.707107 0.707106 -0.000001 0.707106 -0.707107 -1.000000 -0.000001 0.000001 18.750004 -3.006049 3.006052 3.970625 0.137500 1.000000 6628.dat
9 0 0.000000 -0.707107 -0.707106 0.000001 -0.707106 0.707107 -1.000000 -0.000001 0.000001 1.062500 -0.000013 0.000012 5.060675 5.060675 0.812500 6628.dat
9 0 0.000001 -1.000000 0.000001 0.000001 0.000001 1.000000 -1.000000 -0.000001 0.000001 1.062500 -0.000013 0.000012 5.060675 5.060675 0.812500 6628.dat
10 0 -7.625000 -7.625000 -37.250000 7.625000 7.625000 0.000000 6628.dat
0 19 0.000001 0.000001 1.000000 1.000000 0.000001 -0.000001 -0.000001 1.000000 -0.000001 20.000000 0.000000 0.000000 0 1 0.800000 0 0 6628.dat
0 6 0.000001 0.000001 1.000000 1.000000 0.000001 -0.000001 -0.000001 1.000000 -0.000001 20.000000 0.000000 0.000000 0 1 0.715000 0 0 6628.dat
1 3 0.000001 -1.000000 0.000001 1.000000 0.000001 -0.000001 0.000001 0.000001 1.000000 -9.702749 -0.000020 0.000019 6628.dat
