9 0 0.000000 0.000000 -1.000000 -0.000000 1.000000 0.000000 1.000000 0.000000 0.000000 9.012497 0.000001 47.722252 47.472252 9.750000 0.487500 6629.dat
9 0 0.000000 0.000000 -1.000000 -0.000000 1.000000 0.000000 1.000000 0.000000 0.000000 -7.987502 0.000001 47.722252 47.472252 9.750000 0.487500 6629.dat
9 0 0.000000 0.000000 -1.000000 -0.000000 1.000000 0.000000 1.000000 0.000000 0.000000 0.474999 0.000001 30.000002 2.000000 9.750000 8.975000 6629.dat
9 0 0.000000 0.000000 -1.000000 -0.000000 1.000000 0.000000 1.000000 0.000000 0.000000 0.474998 0.000001 50.000000 2.000000 9.750000 8.975000 6629.dat
9 0 0.000000 0.000000 -1.000000 -0.000000 1.000000 0.000000 1.000000 0.000000 0.000000 0.474997 0.000001 70.000000 2.000000 9.750000 8.975000 6629.dat
9 0 0.000000 0.000000 -1.000000 -0.000000 1.000000 0.000000 1.000000 0.000000 0.000000 0.474996 0.000001 90.000000 2.000000 9.750000 8.975000 6629.dat
9 0 -0.964707 -0.000000 0.263324 -0.000000 1.000000 -0.000000 -0.263324 -0.000000 -0.964707 -7.495979 0.000001 101.784004 0.142625 9.750000 3.031300 6629.dat
9 0 -1.000000 0.000000 -0.000000 -0.000000 1.000000 0.000000 0.000000 0.000000 -1.000000 -3.870624 0.000001 -4.179676 1.870600 9.750000 1.687500 6629.dat
9 0 -1.000000 0.000000 -0.000000 -0.000000 1.000000 0.000000 0.000000 0.000000 -1.000000 4.859150 0.000001 -4.179676 1.859150 9.750000 1.687500 6629.dat
9 0 -1.000000 0.000000 -0.000000 -0.000000 1.000000 0.000000 0.000000 0.000000 -1.000000 6.218750 0.000001 7.265699 3.218750 9.750000 4.757900 6629.dat
9 0 -1.000000 0.000000 -0.000000 -0.000000 1.000000 0.000000 0.000000 0.000000 -1.000000 -5.218750 0.000001 7.265699 3.218750 9.750000 4.757900 6629.dat
9 0 -1.000000 0.000000 -0.000000 -0.000000 1.000000 0.000000 0.000000 0.000000 -1.000000 0.462500 0.000001 9.999999 8.975000 9.750000 2.000000 6629.dat
9 0 0.477159 -0.000001 -0.878817 0.000000 1.000000 -0.000000 0.878817 0.000000 0.477159 -5.693624 0.000001 -3.362851 4.711850 9.750000 0.373550 6629.dat
9 0 0.477159 0.000000 0.878817 -0.000000 1.000000 0.000000 -0.878817 -0.000000 0.477159 6.707576 0.000001 -3.370450 4.711850 9.750000 0.357675 6629.dat
9 0 1.000000 -0.000000 0.000000 -0.000000 1.000000 0.000000 -0.000000 0.000000 1.000000 0.540826 0.000001 -7.179376 3.462575 9.750000 0.804375 6629.dat
9 0 -0.000000 0.000000 1.000000 -1.000000 0.000000 -0.000000 0.000000 -1.000000 -0.000000 -6.500001 0.000001 50.113499 54.488499 0.500000 7.750000 6629.dat
9 0 -0.000000 0.000000 1.000000 -1.000000 0.000000 -0.000000 0.000000 -1.000000 -0.000000 7.499997 0.000001 55.725998 60.101002 0.500000 7.750000 6629.dat
9 0 -0.799999 0.000000 -0.600001 -0.000000 1.000000 0.000000 0.600001 0.000000 -0.799999 30.491489 0.000001 112.486755 28.452250 7.750025 0.968675 6629.dat
9 0 -0.799999 0.000000 -0.600001 0.000000 1.000000 0.000000 0.600001 0.000000 -0.799999 19.889217 0.000001 124.304497 29.973751 7.750000 1.126675 6629.dat
9 0 -0.600610 -0.000000 0.799542 -0.000000 1.000000 0.000000 -0.799542 -0.000000 -0.600610 54.244987 0.000001 140.324249 3.462575 9.750000 0.804375 6629.dat
9 0 -0.989238 -0.000000 -0.146318 -0.000000 1.000000 -0.000000 0.146318 -0.000000 -0.989238 47.495739 0.000001 142.968246 4.711850 9.750000 0.356500 6629.dat
9 0 0.416066 0.000000 0.909335 -0.000000 1.000000 0.000000 -0.909334 -0.000000 0.416066 54.949986 0.000001 133.041748 4.711850 9.750000 0.360325 6629.dat
9 0 -0.600001 0.000000 0.799999 0.000000 1.000000 0.000000 -0.799999 0.000000 -0.600001 40.528488 0.000001 129.998001 8.955400 9.750000 1.934450 6629.dat
9 0 -0.600001 0.000000 0.799999 0.000000 1.000000 0.000000 -0.799999 0.000000 -0.600001 49.352489 0.000001 141.842499 1.687500 9.750000 1.687500 6629.dat
9 0 -0.600001 0.000000 0.799999 0.000000 1.000000 0.000000 -0.799999 0.000000 -0.600001 54.377491 0.000001 135.142502 1.687500 9.750000 1.687500 6629.dat
9 0 -0.600001 0.000000 0.799999 0.000000 1.000000 0.000000 -0.799999 0.000000 -0.600001 46.143486 0.000001 127.045753 3.224575 9.750000 4.757900 6629.dat
9 0 -0.600001 0.000000 0.799999 0.000000 1.000000 0.000000 -0.799999 0.000000 -0.600001 39.269985 0.000001 136.210007 3.230850 9.750000 4.757900 6629.dat
9 0 -0.802725 0.000000 -0.596350 -0.000000 1.000000 0.000000 0.596350 0.000000 -0.802725 24.456041 0.000001 117.888748 1.898625 9.750000 8.862500 6629.dat
9 0 -0.802725 0.000000 -0.596350 -0.000000 1.000000 0.000000 0.596350 0.000000 -0.802725 8.493769 0.000001 105.972755 1.895600 9.750000 8.908700 6629.dat
9 0 -0.799999 0.000000 -0.600001 0.000000 1.000000 0.000000 0.600001 0.000000 -0.799999 19.433367 0.000001 124.912247 29.973751 9.750000 0.366875 6629.dat
9 0 -0.799999 0.000000 -0.600001 -0.000000 1.000000 0.000000 0.600001 0.000000 -0.799999 31.595739 0.000001 112.566742 27.520748 9.750000 0.370000 6629.dat
9 0 -0.799999 0.000000 -0.600001 -0.000000 1.000000 0.000000 0.600001 0.000000 -0.799999 31.592241 0.000001 112.576248 27.518002 9.750000 0.370000 6629.dat
10 0 -9.250000 -10.000000 -20.053123 145.208008 57.185501 0.011175 6629.dat
0 2 -0.600001 0.000000 0.799999 0.000000 1.000000 0.000000 -0.799999 0.000000 -0.600001 0.499994 10.000000 100.000000 0 0 0.800000 0 0 6629.dat
0 2 -0.600001 0.000000 0.799999 0.000000 1.000000 0.000000 -0.799999 0.000000 -0.600001 16.499966 10.000000 112.000000 0 0 0.800000 0 0 6629.dat
0 2 -0.600001 0.000000 0.799999 0.000000 1.000000 0.000000 -0.799999 0.000000 -0.600001 32.499989 10.000000 124.000000 0 0 0.800000 0 0 6629.dat
0 4 -0.600001 0.000000 0.799999 0.000000 1.000000 0.000000 -0.799999 0.000000 -0.600001 48.499985 10.000000 136.000000 0 0 0.800000 0 0 6629.dat
0 2 -1.000000 0.000000 -0.000000 -0.000000 1.000000 0.000000 0.000000 0.000000 -1.000000 0.499999 10.000000 20.000000 0 0 0.800000 0 0 6629.dat
0 2 -1.000000 0.000000 -0.000000 -0.000000 1.000000 0.000000 0.000000 0.000000 -1.000000 0.499998 10.000000 40.000000 0 0 0.800000 0 0 6629.dat
0 2 -1.000000 0.000000 -0.000000 -0.000000 1.000000 0.000000 0.000000 0.000000 -1.000000 0.499996 10.000000 60.000004 0 0 0.800000 0 0 6629.dat
0 2 -1.000000 0.000000 -0.000000 -0.000000 1.000000 0.000000 0.000000 0.000000 -1.000000 0.499995 10.000000 80.000000 0 0 0.800000 0 0 6629.dat
0 4 -1.000000 0.000000 -0.000000 -0.000000 1.000000 0.000000 0.000000 0.000000 -1.000000 0.500000 10.000000 0.000000 0 0 0.800000 0 0 6629.dat
2 22 -0.000000 0.000000 1.000000 -0.000000 1.000000 0.000000 -1.000000 0.000000 -0.000000 -9.500000 10.000000 9.999999 2 8 22:2:1,22:2:1,22:2:1,22:2:1,22:2:1,22:2:1,22:2:1,22:2:1,29:0:1,22:2:1,16:4:64,22:2:1,16:4:64,22:2:1,16:4:64,22:2:1,16:4:64,29:0:1,22:2:1,22:2:1,22:2:1,22:2:1,22:2:1,22:2:1,22:2:1,22:2:1,29:0:1, 6629.dat
2 22 0.799999 0.000000 0.600001 -0.000001 1.000000 0.000000 -0.600001 -0.000000 0.799999 -13.500005 10.000000 102.000000 2 6 29:0:1,22:2:1,22:2:1,22:2:1,22:2:1,22:2:1,22:2:1,29:0:1,16:4:64,22:2:1,16:4:64,22:2:1,16:4:64,22:2:1,29:0:1,22:2:1,22:2:1,22:2:1,22:2:1,22:2:1,22:2:1, 6629.dat
2 22 -0.000000 0.000000 -1.000000 0.000000 -1.000000 -0.000000 -1.000000 0.000000 0.000000 -9.500003 -9.999999 90.000000 2 8 29:0:1,22:2:1,22:2:1,22:2:1,22:2:1,22:2:1,22:2:1,22:2:1,22:2:1,29:0:1,16:4:64,22:2:1,16:4:64,22:2:1,16:4:64,22:2:1,16:4:64,22:2:1,29:0:1,22:2:1,22:2:1,22:2:1,22:2:1,22:2:1,22:2:1,22:2:1,22:2:1, 6629.dat
2 22 0.799999 -0.000000 0.600001 -0.000000 -1.000000 0.000000 0.600001 -0.000000 -0.799999 -1.499978 -9.999999 86.000000 2 6 29:0:1,22:2:1,22:2:1,22:2:1,22:2:1,22:2:1,22:2:1,29:0:1,16:4:64,22:2:1,16:4:64,22:2:1,16:4:64,22:2:1,29:0:1,22:2:1,22:2:1,22:2:1,22:2:1,22:2:1,22:2:1, 6629.dat
