9 0 -1.000000 0.000000 -0.000000 -0.000000 -1.000000 -0.000000 -0.000000 -0.000000 1.000000 -0.037496 -0.000098 10.000002 8.975000 4.749900 2.000000 6632.dat
9 0 -1.000000 0.000000 -0.000000 -0.000000 -1.000000 -0.000000 -0.000000 -0.000000 1.000000 -0.037498 0.000001 30.000002 8.975000 4.750000 2.000000 6632.dat
9 0 -0.000000 -0.000000 1.000000 -0.000000 -1.000000 -0.000000 1.000000 -0.000000 0.000000 -8.498872 -0.000073 20.000000 19.724575 4.749900 0.498875 6632.dat
9 0 -0.000000 0.000000 1.000000 -0.000000 -1.000000 -0.000000 1.000000 -0.000000 0.000000 8.498878 -0.000075 20.000004 19.724575 4.749900 0.498875 6632.dat
9 0 -1.000000 0.000000 -0.000000 -0.000000 -1.000000 -0.000000 -0.000000 -0.000000 1.000000 -5.718749 -0.000099 32.734303 3.218750 4.749900 4.757900 6632.dat
9 0 -1.000000 0.000000 -0.000000 -0.000000 -1.000000 -0.000000 -0.000000 -0.000000 1.000000 5.718751 0.000000 32.734306 3.218750 4.750000 4.757900 6632.dat
9 0 -1.000000 0.000000 -0.000000 -0.000000 -1.000000 -0.000000 -0.000000 -0.000000 1.000000 5.748879 0.000001 7.265753 3.248875 4.750000 4.757900 6632.dat
9 0 -1.000000 0.000000 -0.000000 -0.000000 -1.000000 -0.000000 -0.000000 -0.000000 1.000000 -5.748870 0.000002 7.265753 3.248875 4.750000 4.757900 6632.dat
9 0 -1.000000 0.000000 -0.000000 -0.000000 -1.000000 -0.000000 -0.000000 -0.000000 1.000000 -4.187499 0.000001 32.734303 1.687500 4.750000 4.757900 6632.dat
9 0 -1.000000 0.000000 -0.000000 -0.000000 -1.000000 -0.000000 -0.000000 -0.000000 1.000000 -4.370625 0.000000 44.179676 1.870600 4.750000 1.687500 6632.dat
9 0 -1.000000 0.000000 -0.000000 -0.000000 -1.000000 -0.000000 -0.000000 -0.000000 1.000000 4.359150 -0.000000 44.179680 1.859150 4.750000 1.687500 6632.dat
9 0 0.477159 0.000000 0.878817 0.000000 -1.000000 0.000000 0.878817 -0.000000 -0.477159 -6.193625 0.000000 43.362850 4.711850 4.750000 0.373550 6632.dat
9 0 0.477160 -0.000000 -0.878817 -0.000000 -1.000000 -0.000000 -0.878817 0.000000 -0.477160 6.207575 -0.000001 43.370453 4.711850 4.750000 0.357675 6632.dat
9 0 1.000000 -0.000000 0.000000 -0.000000 -1.000000 -0.000000 0.000000 0.000000 -1.000000 0.040825 -0.000000 47.179379 3.462575 4.750000 0.804375 6632.dat
9 0 -1.000000 -0.000000 -0.000000 -0.000000 1.000000 0.000000 0.000000 0.000000 -1.000000 -4.370619 0.000003 -4.179746 1.870600 4.750000 1.687500 6632.dat
9 0 -1.000000 -0.000000 -0.000000 -0.000000 1.000000 0.000000 0.000000 0.000000 -1.000000 4.359156 0.000002 -4.179746 1.859150 4.750000 1.687500 6632.dat
9 0 0.477160 0.000000 -0.878817 -0.000000 1.000000 0.000000 0.878817 0.000000 0.477160 -6.193619 0.000003 -3.362745 4.711850 4.750000 0.373550 6632.dat
9 0 0.477159 -0.000001 0.878817 0.000000 1.000000 0.000001 -0.878817 -0.000000 0.477159 6.207581 0.000002 -3.370497 4.711850 4.750000 0.357675 6632.dat
9 0 1.000000 -0.000000 0.000000 0.000000 1.000000 0.000000 -0.000000 -0.000000 1.000000 0.040831 0.000003 -7.179496 3.462575 4.750000 0.804375 6632.dat
9 0 -0.000000 -0.000000 1.000000 -0.000000 -1.000000 -0.000000 1.000000 -0.000000 0.000000 -7.761372 0.000002 20.000000 19.724575 2.525000 1.236375 6632.dat
9 0 -0.000000 0.000000 1.000000 -0.000000 -1.000000 -0.000000 1.000000 -0.000000 0.000000 7.748878 0.000001 20.000004 19.724575 2.525000 1.248875 6632.dat
10 0 -9.250000 -9.250000 -10.000000 49.250000 9.250000 0.000000 6632.dat
0 2 -1.000000 0.000000 -0.000000 -0.000000 -1.000000 -0.000000 -0.000000 -0.000000 1.000000 0.000002 -4.999999 20.000002 0 0 0.400000 0 0 6632.dat
0 4 -1.000000 0.000000 -0.000000 -0.000000 -1.000000 -0.000000 -0.000000 -0.000000 1.000000 0.000000 -5.000000 40.000000 0 0 0.400000 0 0 6632.dat
0 4 -1.000000 0.000000 -0.000000 -0.000000 -1.000000 -0.000000 -0.000000 -0.000000 1.000000 0.000005 -4.999998 0.000003 0 0 0.400000 0 0 6632.dat
