9 0 1.000000 0.000000 0.000000 0.000000 1.000000 0.000000 0.000000 0.000000 1.000000 0.000000 -4.750000 -0.155850 15.570275 4.500000 14.612874 71015.dat
9 0 -0.000000 0.000000 -1.000000 0.000000 1.000000 0.000000 1.000000 0.000000 -0.000000 0.000000 5.881325 -14.450325 1.359225 6.009850 2.000000 71015.dat
9 0 -0.556601 0.000000 -0.830780 0.000000 1.000000 0.000000 0.830780 0.000000 -0.556601 -6.779550 2.213000 -12.491899 0.964950 3.390450 5.966400 71015.dat
9 0 0.965926 -0.258819 0.000000 0.258819 0.965926 0.000000 0.000000 0.000000 1.000000 16.072824 10.170774 -0.661775 0.531300 12.385425 8.074200 71015.dat
9 0 0.556601 0.000000 -0.830780 0.000000 1.000000 0.000000 0.830780 0.000000 0.556601 6.779475 2.212400 -12.453225 0.964850 3.390450 5.966400 71015.dat
9 0 0.682778 -0.262094 0.681998 0.193691 0.964976 0.176930 -0.704485 0.011293 0.709629 11.483075 10.109825 11.382725 0.531300 12.385450 8.074200 71015.dat
9 0 -0.038361 -0.272956 0.961261 -0.005339 0.962012 0.272956 -0.999250 0.005339 -0.038361 0.144750 9.940599 16.293600 0.531300 12.385450 8.074200 71015.dat
9 0 -0.730278 -0.265799 0.629321 -0.200225 0.964027 0.174819 -0.653149 0.001660 -0.757228 -12.256525 10.058275 10.654950 0.531300 12.385450 8.074200 71015.dat
9 0 -0.936625 -0.268573 -0.224951 -0.263942 0.963190 -0.050995 0.230366 0.011611 -0.973035 -15.721425 10.005900 -2.727900 0.531300 12.385425 8.074200 71015.dat
9 0 1.000000 0.000000 0.000000 0.000000 1.000000 0.000000 0.000000 0.000000 1.000000 2.937500 -12.756075 0.000000 0.812500 3.993925 3.750000 71015.dat
9 0 -0.000000 0.000000 1.000000 0.000000 1.000000 0.000000 -1.000000 0.000000 -0.000000 0.000000 -12.756075 2.937500 0.812500 3.993925 3.750000 71015.dat
9 0 -1.000000 0.000000 -0.000000 0.000000 1.000000 0.000000 0.000000 0.000000 -1.000000 -2.937500 -12.756075 0.000000 0.812500 3.993925 3.750000 71015.dat
9 0 -0.000000 0.000000 -1.000000 0.000000 1.000000 0.000000 1.000000 0.000000 -0.000000 0.000000 -12.756075 -2.937500 0.812500 3.993925 3.750000 71015.dat
10 0 -21.348125 -22.750000 -20.494724 20.096025 17.000000 19.996750 71015.dat
2 22 1.000000 0.000000 0.000000 0.000000 1.000000 0.000000 0.000000 0.000000 1.000000 -10.000000 0.000000 10.000000 2 2 29:0:0,29:0:0,29:0:0,29:0:0,15:4:33,29:0:0,29:0:0,29:0:0,29:0:0, 71015.dat
0 14 -0.000000 0.000000 1.000000 0.000000 1.000000 0.000000 -1.000000 0.000000 -0.000000 0.000000 -9.500000 0.000000 1 0 0.300000 0 0 71015.dat
