9 0 0.000001 0.000001 1.000000 -0.000001 -1.000000 0.000001 1.000000 -0.000001 -0.000001 -24.955828 -0.018703 -0.063228 8.816525 3.567900 4.794175 71075.dat
9 0 0.204424 -0.707107 -0.676912 0.204426 0.707106 -0.676913 0.957298 -0.000001 0.289101 -17.807474 -0.010657 1.615067 6.600075 6.181875 7.890225 71075.dat
9 0 0.482945 -0.707109 -0.516489 0.482948 0.707105 -0.516492 0.730428 0.000000 0.682990 -8.095246 -0.010660 6.979185 6.444875 6.181875 7.030550 71075.dat
9 0 -1.000000 0.000001 0.000001 0.000001 1.000000 -0.000001 -0.000001 -0.000001 -1.000000 0.063264 0.018696 24.955805 8.816525 3.567900 4.794175 71075.dat
9 0 0.646555 -0.707107 -0.286296 0.646556 0.707106 -0.286296 0.404884 0.000000 0.914368 -2.147740 -0.010658 16.348906 6.575325 6.181875 6.375775 71075.dat
9 0 -0.000001 -1.000000 0.000001 -1.000000 0.000001 0.000001 -0.000001 -0.000001 -1.000000 -0.018737 0.063221 24.955805 8.816525 3.567900 4.794175 71075.dat
9 0 0.707107 -0.707107 0.000000 -0.707107 -0.707107 0.000001 -0.000001 -0.000001 -1.000000 -0.057986 0.031471 24.955805 8.816525 3.567900 4.794175 71075.dat
9 0 -0.707108 -0.707106 0.000001 -0.707106 0.707108 -0.000000 -0.000001 -0.000001 -1.000000 0.031513 0.057921 24.955805 8.816525 3.567900 4.794175 71075.dat
9 0 -0.000001 -1.000000 0.000001 -0.000001 -0.000001 -1.000000 1.000000 -0.000001 -0.000001 -24.955828 0.063222 -0.018703 8.816525 3.567900 4.794175 71075.dat
9 0 -0.000000 -0.707107 0.707107 -0.000001 -0.707107 -0.707107 1.000000 -0.000001 -0.000001 -24.955828 0.031472 -0.057928 8.816525 3.567900 4.794175 71075.dat
9 0 -0.000000 -0.707108 -0.707106 0.000000 0.707106 -0.707108 1.000000 -0.000000 -0.000000 -24.955828 0.057922 0.031472 8.816525 3.567900 4.794175 71075.dat
10 0 -10.000000 0.000000 -10.000000 30.000002 40.000000 10.000000 71075.dat
2 22 0.000001 0.000001 1.000000 -1.000000 0.000001 0.000001 -0.000001 -1.000000 0.000001 -30.000013 -10.000006 -9.999994 2 2 29:0:0,29:0:0,29:0:0,29:0:0,5:4:34,29:0:0,29:0:0,29:0:0,29:0:0, 71075.dat
2 22 1.000000 -0.000001 -0.000001 0.000001 0.000001 1.000000 -0.000001 -1.000000 0.000001 -9.999988 -9.999995 29.999992 2 2 29:0:0,29:0:0,29:0:0,29:0:0,5:4:34,29:0:0,29:0:0,29:0:0,29:0:0, 71075.dat
