9 0 0.004065 0.309708 -0.950823 0.648376 0.723066 0.238293 0.761309 -0.617460 -0.197868 0.009931 -10.180887 -7.404675 21.407274 2.666275 2.666275 71342.dat
9 0 0.004065 0.309708 -0.950823 0.648376 0.723066 0.238293 0.761309 -0.617460 -0.197868 0.115483 -2.139092 -32.093510 1.729175 5.696025 5.696025 71342.dat
9 0 0.004065 0.309708 -0.950823 0.648376 0.723066 0.238293 0.761309 -0.617460 -0.197868 0.133200 -0.789230 -36.237671 1.584900 8.090175 8.090175 71342.dat
9 0 -0.075828 0.996249 0.041681 0.686906 0.021892 0.726416 0.722779 0.083713 -0.685990 -0.912483 -1.206657 1.317126 8.992850 2.491825 2.491825 71342.dat
9 0 0.004065 0.309708 -0.950823 0.648376 0.723066 0.238293 0.761309 -0.617460 -0.197868 -1.139343 5.738364 -8.914924 9.343050 2.464050 2.464050 71342.dat
9 0 0.079855 -0.947895 -0.308413 0.707717 0.271800 -0.652120 0.701968 -0.166194 0.692547 -0.384686 0.531463 -21.628466 6.448075 2.352875 2.352875 71342.dat
10 0 -14.849250 -21.477150 -11.723050 38.967003 11.621250 11.723050 71342.dat
0 7 0.996798 0.074675 0.028585 -0.004065 -0.309708 0.950823 0.079855 -0.947895 -0.308413 -0.068492 -17.002432 13.150406 0 1 1.564550 0 0 71342.dat
0 7 0.996798 0.074674 0.028585 0.075900 -0.996122 -0.044493 0.025152 0.046520 -0.998601 -0.437997 -7.435051 1.042019 0 0 0.619512 0 0 71342.dat
2 22 -0.079855 0.947895 0.308413 -0.004065 -0.309708 0.950823 0.996798 0.074675 0.028585 10.698043 -25.734632 10.352131 2 2 29:0:0,29:0:0,29:0:0,29:0:0,9:4:32,29:0:0,29:0:0,29:0:0,29:0:0, 71342.dat
