9 0 -1.000000 0.000000 -0.000000 0.000000 1.000000 0.000000 0.000000 0.000000 -1.000000 -25.425249 32.307251 -0.000008 2.250000 3.838225 24.750000 71372.dat
9 0 -1.000000 0.000000 -0.000000 0.000000 1.000000 0.000000 0.000000 0.000000 -1.000000 -45.675251 32.307251 -0.000015 2.250000 3.838225 24.750000 71372.dat
9 0 -1.000000 0.000000 -0.000000 0.000000 1.000000 0.000000 0.000000 0.000000 -1.000000 -65.925255 32.307251 -0.000021 2.250000 3.838225 24.750000 71372.dat
9 0 -1.000000 0.000000 -0.000000 0.000000 1.000000 0.000000 0.000000 0.000000 -1.000000 -86.175247 32.307251 -0.000028 2.250000 3.838225 24.750000 71372.dat
9 0 -1.000000 0.000000 -0.000000 0.000000 1.000000 0.000000 0.000000 0.000000 -1.000000 -106.425247 32.307251 -0.000035 2.250000 3.838225 24.750000 71372.dat
9 0 -1.000000 0.000000 -0.000000 0.000000 1.000000 0.000000 0.000000 0.000000 -1.000000 -126.675247 32.307251 -0.000041 2.250000 3.838225 24.750000 71372.dat
9 0 -1.000000 0.000000 -0.000000 0.000000 1.000000 0.000000 0.000000 0.000000 -1.000000 -146.925247 32.307251 -0.000048 2.250000 3.838225 24.750000 71372.dat
9 0 -1.000000 0.000000 -0.000000 0.000000 1.000000 0.000000 0.000000 0.000000 -1.000000 -167.175247 32.307251 -0.000054 2.250000 3.838225 24.750000 71372.dat
9 0 -1.000000 0.000000 -0.000000 0.000000 1.000000 0.000000 0.000000 0.000000 -1.000000 -187.425262 32.307251 -0.000061 2.250000 3.838225 24.750000 71372.dat
9 0 -1.000000 0.000000 -0.000000 0.000000 1.000000 0.000000 0.000000 0.000000 -1.000000 -207.675247 32.307251 -0.000068 2.250000 3.838225 24.750000 71372.dat
9 0 -1.000000 0.000000 -0.000000 0.000000 1.000000 0.000000 0.000000 0.000000 -1.000000 -227.925247 32.307251 -0.000074 2.250000 3.838225 24.750000 71372.dat
9 0 -1.000000 0.000000 -0.000000 0.000000 1.000000 0.000000 0.000000 0.000000 -1.000000 -215.620255 -32.254749 -0.000070 2.250000 3.845225 24.750000 71372.dat
9 0 -1.000000 0.000000 -0.000000 0.000000 1.000000 0.000000 0.000000 0.000000 -1.000000 -195.370239 -32.254749 -0.000064 2.250000 3.845225 24.750000 71372.dat
9 0 -1.000000 0.000000 -0.000000 0.000000 1.000000 0.000000 0.000000 0.000000 -1.000000 -175.120239 -32.254749 -0.000057 2.250000 3.845225 24.750000 71372.dat
9 0 -1.000000 0.000000 -0.000000 0.000000 1.000000 0.000000 0.000000 0.000000 -1.000000 -154.870255 -32.254749 -0.000050 2.250000 3.845225 24.750000 71372.dat
9 0 -1.000000 0.000000 -0.000000 0.000000 1.000000 0.000000 0.000000 0.000000 -1.000000 -134.620255 -32.254749 -0.000044 2.250000 3.845225 24.750000 71372.dat
9 0 -1.000000 0.000000 -0.000000 0.000000 1.000000 0.000000 0.000000 0.000000 -1.000000 -114.370255 -32.254749 -0.000037 2.250000 3.845225 24.750000 71372.dat
9 0 -1.000000 0.000000 -0.000000 0.000000 1.000000 0.000000 0.000000 0.000000 -1.000000 -73.870247 -32.254749 -0.000024 2.250000 3.845225 24.750000 71372.dat
9 0 -1.000000 0.000000 -0.000000 0.000000 1.000000 0.000000 0.000000 0.000000 -1.000000 -53.620251 -32.254749 -0.000017 2.250000 3.845225 24.750000 71372.dat
9 0 -1.000000 0.000000 -0.000000 0.000000 1.000000 0.000000 0.000000 0.000000 -1.000000 -33.370251 -32.254749 -0.000011 2.250000 3.845225 24.750000 71372.dat
9 0 -1.000000 0.000000 -0.000000 0.000000 1.000000 0.000000 0.000000 0.000000 -1.000000 -13.120174 -32.254749 -0.000004 2.250000 3.845225 24.750000 71372.dat
9 0 -1.000000 0.000000 -0.000000 0.000000 1.000000 0.000000 0.000000 0.000000 -1.000000 -215.620255 -24.409599 -0.000070 2.249975 3.500000 5.750000 71372.dat
9 0 -1.000000 0.000000 -0.000000 0.000000 1.000000 0.000000 0.000000 0.000000 -1.000000 -215.620255 -26.911249 -0.000070 2.249975 1.001750 9.750000 71372.dat
9 0 -1.000000 0.000000 -0.000000 0.000000 1.000000 0.000000 0.000000 0.000000 -1.000000 -195.370239 -24.409599 -0.000064 2.249975 3.500000 5.750000 71372.dat
9 0 -1.000000 0.000000 -0.000000 0.000000 1.000000 0.000000 0.000000 0.000000 -1.000000 -195.370239 -26.911249 -0.000064 2.249975 1.001750 9.750000 71372.dat
9 0 -1.000000 0.000000 -0.000000 0.000000 1.000000 0.000000 0.000000 0.000000 -1.000000 -175.120239 -24.409599 -0.000057 2.249975 3.500000 5.750000 71372.dat
9 0 -1.000000 0.000000 -0.000000 0.000000 1.000000 0.000000 0.000000 0.000000 -1.000000 -175.120239 -26.911249 -0.000057 2.249975 1.001750 9.750000 71372.dat
9 0 -1.000000 0.000000 -0.000000 0.000000 1.000000 0.000000 0.000000 0.000000 -1.000000 -154.870255 -24.409599 -0.000050 2.249975 3.500000 5.750000 71372.dat
9 0 -1.000000 0.000000 -0.000000 0.000000 1.000000 0.000000 0.000000 0.000000 -1.000000 -154.870255 -26.911249 -0.000050 2.249975 1.001750 9.750000 71372.dat
9 0 -1.000000 0.000000 -0.000000 0.000000 1.000000 0.000000 0.000000 0.000000 -1.000000 -134.620255 -24.409599 -0.000044 2.249975 3.500000 5.750000 71372.dat
9 0 -1.000000 0.000000 -0.000000 0.000000 1.000000 0.000000 0.000000 0.000000 -1.000000 -134.620255 -26.911249 -0.000044 2.249975 1.001750 9.750000 71372.dat
9 0 -1.000000 0.000000 -0.000000 0.000000 1.000000 0.000000 0.000000 0.000000 -1.000000 -114.370255 -24.409599 -0.000037 2.249975 3.500000 5.750000 71372.dat
9 0 -1.000000 0.000000 -0.000000 0.000000 1.000000 0.000000 0.000000 0.000000 -1.000000 -114.370255 -26.911249 -0.000037 2.249975 1.001750 9.750000 71372.dat
9 0 -1.000000 0.000000 -0.000000 0.000000 1.000000 0.000000 0.000000 0.000000 -1.000000 -73.870499 -24.409599 -0.000024 2.249975 3.500000 5.750000 71372.dat
9 0 -1.000000 0.000000 -0.000000 0.000000 1.000000 0.000000 0.000000 0.000000 -1.000000 -73.870499 -26.911249 -0.000024 2.249975 1.001750 9.750000 71372.dat
9 0 -1.000000 0.000000 -0.000000 0.000000 1.000000 0.000000 0.000000 0.000000 -1.000000 -53.620499 -24.409599 -0.000017 2.249975 3.500000 5.750000 71372.dat
9 0 -1.000000 0.000000 -0.000000 0.000000 1.000000 0.000000 0.000000 0.000000 -1.000000 -53.620499 -26.911249 -0.000017 2.249975 1.001750 9.750000 71372.dat
9 0 -1.000000 0.000000 -0.000000 0.000000 1.000000 0.000000 0.000000 0.000000 -1.000000 -33.370502 -24.409599 -0.000011 2.249975 3.500000 5.750000 71372.dat
9 0 -1.000000 0.000000 -0.000000 0.000000 1.000000 0.000000 0.000000 0.000000 -1.000000 -33.370502 -26.911249 -0.000011 2.249975 1.001750 9.750000 71372.dat
9 0 -1.000000 0.000000 -0.000000 0.000000 1.000000 0.000000 0.000000 0.000000 -1.000000 -13.120424 -24.409599 -0.000004 2.249975 3.500000 5.750000 71372.dat
9 0 -1.000000 0.000000 -0.000000 0.000000 1.000000 0.000000 0.000000 0.000000 -1.000000 -13.120424 -26.911249 -0.000004 2.249975 1.001750 9.750000 71372.dat
9 0 -1.000000 0.000000 -0.000000 -0.000000 -1.000000 0.000000 -0.000000 0.000000 1.000000 -5.175175 24.461874 0.002048 2.249975 3.500000 5.750000 71372.dat
9 0 -1.000000 0.000000 -0.000000 -0.000000 -1.000000 0.000000 -0.000000 0.000000 1.000000 -5.175175 26.963749 0.001148 2.249975 1.001750 9.750000 71372.dat
9 0 -1.000000 0.000000 -0.000000 -0.000000 -1.000000 0.000000 -0.000000 0.000000 1.000000 -25.425249 24.461874 0.002042 2.249975 3.500000 5.750000 71372.dat
9 0 -1.000000 0.000000 -0.000000 -0.000000 -1.000000 0.000000 -0.000000 0.000000 1.000000 -25.425249 26.963749 0.001142 2.249975 1.001750 9.750000 71372.dat
9 0 -1.000000 0.000000 -0.000000 -0.000000 -1.000000 0.000000 -0.000000 0.000000 1.000000 -45.675251 24.461874 0.002035 2.249975 3.500000 5.750000 71372.dat
9 0 -1.000000 0.000000 -0.000000 -0.000000 -1.000000 0.000000 -0.000000 0.000000 1.000000 -45.675251 26.963749 0.001135 2.249975 1.001750 9.750000 71372.dat
9 0 -1.000000 0.000000 -0.000000 -0.000000 -1.000000 0.000000 -0.000000 0.000000 1.000000 -65.925255 24.461874 0.002029 2.249975 3.500000 5.750000 71372.dat
9 0 -1.000000 0.000000 -0.000000 -0.000000 -1.000000 0.000000 -0.000000 0.000000 1.000000 -65.925255 26.963749 0.001129 2.249975 1.001750 9.750000 71372.dat
9 0 -1.000000 0.000000 -0.000000 -0.000000 -1.000000 0.000000 -0.000000 0.000000 1.000000 -86.175247 24.461874 0.002022 2.249975 3.500000 5.750000 71372.dat
9 0 -1.000000 0.000000 -0.000000 -0.000000 -1.000000 0.000000 -0.000000 0.000000 1.000000 -86.175247 26.963749 0.001122 2.249975 1.001750 9.750000 71372.dat
9 0 -1.000000 0.000000 -0.000000 -0.000000 -1.000000 0.000000 -0.000000 0.000000 1.000000 -106.425247 24.461874 0.002015 2.249975 3.500000 5.750000 71372.dat
9 0 -1.000000 0.000000 -0.000000 -0.000000 -1.000000 0.000000 -0.000000 0.000000 1.000000 -106.425247 26.963749 0.001115 2.249975 1.001750 9.750000 71372.dat
9 0 -1.000000 0.000000 -0.000000 -0.000000 -1.000000 0.000000 -0.000000 0.000000 1.000000 -126.675247 24.461874 0.002009 2.249975 3.500000 5.750000 71372.dat
9 0 -1.000000 0.000000 -0.000000 -0.000000 -1.000000 0.000000 -0.000000 0.000000 1.000000 -126.675247 26.963749 0.001109 2.249975 1.001750 9.750000 71372.dat
9 0 -1.000000 0.000000 -0.000000 -0.000000 -1.000000 0.000000 -0.000000 0.000000 1.000000 -146.925247 24.461874 0.002002 2.249975 3.500000 5.750000 71372.dat
9 0 -1.000000 0.000000 -0.000000 -0.000000 -1.000000 0.000000 -0.000000 0.000000 1.000000 -146.925247 26.963749 0.001102 2.249975 1.001750 9.750000 71372.dat
9 0 -1.000000 0.000000 -0.000000 -0.000000 -1.000000 0.000000 -0.000000 0.000000 1.000000 -167.175247 24.461874 0.001996 2.249975 3.500000 5.750000 71372.dat
9 0 -1.000000 0.000000 -0.000000 -0.000000 -1.000000 0.000000 -0.000000 0.000000 1.000000 -167.175247 26.963749 0.001096 2.249975 1.001750 9.750000 71372.dat
9 0 -1.000000 0.000000 -0.000000 -0.000000 -1.000000 0.000000 -0.000000 0.000000 1.000000 -187.425262 24.461874 0.001989 2.249975 3.500000 5.750000 71372.dat
9 0 -1.000000 0.000000 -0.000000 -0.000000 -1.000000 0.000000 -0.000000 0.000000 1.000000 -187.425262 26.963749 0.001089 2.249975 1.001750 9.750000 71372.dat
9 0 -1.000000 0.000000 -0.000000 -0.000000 -1.000000 0.000000 -0.000000 0.000000 1.000000 -207.675247 24.461874 0.001982 2.249975 3.500000 5.750000 71372.dat
9 0 -1.000000 0.000000 -0.000000 -0.000000 -1.000000 0.000000 -0.000000 0.000000 1.000000 -207.675247 26.963749 0.001082 2.249975 1.001750 9.750000 71372.dat
9 0 -1.000000 0.000000 -0.000000 -0.000000 -1.000000 0.000000 -0.000000 0.000000 1.000000 -227.925247 24.461874 0.001976 2.249975 3.500000 5.750000 71372.dat
9 0 -1.000000 0.000000 -0.000000 -0.000000 -1.000000 0.000000 -0.000000 0.000000 1.000000 -227.925247 26.963749 0.001076 2.249975 1.001750 9.750000 71372.dat
9 0 -1.000000 0.000000 -0.000000 0.000000 1.000000 0.000000 0.000000 0.000000 -1.000000 -118.580498 -31.523499 -0.000039 121.659256 1.113875 24.750000 71372.dat
9 0 -1.000000 0.000000 -0.000000 0.000000 1.000000 0.000000 0.000000 0.000000 -1.000000 -122.796249 31.566751 -0.000040 119.870995 1.113875 24.750000 71372.dat
9 0 0.980356 -0.197237 0.000000 -0.197237 -0.980356 -0.000000 0.000000 0.000000 -1.000000 6.042600 30.213749 0.000002 11.102625 1.113875 24.750000 71372.dat
9 0 0.660192 -0.751097 0.000000 -0.751097 -0.660192 -0.000000 0.000000 0.000000 -1.000000 22.939877 20.194349 0.000007 10.954400 1.113875 24.750000 71372.dat
9 0 0.128618 -0.991694 0.000000 -0.991694 -0.128618 -0.000000 0.000000 0.000000 -1.000000 30.352501 3.247275 0.000010 9.939526 1.113875 24.750000 71372.dat
9 0 -0.474426 -0.880296 -0.000000 -0.880296 0.474426 -0.000000 0.000000 0.000000 -1.000000 26.378750 -16.098049 0.000009 10.920300 1.113875 24.750000 71372.dat
9 0 -0.886669 -0.462404 -0.000000 -0.462404 0.886669 -0.000000 0.000000 0.000000 -1.000000 12.068174 -28.666248 0.000004 10.486650 1.113875 24.750000 71372.dat
9 0 0.885150 0.465306 0.000000 0.465306 -0.885150 0.000000 0.000000 0.000000 -1.000000 -254.543488 27.799248 -0.000083 8.831850 1.285425 24.750000 71372.dat
9 0 -0.460112 -0.887861 -0.000000 -0.887861 0.460112 -0.000000 0.000000 0.000000 -1.000000 -269.205261 12.410450 -0.000088 10.479650 1.246975 24.750000 71372.dat
9 0 0.119143 -0.992877 0.000000 -0.992877 -0.119143 -0.000000 0.000000 0.000000 -1.000000 -271.067261 -6.059850 -0.000088 10.467875 1.218600 24.750000 71372.dat
9 0 0.681034 -0.732252 0.000000 -0.732252 -0.681034 -0.000000 0.000000 0.000000 -1.000000 -262.223755 -22.116125 -0.000085 10.316649 1.113875 24.750000 71372.dat
9 0 -0.979167 0.203057 -0.000000 0.203057 0.979167 0.000000 0.000000 0.000000 -1.000000 -249.200256 -29.688000 -0.000081 8.929350 1.113875 24.750000 71372.dat
9 0 -1.000000 0.000000 -0.000000 0.000000 1.000000 0.000000 0.000000 0.000000 -1.000000 -235.870239 -32.254749 -0.000077 2.250000 3.845225 24.750000 71372.dat
9 0 -1.000000 0.000000 -0.000000 0.000000 1.000000 0.000000 0.000000 0.000000 -1.000000 -235.870239 -24.409599 -0.000077 2.249975 3.500000 5.750000 71372.dat
9 0 -1.000000 0.000000 -0.000000 0.000000 1.000000 0.000000 0.000000 0.000000 -1.000000 -235.870239 -26.911249 -0.000077 2.249975 1.001750 9.750000 71372.dat
9 0 0.994272 0.106879 0.000000 0.106879 -0.994272 0.000000 0.000000 0.000000 -1.000000 -245.481491 31.993999 -0.000080 2.250000 3.845225 24.750000 71372.dat
9 0 0.994272 0.106879 0.000000 0.106879 -0.994272 0.000000 0.000000 0.000000 -1.000000 -244.642761 24.193651 -0.000080 2.249975 3.500000 5.750000 71372.dat
9 0 0.994272 0.106879 0.000000 0.106879 -0.994272 0.000000 0.000000 0.000000 -1.000000 -244.910248 26.681000 -0.000080 2.249975 1.001750 9.750000 71372.dat
9 0 0.718770 0.695248 0.000000 0.695248 -0.718770 0.000000 0.000000 0.000000 -1.000000 -263.496490 22.807901 -0.000086 2.250000 3.845225 24.750000 71372.dat
9 0 0.718770 0.695248 0.000000 0.695248 -0.718770 0.000000 0.000000 0.000000 -1.000000 -258.041992 17.169100 -0.000084 2.249975 3.500000 5.750000 71372.dat
9 0 0.718770 0.695248 0.000000 0.695248 -0.718770 0.000000 0.000000 0.000000 -1.000000 -259.781250 18.967276 -0.000085 2.249975 1.001750 9.750000 71372.dat
9 0 0.141683 0.989912 0.000000 0.989912 -0.141683 0.000000 0.000000 0.000000 -1.000000 -272.390503 5.373000 -0.000089 2.250000 3.845225 24.750000 71372.dat
9 0 0.141683 0.989912 0.000000 0.989912 -0.141683 0.000000 0.000000 0.000000 -1.000000 -264.624512 4.261625 -0.000086 2.249975 3.500000 5.750000 71372.dat
9 0 0.141683 0.989912 0.000000 0.989912 -0.141683 0.000000 0.000000 0.000000 -1.000000 -267.101013 4.616075 -0.000087 2.249975 1.001750 9.750000 71372.dat
9 0 -0.490423 0.871485 -0.000000 0.871485 0.490423 0.000000 0.000000 0.000000 -1.000000 -269.571503 -14.354825 -0.000088 2.250000 3.845225 24.750000 71372.dat
9 0 -0.490423 0.871485 -0.000000 0.871485 0.490423 0.000000 0.000000 0.000000 -1.000000 -262.734497 -10.507225 -0.000086 2.249975 3.500000 5.750000 71372.dat
9 0 -0.490423 0.871485 -0.000000 0.871485 0.490423 0.000000 0.000000 0.000000 -1.000000 -264.914764 -11.734125 -0.000086 2.249975 1.001750 9.750000 71372.dat
9 0 -0.901385 0.433019 -0.000000 0.433019 0.901385 0.000000 0.000000 0.000000 -1.000000 -255.691238 -28.329000 -0.000083 2.250000 3.845225 24.750000 71372.dat
9 0 -0.901385 0.433019 -0.000000 0.433019 0.901385 0.000000 0.000000 0.000000 -1.000000 -252.294250 -21.257475 -0.000082 2.249975 3.500000 5.750000 71372.dat
9 0 -0.901385 0.433019 -0.000000 0.433019 0.901385 0.000000 0.000000 0.000000 -1.000000 -253.377502 -23.512501 -0.000083 2.249975 1.001750 9.750000 71372.dat
9 0 -1.000000 0.000000 -0.000000 0.000000 1.000000 0.000000 0.000000 0.000000 -1.000000 -94.120255 -32.254749 -0.000031 2.250000 3.845225 24.750000 71372.dat
9 0 -1.000000 0.000000 -0.000000 0.000000 1.000000 0.000000 0.000000 0.000000 -1.000000 -94.120499 -24.409599 -0.000031 2.249975 3.500000 5.750000 71372.dat
9 0 -1.000000 0.000000 -0.000000 0.000000 1.000000 0.000000 0.000000 0.000000 -1.000000 -94.120499 -26.911249 -0.000031 2.249975 1.001750 9.750000 71372.dat
9 0 0.902667 -0.430339 0.000000 -0.430339 -0.902667 -0.000000 0.000000 0.000000 -1.000000 14.664975 28.389750 0.000005 2.250000 3.845225 24.750000 71372.dat
9 0 0.902667 -0.430339 0.000000 -0.430339 -0.902667 -0.000000 0.000000 0.000000 -1.000000 11.289000 21.308149 0.000004 2.249975 3.500000 5.750000 71372.dat
9 0 0.902667 -0.430339 0.000000 -0.430339 -0.902667 -0.000000 0.000000 0.000000 -1.000000 12.365600 23.566399 0.000004 2.249975 1.001750 9.750000 71372.dat
9 0 0.491685 -0.870773 0.000000 -0.870773 -0.491685 -0.000000 0.000000 0.000000 -1.000000 28.546751 14.414875 0.000009 2.250000 3.845225 24.750000 71372.dat
9 0 0.491685 -0.870773 0.000000 -0.870773 -0.491685 -0.000000 0.000000 0.000000 -1.000000 21.715351 10.557350 0.000007 2.249975 3.500000 5.750000 71372.dat
9 0 0.491685 -0.870773 0.000000 -0.870773 -0.491685 -0.000000 0.000000 0.000000 -1.000000 23.893801 11.787425 0.000008 2.249975 1.001750 9.750000 71372.dat
9 0 -0.137784 -0.990462 -0.000000 -0.990462 0.137784 -0.000000 0.000000 0.000000 -1.000000 31.355751 -5.299375 0.000010 2.250000 3.845225 24.750000 71372.dat
9 0 -0.137784 -0.990462 -0.000000 -0.990462 0.137784 -0.000000 0.000000 0.000000 -1.000000 23.585201 -4.218600 0.000008 2.249975 3.500000 5.750000 71372.dat
9 0 -0.137784 -0.990462 -0.000000 -0.990462 0.137784 -0.000000 0.000000 0.000000 -1.000000 26.063002 -4.563300 0.000008 2.249975 1.001750 9.750000 71372.dat
9 0 -0.719237 -0.694764 -0.000000 -0.694764 0.719237 -0.000000 0.000000 0.000000 -1.000000 22.461025 -22.750175 0.000007 2.250000 3.845225 24.750000 71372.dat
9 0 -0.719237 -0.694764 -0.000000 -0.694764 0.719237 -0.000000 0.000000 0.000000 -1.000000 17.010324 -17.107700 0.000006 2.249975 3.500000 5.750000 71372.dat
9 0 -0.719237 -0.694764 -0.000000 -0.694764 0.719237 -0.000000 0.000000 0.000000 -1.000000 18.748451 -18.907049 0.000006 2.249975 1.001750 9.750000 71372.dat
9 0 -0.993029 -0.117867 -0.000000 -0.117867 0.993029 -0.000000 0.000000 0.000000 -1.000000 4.463125 -31.948751 0.000001 2.250000 3.845225 24.750000 71372.dat
9 0 -0.993029 -0.117867 -0.000000 -0.117867 0.993029 -0.000000 0.000000 0.000000 -1.000000 3.538275 -24.158350 0.000001 2.249975 3.500000 5.750000 71372.dat
9 0 -0.993029 -0.117867 -0.000000 -0.117867 0.993029 -0.000000 0.000000 0.000000 -1.000000 3.833150 -26.642748 0.000001 2.249975 1.001750 9.750000 71372.dat
9 0 -1.000000 0.000000 -0.000000 0.000000 1.000000 0.000000 0.000000 0.000000 -1.000000 -5.165475 32.307251 -0.000002 2.250000 3.838225 24.750000 71372.dat
10 0 -37.293999 -38.195499 -25.000000 278.315491 38.150002 25.000000 71372.dat
4 102 -1.000000 0.000000 -0.000000 0.000000 -0.000000 -1.000000 -0.000000 -1.000000 0.000000 0.000000 0.000000 0.000000 1 71372.dat
4 102 -1.000000 0.000000 -0.000000 0.000000 -0.000000 -1.000000 -0.000000 -1.000000 0.000000 -120.000008 0.000000 -0.000039 1 71372.dat
4 102 -1.000000 0.000000 -0.000000 0.000000 -0.000000 -1.000000 -0.000000 -1.000000 0.000000 -240.000015 0.000000 -0.000078 1 71372.dat
4 102 -1.000000 0.000000 -0.000000 -0.000000 0.000000 1.000000 0.000000 1.000000 -0.000000 0.000000 0.000000 0.000000 1 71372.dat
4 102 -1.000000 0.000000 -0.000000 -0.000000 0.000000 1.000000 0.000000 1.000000 -0.000000 -120.000008 0.000000 -0.000039 1 71372.dat
4 102 -1.000000 0.000000 -0.000000 -0.000000 0.000000 1.000000 0.000000 1.000000 -0.000000 -240.000015 0.000000 -0.000078 1 71372.dat
