9 0 -1.000000 0.000000 -0.000000 0.000000 0.707107 -0.707107 0.000000 -0.707107 -0.707107 24.752174 0.141675 0.035433 15.748350 4.207025 4.207025 71594.dat
9 0 -1.000000 0.000000 -0.000000 0.000000 0.707107 -0.707107 0.000000 -0.707107 -0.707107 31.708496 -6.065150 6.338635 10.361500 4.138875 4.138875 71594.dat
9 0 -1.000000 0.000000 -0.000000 0.000000 0.707107 -0.707107 0.000000 -0.707107 -0.707107 40.998497 -5.974650 6.374913 10.361500 2.571850 2.571850 71594.dat
9 0 -1.000000 0.000000 -0.000000 0.000000 0.707107 -0.707107 0.000000 -0.707107 -0.707107 3.456800 0.071875 0.051076 5.047025 6.178325 6.178325 71594.dat
9 0 -1.000000 0.000000 -0.000000 0.000000 0.707107 -0.707107 0.000000 -0.707107 -0.707107 -4.425250 0.071875 0.051074 2.335050 8.677250 8.677250 71594.dat
9 0 -1.000000 0.000000 -0.000000 0.000000 0.707107 -0.707107 0.000000 -0.707107 -0.707107 -9.352076 0.071875 0.051072 2.091775 10.365800 10.365800 71594.dat
9 0 -0.500000 -0.866025 -0.000000 -0.612372 0.353554 -0.707107 0.612373 -0.353554 -0.707106 39.448750 12.159550 0.018263 10.361500 2.585575 2.561300 71594.dat
9 0 -1.000000 0.000000 -0.000000 0.000000 1.000000 0.000000 0.000000 0.000000 -1.000000 34.032249 4.565300 0.109411 6.468150 4.173650 1.048000 71594.dat
9 0 -1.000000 0.000000 -0.000000 0.000000 0.707107 -0.707107 0.000000 -0.707107 -0.707107 49.499496 -5.974650 6.374891 6.929425 0.425700 0.425700 71594.dat
10 0 -56.678997 -23.353350 -14.970125 11.693851 14.949350 15.072276 71594.dat
0 7 0.000000 0.000000 -1.000000 -0.500000 -0.866025 -0.000000 -0.866025 0.500000 -0.000000 35.126747 4.776175 0.000011 1 0 0.766749 0 0 71594.dat
0 7 0.000000 -0.000000 -1.000000 1.000000 -0.000000 0.000000 -0.000000 -1.000000 0.000000 51.610001 -5.974650 6.374917 0 1 0.371595 0 0 71594.dat
2 22 -0.866025 0.500000 -0.000000 0.500000 0.866025 0.000000 0.000000 0.000000 -1.000000 53.371258 16.376776 -9.999983 2 2 29:0:0,29:0:0,29:0:0,29:0:0,9:4:32,29:0:0,29:0:0,29:0:0,29:0:0, 71594.dat
