9 0 -1.000000 0.000000 -0.000000 0.000000 0.707107 -0.707107 0.000000 -0.707107 -0.707107 0.000000 -31.250000 0.000000 19.155325 2.375000 2.375000 71861.dat
9 0 1.000000 0.000000 0.000000 0.000000 1.000000 0.000000 -0.000000 0.000000 1.000000 25.355000 0.000000 0.000008 5.355000 1.442375 1.442375 71861.dat
9 0 -0.000000 1.000000 0.000000 -1.000000 0.000000 -0.000000 -0.000000 -0.000000 1.000000 29.000000 -9.087450 0.000009 9.982875 1.462375 1.462375 71861.dat
9 0 0.640342 0.763129 0.087156 -0.766044 0.642788 0.000000 -0.056022 -0.066765 0.996195 24.648849 -25.658501 -0.421717 6.195650 1.462375 1.462375 71861.dat
9 0 -1.000000 0.000000 -0.000000 0.000000 1.000000 0.000000 0.000000 0.000000 -1.000000 -25.355000 0.000000 -0.000008 5.355000 1.442375 1.442375 71861.dat
9 0 0.000000 1.000000 0.000000 1.000000 -0.000000 0.000000 0.000000 0.000000 -1.000000 -29.000000 -8.724125 -0.000009 9.966475 1.462375 1.462375 71861.dat
9 0 0.640342 -0.763129 -0.087155 0.766044 0.642788 0.000001 0.056022 -0.066765 0.996195 -24.452349 -25.167751 -0.028058 6.195650 1.462375 1.462375 71861.dat
10 0 -31.500000 -2.500000 -4.000000 31.500000 35.250000 4.000000 71861.dat
0 7 0.000000 1.000000 0.000000 1.000000 -0.000000 0.000000 0.000000 0.000000 -1.000000 10.000000 -31.250000 0.000003 0 0 0.800000 0 0 71861.dat
0 15 -0.000000 1.000000 0.000000 -1.000000 0.000000 -0.000000 -0.000000 -0.000000 1.000000 19.750000 0.000000 0.000006 0 1 0.270008 0 0 71861.dat
0 15 -0.000000 1.000000 0.000000 -1.000000 0.000000 -0.000000 -0.000000 -0.000000 1.000000 -26.500248 0.000000 -0.000009 1 0 0.270008 0 0 71861.dat
