9 0 -0.000000 -1.000000 0.000000 1.000000 -0.000000 0.000000 0.000000 0.000000 1.000000 0.000000 42.109501 -19.644625 1.162700 5.957975 2.392625 71966.dat
9 0 -1.000000 0.000000 0.000000 -0.000000 -1.000000 0.000000 0.000000 0.000000 1.000000 5.795975 36.313499 -19.644625 1.162700 5.957975 2.392625 71966.dat
9 0 -0.000000 1.000000 0.000000 -1.000000 -0.000000 0.000000 0.000000 0.000000 1.000000 0.000000 30.517500 -19.644625 1.162700 5.957975 2.392625 71966.dat
9 0 1.000000 0.000000 0.000000 0.000000 1.000000 0.000000 0.000000 0.000000 1.000000 -5.795975 36.313499 -19.644625 1.162700 5.957975 2.392625 71966.dat
9 0 0.502102 0.000000 0.864808 -0.633496 0.680737 0.367803 -0.588707 -0.732528 0.341800 -8.027725 -4.950850 4.131275 4.715000 3.595800 0.128000 71966.dat
9 0 0.497623 -0.000001 -0.867393 0.635389 0.680738 0.364522 0.590467 -0.732527 0.338751 8.080875 -4.950850 4.032325 4.844950 3.595800 0.128000 71966.dat
9 0 -1.000000 -0.000000 -0.000000 0.000000 0.796207 -0.605024 0.000000 -0.605024 -0.796207 -0.098025 -1.131175 -10.516075 5.435975 7.136850 0.128000 71966.dat
9 0 -0.755675 0.000000 -0.654947 0.296085 0.891980 -0.341622 0.584199 -0.452075 -0.674047 7.675550 1.595900 -10.903100 4.311650 3.595800 0.128000 71966.dat
9 0 -0.502102 0.000000 -0.864809 0.633496 0.680738 -0.367803 0.588708 -0.732527 -0.341799 7.665725 -4.346450 -4.550725 5.435975 3.595800 0.128000 71966.dat
9 0 -0.754853 0.000000 0.655894 -0.296513 0.891980 -0.341251 -0.585044 -0.452075 -0.673314 -7.827825 1.254125 -10.853374 4.311650 3.595800 0.128000 71966.dat
9 0 -0.497624 0.000001 0.867393 -0.635389 0.680738 -0.364523 -0.590467 -0.732527 -0.338751 -7.786750 -4.346450 -4.340950 5.435975 3.595800 0.128000 71966.dat
9 0 1.000000 0.000000 0.000000 0.000000 1.000000 0.000000 0.000000 0.000000 1.000000 -14.045026 12.758499 4.459550 0.127225 9.058325 8.738325 71966.dat
9 0 1.000000 0.000000 0.000000 0.000000 1.000000 0.000000 0.000000 0.000000 1.000000 13.961800 12.758499 4.327300 0.127225 9.058325 8.738325 71966.dat
9 0 1.000000 0.000000 0.000000 0.000000 0.772946 0.634471 0.000000 -0.634471 0.772946 0.098025 -2.591400 10.496000 7.851675 5.021475 0.128000 71966.dat
9 0 1.000000 0.000000 0.000000 0.000000 1.000000 0.000000 0.000000 0.000000 1.000000 0.000000 -4.464450 -0.257525 5.100050 2.762875 5.829175 71966.dat
9 0 -0.000000 -0.000000 -1.000000 -0.428823 0.903389 0.000000 0.903389 0.428823 -0.000000 -11.640500 -0.387275 1.259700 8.779551 3.595800 0.128000 71966.dat
9 0 -0.000000 0.000000 -1.000000 0.428823 0.903389 -0.000000 0.903389 -0.428823 -0.000000 11.640500 -0.387275 1.259700 8.779551 3.595800 0.128000 71966.dat
9 0 -0.998544 -0.013269 -0.052286 0.033314 -0.914028 -0.404281 -0.042426 -0.405434 0.913139 -16.951200 18.247700 -2.898225 1.843900 3.802950 15.226200 71966.dat
9 0 0.998544 -0.013267 -0.052287 -0.033313 -0.914028 -0.404281 -0.042428 0.405434 -0.913139 17.426275 18.530575 -3.112225 1.430300 3.932425 15.560176 71966.dat
9 0 1.000000 0.000000 0.000000 0.000000 -0.000000 -1.000000 0.000000 1.000000 -0.000000 0.255825 23.065325 16.574224 17.659575 3.311275 20.876875 71966.dat
9 0 1.000000 0.000000 0.000000 0.000000 1.000000 0.000000 0.000000 0.000000 1.000000 -0.181350 34.312500 -15.469424 16.366650 15.196550 2.392625 71966.dat
10 0 -19.987499 -52.565002 -24.456375 20.012499 9.322700 23.011250 71966.dat
3 23 1.000000 0.000000 0.000000 0.000000 -0.000000 -1.000000 0.000000 1.000000 -0.000000 -19.987499 20.021425 20.006374 2 4 29:0:1,23:4:1,29:0:1,23:4:1,29:0:1,23:4:1,1:4:2,23:4:1,1:4:2,23:4:1,29:0:1,23:4:1,29:0:1,23:4:1,29:0:1, 71966.dat
6 50 -0.000000 -0.000000 1.000000 -1.000000 -0.000000 0.000000 0.000000 -1.000000 -0.000000 0.000000 6.614950 0.006375 0.000000 0.000000 0.000000 0.000000 0 71966.dat
2 22 1.000000 0.000000 0.000000 0.000000 1.000000 0.000000 0.000000 0.000000 1.000000 -10.000000 0.000000 10.000000 2 2 29:0:0,29:0:0,29:0:0,29:0:0,15:4:33,29:0:0,29:0:0,29:0:0,29:0:0, 71966.dat
0 6 -0.000000 1.000000 0.000000 0.000000 -0.000000 1.000000 1.000000 0.000000 -0.000000 0.000000 36.314999 -18.118624 1 0 0.190000 0 0 71966.dat
