9 0 -1.000000 0.000000 -0.000000 0.000000 1.000000 0.000000 0.000000 0.000000 -1.000000 0.000000 -19.627325 0.000000 7.109650 9.464250 7.109650 72092.dat
9 0 -1.000000 0.000000 -0.000000 0.000000 1.000000 0.000000 0.000000 0.000000 -1.000000 0.000000 -32.365997 0.000000 17.569099 4.390125 18.124325 72092.dat
9 0 -1.000000 0.000000 -0.000000 0.000000 -0.000000 -1.000000 -0.000000 -1.000000 0.000000 0.000007 -67.670753 -20.986151 10.197650 1.065200 30.347750 72092.dat
9 0 -1.000000 0.000000 -0.000000 -0.000000 -1.000000 0.000000 -0.000000 0.000000 1.000000 -29.853498 -89.066498 -0.000010 8.068900 1.952875 1.871050 72092.dat
9 0 -0.000000 1.000000 0.000000 -1.000000 0.000000 -0.000000 -0.000000 -0.000000 1.000000 -40.090748 -77.717247 -0.000013 11.167400 1.948775 1.848700 72092.dat
9 0 0.866026 0.500000 0.000000 -0.500000 0.866026 -0.000000 -0.000000 -0.000000 1.000000 -30.554501 -61.162251 -0.000010 8.938849 1.856875 1.876300 72092.dat
9 0 -0.707106 0.000000 -0.707107 0.707107 0.000000 -0.707106 0.000000 -1.000000 -0.000000 14.833854 -67.670753 -14.824870 10.197650 1.065200 30.347750 72092.dat
9 0 0.000000 -0.000000 -1.000000 1.000000 -0.000000 0.000000 -0.000000 -1.000000 0.000000 20.966274 -67.670753 0.020932 10.197650 1.065200 30.347750 72092.dat
9 0 0.707107 -0.000001 -0.707107 0.707107 -0.000000 0.707106 -0.000001 -1.000000 0.000000 14.804995 -67.670753 14.854780 10.197650 1.065200 30.347750 72092.dat
9 0 1.000000 0.000000 0.000000 -0.000000 0.000000 1.000000 0.000000 -1.000000 0.000000 -0.040782 -67.670753 20.987202 10.197650 1.065200 30.347750 72092.dat
9 0 0.707106 0.000001 0.707107 -0.707107 -0.000000 0.707106 0.000001 -1.000000 0.000000 -14.874630 -67.670753 14.825921 10.197650 1.065200 30.347750 72092.dat
9 0 -0.000000 0.000000 1.000000 -1.000000 -0.000000 -0.000000 0.000000 -1.000000 0.000000 -21.007074 -67.670753 -0.019857 10.197650 1.065200 30.347750 72092.dat
9 0 -0.707107 -0.000000 0.707107 -0.707107 0.000000 -0.707107 -0.000000 -1.000000 -0.000000 -14.845796 -67.670753 -14.853704 10.197650 1.065200 30.347750 72092.dat
9 0 -1.000000 0.000000 -0.000000 -0.000000 -1.000000 0.000000 -0.000000 0.000000 1.000000 31.458750 -89.066498 0.000010 8.068900 1.952875 1.871050 72092.dat
9 0 -0.000000 1.000000 0.000000 -1.000000 0.000000 -0.000000 -0.000000 -0.000000 1.000000 39.779499 -77.717247 0.000013 11.167400 1.948775 1.848700 72092.dat
9 0 0.866026 -0.500000 0.000000 0.500000 0.866026 0.000000 -0.000000 0.000000 1.000000 31.729252 -61.162251 0.000010 8.938849 1.856875 1.876300 72092.dat
9 0 -1.000000 0.000000 -0.000000 0.000000 1.000000 0.000000 0.000000 0.000000 -1.000000 0.000000 -4.500000 0.000000 20.318100 4.250000 11.625000 72092.dat
9 0 0.000000 0.000000 -1.000000 0.000000 1.000000 0.000000 1.000000 0.000000 0.000000 0.000000 -4.500000 0.000000 20.318100 4.250000 11.625000 72092.dat
10 0 -44.840752 0.000000 -26.249998 44.840752 99.000000 26.249998 72092.dat
2 22 -1.000000 0.000000 -0.000000 0.000000 1.000000 0.000000 0.000000 0.000000 -1.000000 20.000006 0.000000 -19.999994 4 4 29:0:1,22:2:1,22:2:1,22:2:1,29:0:1,22:2:1,15:4:0,23:4:1,15:4:0,22:2:1,22:2:1,23:4:1,7:4:2,23:4:1,22:2:1,22:2:1,15:4:0,23:4:1,15:4:0,22:2:1,29:0:1,22:2:1,22:2:1,22:2:1,29:0:1, 72092.dat
0 7 0.000000 1.000000 0.000000 1.000000 -0.000000 0.000000 0.000000 0.000000 -1.000000 -27.901501 -90.182999 -0.000009 0 0 0.320000 0 0 72092.dat
0 7 0.707107 0.707107 0.000000 0.707107 -0.707107 0.000000 0.000000 0.000000 -1.000000 -35.270000 -89.043999 -0.000011 0 0 0.320000 0 0 72092.dat
0 7 -1.000000 0.000000 -0.000000 0.000000 1.000000 0.000000 0.000000 0.000000 -1.000000 -41.007500 -73.898003 -0.000013 0 0 0.320000 0 0 72092.dat
0 7 -0.890062 0.455839 -0.000000 0.455839 0.890062 0.000000 0.000000 0.000000 -1.000000 -36.778000 -65.559502 -0.000012 0 0 0.320000 0 0 72092.dat
0 7 -0.569633 0.821899 -0.000000 0.821899 0.569633 0.000000 0.000000 0.000000 -1.000000 -28.997252 -59.556000 -0.000009 0 0 0.320000 0 0 72092.dat
0 7 -0.000000 1.000000 0.000000 -1.000000 0.000000 -0.000000 -0.000000 -0.000000 1.000000 27.901501 -90.182999 0.000009 0 0 0.320000 0 0 72092.dat
0 7 -0.707108 0.707106 -0.000000 -0.707106 -0.707108 -0.000000 -0.000000 -0.000000 1.000000 35.270000 -89.043999 0.000011 0 0 0.320000 0 0 72092.dat
0 7 1.000000 0.000000 0.000000 0.000000 1.000000 0.000000 -0.000000 0.000000 1.000000 41.007500 -73.898003 0.000013 0 0 0.320000 0 0 72092.dat
0 7 0.890063 0.455838 0.000000 -0.455838 0.890063 -0.000000 -0.000000 -0.000000 1.000000 36.778000 -65.559502 0.000012 0 0 0.320000 0 0 72092.dat
0 7 0.569633 0.821899 0.000000 -0.821899 0.569633 -0.000000 -0.000000 -0.000000 1.000000 28.997252 -59.556000 0.000009 0 0 0.320000 0 0 72092.dat
