9 0 -0.000000 -0.000000 -1.000000 1.000000 0.000000 -0.000000 0.000000 -1.000000 0.000000 0.000012 29.282001 0.011015 65.081497 39.750000 21.232025 72156.dat
9 0 -0.000000 -0.000000 -1.000000 1.000000 0.000000 -0.000000 0.000000 -1.000000 0.000000 0.012261 8.525000 0.007764 39.750000 49.750000 0.475000 72156.dat
9 0 -0.000000 -0.000000 -1.000000 1.000000 0.000000 -0.000000 0.000000 -1.000000 0.000000 0.012252 0.025000 -29.999983 2.000000 49.750000 8.975000 72156.dat
9 0 -0.000000 -0.000000 -1.000000 1.000000 0.000000 -0.000000 0.000000 -1.000000 0.000000 0.012258 0.025000 -9.999985 2.000000 49.750000 8.975000 72156.dat
9 0 -0.000000 -0.000000 -1.000000 1.000000 0.000000 -0.000000 0.000000 -1.000000 0.000000 0.012264 0.025000 10.000017 2.000000 49.750000 8.975000 72156.dat
9 0 -0.000000 -0.000000 -1.000000 1.000000 0.000000 -0.000000 0.000000 -1.000000 0.000000 0.012270 0.025000 30.000015 2.000000 49.750000 8.975000 72156.dat
9 0 0.000000 0.000000 1.000000 0.000000 1.000000 0.000000 -1.000000 0.000000 0.000000 0.005996 0.000000 -48.137486 0.137500 2.448725 49.743752 72156.dat
9 0 0.000000 0.642788 0.766044 -0.000000 0.766044 -0.642788 -1.000000 0.000000 0.000000 0.005996 -5.230675 -46.233685 0.137500 2.448725 49.743752 72156.dat
9 0 0.000000 -0.642788 0.766044 0.000000 0.766044 0.642788 -1.000000 0.000000 0.000000 0.005996 5.230700 -46.233662 0.137500 2.448725 49.743752 72156.dat
9 0 -0.000000 0.000000 -1.000000 -0.000000 -1.000000 -0.000000 -1.000000 0.000000 0.000000 0.006026 0.000000 48.137520 0.137500 2.448725 49.743752 72156.dat
9 0 -0.000000 -0.642788 -0.766044 0.000000 -0.766044 0.642788 -1.000000 0.000000 0.000000 0.006026 5.230675 46.233768 0.137500 2.448725 49.743752 72156.dat
9 0 -0.000000 0.642788 -0.766044 -0.000000 -0.766044 -0.642788 -1.000000 0.000000 0.000000 0.006026 -5.230700 46.233768 0.137500 2.448725 49.743752 72156.dat
9 0 -0.000000 -0.000000 -1.000000 1.000000 0.000000 -0.000000 0.000000 -1.000000 0.000000 0.012261 -8.496876 0.007764 39.750000 49.750000 0.496875 72156.dat
9 0 0.000000 0.000000 1.000000 0.000000 1.000000 0.000000 -1.000000 0.000000 0.000000 40.000011 7.000000 0.085503 44.460499 0.500000 7.750000 72156.dat
9 0 0.000000 0.000000 1.000000 0.000000 1.000000 0.000000 -1.000000 0.000000 0.000000 -39.999985 -7.000000 0.085527 44.460499 0.500000 7.750000 72156.dat
9 0 -0.000001 -0.707107 -0.707106 1.000000 -0.000000 -0.000001 0.000000 -0.707106 0.707107 -0.000006 25.779251 -56.935356 11.905300 39.386749 20.142275 72156.dat
9 0 -0.000000 -0.000000 -1.000000 1.000000 0.000000 -0.000000 0.000000 -1.000000 0.000000 -0.000006 13.529799 -64.599983 15.099976 39.660000 22.315701 72156.dat
9 0 0.000000 -0.707107 0.707106 1.000000 0.000000 -0.000000 0.000000 0.707106 0.707107 0.000030 25.779251 56.935513 11.905300 39.386749 20.142275 72156.dat
9 0 0.000000 0.000000 1.000000 1.000000 -0.000000 -0.000000 0.000000 1.000000 -0.000000 0.000033 13.529775 64.600014 15.099976 39.660000 22.315701 72156.dat
9 0 0.000000 0.000000 1.000000 0.000000 1.000000 0.000000 -1.000000 0.000000 0.000000 -39.999985 7.000000 0.085527 44.460499 0.500000 7.750000 72156.dat
9 0 0.000000 0.000000 1.000000 0.000000 1.000000 0.000000 -1.000000 0.000000 0.000000 40.000011 -7.000000 0.085503 44.460499 0.500000 7.750000 72156.dat
9 0 -0.000000 -0.000000 -1.000000 1.000000 0.000000 -0.000000 0.000000 -1.000000 0.000000 0.000012 0.019500 0.011015 65.081497 29.184500 9.005500 72156.dat
10 0 -40.000000 -50.764000 -100.000000 120.010994 10.000000 0.000000 72156.dat
0 2 0.000000 1.000000 -0.000000 1.000000 -0.000000 -0.000000 -0.000000 0.000000 -1.000000 50.000000 0.000000 -40.000000 0 1 0.800000 0 0 72156.dat
0 2 0.000000 1.000000 -0.000000 1.000000 -0.000000 -0.000000 -0.000000 0.000000 -1.000000 50.000008 0.000000 -20.000000 0 1 0.800000 0 0 72156.dat
0 2 0.000000 1.000000 -0.000000 1.000000 -0.000000 -0.000000 -0.000000 0.000000 -1.000000 50.000011 0.000000 0.000000 0 1 0.800000 0 0 72156.dat
0 2 0.000000 1.000000 -0.000000 1.000000 -0.000000 -0.000000 -0.000000 0.000000 -1.000000 50.000019 0.000000 20.000002 0 1 0.800000 0 0 72156.dat
0 2 0.000000 1.000000 -0.000000 1.000000 -0.000000 -0.000000 -0.000000 0.000000 -1.000000 50.000023 0.000000 40.000000 0 1 0.800000 0 0 72156.dat
0 2 -0.000000 1.000000 -0.000000 -1.000000 -0.000000 0.000000 0.000000 0.000000 1.000000 -49.999977 0.000000 40.000031 0 1 0.800000 0 0 72156.dat
0 2 -0.000000 1.000000 -0.000000 -1.000000 -0.000000 0.000000 0.000000 0.000000 1.000000 -49.999981 0.000000 20.000032 0 1 0.800000 0 0 72156.dat
0 2 -0.000000 1.000000 -0.000000 -1.000000 -0.000000 0.000000 0.000000 0.000000 1.000000 -49.999989 0.000000 0.000033 0 1 0.800000 0 0 72156.dat
0 2 -0.000000 1.000000 -0.000000 -1.000000 -0.000000 0.000000 0.000000 0.000000 1.000000 -49.999992 0.000000 -19.999969 0 1 0.800000 0 0 72156.dat
0 2 -0.000000 1.000000 -0.000000 -1.000000 -0.000000 0.000000 0.000000 0.000000 1.000000 -50.000000 0.000000 -39.999969 0 1 0.800000 0 0 72156.dat
2 22 0.000000 0.000000 1.000000 1.000000 -0.000000 -0.000000 0.000000 1.000000 -0.000000 49.999996 10.000000 -50.000000 2 10 22:1:1,22:2:1,22:2:1,22:2:1,22:2:1,22:2:1,22:2:1,22:2:1,22:2:1,22:2:1,22:1:1,22:2:1,16:4:64,22:2:1,16:4:64,22:2:1,16:4:64,22:2:1,16:4:64,22:2:1,16:4:64,22:2:1,22:1:1,22:2:1,22:2:1,22:2:1,22:2:1,22:2:1,22:2:1,22:2:1,22:2:1,22:2:1,22:1:1, 72156.dat
2 22 0.000000 0.000000 1.000000 -1.000000 -0.000000 0.000000 0.000000 -1.000000 -0.000000 -50.000000 -10.000000 -49.999969 2 10 22:1:1,22:2:1,22:2:1,22:2:1,22:2:1,22:2:1,22:2:1,22:2:1,22:2:1,22:2:1,22:1:1,22:2:1,16:4:64,22:2:1,16:4:64,22:2:1,16:4:64,22:2:1,16:4:64,22:2:1,16:4:64,22:2:1,22:1:1,22:2:1,22:2:1,22:2:1,22:2:1,22:2:1,22:2:1,22:2:1,22:2:1,22:2:1,22:1:1, 72156.dat
