9 0 -1.000000 -0.000000 -0.000000 0.000000 0.000000 -1.000000 0.000000 -1.000000 0.000000 30.000002 -94.362495 -40.000000 39.750000 9.750000 1.387500 72475.dat
9 0 -1.000000 -0.000000 -0.000000 0.000000 0.000000 -1.000000 0.000000 -1.000000 0.000000 0.000000 -94.125000 -20.000000 9.750000 29.750002 1.625000 72475.dat
9 0 -1.000000 -0.000000 -0.000000 0.000000 0.000000 -1.000000 0.000000 -1.000000 0.000000 60.000004 -94.125000 -20.000000 9.750000 29.750002 1.625000 72475.dat
9 0 -1.000000 -0.000000 -0.000000 0.000000 0.000000 -1.000000 0.000000 -1.000000 0.000000 -8.125000 -48.000000 -0.875000 1.625000 10.625000 47.750000 72475.dat
9 0 -1.000000 -0.000000 -0.000000 0.000000 0.000000 -1.000000 0.000000 -1.000000 0.000000 68.062500 -48.000000 -0.875000 1.687500 10.625000 47.750000 72475.dat
9 0 -1.000000 -0.000000 -0.000000 0.000000 0.381069 -0.924547 0.000000 -0.924547 -0.381069 -8.125000 -47.783001 -18.985600 1.625000 11.269025 46.684750 72475.dat
9 0 -1.000000 -0.000000 -0.000000 0.000000 0.381070 -0.924546 0.000000 -0.924546 -0.381070 68.062500 -47.783001 -18.985600 1.687500 11.269025 46.684750 72475.dat
9 0 -1.000000 -0.000000 -0.000000 0.000000 0.381072 -0.924546 0.000000 -0.924546 -0.381072 30.000002 -45.893497 -28.760498 39.750000 1.511675 44.707001 72475.dat
9 0 -1.000000 -0.000000 -0.000000 0.000000 0.000000 -1.000000 0.000000 -1.000000 0.000000 0.000000 -2.500000 0.000000 9.750000 9.750000 2.250000 72475.dat
9 0 -1.000000 -0.000000 -0.000000 0.000000 0.000000 -1.000000 0.000000 -1.000000 0.000000 30.000002 -2.500000 -10.875000 39.750000 0.625000 2.250000 72475.dat
9 0 -1.000000 -0.000000 -0.000000 0.000000 0.000000 -1.000000 0.000000 -1.000000 0.000000 60.000004 -2.500000 0.000000 9.750000 9.750000 2.250000 72475.dat
10 0 -10.000000 0.000000 -10.000000 70.000000 100.450005 50.000000 72475.dat
3 23 1.000000 0.000000 0.000000 0.000000 1.000000 0.000000 0.000000 0.000000 1.000000 -10.000000 -96.000000 10.000000 6 8 18:1:1,23:4:1,18:1:1,29:0:1,29:0:1,29:0:1,18:1:1,23:4:1,18:1:1,23:4:1,1:4:2,23:4:1,29:0:1,29:0:1,29:0:1,23:4:1,1:4:2,23:4:1,18:2:1,23:4:1,18:2:1,29:0:1,29:0:1,29:0:1,18:2:1,23:4:1,18:2:1,23:4:1,1:4:1,23:4:1,29:0:1,29:0:1,29:0:1,23:4:1,1:4:1,23:4:1,18:2:1,23:4:1,18:3:1,23:4:1,18:2:1,23:4:1,18:3:1,23:4:1,18:2:1,23:4:1,1:4:1,23:4:1,1:4:1,23:4:1,1:4:1,23:4:1,1:4:1,23:4:1,18:1:1,23:4:1,18:2:1,23:4:1,18:2:1,23:4:1,18:2:1,23:4:1,18:1:1, 72475.dat
2 22 1.000000 0.000000 0.000000 0.000000 1.000000 0.000000 0.000000 0.000000 1.000000 -10.000000 0.000000 10.000000 2 8 22:1:1,22:2:1,22:1:1,29:0:1,29:0:1,29:0:1,22:1:1,22:2:1,22:1:1,22:2:1,15:4:0,22:2:1,29:0:1,29:0:1,29:0:1,22:2:1,15:4:0,22:2:1,22:1:1,22:2:1,22:2:1,29:0:1,29:0:1,29:0:1,22:2:1,22:2:1,22:1:1, 72475.dat
