9 0 1.000000 0.000000 0.000000 -0.000000 0.500000 0.866026 0.000000 -0.866026 0.500000 -0.000001 -6.483200 3.743081 17.750000 3.919275 0.329375 72504.dat
9 0 1.000000 0.000000 0.000000 0.000000 1.000000 0.000000 -0.000000 0.000000 1.000000 -0.000003 0.000000 7.486181 17.750000 3.919275 0.329375 72504.dat
9 0 1.000000 -0.000000 0.000000 0.000000 0.500000 -0.866026 0.000000 0.866026 0.500000 -0.000001 6.483200 3.743081 17.750000 3.919275 0.329375 72504.dat
9 0 1.000000 -0.000001 -0.000000 -0.000001 -0.500000 -0.866025 0.000001 0.866025 -0.500001 0.000001 6.483200 -3.743068 17.750000 3.919275 0.329375 72504.dat
9 0 1.000000 -0.000000 0.000000 -0.000000 -1.000000 -0.000000 0.000000 0.000000 -1.000000 0.000003 0.000000 -7.486169 17.750000 3.919275 0.329375 72504.dat
9 0 1.000000 0.000001 -0.000000 0.000001 -0.500000 0.866025 0.000001 -0.866025 -0.500001 0.000001 -6.483200 -3.743068 17.750000 3.919275 0.329375 72504.dat
10 0 -9.146276 -9.146276 -40.016998 9.146300 9.146276 0.000000 72504.dat
0 2 -0.000000 1.000000 0.000000 -1.000000 -0.000000 -0.000000 -0.000000 0.000000 1.000000 -20.000000 0.000000 0.000000 0 0 0.800000 0 0 72504.dat
0 2 -0.000000 -1.000000 0.000000 1.000000 -0.000000 0.000000 -0.000000 0.000000 1.000000 20.000000 0.000000 0.000013 0 0 0.800000 0 0 72504.dat
