9 0 -1.000000 0.000000 -0.000000 0.000000 1.000000 0.000000 0.000000 0.000000 -1.000000 0.000003 -2.000000 -0.000003 9.000000 4.500000 4.750000 74698.dat
9 0 -1.000000 0.000000 -0.000000 0.000000 1.000000 0.000000 0.000000 0.000000 -1.000000 0.000003 -22.630749 -0.000003 2.444450 0.130750 4.750000 74698.dat
9 0 -0.707107 -0.707107 -0.000000 -0.707107 0.707107 -0.000000 0.000000 0.000000 -1.000000 5.749303 -20.249249 -0.000001 2.444450 0.130750 4.750000 74698.dat
9 0 -0.707107 0.707107 -0.000000 0.707107 0.707107 0.000000 0.000000 0.000000 -1.000000 -5.749322 -20.249249 -0.000005 2.444450 0.130750 4.750000 74698.dat
9 0 0.000000 1.000000 0.000000 1.000000 -0.000000 0.000000 0.000000 0.000000 -1.000000 -8.499997 -7.250000 -0.000006 7.000000 0.500000 4.750000 74698.dat
9 0 0.000000 1.000000 0.000000 1.000000 -0.000000 0.000000 0.000000 0.000000 -1.000000 8.500004 -7.250000 -0.000001 7.000000 0.500000 4.750000 74698.dat
9 0 0.000000 0.000000 -1.000000 0.000000 1.000000 0.000000 1.000000 0.000000 0.000000 0.000003 1.250000 -0.000003 13.750000 1.000000 13.750000 74698.dat
9 0 -1.000000 0.000000 -0.000000 0.000000 1.000000 0.000000 0.000000 0.000000 -1.000000 0.000003 5.775000 -0.000003 6.202350 1.975000 6.202350 74698.dat
9 0 -0.966066 0.000000 0.258297 -0.258297 0.000000 -0.966066 0.000000 -1.000000 0.000000 4.861022 4.000000 18.140474 4.926375 0.285250 3.750000 74698.dat
9 0 -0.965786 0.000000 -0.259340 0.259340 -0.000000 -0.965786 -0.000000 -1.000000 0.000000 -4.860453 4.000000 18.140619 4.926375 0.285250 3.750000 74698.dat
9 0 -0.258298 -0.000000 -0.966065 0.966065 -0.000000 -0.258298 -0.000000 -1.000000 0.000000 -18.140497 4.000000 4.861016 4.926375 0.285250 3.750000 74698.dat
9 0 0.259341 0.000000 -0.965786 0.965786 0.000000 0.259341 0.000000 -1.000000 -0.000000 -18.140495 4.000000 -4.860484 4.926375 0.285250 3.750000 74698.dat
9 0 0.966065 0.000000 -0.258298 0.258298 0.000000 0.966065 -0.000000 -1.000000 -0.000000 -4.861016 4.000000 -18.140507 4.926375 0.285250 3.750000 74698.dat
9 0 0.965786 -0.000000 0.259340 -0.259340 0.000000 0.965786 -0.000000 -1.000000 -0.000000 4.860485 4.000000 -18.140503 4.926375 0.285250 3.750000 74698.dat
9 0 0.258297 -0.000000 0.966065 -0.966065 0.000000 0.258297 -0.000000 -1.000000 -0.000000 18.140480 4.000000 -4.861022 4.926375 0.285250 3.750000 74698.dat
9 0 -0.259341 0.000000 0.965786 -0.965786 0.000000 -0.259341 -0.000000 -1.000000 -0.000000 18.140625 4.000000 4.860478 4.926375 0.285250 3.750000 74698.dat
9 0 0.707107 0.000000 -0.707107 0.000000 1.000000 0.000000 0.707107 0.000000 0.707107 0.000003 1.250000 -0.000003 13.750000 1.000000 13.750000 74698.dat
10 0 -10.000000 0.000000 -30.000002 30.000002 31.750000 10.000000 74698.dat
2 22 -1.000000 0.000000 -0.000000 0.000000 1.000000 0.000000 0.000000 0.000000 -1.000000 20.000011 8.000000 -19.999998 4 4 29:0:1,22:2:1,22:2:1,22:2:1,29:0:1,22:2:1,15:4:0,23:4:1,15:4:0,22:2:1,22:2:1,23:4:1,7:4:1,23:4:1,22:2:1,22:2:1,15:4:0,23:4:1,15:4:0,22:2:1,29:0:1,22:2:1,22:2:1,22:2:1,29:0:1, 74698.dat
0 2 0.000000 1.000000 0.000000 -0.000000 -0.000000 1.000000 1.000000 0.000000 0.000000 0.000001 -14.500000 4.999997 0 0 0.400000 0 0 74698.dat
2 22 1.000000 0.000000 0.000000 0.000000 0.000000 -1.000000 -0.000000 1.000000 -0.000000 -9.999995 -4.500000 -5.000006 2 2 29:0:0,29:0:0,29:0:0,29:0:0,15:4:96,29:0:0,29:0:0,29:0:0,29:0:0, 74698.dat
1 10 0.000000 0.000000 -1.000000 -1.000000 -0.000000 -0.000000 -0.000000 1.000000 0.000000 0.000003 -14.500000 -0.000003 74698.dat
2 22 -1.000000 0.000000 -0.000000 -0.000000 -0.000000 1.000000 -0.000000 1.000000 0.000000 10.000002 -4.500000 5.000000 2 2 29:0:0,29:0:0,29:0:0,29:0:0,15:4:96,29:0:0,29:0:0,29:0:0,29:0:0, 74698.dat
6 137 -1.000000 0.000000 -0.000000 0.000000 1.000000 0.000000 0.000000 0.000000 -1.000000 0.000003 8.000000 -0.000003 0.000000 0.000000 0.000000 0.000000 1 74698.dat
