9 0 -0.000000 -0.999954 0.009546 0.000000 -0.009546 -0.999954 1.000000 0.000000 0.000000 -0.024748 19.166969 -94.829002 22.663000 8.767225 19.549999 75174.dat
9 0 -0.000000 -0.895131 0.445804 0.000000 -0.445804 -0.895131 1.000000 0.000000 0.000000 -0.024749 -18.859779 -61.751999 27.513998 13.262425 19.549999 75174.dat
9 0 0.000000 0.000000 -1.000000 0.000000 1.000000 0.000000 1.000000 0.000000 0.000000 -0.024749 31.418222 -24.544250 44.091751 30.552500 19.549999 75174.dat
9 0 0.000000 0.000000 -1.000000 0.000000 1.000000 0.000000 1.000000 0.000000 0.000000 0.617549 56.074726 34.668999 16.190601 31.543749 15.601601 75174.dat
9 0 0.000000 0.520761 -0.853703 -0.000000 0.853703 0.520761 1.000000 0.000000 0.000000 20.416250 58.599220 -26.405275 7.928225 21.675825 9.066999 75174.dat
9 0 0.000000 -0.675451 -0.737405 0.000000 0.737405 -0.675451 1.000000 0.000000 0.000000 19.954248 84.858894 -26.709927 7.928225 16.882824 9.528975 75174.dat
9 0 0.000000 0.000000 -1.000000 -0.257082 0.966390 -0.000000 0.966390 0.257082 0.000000 18.926250 -67.207779 -40.621723 12.142725 15.399475 1.688850 75174.dat
9 0 0.000000 0.520761 -0.853703 -0.000000 0.853703 0.520761 1.000000 0.000000 0.000000 -20.465700 58.599220 -26.405275 7.928225 21.675825 9.066999 75174.dat
9 0 0.000000 -0.675451 -0.737405 0.000000 0.737405 -0.675451 1.000000 0.000000 0.000000 -20.003725 84.858894 -26.709949 7.928225 16.882799 9.528975 75174.dat
9 0 0.000000 0.000000 -1.000000 0.257082 0.966390 0.000000 0.966390 -0.257082 0.000000 -18.975624 -67.207779 -40.621727 12.142725 15.399475 1.688850 75174.dat
9 0 0.000000 -0.500000 -0.866025 0.000000 0.866025 -0.500000 1.000000 0.000000 0.000000 -0.456725 14.252722 -55.164753 3.894275 0.961875 31.472748 75174.dat
9 0 0.000000 -0.500000 -0.866025 0.000000 0.866025 -0.500000 1.000000 0.000000 0.000000 -0.057800 23.279970 -60.376751 3.894275 0.961875 32.517002 75174.dat
9 0 0.000000 0.000000 -1.000000 0.000000 1.000000 0.000000 1.000000 0.000000 0.000000 -0.024749 36.615223 -76.921501 16.340450 14.461975 19.549999 75174.dat
9 0 0.000000 0.000000 -1.000000 0.000000 1.000000 0.000000 1.000000 0.000000 0.000000 -0.024475 -57.394028 -60.938751 3.028025 3.196875 9.668950 75174.dat
9 0 0.000000 0.000000 -1.000000 0.000000 1.000000 0.000000 1.000000 0.000000 0.000000 0.482173 60.457466 59.641998 7.473700 5.191625 14.537775 75174.dat
9 0 0.000000 0.000000 -1.000000 0.000000 1.000000 0.000000 1.000000 0.000000 0.000000 0.482173 91.205002 62.362999 5.769300 2.125000 14.537775 75174.dat
9 0 0.000000 0.000000 -1.000000 0.000000 1.000000 0.000000 1.000000 0.000000 0.000000 -0.024749 16.280973 25.507248 5.459700 7.750000 12.478499 75174.dat
9 0 0.000000 0.000000 -1.000000 0.000000 1.000000 0.000000 1.000000 0.000000 0.000000 -0.024749 16.280973 25.507248 5.459700 7.750000 12.478499 75174.dat
9 0 0.000000 0.000000 -1.000000 0.000000 1.000000 0.000000 1.000000 0.000000 0.000000 -0.649750 -43.134521 -45.911629 9.224225 19.889475 12.250000 75174.dat
9 0 0.000000 0.207912 -0.978148 -0.000000 0.978148 0.207912 1.000000 0.000000 0.000000 -10.332349 -43.418278 -64.298752 11.508175 7.750000 6.004300 75174.dat
9 0 0.000000 0.207912 -0.978148 -0.000000 0.978148 0.207912 1.000000 0.000000 0.000000 10.235500 -43.418278 -64.298752 11.508175 7.750000 6.004300 75174.dat
9 0 0.000000 0.374607 -0.927184 -0.000000 0.927184 0.374607 1.000000 0.000000 0.000000 -0.024749 -33.550274 -86.624001 26.808500 4.800300 11.250025 75174.dat
9 0 0.000000 0.374607 -0.927184 -0.000000 0.927184 0.374607 1.000000 0.000000 0.000000 7.034999 -25.042522 -120.516502 1.102150 3.619900 2.873525 75174.dat
9 0 -0.000000 -1.000000 0.000000 0.000000 -0.000000 -1.000000 1.000000 0.000000 0.000000 -28.195375 99.947823 -39.248024 3.802125 17.357925 1.379350 75174.dat
9 0 -0.000000 -1.000000 0.000000 0.000000 -0.000000 -1.000000 1.000000 0.000000 0.000000 -11.854125 99.947823 -30.478802 3.802125 26.127249 1.379350 75174.dat
9 0 -0.000000 -1.000000 0.000000 0.000000 -0.000000 -1.000000 1.000000 0.000000 0.000000 -20.003723 99.947823 -32.696327 3.802125 10.806250 9.528975 75174.dat
9 0 -0.000000 -1.000000 0.000000 0.000000 -0.000000 -1.000000 1.000000 0.000000 0.000000 28.145998 99.947823 -39.248024 3.802125 17.357925 1.379350 75174.dat
9 0 -0.000000 -1.000000 0.000000 0.000000 -0.000000 -1.000000 1.000000 0.000000 0.000000 11.804501 99.947823 -30.478800 3.802125 26.127249 1.379350 75174.dat
9 0 -0.000000 -1.000000 0.000000 0.000000 -0.000000 -1.000000 1.000000 0.000000 0.000000 19.954248 99.947823 -32.696323 3.802125 10.806250 9.528975 75174.dat
9 0 0.000000 0.374607 -0.927184 -0.000000 0.927184 0.374607 1.000000 0.000000 0.000000 -6.971373 -25.042522 -120.516502 1.102150 3.619900 2.873525 75174.dat
9 0 0.000000 0.000000 -1.000000 0.000000 1.000000 0.000000 1.000000 0.000000 0.000000 24.399250 34.323471 -15.925675 27.379250 20.349874 4.374100 75174.dat
9 0 0.000000 0.000000 -1.000000 0.000000 1.000000 0.000000 1.000000 0.000000 0.000000 24.399250 33.989471 -16.618551 33.778751 9.271550 4.374100 75174.dat
9 0 0.000000 0.000000 -1.000000 0.000000 1.000000 0.000000 1.000000 0.000000 0.000000 -24.448851 33.989471 -16.618551 33.778751 9.271550 4.374100 75174.dat
9 0 0.000000 0.000000 -1.000000 0.000000 1.000000 0.000000 1.000000 0.000000 0.000000 -24.448851 34.323471 -15.925675 27.379250 20.349874 4.374100 75174.dat
9 0 0.000000 -0.036021 -0.999351 0.000000 0.999351 -0.036021 1.000000 0.000000 0.000000 -0.024748 -23.925781 -117.983246 2.236425 0.587625 8.326025 75174.dat
9 0 1.000000 0.000000 -0.000000 0.000000 0.340148 0.940372 0.000000 -0.940372 0.340148 6.933749 -27.944279 -111.260513 2.779200 1.605900 3.613775 75174.dat
9 0 1.000000 0.000000 -0.000000 0.000000 0.340148 0.940372 0.000000 -0.940372 0.340148 -7.043673 -27.944279 -111.260513 2.779200 1.605900 3.613775 75174.dat
9 0 0.001705 -0.025807 -0.999665 -0.065907 0.997490 -0.025863 0.997824 0.065929 0.000000 -16.440176 76.768967 58.472496 4.574300 11.754825 1.312925 75174.dat
9 0 -0.005551 -0.076190 -0.997078 0.072453 0.994442 -0.076391 0.997356 -0.072665 -0.000000 16.488998 76.345970 58.186253 4.574300 11.754825 1.312925 75174.dat
10 0 -102.527252 0.000000 -52.925255 93.752747 187.711258 12.674750 75174.dat
6 94 0.000000 -0.000000 1.000000 1.000000 0.000000 -0.000000 -0.000000 1.000000 0.000000 -0.024749 -57.417023 -60.050247 0.000000 0.000000 0.000000 0.000000 0 75174.dat
3 23 0.000000 0.000000 -1.000000 0.000000 1.000000 0.000000 1.000000 0.000000 0.000000 19.850000 -0.000024 19.999998 4 4 18:1:1,23:4:1,18:2:1,23:4:1,18:1:1,23:4:1,1:4:2,23:4:1,1:4:2,23:4:1,18:2:1,23:4:1,18:4:1,23:4:1,29:0:1,23:4:1,1:4:2,23:4:1,1:4:2,23:4:1,18:1:1,23:4:1,18:2:1,23:4:1,18:1:1, 75174.dat
6 96 0.000000 0.000000 -1.000000 0.000000 1.000000 0.000000 1.000000 0.000000 0.000000 -0.150001 77.265221 65.036751 0.000000 0.000000 0.000000 0.000000 1 75174.dat
0 2 0.000000 -0.000000 1.000000 1.000000 0.000000 -0.000000 -0.000000 1.000000 0.000000 19.850000 14.153224 -76.636002 0 0 0.800000 0 0 75174.dat
0 2 0.000000 0.000000 1.000000 -1.000000 0.000000 0.000000 -0.000000 -1.000000 0.000000 -20.150000 14.153224 -76.636002 0 0 0.800000 0 0 75174.dat
2 22 0.000000 0.000000 -1.000000 0.000000 1.000000 0.000000 1.000000 0.000000 0.000000 29.850000 103.999969 0.000000 6 6 29:0:1,29:0:1,22:2:1,22:2:1,22:2:1,22:2:1,29:0:1,29:0:1,29:0:1,22:2:1,15:4:0,22:2:1,15:4:0,29:0:1,29:0:1,22:2:1,22:2:1,22:2:1,22:2:1,22:2:1,29:0:1,29:0:1,29:0:1,29:0:1,29:0:1,29:0:1,29:0:1,29:0:1,29:0:1,22:2:1,22:2:1,22:2:1,22:2:1,22:2:1,29:0:1,29:0:1,29:0:1,22:2:1,15:4:0,22:2:1,15:4:0,29:0:1,29:0:1,29:0:1,22:2:1,22:2:1,22:2:1,22:2:1,29:0:1, 75174.dat
2 22 0.000000 0.374607 -0.927184 -0.000000 0.927184 0.374607 1.000000 0.000000 0.000000 9.975251 -31.192028 -106.074501 2 2 29:0:0,29:0:0,29:0:0,29:0:0,21:4:32,29:0:0,29:0:0,29:0:0,29:0:0, 75174.dat
0 6 0.000000 0.866025 -0.500000 -0.000000 0.500000 0.866025 1.000000 0.000000 0.000000 28.525251 20.890224 -54.092377 0 0 0.351335 1 0 75174.dat
0 6 0.000000 0.866025 -0.500000 -0.000000 0.500000 0.866025 1.000000 0.000000 0.000000 -28.574749 20.890224 -54.092377 0 0 0.351335 1 0 75174.dat
0 6 -0.000000 0.927184 0.374607 -0.000000 -0.374607 0.927184 1.000000 0.000000 0.000000 -0.024749 -50.890778 -67.412003 1 0 2.430620 1 0 75174.dat
0 6 0.000000 0.927184 0.374607 -1.000000 0.000000 0.000000 0.000000 -0.374607 0.927184 -10.024749 -31.117271 -116.353249 0 0 0.800000 1 0 75174.dat
0 14 -1.000000 -0.000001 -0.000000 0.000001 -0.927184 -0.374606 0.000000 -0.374606 0.927184 -0.024748 -27.446032 -115.346252 0 0 0.160263 0 0 75174.dat
