9 0 1.000000 0.000000 0.000000 0.000000 0.707107 0.707107 0.000000 -0.707107 0.707107 5.749900 0.000000 4.000000 1.500100 2.578325 2.578325 75902.dat
9 0 1.000000 0.000000 0.000000 0.000000 0.707107 0.707107 0.000000 -0.707107 0.707107 -5.749900 0.000000 4.000000 1.500100 2.578325 2.578325 75902.dat
9 0 1.000000 0.000000 0.000000 0.000000 1.000000 0.000000 0.000000 0.000000 1.000000 0.000000 0.000000 5.769475 7.250000 1.749925 1.444475 75902.dat
9 0 1.000000 0.000000 0.000000 0.000000 1.000000 0.000000 0.000000 0.000000 1.000000 0.000000 0.000000 -4.587500 9.215550 2.250000 0.412500 75902.dat
9 0 0.707107 0.707107 0.000000 -0.707107 0.707107 0.000000 0.000000 0.000000 1.000000 0.000000 0.000000 -6.000000 17.427675 17.427675 0.500000 75902.dat
9 0 1.000000 0.000000 0.000000 0.000000 1.000000 0.000000 0.000000 0.000000 1.000000 0.000000 0.000000 -6.000000 17.427675 17.427675 0.500000 75902.dat
9 0 0.707107 0.707107 0.000000 -0.707107 0.707107 0.000000 0.000000 0.000000 1.000000 0.000000 0.000000 -8.407350 3.365775 3.365775 2.907350 75902.dat
9 0 0.984808 0.000000 0.173648 0.000000 1.000000 0.000000 -0.173648 0.000000 0.984808 8.733525 0.000000 -3.429750 1.419775 2.250000 5.004050 75902.dat
9 0 -0.984808 0.000000 0.173648 0.000000 1.000000 0.000000 -0.173648 0.000000 -0.984808 -8.733525 0.000000 -3.429750 1.419775 2.250000 5.004050 75902.dat
10 0 -25.000000 -25.000000 -3.999850 25.000000 25.000000 15.750000 75902.dat
0 7 0.000000 1.000000 -0.000000 1.000000 0.000000 0.000000 0.000000 -0.000000 -1.000000 7.500000 0.000000 4.000000 0 0 0.600000 0 0 75902.dat
0 6 1.000000 0.000000 0.000000 0.000000 1.000000 0.000000 0.000000 0.000000 1.000000 0.000000 2.500000 0.075000 0 0 0.200000 0 0 75902.dat
