9 0 0.000000 0.380836 0.924642 -0.000000 0.924642 -0.380836 -1.000000 0.000000 0.000000 -0.217474 16.870749 24.551510 10.471125 13.565625 18.445875 76442.dat
9 0 0.000000 0.714953 0.699172 -0.000000 0.699172 -0.714953 -1.000000 0.000000 0.000000 -0.255722 24.041002 38.778263 10.471125 11.619075 18.488100 76442.dat
9 0 0.000000 0.000000 1.000000 0.000000 1.000000 0.000000 -1.000000 0.000000 0.000000 -0.211734 20.928501 0.098515 19.648525 20.678400 18.494501 76442.dat
9 0 0.000000 -0.367768 0.929918 0.000000 0.929918 0.367768 -1.000000 0.000000 0.000000 -0.217488 18.077755 -24.322742 10.604150 14.897651 18.445875 76442.dat
9 0 0.000000 -0.632410 0.774634 0.000000 0.774634 0.632410 -1.000000 0.000000 0.000000 -0.171745 30.141253 -41.341637 15.173049 15.597751 18.505699 76442.dat
9 0 0.000000 0.000000 1.000000 0.000000 1.000000 0.000000 -1.000000 0.000000 0.000000 0.000036 60.350006 63.235760 0.264350 8.549974 16.549999 76442.dat
9 0 0.000000 0.000000 1.000000 0.000000 1.000000 0.000000 -1.000000 0.000000 0.000000 0.000036 26.400005 61.224007 6.691175 2.150000 14.714675 76442.dat
9 0 0.000000 0.000000 1.000000 0.000000 1.000000 0.000000 -1.000000 0.000000 0.000000 -0.059709 26.400005 69.912514 3.043750 2.150000 8.044200 76442.dat
9 0 0.566158 0.000000 -0.824296 0.000000 1.000000 0.000000 0.824296 0.000000 0.566158 -6.611711 54.333752 71.150520 0.941700 2.159925 7.241625 76442.dat
9 0 0.541922 0.000000 0.840429 0.000000 1.000000 0.000000 -0.840429 0.000000 0.541922 7.180315 54.333752 71.351517 0.941700 2.159925 7.241625 76442.dat
9 0 0.004002 0.054358 0.998513 0.040482 0.997694 -0.054475 -0.999172 0.040640 0.001792 15.234737 39.960754 64.578247 1.929000 11.245375 0.545800 76442.dat
9 0 0.004002 0.054358 0.998513 -0.048556 0.997354 -0.054100 -0.998812 -0.048267 0.006631 -15.293715 40.117500 64.630760 1.867725 12.321975 0.545800 76442.dat
9 0 0.000000 0.000000 1.000000 0.000000 1.000000 0.000000 -1.000000 0.000000 0.000000 21.380905 57.869003 -37.475548 14.599026 24.598301 13.169076 76442.dat
9 0 0.000000 0.000000 1.000000 0.000000 1.000000 0.000000 -1.000000 0.000000 0.000000 21.380928 53.248257 36.498749 18.123301 27.702002 13.169100 76442.dat
9 0 0.000000 0.000000 1.000000 0.000000 1.000000 0.000000 -1.000000 0.000000 0.000000 -25.424974 52.878506 32.847267 16.575026 27.332249 9.125000 76442.dat
9 0 0.000000 0.000000 1.000000 0.000000 1.000000 0.000000 -1.000000 0.000000 0.000000 -25.424994 58.146255 -32.037384 17.252874 24.600075 9.125000 76442.dat
9 0 0.000000 0.000000 1.000000 0.000000 1.000000 0.000000 -1.000000 0.000000 0.000000 -0.266233 50.085251 -4.059741 58.316498 15.688676 19.201300 76442.dat
9 0 0.000000 -0.347138 0.937814 0.000000 0.937814 0.347138 -1.000000 0.000000 0.000000 -0.266230 71.757759 2.327263 24.081875 5.759550 16.033627 76442.dat
9 0 0.000000 0.617065 0.786912 -0.000000 0.786912 -0.617065 -1.000000 0.000000 0.000000 0.000000 71.424759 -45.733292 15.558125 2.710975 16.300001 76442.dat
9 0 -0.000000 0.265649 -0.964070 0.000000 0.964070 0.265649 1.000000 -0.000000 -0.000000 0.012738 57.676506 -95.778236 29.879999 1.416100 11.635975 76442.dat
9 0 -0.000000 -0.964070 -0.265650 -0.000000 0.265650 -0.964070 1.000000 0.000000 -0.000000 -0.003755 38.229759 -70.015594 2.021850 2.649700 10.066501 76442.dat
9 0 1.000000 -0.000000 -0.000000 0.000000 0.964070 0.265649 0.000000 -0.265649 0.964070 -5.735275 62.162506 -133.876740 1.508375 1.665400 1.478475 76442.dat
9 0 -0.000000 0.265649 -0.964070 0.000000 0.964070 0.265649 1.000000 -0.000000 -0.000000 -11.819008 51.951756 -81.378242 6.092300 7.698500 7.718075 76442.dat
9 0 -0.000000 0.265649 -0.964070 0.000000 0.964070 0.265649 1.000000 -0.000000 -0.000000 11.819066 51.951756 -81.378242 6.092300 7.698500 7.718075 76442.dat
9 0 1.000000 -0.000000 -0.000000 0.000000 0.964070 0.265649 0.000000 -0.265649 0.964070 5.700424 62.162506 -133.876755 1.508375 1.665400 1.478475 76442.dat
9 0 1.000000 -0.000000 -0.000000 0.000000 0.445891 0.895087 -0.000000 -0.895087 0.445891 -7.006022 61.874504 -124.255989 2.779200 1.605900 3.613775 76442.dat
9 0 1.000000 -0.000000 -0.000000 0.000000 0.445891 0.895087 -0.000000 -0.895087 0.445891 6.971252 61.874504 -124.255989 2.779200 1.605900 3.613775 76442.dat
9 0 -0.000000 -0.150547 -0.988603 -0.000000 0.988603 -0.150547 1.000000 0.000000 -0.000000 0.012726 65.094254 -131.395752 2.236425 0.587625 8.326025 76442.dat
9 0 0.000000 0.000000 1.000000 0.000000 1.000000 0.000000 -1.000000 0.000000 0.000000 27.400002 115.675285 -47.724724 12.025300 3.425300 12.150000 76442.dat
9 0 0.000000 0.000000 1.000000 0.000000 1.000000 0.000000 -1.000000 0.000000 0.000000 25.577904 105.999985 -44.385647 12.025300 5.749975 10.327900 76442.dat
9 0 0.000000 0.000000 1.000000 0.099529 0.995035 -0.000000 -0.995035 0.099529 0.000000 21.620003 86.447754 -42.061119 9.166625 16.279051 9.128175 76442.dat
9 0 0.000000 0.000000 1.000000 0.000000 1.000000 0.000000 -1.000000 0.000000 0.000000 27.400034 115.675308 52.924751 12.025300 3.425325 12.150000 76442.dat
9 0 0.000000 0.000000 1.000000 0.000000 1.000000 0.000000 -1.000000 0.000000 0.000000 25.577932 105.999985 51.932751 11.033500 5.749975 10.327900 76442.dat
9 0 -0.034829 -0.442954 0.895868 0.117224 0.888413 0.443825 -0.992495 0.120475 0.020982 20.563082 81.985008 42.132504 12.589524 20.908026 8.304675 76442.dat
9 0 0.000000 0.000000 1.000000 0.000000 1.000000 0.000000 -1.000000 0.000000 0.000000 -25.577991 105.999985 -27.261555 12.025300 5.749975 10.327900 76442.dat
9 0 0.000000 0.000000 1.000000 0.000000 1.000000 0.000000 -1.000000 0.000000 0.000000 -27.399994 115.675285 -27.261555 12.025300 3.425300 12.150000 76442.dat
9 0 0.000000 0.000000 1.000000 0.000000 1.000000 0.000000 -1.000000 0.000000 0.000000 -27.399981 115.675285 12.738520 12.025300 3.425300 12.150000 76442.dat
9 0 0.000000 0.000000 1.000000 0.000000 1.000000 0.000000 -1.000000 0.000000 0.000000 -25.577980 105.999985 13.302267 12.025300 5.749975 10.327900 76442.dat
9 0 -0.012017 0.275215 0.961308 -0.113667 0.954769 -0.274764 -0.993446 -0.112571 0.019809 -21.676476 83.109001 23.329521 10.303550 21.822800 9.128175 76442.dat
9 0 0.000000 -0.064817 0.997897 -0.097546 0.993138 0.064508 -0.995231 -0.097341 -0.006322 -21.585495 84.244499 -28.053284 10.800875 18.537874 9.128175 76442.dat
10 0 -86.368752 0.000000 -70.000000 127.500000 124.450005 10.000000 76442.dat
3 23 0.000000 0.000000 1.000000 0.000000 1.000000 0.000000 -1.000000 0.000000 0.000000 -19.999990 0.000000 -19.999985 4 4 18:1:1,23:4:1,18:2:1,23:4:1,18:1:1,23:4:1,0:4:0,23:4:1,0:4:0,23:4:1,18:2:1,23:4:1,18:4:1,23:4:1,18:2:1,23:4:1,0:4:0,23:4:1,0:4:0,23:4:1,18:1:1,23:4:1,18:2:1,23:4:1,18:1:1, 76442.dat
6 96 0.000000 0.000000 1.000000 0.000000 1.000000 0.000000 -1.000000 0.000000 0.000000 0.000039 40.173756 70.000015 0.000000 0.000000 0.000000 0.000000 1 76442.dat
2 22 0.000000 0.000000 1.000000 0.000000 1.000000 0.000000 -1.000000 0.000000 0.000000 -40.000004 120.000008 -59.999977 8 12 29:0:1,29:0:1,22:1:1,22:2:1,22:1:1,29:0:1,22:1:1,22:2:1,22:1:1,29:0:1,29:0:1,29:0:1,29:0:1,29:0:1,29:0:1,22:2:1,15:4:0,22:2:1,29:0:1,22:2:1,15:4:0,22:2:1,29:0:1,29:0:1,29:0:1,29:0:1,29:0:1,29:0:1,22:1:1,22:2:1,22:1:1,29:0:1,22:1:1,22:2:1,22:1:1,29:0:1,29:0:1,29:0:1,29:0:1,29:0:1,29:0:1,29:0:1,29:0:1,29:0:1,29:0:1,29:0:1,29:0:1,29:0:1,29:0:1,29:0:1,29:0:1,29:0:1,29:0:1,29:0:1,29:0:1,29:0:1,29:0:1,29:0:1,29:0:1,29:0:1,29:0:1,29:0:1,29:0:1,29:0:1,29:0:1,29:0:1,29:0:1,29:0:1,29:0:1,29:0:1,29:0:1,29:0:1,29:0:1,29:0:1,29:0:1,29:0:1,29:0:1,29:0:1,22:1:1,22:2:1,22:1:1,29:0:1,29:0:1,29:0:1,29:0:1,29:0:1,29:0:1,29:0:1,22:1:1,22:2:1,22:1:1,22:2:1,15:4:0,22:2:1,29:0:1,29:0:1,29:0:1,29:0:1,29:0:1,29:0:1,29:0:1,22:2:1,15:4:0,22:2:1,22:1:1,22:2:1,22:1:1,29:0:1,29:0:1,29:0:1,29:0:1,29:0:1,29:0:1,29:0:1,22:1:1,22:2:1,22:1:1, 76442.dat
6 94 0.000000 -0.265649 0.964070 1.000000 0.000000 -0.000000 0.000000 0.964070 0.265649 -0.000006 38.477753 -69.999992 0.000000 0.000000 0.000000 0.000000 0 76442.dat
0 6 0.000000 0.964070 0.265650 0.000000 -0.265650 0.964070 1.000000 -0.000000 -0.000000 -0.000009 44.707756 -80.211990 1 0 2.324080 1 0 76442.dat
