9 0 0.000000 0.000000 1.000000 0.000000 1.000000 0.000000 -1.000000 0.000000 0.000000 27.400002 115.999985 -67.724724 12.025300 3.750000 12.150000 76443.dat
9 0 0.000000 0.000000 1.000000 0.000000 1.000000 0.000000 -1.000000 0.000000 0.000000 24.261679 105.999985 -62.991947 10.631600 5.749975 9.011700 76443.dat
9 0 0.000000 0.000000 1.000000 0.099529 0.995035 -0.000000 -0.995035 0.099529 0.000000 22.695827 86.340004 -62.061119 9.166625 16.279051 8.046975 76443.dat
9 0 0.000000 0.000000 1.000000 0.000000 1.000000 0.000000 -1.000000 0.000000 0.000000 27.400034 115.999985 32.924755 12.025300 3.750000 12.150000 76443.dat
9 0 0.000000 0.000000 1.000000 0.000000 1.000000 0.000000 -1.000000 0.000000 0.000000 23.829859 105.999985 31.318253 10.418875 5.749975 8.579824 76443.dat
9 0 -0.034829 -0.442954 0.895868 0.117224 0.888413 0.443825 -0.992495 0.120475 0.020982 20.606480 82.537010 21.016502 11.343625 20.908026 8.304675 76443.dat
9 0 0.000000 0.000000 1.000000 0.000000 1.000000 0.000000 -1.000000 0.000000 0.000000 -23.999994 105.999985 -47.746010 11.540874 5.749975 8.749926 76443.dat
9 0 0.000000 0.000000 1.000000 0.000000 1.000000 0.000000 -1.000000 0.000000 0.000000 -27.399994 115.999985 -47.261555 12.025300 3.750000 12.150000 76443.dat
9 0 0.000000 0.000000 1.000000 0.000000 1.000000 0.000000 -1.000000 0.000000 0.000000 -27.399981 115.999985 -7.261479 12.025300 3.750000 12.150000 76443.dat
9 0 0.000000 0.000000 1.000000 0.000000 1.000000 0.000000 -1.000000 0.000000 0.000000 -0.092721 46.127254 15.082765 20.310850 27.630749 34.457253 76443.dat
9 0 0.000000 0.000000 1.000000 0.000000 1.000000 0.000000 -1.000000 0.000000 0.000000 -24.086731 105.999985 -3.616482 8.944150 5.749975 8.836775 76443.dat
9 0 -0.012017 0.275215 0.961308 -0.113667 0.954769 -0.274764 -0.993446 -0.112571 0.019809 -22.346474 83.033005 3.342772 10.303575 21.822800 7.619000 76443.dat
9 0 0.000000 -0.064817 0.997897 -0.097546 0.993138 0.064508 -0.995231 -0.097341 -0.006322 -21.585495 84.244499 -48.053284 10.800875 18.537874 9.128175 76443.dat
9 0 0.000000 0.000000 1.000000 0.000000 1.000000 0.000000 -1.000000 0.000000 0.000000 -0.266230 49.260002 -17.023235 56.773251 15.847400 22.922600 76443.dat
9 0 0.000000 -0.347138 0.937814 0.000000 0.937814 0.347138 -1.000000 0.000000 0.000000 -0.857735 69.913010 -18.355740 24.081875 3.792400 15.442225 76443.dat
9 0 0.000000 0.617065 0.786912 -0.000000 0.786912 -0.617065 -1.000000 0.000000 0.000000 0.000000 71.424759 -65.733292 15.558125 2.710975 16.300001 76443.dat
9 0 0.000000 0.000000 1.000000 0.000000 1.000000 0.000000 -1.000000 0.000000 0.000000 0.000036 62.142754 40.936260 0.557775 2.607125 5.750000 76443.dat
9 0 0.000000 0.000000 1.000000 0.000000 1.000000 0.000000 -1.000000 0.000000 0.000000 -0.015700 34.425251 79.407761 7.205101 2.150000 15.874775 76443.dat
9 0 0.000000 0.530040 0.847973 -0.000000 0.847973 -0.530040 -1.000000 0.000000 0.000000 -1.174960 20.845753 52.525513 21.682100 0.147350 15.874775 76443.dat
9 0 0.000000 0.000000 1.000000 0.000000 1.000000 0.000000 -1.000000 0.000000 0.000000 0.036776 23.744757 3.504765 29.984751 22.112801 17.090525 76443.dat
9 0 0.000000 -0.486055 0.873928 0.000000 0.873928 0.486055 -1.000000 0.000000 0.000000 0.036761 40.953506 -36.941490 35.143250 25.141001 17.090525 76443.dat
9 0 0.156027 0.307955 0.938520 0.238120 0.910407 -0.338318 -0.958621 0.276267 0.068718 -18.892967 6.812000 29.198271 8.778550 19.167925 1.269900 76443.dat
9 0 0.286800 0.332232 0.898536 0.042847 0.932552 -0.358485 -0.957032 0.141313 0.253220 -13.128460 16.063011 55.928509 4.200625 7.384375 0.908450 76443.dat
9 0 0.056654 0.000000 0.998394 0.000000 1.000000 0.000000 -0.998394 0.000000 0.056654 -17.787462 46.114254 48.219757 9.897075 20.506599 1.134500 76443.dat
9 0 0.076956 0.000000 0.997034 0.000000 1.000000 0.000000 -0.997034 0.000000 0.076956 -16.480955 48.566502 73.978264 12.622624 16.088974 0.402100 76443.dat
9 0 -0.420051 0.000000 0.907500 0.000000 1.000000 0.000000 -0.907500 0.000000 -0.420051 -11.831003 44.918259 -89.054535 15.480200 9.613750 1.250000 76443.dat
9 0 0.074316 0.255828 0.963862 0.064879 0.963246 -0.260667 -0.995122 0.081906 0.054986 -5.816704 27.156008 71.989265 3.651800 7.384375 1.312200 76443.dat
9 0 0.039889 0.093217 0.994846 0.039947 0.994694 -0.094805 -0.998405 0.043523 0.035954 -4.718447 28.598505 86.962769 4.302350 6.507275 1.579900 76443.dat
9 0 -0.077182 -0.425253 0.901778 0.329344 0.842829 0.425643 -0.941050 0.329847 0.075003 -11.112252 24.411005 -77.377029 6.218125 9.303350 1.518875 76443.dat
9 0 -0.097858 -0.081610 0.991849 0.199507 0.974792 0.099890 -0.974998 0.207656 -0.079109 -7.700509 31.173504 -96.140739 3.118625 6.760775 1.531425 76443.dat
9 0 -0.455719 0.341406 0.822048 0.134596 0.939332 -0.315500 -0.879889 -0.033135 -0.474023 -12.081755 48.571251 -89.520790 11.599050 9.242200 1.250000 76443.dat
9 0 -0.052926 -0.122881 0.991009 0.392019 0.910176 0.133794 -0.918433 0.395576 0.000000 -24.991983 -5.162990 -12.487483 13.488750 17.793175 1.902150 76443.dat
9 0 -0.298064 -0.425849 0.854290 0.297262 0.809055 0.507016 -0.907079 0.405071 -0.114562 -17.844742 9.891510 -51.296761 12.263175 15.080675 1.000000 76443.dat
9 0 -0.119596 0.171761 0.977852 -0.258345 0.945608 -0.197695 -0.958621 -0.276267 -0.068717 23.108727 0.013757 12.087500 11.075225 18.674274 1.269900 76443.dat
9 0 0.118514 -0.275161 0.954065 -0.377405 0.876245 0.299599 -0.918433 -0.395576 0.000000 22.473114 0.391507 -31.445745 13.135500 18.399174 1.190750 76443.dat
9 0 -0.289853 0.492226 0.820792 0.008653 0.858920 -0.512036 -0.957032 -0.141313 -0.253220 18.369686 7.633758 45.138748 7.705125 11.681375 1.579900 76443.dat
9 0 -0.056653 0.000000 0.998394 0.000000 1.000000 0.000000 -0.998394 0.000000 -0.056653 17.787712 45.912003 48.219746 9.897075 20.506599 1.134500 76443.dat
9 0 -0.076956 0.000000 0.997034 0.000000 1.000000 0.000000 -0.997034 0.000000 -0.076956 16.481247 48.364250 73.978249 12.622624 16.088974 0.402100 76443.dat
9 0 0.420052 0.000000 0.907500 0.000000 1.000000 0.000000 -0.907500 0.000000 0.420052 11.831220 44.379753 -89.054543 15.480200 9.949901 1.250000 76443.dat
9 0 -0.343999 0.512377 0.786851 0.123714 0.855421 -0.502941 -0.930784 -0.075667 -0.357652 9.043468 22.742754 64.965767 5.464675 7.384375 1.579900 76443.dat
9 0 -0.039746 0.089658 0.995179 -0.040090 0.995021 -0.091244 -0.998405 -0.043523 -0.035953 4.796550 28.597254 84.562508 3.616425 7.101125 1.579900 76443.dat
9 0 0.250344 -0.533657 0.807798 -0.198504 0.788348 0.582326 -0.947589 -0.306133 0.091425 13.949028 18.962252 -64.814064 6.698225 10.434225 1.092125 76443.dat
9 0 0.165871 -0.196072 0.966459 -0.352858 0.903349 0.243829 -0.920857 -0.381467 0.080654 8.627121 30.110008 -85.862366 4.961500 8.685101 1.092125 76443.dat
9 0 0.031159 0.134195 0.990465 -0.260598 0.957763 -0.121567 -0.964945 -0.254325 0.064814 6.903615 32.191753 -103.365746 3.118625 6.760775 1.266175 76443.dat
9 0 0.455719 0.341406 0.822047 -0.134596 0.939332 -0.315500 -0.879889 0.033135 0.474023 12.671720 49.038006 -87.780441 13.526900 9.242200 0.921825 76443.dat
9 0 0.000000 0.027627 0.999618 -0.000000 0.999618 -0.027627 -1.000000 0.000000 0.000000 0.036743 42.339252 -99.443489 24.390776 7.916850 8.939176 76443.dat
9 0 0.000000 -0.585583 0.810612 0.000000 0.810612 0.585583 -1.000000 0.000000 0.000000 0.036734 45.891506 -126.860985 11.239050 5.105150 5.027800 76443.dat
9 0 -0.074872 0.028200 0.996794 0.209221 0.977795 -0.011947 -0.974998 0.207656 -0.079109 -6.013760 32.099754 -109.239487 2.961725 6.760775 1.493900 76443.dat
9 0 0.000000 0.000000 1.000000 0.000000 1.000000 0.000000 -1.000000 0.000000 0.000000 -0.015697 34.425251 87.207764 7.205101 2.150000 6.481699 76443.dat
9 0 0.000000 0.000000 1.000000 0.000000 1.000000 0.000000 -1.000000 0.000000 0.000000 -0.015700 61.975254 79.407761 7.205101 2.150000 15.874775 76443.dat
9 0 0.000000 0.000000 1.000000 0.000000 1.000000 0.000000 -1.000000 0.000000 0.000000 -0.015697 61.975254 87.207764 7.205101 2.150000 6.481699 76443.dat
9 0 0.000000 0.000000 1.000000 0.000000 1.000000 0.000000 -1.000000 0.000000 0.000000 -0.092745 60.839252 -56.340813 16.541349 16.943050 34.457253 76443.dat
10 0 -68.960999 0.000000 -70.000000 167.355759 143.767746 10.000000 76443.dat
2 22 0.000000 0.000000 1.000000 0.000000 1.000000 0.000000 -1.000000 0.000000 0.000000 -40.000004 120.000008 -79.999977 8 12 29:0:1,29:0:1,22:1:1,22:2:1,22:1:1,29:0:1,22:1:1,22:2:1,22:1:1,29:0:1,29:0:1,29:0:1,29:0:1,29:0:1,29:0:1,22:2:1,15:4:1,22:2:1,29:0:1,22:2:1,15:4:1,22:2:1,29:0:1,29:0:1,29:0:1,29:0:1,29:0:1,29:0:1,22:1:1,22:2:1,22:1:1,29:0:1,22:1:1,22:2:1,22:1:1,29:0:1,29:0:1,29:0:1,29:0:1,29:0:1,29:0:1,29:0:1,29:0:1,29:0:1,29:0:1,29:0:1,29:0:1,29:0:1,29:0:1,29:0:1,29:0:1,29:0:1,29:0:1,29:0:1,29:0:1,29:0:1,29:0:1,29:0:1,29:0:1,29:0:1,29:0:1,29:0:1,29:0:1,29:0:1,29:0:1,29:0:1,29:0:1,29:0:1,29:0:1,29:0:1,29:0:1,29:0:1,29:0:1,29:0:1,29:0:1,29:0:1,29:0:1,29:0:1,22:1:1,22:2:1,22:1:1,29:0:1,29:0:1,29:0:1,29:0:1,29:0:1,29:0:1,29:0:1,22:1:1,22:2:1,22:1:1,22:2:1,15:4:1,22:2:1,29:0:1,29:0:1,29:0:1,29:0:1,29:0:1,29:0:1,29:0:1,22:2:1,15:4:1,22:2:1,22:1:1,22:2:1,22:1:1,29:0:1,29:0:1,29:0:1,29:0:1,29:0:1,29:0:1,29:0:1,22:1:1,22:2:1,22:1:1, 76443.dat
6 96 0.000000 0.000000 1.000000 0.000000 1.000000 0.000000 -1.000000 0.000000 0.000000 0.000051 48.232754 90.000015 0.000000 0.000000 0.000000 0.000000 1 76443.dat
