9 0 0.000000 0.288075 0.957608 -0.000000 0.957608 -0.288075 -1.000000 -0.000000 0.000000 0.000000 34.170002 -18.105499 1.625000 34.806248 19.750000 84954.dat
9 0 1.000000 0.000000 0.000000 0.000000 1.000000 0.000000 0.000000 0.000000 1.000000 0.000000 69.600006 -20.000000 19.750000 2.150000 9.750000 84954.dat
9 0 1.000000 0.000000 0.000000 0.000000 1.000000 0.000000 0.000000 0.000000 1.000000 0.000000 1.375002 -0.105800 19.750000 1.125000 9.750000 84954.dat
9 0 -1.000000 0.000000 -0.000000 0.000000 1.000000 0.000000 0.000000 0.000000 -1.000000 28.125000 1.375002 19.947100 7.875000 1.125000 9.802900 84954.dat
9 0 1.000000 0.000000 0.000000 0.000000 1.000000 0.000000 0.000000 0.000000 1.000000 0.000000 69.600006 -11.874999 34.446751 2.150000 1.625000 84954.dat
9 0 1.000000 0.000000 0.000000 0.000000 1.000000 0.000000 0.000000 0.000000 1.000000 38.124996 69.644005 10.000000 1.625000 2.106000 19.750000 84954.dat
9 0 -1.000000 -0.000000 -0.000000 0.000000 0.958820 -0.284016 0.000000 -0.284016 -0.958820 38.124996 35.484005 8.924826 1.625000 34.077999 8.797075 84954.dat
9 0 -1.000000 0.000000 -0.000000 0.000000 1.000000 0.000000 0.000000 0.000000 -1.000000 38.124996 36.000000 20.000000 1.625000 35.750000 9.750000 84954.dat
9 0 -0.707107 0.000000 -0.707107 0.000000 1.000000 0.000000 0.707107 0.000000 -0.707107 19.999998 69.600006 -24.419500 3.696075 2.150000 3.696075 84954.dat
9 0 -0.707107 0.000000 -0.707107 0.000000 1.000000 0.000000 0.707107 0.000000 -0.707107 36.149002 69.600006 -11.199249 3.321075 2.150000 1.625000 84954.dat
9 0 -0.707107 0.000000 -0.707107 0.000000 1.000000 0.000000 0.707107 0.000000 -0.707107 25.143749 1.375002 4.946101 13.828675 1.125000 6.681400 84954.dat
9 0 -1.000000 0.000000 -0.000000 0.000000 1.000000 0.000000 0.000000 0.000000 -1.000000 30.000002 1.375002 20.000000 9.750000 1.125000 9.750000 84954.dat
9 0 -0.690747 0.206716 0.692919 0.000725 0.958464 -0.285212 -0.723096 -0.196507 -0.662207 28.737247 34.409504 -8.826001 1.564925 31.521500 13.560100 84954.dat
9 0 -1.000000 0.000000 -0.000000 0.000000 1.000000 0.000000 0.000000 0.000000 -1.000000 -38.125004 69.644005 10.000000 1.625000 2.106000 19.750000 84954.dat
9 0 1.000000 0.000000 0.000000 0.000000 0.958820 -0.284016 0.000000 0.284016 0.958820 -38.125004 35.484005 8.924826 1.625000 34.077999 8.797075 84954.dat
9 0 1.000000 0.000000 0.000000 0.000000 1.000000 0.000000 0.000000 0.000000 1.000000 -38.125004 36.000000 20.000000 1.625000 35.750000 9.750000 84954.dat
9 0 0.707107 0.000000 -0.707107 0.000000 1.000000 0.000000 0.707107 0.000000 0.707107 -20.000002 69.600006 -24.419500 3.696075 2.150000 3.696075 84954.dat
9 0 0.707107 0.000000 -0.707107 0.000000 1.000000 0.000000 0.707107 0.000000 0.707107 -36.149052 69.600006 -11.199249 3.321075 2.150000 1.625000 84954.dat
9 0 0.707107 0.000000 -0.707107 0.000000 1.000000 0.000000 0.707107 0.000000 0.707107 -25.143627 1.375002 4.946101 13.828675 1.125000 6.681400 84954.dat
9 0 1.000000 0.000000 0.000000 0.000000 1.000000 0.000000 0.000000 0.000000 1.000000 -30.000002 1.375002 20.000000 9.750000 1.125000 9.750000 84954.dat
9 0 0.690747 0.206716 0.692919 -0.000725 0.958464 -0.285213 -0.723096 0.196507 0.662206 -28.737276 34.409504 -8.826001 1.564925 31.521500 13.560100 84954.dat
10 0 -10.000000 0.000000 -10.000000 70.000000 76.424995 50.000000 84954.dat
3 23 1.000000 0.000000 0.000000 0.000000 1.000000 0.000000 0.000000 0.000000 1.000000 -40.000000 0.000000 30.000002 4 8 18:1:1,23:4:1,18:1:1,29:0:1,29:0:1,29:0:1,18:1:1,23:4:1,18:1:1,23:4:1,1:4:2,23:4:1,29:0:1,29:0:1,29:0:1,23:4:1,1:4:2,23:4:1,29:0:1,23:4:1,18:2:1,23:4:1,18:2:1,23:4:1,18:2:1,23:4:1,29:0:1,29:0:1,29:0:1,23:4:1,1:4:1,23:4:1,1:4:1,23:4:1,29:0:1,29:0:1,29:0:1,29:0:1,29:0:1,23:4:1,18:2:1,23:4:1,29:0:1,29:0:1,29:0:1, 84954.dat
2 22 1.000000 0.000000 0.000000 0.000000 1.000000 0.000000 0.000000 0.000000 1.000000 -20.000002 72.000000 -10.000001 2 4 22:2:1,22:2:1,22:2:1,22:2:1,22:2:1,22:2:1,15:4:1,9:4:1,15:4:1,22:2:1,22:2:1,22:2:1,22:2:1,22:2:1,22:2:1, 84954.dat
