9 0 0.980785 0.195090 0.000000 -0.137950 0.693520 0.707107 0.137950 -0.693520 0.707107 7.892850 -39.680000 0.000000 8.163275 1.050350 1.050350 85546.dat
9 0 0.980785 -0.195090 -0.000000 0.137950 0.693520 0.707107 -0.137950 -0.693520 0.707107 -7.892825 -39.680000 0.000000 8.163275 1.050350 1.050350 85546.dat
9 0 0.831470 -0.555570 -0.000000 0.392848 0.587938 0.707107 -0.392847 -0.587938 0.707107 -22.476900 -33.639000 0.000000 8.163275 1.050350 1.050350 85546.dat
9 0 0.555570 -0.831470 -0.000000 0.587938 0.392847 0.707107 -0.587938 -0.392847 0.707107 -33.639000 -22.476925 0.000000 8.163275 1.050350 1.050350 85546.dat
9 0 0.195090 -0.980785 0.000001 0.693520 0.137950 0.707107 -0.693520 -0.137949 0.707107 -39.680000 -7.892850 0.000000 8.163275 1.050350 1.050350 85546.dat
9 0 -0.195090 -0.980785 -0.000000 0.693520 -0.137950 0.707107 -0.693520 0.137949 0.707107 -39.680000 7.892825 0.000000 8.163275 1.050350 1.050350 85546.dat
9 0 -0.555570 -0.831470 -0.000000 0.587938 -0.392848 0.707106 -0.587937 0.392847 0.707107 -33.639000 22.476900 0.000000 8.163275 1.050350 1.050350 85546.dat
9 0 -0.831470 -0.555570 0.000001 0.392848 -0.587937 0.707107 -0.392847 0.587938 0.707107 -22.476925 33.639000 0.000000 8.163275 1.050350 1.050350 85546.dat
9 0 -0.980785 -0.195090 0.000000 0.137949 -0.693520 0.707107 -0.137949 0.693520 0.707107 -7.892850 39.680000 0.000000 8.163275 1.050350 1.050350 85546.dat
9 0 -0.980785 0.195090 -0.000000 -0.137949 -0.693520 0.707107 0.137949 0.693520 0.707107 7.892825 39.680000 0.000000 8.163275 1.050350 1.050350 85546.dat
9 0 -0.831470 0.555570 -0.000001 -0.392848 -0.587937 0.707107 0.392847 0.587938 0.707107 22.476900 33.639000 0.000000 8.163275 1.050350 1.050350 85546.dat
9 0 -0.555570 0.831470 0.000000 -0.587938 -0.392848 0.707106 0.587937 0.392847 0.707107 33.639000 22.476925 0.000000 8.163275 1.050350 1.050350 85546.dat
9 0 -0.195090 0.980785 0.000000 -0.693520 -0.137950 0.707107 0.693520 0.137949 0.707107 39.680000 7.892850 0.000000 8.163275 1.050350 1.050350 85546.dat
9 0 0.195090 0.980785 -0.000001 -0.693520 0.137950 0.707107 0.693520 -0.137949 0.707107 39.680000 -7.892825 0.000000 8.163275 1.050350 1.050350 85546.dat
9 0 0.555570 0.831470 0.000000 -0.587938 0.392847 0.707107 0.587938 -0.392847 0.707107 33.639000 -22.476900 0.000000 8.163275 1.050350 1.050350 85546.dat
9 0 0.831470 0.555570 0.000000 -0.392848 0.587938 0.707107 0.392847 -0.587938 0.707107 22.476925 -33.639000 0.000000 8.163275 1.050350 1.050350 85546.dat
10 0 -43.125000 -43.125000 -1.875000 43.125000 43.125000 1.875000 85546.dat
