9 0 0.980785 0.195090 0.000000 0.000000 0.000000 -1.000000 -0.195090 0.980785 0.000000 -5.740250 28.858250 0.000009 6.359400 1.009050 1.009050 85544.dat
9 0 0.831470 0.555570 0.000000 0.000000 0.000000 -1.000000 -0.555570 0.831470 0.000000 -16.346849 24.464800 0.000008 6.359400 1.009050 1.009050 85544.dat
9 0 0.555570 0.831470 0.000000 0.000000 0.000000 -1.000000 -0.831470 0.555570 0.000000 -24.464800 16.346849 0.000005 6.359400 1.009050 1.009050 85544.dat
9 0 0.195090 0.980785 0.000000 0.000000 0.000000 -1.000000 -0.980785 0.195090 0.000000 -28.858250 5.740250 0.000002 6.359400 1.009050 1.009050 85544.dat
9 0 -0.195090 0.980785 0.000000 0.000000 0.000000 -1.000000 -0.980785 -0.195090 -0.000000 -28.858250 -5.740250 -0.000002 6.359400 1.009050 1.009050 85544.dat
9 0 -0.555570 0.831470 0.000000 0.000000 0.000000 -1.000000 -0.831470 -0.555570 -0.000000 -24.464800 -16.346849 -0.000005 6.359400 1.009050 1.009050 85544.dat
9 0 -0.831470 0.555570 0.000000 0.000000 0.000000 -1.000000 -0.555570 -0.831470 -0.000000 -16.346849 -24.464800 -0.000008 6.359400 1.009050 1.009050 85544.dat
9 0 -0.980785 0.195090 0.000000 0.000000 0.000000 -1.000000 -0.195090 -0.980785 -0.000000 -5.740250 -28.858250 -0.000009 6.359400 1.009050 1.009050 85544.dat
9 0 -0.980785 -0.195090 -0.000000 0.000000 0.000000 -1.000000 0.195090 -0.980785 -0.000000 5.740250 -28.858250 -0.000009 6.359400 1.009050 1.009050 85544.dat
9 0 -0.831470 -0.555570 -0.000000 0.000000 0.000000 -1.000000 0.555570 -0.831470 -0.000000 16.346849 -24.464800 -0.000008 6.359400 1.009050 1.009050 85544.dat
9 0 -0.555570 -0.831470 -0.000000 0.000000 0.000000 -1.000000 0.831470 -0.555570 -0.000000 24.464800 -16.346849 -0.000005 6.359400 1.009050 1.009050 85544.dat
9 0 -0.195090 -0.980785 -0.000000 0.000000 0.000000 -1.000000 0.980785 -0.195090 -0.000000 28.858250 -5.740250 -0.000002 6.359400 1.009050 1.009050 85544.dat
9 0 0.195090 -0.980785 -0.000000 0.000000 0.000000 -1.000000 0.980785 0.195090 0.000000 28.858250 5.740250 0.000002 6.359400 1.009050 1.009050 85544.dat
9 0 0.555570 -0.831470 -0.000000 0.000000 0.000000 -1.000000 0.831470 0.555570 0.000000 24.464800 16.346849 0.000005 6.359400 1.009050 1.009050 85544.dat
9 0 0.831470 -0.555570 -0.000000 0.000000 0.000000 -1.000000 0.555570 0.831470 0.000000 16.346849 24.464800 0.000008 6.359400 1.009050 1.009050 85544.dat
9 0 0.980785 -0.195090 -0.000000 0.000000 0.000000 -1.000000 0.195090 0.980785 0.000000 5.740250 28.858250 0.000009 6.359400 1.009050 1.009050 85544.dat
10 0 -31.875000 -1.875000 -31.875000 31.875000 1.875000 31.875000 85544.dat
