9 0 -1.000000 0.000000 -0.000000 0.000000 1.000000 0.000000 0.000000 0.000000 -1.000000 -7.250003 -5.750025 9.999998 4.750000 3.250000 9.750000 85558.dat
9 0 -1.000000 0.000000 -0.000000 0.000000 1.000000 0.000000 0.000000 0.000000 -1.000000 4.187497 -4.187525 10.000002 1.687500 1.687500 9.750000 85558.dat
9 0 -1.000000 0.000000 -0.000000 0.000000 1.000000 0.000000 0.000000 0.000000 -1.000000 -28.138504 0.301000 9.999991 0.138400 3.161575 9.750000 85558.dat
9 0 -0.500000 -0.866025 -0.000000 -0.866025 0.500000 -0.000000 0.000000 0.000000 -1.000000 -24.329878 -6.897574 9.999992 0.138400 3.161575 9.750000 85558.dat
9 0 0.500000 -0.866025 0.000000 -0.866025 -0.500000 -0.000000 0.000000 0.000000 -1.000000 -16.191479 -7.198575 9.999995 0.138400 3.161575 9.750000 85558.dat
9 0 1.000000 0.000000 0.000000 0.000000 -1.000000 0.000000 0.000000 0.000000 -1.000000 -11.861603 -0.301000 9.999996 0.138400 3.161575 9.750000 85558.dat
9 0 0.500000 0.866025 0.000000 0.866025 -0.500000 0.000000 0.000000 0.000000 -1.000000 -15.670128 6.897574 9.999995 0.138400 3.161575 9.750000 85558.dat
9 0 -0.500000 0.866025 -0.000000 0.866025 0.500000 0.000000 0.000000 0.000000 -1.000000 -23.808529 7.198575 9.999992 0.138400 3.161575 9.750000 85558.dat
9 0 -1.000000 0.000000 -0.000000 0.000000 1.000000 0.000000 0.000000 0.000000 -1.000000 -7.250003 5.750025 9.999998 4.750000 3.250000 9.750000 85558.dat
9 0 -1.000000 0.000000 -0.000000 0.000000 1.000000 0.000000 0.000000 0.000000 -1.000000 4.187497 4.187525 10.000002 1.687500 1.687500 9.750000 85558.dat
9 0 0.000000 -1.000000 0.000000 -1.000000 -0.000000 -0.000000 0.000000 0.000000 -1.000000 21.396795 0.000000 15.062508 1.250000 15.021775 3.437500 85558.dat
9 0 0.000000 1.000000 0.000000 1.000000 -0.000000 0.000000 0.000000 0.000000 -1.000000 -32.209255 0.000000 15.062490 1.250000 4.209300 3.437500 85558.dat
9 0 -1.000000 0.000000 -0.000000 0.000000 1.000000 0.000000 0.000000 0.000000 -1.000000 27.518242 0.000000 15.062510 3.768200 20.505001 3.437500 85558.dat
9 0 -0.382684 -0.923880 -0.000000 -0.923880 0.382684 -0.000000 0.000000 0.000000 -1.000000 19.950445 -8.263750 15.062507 1.250000 14.824375 3.437500 85558.dat
9 0 -0.707107 -0.707107 -0.000000 -0.707107 0.707107 -0.000000 0.000000 0.000000 -1.000000 15.129821 -15.129826 15.062505 1.250000 15.021775 3.437500 85558.dat
9 0 -0.923880 -0.382683 -0.000000 -0.382683 0.923880 -0.000000 0.000000 0.000000 -1.000000 8.263744 -19.950449 15.062504 1.250000 14.824375 3.437500 85558.dat
9 0 -1.000000 0.000000 -0.000000 0.000000 1.000000 0.000000 0.000000 0.000000 -1.000000 -0.000005 -21.396799 15.062501 1.250000 15.021775 3.437500 85558.dat
9 0 -0.923880 0.382683 -0.000000 0.382683 0.923880 0.000000 0.000000 0.000000 -1.000000 -8.263755 -19.950449 15.062497 1.250000 14.824375 3.437500 85558.dat
9 0 -0.707107 0.707107 -0.000000 0.707107 0.707107 0.000000 0.000000 0.000000 -1.000000 -15.129830 -15.129826 15.062496 1.250000 15.021775 3.437500 85558.dat
9 0 -0.382684 0.923880 -0.000000 0.923880 0.382684 0.000000 0.000000 0.000000 -1.000000 -27.659004 -11.456725 15.062491 1.250000 6.480750 3.437500 85558.dat
9 0 -0.382684 0.923879 -0.000000 -0.923879 -0.382684 -0.000000 -0.000000 0.000000 1.000000 19.950445 8.263750 15.062507 1.250000 14.824375 3.437500 85558.dat
9 0 -0.707108 0.707106 -0.000000 -0.707106 -0.707108 -0.000000 -0.000000 0.000000 1.000000 15.129821 15.129826 15.062505 1.250000 15.021775 3.437500 85558.dat
9 0 -0.923880 0.382683 -0.000000 -0.382683 -0.923880 -0.000000 -0.000000 0.000000 1.000000 8.263744 19.950449 15.062504 1.250000 14.824375 3.437500 85558.dat
9 0 -1.000000 0.000000 -0.000000 -0.000000 -1.000000 0.000000 -0.000000 0.000000 1.000000 -0.000005 21.396799 15.062501 1.250000 15.021775 3.437500 85558.dat
9 0 -0.923880 -0.382683 -0.000000 0.382683 -0.923880 0.000000 -0.000000 0.000000 1.000000 -8.263755 19.950449 15.062497 1.250000 14.824375 3.437500 85558.dat
9 0 -0.707108 -0.707106 -0.000000 0.707106 -0.707108 0.000000 -0.000000 0.000000 1.000000 -15.129830 15.129826 15.062496 1.250000 15.021775 3.437500 85558.dat
9 0 -0.382684 -0.923879 -0.000000 0.923879 -0.382684 0.000000 -0.000000 0.000000 1.000000 -27.652756 11.454124 15.062491 1.250000 6.487525 3.437500 85558.dat
9 0 0.000000 1.000000 0.000000 1.000000 -0.000000 0.000000 0.000000 0.000000 -1.000000 -0.000004 -34.643997 13.687500 0.328975 12.512726 6.062500 85558.dat
9 0 0.707107 0.707107 0.000000 0.707107 -0.707107 0.000000 0.000000 0.000000 -1.000000 -24.497004 -24.497000 13.687493 0.328975 12.512726 6.062500 85558.dat
9 0 1.000000 0.000000 0.000000 0.000000 -1.000000 0.000000 0.000000 0.000000 -1.000000 -34.644001 0.000000 13.687489 0.328975 12.512726 6.062500 85558.dat
9 0 0.707107 -0.707107 0.000000 -0.707107 -0.707107 -0.000000 0.000000 0.000000 -1.000000 -24.497004 24.497000 13.687493 0.328975 12.512726 6.062500 85558.dat
9 0 0.000000 -1.000000 0.000000 -1.000000 -0.000000 -0.000000 0.000000 0.000000 -1.000000 -0.000004 34.643997 13.687500 0.328975 12.512726 6.062500 85558.dat
9 0 -0.707107 -0.707107 -0.000000 -0.707107 0.707107 -0.000000 0.000000 0.000000 -1.000000 24.496994 24.497000 13.687508 0.328975 12.512726 6.062500 85558.dat
9 0 -1.000000 0.000000 -0.000000 0.000000 1.000000 0.000000 0.000000 0.000000 -1.000000 34.643997 0.000000 13.687512 0.328975 12.512726 6.062500 85558.dat
9 0 -0.707107 0.707107 -0.000000 0.707107 0.707107 0.000000 0.000000 0.000000 -1.000000 24.496994 -24.497000 13.687508 0.328975 12.512726 6.062500 85558.dat
10 0 -37.940002 -37.940002 -40.000000 37.940002 37.940002 20.000000 85558.dat
0 2 0.000000 1.000000 0.000000 -0.000000 -0.000000 1.000000 1.000000 0.000000 0.000000 -20.000006 0.000000 19.999994 0 0 0.800000 0 0 85558.dat
0 4 0.000000 1.000000 0.000000 -0.000000 -0.000000 1.000000 1.000000 0.000000 0.000000 -0.000007 0.000000 20.000000 0 0 0.800000 0 0 85558.dat
7 1 -0.000000 0.000000 1.000000 0.000000 1.000000 0.000000 -1.000000 0.000000 -0.000000 0.000013 37.500000 -40.000000 0.0 85558.dat
