9 0 1.000000 0.000000 0.000000 0.000000 1.000000 0.000000 0.000000 0.000000 1.000000 -0.172502 1.875007 -27.236626 19.750000 1.625000 6.986625 85941.dat
9 0 1.000000 0.000000 0.000000 0.000000 1.000000 0.000000 0.000000 0.000000 1.000000 -0.172502 116.000008 -27.236626 19.750000 3.750000 6.986625 85941.dat
9 0 0.193194 0.000000 0.981161 0.000000 1.000000 0.000000 -0.981161 0.000000 0.193194 37.039749 60.000004 -7.841550 7.276900 59.750004 0.970250 85941.dat
9 0 0.487809 0.000000 0.872950 0.000000 1.000000 0.000000 -0.872950 0.000000 0.487809 33.433746 60.000004 -18.953926 4.431550 59.750004 0.970250 85941.dat
9 0 0.716570 0.000000 0.697515 0.000000 1.000000 0.000000 -0.697515 0.000000 0.716570 26.884497 57.375000 -27.122074 6.001525 57.125004 0.970250 85941.dat
9 0 0.871297 0.000000 0.490757 0.000000 1.000000 0.000000 -0.490757 0.000000 0.871297 18.231249 60.000004 -33.767899 4.882500 59.750004 0.970250 85941.dat
9 0 0.984059 0.000000 0.177841 0.000000 1.000000 0.000000 -0.177841 0.000000 0.984059 6.825998 60.000004 -37.471001 7.183575 59.750004 0.970250 85941.dat
9 0 -0.984059 0.000000 0.177841 0.000000 1.000000 0.000000 -0.177841 0.000000 -0.984059 -7.171251 60.000004 -37.471001 7.183575 59.750004 0.970250 85941.dat
9 0 -0.871297 0.000000 0.490757 0.000000 1.000000 0.000000 -0.490757 0.000000 -0.871297 -18.576452 60.000004 -33.767899 4.882500 59.750004 0.970250 85941.dat
9 0 -0.716570 0.000000 0.697515 0.000000 1.000000 0.000000 -0.697515 0.000000 -0.716570 -27.229801 57.375000 -27.122074 6.001525 57.125004 0.970250 85941.dat
9 0 -0.487809 0.000000 0.872950 0.000000 1.000000 0.000000 -0.872950 0.000000 -0.487809 -33.779102 60.000004 -18.953926 4.431550 59.750004 0.970250 85941.dat
9 0 -0.193194 0.000000 0.981161 0.000000 1.000000 0.000000 -0.981161 0.000000 -0.193194 -37.391674 60.000004 -7.807250 7.311850 59.750004 0.970250 85941.dat
9 0 1.000000 0.000000 0.000000 0.000000 1.000000 0.000000 0.000000 0.000000 1.000000 27.434248 1.875007 -9.483350 7.356750 1.625000 9.233351 85941.dat
9 0 1.000000 0.000000 0.000000 0.000000 1.000000 0.000000 0.000000 0.000000 1.000000 -0.172502 113.375008 -23.740152 28.066250 1.125000 3.490150 85941.dat
9 0 1.000000 0.000000 0.000000 0.000000 1.000000 0.000000 0.000000 0.000000 1.000000 -0.172502 1.875007 -23.740152 28.066250 1.625000 3.490150 85941.dat
9 0 1.000000 0.000000 0.000000 0.000000 1.000000 0.000000 0.000000 0.000000 1.000000 -27.779377 1.875007 -9.483350 7.356750 1.625000 9.233351 85941.dat
9 0 1.000000 0.000000 0.000000 0.000000 1.000000 0.000000 0.000000 0.000000 1.000000 27.434248 116.000008 -9.483350 7.356750 3.750000 9.233351 85941.dat
9 0 1.000000 0.000000 0.000000 0.000000 1.000000 0.000000 0.000000 0.000000 1.000000 -27.779377 116.000008 -9.483350 7.356750 3.750000 9.233351 85941.dat
10 0 -10.172625 0.000000 -10.000000 70.000000 124.450005 30.000002 85941.dat
3 23 1.000000 0.000000 0.000000 0.000000 1.000000 0.000000 0.000000 0.000000 1.000000 -40.000000 0.000000 0.000000 4 8 18:1:1,23:4:1,18:2:1,29:0:1,29:0:1,29:0:1,18:2:1,23:4:1,18:1:1,23:4:1,1:4:2,23:4:1,29:0:1,29:0:1,29:0:1,23:4:1,1:4:2,23:4:1,18:2:1,23:4:1,18:4:1,23:4:1,18:4:1,23:4:1,18:4:1,23:4:1,18:2:1,29:0:1,23:4:1,23:4:1,1:4:2,23:4:1,1:4:2,23:4:1,23:4:1,29:0:1,29:0:1,29:0:1,18:2:1,23:4:1,18:2:1,23:4:1,18:2:1,29:0:1,29:0:1, 85941.dat
2 22 1.000000 0.000000 0.000000 0.000000 1.000000 0.000000 0.000000 0.000000 1.000000 -40.000000 120.000008 0.000000 4 8 22:1:1,22:2:1,22:2:1,29:0:1,29:0:1,29:0:1,22:2:1,22:2:1,22:1:1,22:2:1,15:4:0,22:2:1,29:0:1,29:0:1,29:0:1,22:2:1,15:4:0,22:2:1,22:2:1,22:2:1,22:2:1,22:2:1,22:2:1,22:2:1,22:2:1,22:2:1,22:2:1,29:0:1,29:0:1,22:2:1,15:4:1,12:4:1,15:4:1,22:2:1,29:0:1,29:0:1,29:0:1,29:0:1,22:2:1,22:2:1,22:2:1,22:2:1,22:2:1,29:0:1,29:0:1, 85941.dat
