9 0 -0.000001 -0.000001 1.000000 1.000000 0.000000 0.000001 -0.000000 1.000000 0.000001 8.418843 -0.000032 9.963128 12.144125 0.250850 9.750000 85940.dat
9 0 -0.999949 -0.000000 0.010058 0.010058 -0.000001 0.999949 -0.000000 1.000000 0.000001 0.063100 -0.000035 9.961140 8.581550 1.807975 9.750000 85940.dat
9 0 0.000001 0.000001 -1.000000 -1.000000 -0.000000 -0.000001 -0.000000 1.000000 0.000001 -8.369886 -0.000038 9.963218 12.144125 0.271575 9.750000 85940.dat
9 0 0.707107 0.000001 -0.707106 -0.707106 0.000000 -0.707107 -0.000000 1.000000 0.000001 -5.637467 -0.000023 -5.914369 3.481250 0.168350 9.750000 85940.dat
9 0 0.499999 0.707106 0.500001 0.707108 0.000001 -0.707106 -0.500000 0.707107 -0.500000 14.178926 0.002666 -14.178941 2.578425 9.750000 2.578425 85940.dat
9 0 0.499999 0.707106 0.500001 0.707108 0.000001 -0.707106 -0.500000 0.707107 -0.500000 6.312390 0.002657 -6.312422 4.080550 0.844500 4.080550 85940.dat
9 0 1.000000 0.000000 0.000001 0.000001 0.000001 -1.000000 -0.000000 1.000000 0.000001 0.173572 -0.000019 -8.221936 3.481250 0.168350 9.750000 85940.dat
9 0 0.707106 -0.000000 0.707108 0.707108 0.000001 -0.707106 -0.000000 1.000000 0.000001 5.914323 -0.000019 -5.744615 3.481250 0.168350 9.750000 85940.dat
9 0 -0.707106 0.000000 -0.707108 -0.707108 -0.000001 0.707106 -0.000000 1.000000 0.000001 -5.824041 -0.000051 25.654200 3.481250 0.168350 9.750000 85940.dat
9 0 -1.000000 -0.000000 -0.000001 -0.000001 -0.000001 1.000000 -0.000000 1.000000 0.000001 -0.083357 -0.000051 28.131590 3.481250 0.168350 9.750000 85940.dat
9 0 -0.707108 -0.000001 0.707106 0.707106 -0.000000 0.707108 -0.000000 1.000000 0.000001 5.727715 -0.000047 25.824026 3.481250 0.168350 9.750000 85940.dat
10 0 -14.142124 0.000000 -10.000000 28.284248 58.284252 10.000000 85940.dat
0 2 0.707108 0.000001 -0.707106 0.000000 -1.000000 -0.000001 -0.707106 0.000000 -0.707108 0.036667 -10.000044 19.963242 0 0 0.800000 0 0 85940.dat
0 2 0.707108 0.000001 -0.707106 0.000000 -1.000000 -0.000001 -0.707106 0.000000 -0.707108 0.040312 -10.000027 -0.040364 0 0 0.800000 0 0 85940.dat
2 22 0.707106 -0.000000 0.707108 0.707108 0.000001 -0.707106 -0.000000 1.000000 0.000001 14.178938 10.000004 -28.321066 2 2 29:0:0,29:0:0,29:0:0,29:0:0,9:4:32,29:0:0,29:0:0,29:0:0,29:0:0, 85940.dat
0 7 -0.000000 1.000000 0.000001 0.707108 0.000001 -0.707106 -0.707106 0.000000 -0.707108 21.250000 0.000000 -21.250000 0 1 0.800000 0 0 85940.dat
2 22 -0.000002 -0.000001 1.000000 0.000001 -1.000000 -0.000001 1.000000 0.000001 0.000002 10.036780 -10.000013 -10.036811 2 4 22:1:1,22:2:1,22:2:1,22:2:1,22:1:1,22:2:1,16:4:64,22:2:1,16:4:64,22:2:1,22:1:1,22:2:1,22:2:1,22:2:1,22:1:1, 85940.dat
2 22 -0.000002 -0.000001 1.000000 -0.000000 1.000000 0.000001 -1.000000 -0.000000 -0.000002 -9.963208 9.999980 -10.036814 2 4 22:1:1,22:2:1,22:2:1,22:2:1,22:1:1,22:2:1,16:4:64,22:2:1,16:4:64,22:2:1,22:1:1,22:2:1,22:2:1,22:2:1,22:1:1, 85940.dat
