9 0 1.000000 0.000000 0.000000 0.000000 1.000000 0.000000 0.000000 0.000000 1.000000 0.000000 -10.257550 0.000000 4.697475 4.917250 13.733025 85944.dat
9 0 -0.000000 1.000000 0.000000 -1.000000 -0.000000 0.000000 0.000000 0.000000 1.000000 15.112101 8.527275 0.000000 12.107900 2.507925 6.056825 85944.dat
9 0 0.000000 1.000000 0.000000 -0.707106 0.000000 -0.707107 -0.707107 0.000000 0.707106 10.663525 8.527275 10.739825 12.107900 2.507925 6.056825 85944.dat
9 0 -0.000000 1.000000 -0.000000 0.000000 -0.000000 -1.000000 -1.000000 0.000000 -0.000000 -0.076300 3.516025 18.834499 16.898575 6.154050 2.937350 85944.dat
9 0 -0.000000 1.000000 -0.000001 0.707106 -0.000000 -0.707107 -0.707107 -0.000001 -0.707106 -10.816100 8.527275 10.739825 12.107900 2.507925 6.056825 85944.dat
9 0 0.000000 1.000000 0.000000 1.000000 0.000000 -0.000000 -0.000000 0.000000 -1.000000 -15.264675 8.527275 0.000000 12.107900 2.507925 6.056825 85944.dat
9 0 -0.000000 1.000000 0.000001 0.707106 -0.000000 0.707107 0.707107 0.000001 -0.707106 -9.927450 9.982850 -9.851174 13.563475 1.251175 6.056825 85944.dat
9 0 -0.000000 1.000000 0.000000 0.000000 -0.000000 1.000000 1.000000 0.000000 -0.000000 -0.076300 10.069700 -15.289175 13.650300 2.608700 6.056825 85944.dat
9 0 0.000000 1.000000 -0.000000 -0.707106 0.000000 0.707107 0.707107 -0.000000 0.707106 9.774875 9.982850 -9.851174 13.563475 1.251175 6.056825 85944.dat
10 0 -20.344099 -23.970001 -28.310499 20.344099 15.980000 22.439951 85944.dat
2 22 1.000000 0.000000 0.000000 0.000000 1.000000 0.000000 0.000000 0.000000 1.000000 -10.000000 0.098250 10.000000 2 2 29:0:0,29:0:0,29:0:0,29:0:0,5:4:33,29:0:0,29:0:0,29:0:0,29:0:0, 85944.dat
