9 0 1.000000 0.000000 0.000000 0.000000 0.961388 -0.275198 0.000000 0.275198 0.961388 0.402000 -2.618050 -13.129900 7.121150 7.471400 3.891425 85947.dat
9 0 1.000000 0.000000 0.000000 0.000000 0.644348 -0.764732 0.000000 0.764732 0.644348 0.643000 -14.987651 -7.615650 7.121150 7.896400 1.043500 85947.dat
9 0 1.000000 0.000000 0.000000 0.000000 -0.296150 -0.955141 0.000000 0.955141 -0.296150 -0.174300 -17.917025 6.981150 7.121150 7.896400 1.043500 85947.dat
9 0 1.000000 0.000000 0.000000 0.000000 1.000000 0.000000 0.000000 0.000000 1.000000 -7.186349 -8.146400 -1.680850 1.186375 7.896400 7.680850 85947.dat
9 0 1.000000 0.000000 0.000000 0.000000 0.738081 -0.674712 0.000000 0.674712 0.738081 0.086000 -9.484000 12.396524 3.813925 5.883750 2.064850 85947.dat
9 0 0.842904 -0.000000 0.538064 0.536723 0.070556 -0.840804 -0.037964 0.997508 0.059472 15.384200 -11.425276 -5.099625 3.813925 17.199451 4.804025 85947.dat
9 0 -0.842905 0.000001 0.538063 -0.537816 0.030257 -0.842519 -0.016280 -0.999542 -0.025503 -14.404826 -11.799200 -5.131925 3.813925 17.199451 4.804025 85947.dat
9 0 -0.000000 0.000000 -1.000000 0.000000 1.000000 0.000000 1.000000 0.000000 -0.000000 0.500000 -8.146400 7.686350 1.186375 7.896400 6.000000 85947.dat
9 0 -1.000000 0.000000 -0.000000 0.000000 1.000000 0.000000 0.000000 0.000000 -1.000000 8.186350 -8.146400 -1.680850 1.186375 7.896400 7.680850 85947.dat
10 0 -30.275499 -7.373725 -19.032276 30.160999 22.383675 25.712999 85947.dat
6 200 -0.000000 0.000000 1.000000 0.000000 1.000000 0.000000 -1.000000 0.000000 -0.000000 0.500000 0.000000 0.000000 0.000000 0.000000 0.000000 0.000000 1 85947.dat
2 22 1.000000 0.000000 0.000000 0.000000 1.000000 0.000000 0.000000 0.000000 1.000000 -9.500000 0.000000 10.000000 2 2 29:0:0,29:0:0,29:0:0,29:0:0,15:4:33,29:0:0,29:0:0,29:0:0,29:0:0, 85947.dat
