9 0 0.380926 0.000000 -0.924606 0.000000 1.000000 0.000000 0.924606 0.000000 0.380926 -174.453705 3.999900 -32.230282 59.750004 3.750100 9.750000 85976.dat
9 0 0.193225 0.000000 -0.981155 0.000000 1.000000 0.000000 0.981155 0.000000 0.193225 -99.818764 3.999900 22.558887 27.789000 3.750100 19.750000 85976.dat
9 0 0.193225 0.000000 -0.981155 0.000000 1.000000 0.000000 0.981155 0.000000 0.193225 -87.467491 3.999900 -40.158211 27.789000 3.750100 19.750000 85976.dat
9 0 -0.001902 0.000000 -0.999998 0.000000 1.000000 0.000000 0.999998 0.000000 -0.001902 -0.045156 3.999900 -32.791103 26.713749 3.750100 19.750000 85976.dat
9 0 -0.001902 0.000000 -0.999998 0.000000 1.000000 0.000000 0.999998 0.000000 -0.001902 0.080550 3.999900 33.281528 26.713749 3.750100 19.750000 85976.dat
9 0 -0.196955 0.000000 -0.980412 0.000000 1.000000 0.000000 0.980412 0.000000 -0.196955 99.938202 3.999900 22.179075 27.789000 3.750100 19.750000 85976.dat
9 0 -0.196955 0.000000 -0.980412 0.000000 1.000000 0.000000 0.980412 0.000000 -0.196955 87.348511 3.999900 -40.490593 27.789000 3.750100 19.750000 85976.dat
9 0 0.384440 0.000000 0.923150 0.000000 1.000000 0.000000 -0.923150 0.000000 0.384440 174.364426 4.000100 -32.893742 59.750004 3.750100 9.750000 85976.dat
9 0 0.294202 0.000000 -0.955743 0.000000 1.000000 0.000000 0.955743 0.000000 0.294202 -147.983673 3.999900 8.336438 8.987025 3.750100 28.837749 85976.dat
9 0 0.102637 0.000000 -0.994719 0.000000 1.000000 0.000000 0.994719 0.000000 0.102637 -49.992836 3.999900 27.627247 8.987025 3.750100 28.837749 85976.dat
9 0 -0.099821 0.000000 -0.995005 0.000000 1.000000 0.000000 0.995005 0.000000 -0.099821 50.048019 3.999900 27.374310 8.987025 3.750100 28.837749 85976.dat
9 0 -0.290547 0.000000 -0.956861 0.000000 1.000000 0.000000 0.956861 0.000000 -0.290547 148.023483 3.999900 7.806386 8.987025 3.750100 28.837749 85976.dat
9 0 -0.290547 0.000000 -0.956861 0.000000 1.000000 0.000000 0.956861 0.000000 -0.290547 130.413788 3.999900 -50.132645 8.987025 3.750100 22.816826 85976.dat
9 0 -0.099821 0.000000 -0.995005 0.000000 1.000000 0.000000 0.995005 0.000000 -0.099821 44.057129 3.999900 -32.524563 9.152551 3.750100 22.883051 85976.dat
9 0 0.102637 0.000000 -0.994719 0.000000 1.000000 0.000000 0.994719 0.000000 0.102637 -44.460320 3.999900 -32.564659 8.976376 3.750100 23.864725 85976.dat
9 0 0.294201 0.000000 -0.955743 0.000000 1.000000 0.000000 0.955743 0.000000 0.294201 -130.136398 3.999900 -49.348553 8.987025 3.750100 24.712250 85976.dat
9 0 0.000000 1.000000 -0.000000 -0.304278 0.000000 0.952583 0.952583 -0.000000 0.304278 -136.784058 -7.995049 -51.471092 7.740125 2.305825 27.037748 85976.dat
9 0 0.000000 1.000000 -0.000000 -0.182751 0.000000 0.983159 0.983159 -0.000000 0.182751 -85.344292 -7.995049 -38.766502 7.740125 2.305825 26.157749 85976.dat
9 0 0.000000 1.000000 -0.000000 0.016678 0.000000 0.999861 0.999861 0.000000 -0.016678 5.199587 -7.995049 -30.585449 7.740125 2.305825 24.631224 85976.dat
9 0 -0.000000 1.000000 0.000000 0.299894 -0.000000 0.953972 0.953972 0.000000 -0.299894 132.733734 -7.995049 -51.083611 7.740125 2.305825 30.462751 85976.dat
9 0 0.000000 1.000000 -0.000000 -0.304278 0.000000 0.952583 0.952583 -0.000000 0.304278 -158.441208 -7.995049 5.193697 7.740125 2.305825 28.612501 85976.dat
9 0 0.000000 1.000000 -0.000000 -0.200686 0.000000 0.979656 0.979656 0.000000 0.200686 -103.266617 -7.995049 19.631557 7.740125 2.305825 28.275749 85976.dat
9 0 -0.000000 1.000000 -0.000000 0.016659 0.000000 0.999861 0.999861 0.000000 -0.016659 7.297277 -7.995049 29.949879 7.740125 2.305825 25.636250 85976.dat
9 0 0.193225 0.000000 -0.981155 0.000000 1.000000 0.000000 0.981155 0.000000 0.193225 -81.824638 3.999900 -6.451936 3.691550 3.750100 7.700650 85976.dat
9 0 0.193225 0.000000 -0.981155 0.000000 1.000000 0.000000 0.981155 0.000000 0.193225 -105.468979 3.999900 -11.108507 3.691550 3.750100 7.700650 85976.dat
9 0 -0.196955 0.000000 -0.980412 0.000000 1.000000 0.000000 0.980412 0.000000 -0.196955 105.405716 3.999900 -11.483691 3.706100 3.750100 7.759700 85976.dat
9 0 -0.196955 0.000000 -0.980412 0.000000 1.000000 0.000000 0.980412 0.000000 -0.196955 81.923843 3.999900 -6.766389 3.706100 3.750100 7.789450 85976.dat
9 0 -0.001902 0.000000 -0.999998 0.000000 1.000000 0.000000 0.999998 0.000000 -0.001902 13.060832 3.999900 0.213684 5.815850 3.750100 6.706850 85976.dat
9 0 -0.001902 0.000000 -0.999998 0.000000 1.000000 0.000000 0.999998 0.000000 -0.001902 -13.025308 3.999900 0.263293 5.815850 3.750100 6.706850 85976.dat
9 0 -0.000000 1.000000 0.000000 -0.098874 -0.000000 0.995100 0.995100 -0.000000 0.098874 -39.400505 -7.995049 -32.172417 7.740125 2.305825 20.285276 85976.dat
9 0 0.000000 1.000000 -0.000000 0.123482 0.000000 0.992347 0.992347 0.000000 -0.123482 53.891037 -7.995049 -33.939499 7.740125 2.305825 24.631224 85976.dat
9 0 0.000000 1.000000 0.000000 0.212586 -0.000000 0.977142 0.977142 0.000000 -0.212586 93.080116 -7.995049 -40.187973 7.740125 2.305825 17.932301 85976.dat
9 0 0.000000 1.000000 -0.000000 -0.088177 0.000000 0.996105 0.996105 0.000000 0.088177 -46.879051 -7.995049 27.841795 7.740125 2.305825 28.275749 85976.dat
9 0 0.000000 1.000000 -0.000000 0.118891 0.000000 0.992907 0.992907 -0.000000 -0.118891 58.419060 -7.995049 26.566660 7.740125 2.305825 25.636250 85976.dat
9 0 0.000000 1.000000 0.000000 0.212890 -0.000000 0.977076 0.977076 -0.000000 -0.212890 108.751488 -7.995049 17.913689 7.740125 2.305825 25.636250 85976.dat
9 0 -0.000000 1.000000 0.000000 0.308208 -0.000000 0.951319 0.951319 0.000000 -0.308208 159.813934 -7.995049 3.907992 7.740125 2.305825 27.391499 85976.dat
9 0 0.380926 0.000000 -0.924606 0.000000 1.000000 0.000000 0.924606 0.000000 0.380926 -195.796600 -8.000175 -6.677313 1.250275 7.750000 9.750000 85976.dat
9 0 0.380926 0.000000 -0.924606 0.000000 1.000000 0.000000 0.924606 0.000000 0.380926 -172.745651 -8.000175 -62.627953 1.250275 7.750000 9.750000 85976.dat
9 0 0.379475 0.000000 0.925202 0.000000 1.000000 0.000000 -0.925202 0.000000 0.379475 171.480133 -8.000025 -66.156509 1.250275 7.750000 9.750000 85976.dat
9 0 0.379475 0.000000 0.925202 0.000000 1.000000 0.000000 -0.925202 0.000000 0.379475 194.622803 -8.000025 -10.238467 1.250275 7.750000 9.750000 85976.dat
10 0 -10.000000 0.000000 -371.763977 232.984756 24.000175 20.000000 85976.dat
3 23 0.380926 0.000000 -0.924606 0.000000 1.000000 0.000000 0.924606 0.000000 0.380926 -188.063187 -0.000175 27.055315 2 12 18:1:1,23:4:1,18:2:1,23:4:1,18:2:1,23:4:1,18:2:1,23:4:1,18:2:1,23:4:1,18:2:1,23:4:1,18:1:1,23:4:1,0:4:1,23:4:1,29:0:1,23:4:1,0:4:0,23:4:1,0:4:0,23:4:1,29:0:1,23:4:1,0:4:1,23:4:1,18:1:1,23:4:1,18:2:1,23:4:1,18:2:1,23:4:1,18:2:1,23:4:1,18:2:1,23:4:1,18:2:1,23:4:1,18:1:1, 85976.dat
3 23 0.193225 0.000000 -0.981155 0.000000 1.000000 0.000000 0.981155 0.000000 0.193225 -85.613373 -0.000175 53.934052 4 12 18:1:1,23:4:1,18:2:1,23:4:1,18:2:1,23:4:1,18:2:1,23:4:1,18:2:1,23:4:1,18:2:1,23:4:1,18:1:1,23:4:1,0:4:1,23:4:1,29:0:1,23:4:1,0:4:0,23:4:1,0:4:0,23:4:1,29:0:1,23:4:1,0:4:1,23:4:1,18:2:1,23:4:1,18:4:1,23:4:1,18:4:1,23:4:1,29:0:1,23:4:1,18:4:1,23:4:1,18:4:1,23:4:1,18:2:1,23:4:1,0:4:1,23:4:1,29:0:1,23:4:1,0:4:0,23:4:1,0:4:0,23:4:1,29:0:1,23:4:1,0:4:1,23:4:1,18:1:1,23:4:1,18:2:1,23:4:1,18:2:1,23:4:1,18:2:1,23:4:1,18:2:1,23:4:1,18:2:1,23:4:1,18:1:1, 85976.dat
3 23 -0.001902 0.000000 -0.999998 0.000000 1.000000 0.000000 0.999998 0.000000 -0.001902 20.131897 -0.000175 60.207153 4 12 18:1:1,23:4:1,18:2:1,23:4:1,18:2:1,23:4:1,18:2:1,23:4:1,18:2:1,23:4:1,18:2:1,23:4:1,18:1:1,23:4:1,0:4:1,23:4:1,29:0:1,23:4:1,0:4:0,23:4:1,0:4:0,23:4:1,29:0:1,23:4:1,0:4:1,23:4:1,18:2:1,23:4:1,18:4:1,23:4:1,18:4:1,23:4:1,29:0:1,23:4:1,18:4:1,23:4:1,18:4:1,23:4:1,18:2:1,23:4:1,0:4:1,23:4:1,29:0:1,23:4:1,0:4:0,23:4:1,0:4:0,23:4:1,29:0:1,23:4:1,0:4:1,23:4:1,18:1:1,23:4:1,18:2:1,23:4:1,18:2:1,23:4:1,18:2:1,23:4:1,18:2:1,23:4:1,18:2:1,23:4:1,18:1:1, 85976.dat
3 23 -0.196955 0.000000 -0.980412 0.000000 1.000000 0.000000 0.980412 0.000000 -0.196955 125.068924 -0.000175 45.729584 4 12 18:1:1,23:4:1,18:2:1,23:4:1,18:2:1,23:4:1,18:2:1,23:4:1,18:2:1,23:4:1,18:2:1,23:4:1,18:1:1,23:4:1,0:4:1,23:4:1,29:0:1,23:4:1,0:4:0,23:4:1,0:4:0,23:4:1,29:0:1,23:4:1,0:4:1,23:4:1,18:2:1,23:4:1,18:4:1,23:4:1,18:4:1,23:4:1,29:0:1,23:4:1,18:4:1,23:4:1,18:4:1,23:4:1,18:2:1,23:4:1,0:4:1,23:4:1,29:0:1,23:4:1,0:4:0,23:4:1,0:4:0,23:4:1,29:0:1,23:4:1,0:4:1,23:4:1,18:1:1,23:4:1,18:2:1,23:4:1,18:2:1,23:4:1,18:2:1,23:4:1,18:2:1,23:4:1,18:2:1,23:4:1,18:1:1, 85976.dat
3 23 -0.384440 0.000000 -0.923150 0.000000 1.000000 0.000000 0.923150 0.000000 -0.384440 206.662277 -0.000175 18.651022 2 12 18:1:1,23:4:1,18:2:1,23:4:1,18:2:1,23:4:1,18:2:1,23:4:1,18:2:1,23:4:1,18:2:1,23:4:1,18:1:1,23:4:1,0:4:1,23:4:1,29:0:1,23:4:1,0:4:0,23:4:1,0:4:0,23:4:1,29:0:1,23:4:1,0:4:1,23:4:1,18:1:1,23:4:1,18:2:1,23:4:1,18:2:1,23:4:1,18:2:1,23:4:1,18:2:1,23:4:1,18:2:1,23:4:1,18:1:1, 85976.dat
0 6 0.924606 0.000000 0.380926 0.000000 1.000000 0.000000 -0.380926 0.000000 0.924606 -93.640511 8.000000 -8.800750 0 0 0.320007 0 0 85976.dat
0 6 0.924606 0.000000 0.380926 0.000000 1.000000 0.000000 -0.380926 0.000000 0.924606 0.018632 8.000000 0.244923 0 0 0.320007 0 0 85976.dat
0 6 0.866975 0.000000 0.498352 0.000000 1.000000 0.000000 -0.498352 0.000000 0.866975 93.645241 8.000000 -9.157692 0 0 0.320007 0 0 85976.dat
4 20 0.924606 0.000000 0.380926 0.000000 1.000000 0.000000 -0.380926 0.000000 0.924606 -183.699768 8.000000 -36.039536 2 85976.dat
2 22 0.380926 0.000000 -0.924606 0.000000 1.000000 0.000000 0.924606 0.000000 0.380926 -188.063187 8.000000 27.055315 2 12 22:1:1,22:2:1,22:2:1,22:2:1,22:2:1,22:2:1,22:2:1,22:2:1,22:2:1,22:2:1,22:2:1,22:2:1,22:1:1,22:2:1,15:4:1,22:2:1,15:4:1,22:2:1,15:4:1,23:4:1,15:4:1,22:2:1,15:4:1,22:2:1,15:4:1,22:2:1,22:1:1,22:2:1,22:2:1,22:2:1,22:2:1,22:2:1,22:2:1,22:2:1,22:2:1,22:2:1,22:2:1,22:2:1,22:1:1, 85976.dat
2 22 -0.384440 0.000000 -0.923150 0.000000 1.000000 0.000000 0.923150 0.000000 -0.384440 206.662277 8.000000 18.651022 2 12 22:1:1,22:2:1,22:2:1,22:2:1,22:2:1,22:2:1,22:2:1,22:2:1,22:2:1,22:2:1,22:2:1,22:2:1,22:1:1,22:2:1,15:4:1,22:2:1,15:4:1,22:2:1,15:4:1,23:4:1,15:4:1,22:2:1,15:4:1,22:2:1,15:4:1,22:2:1,22:1:1,22:2:1,22:2:1,22:2:1,22:2:1,22:2:1,22:2:1,22:2:1,22:2:1,22:2:1,22:2:1,22:2:1,22:1:1, 85976.dat
2 22 -0.196955 0.000000 -0.980412 0.000000 1.000000 0.000000 0.980412 0.000000 -0.196955 125.068924 8.000000 45.729584 4 12 22:1:1,22:2:1,22:2:1,22:2:1,22:2:1,22:2:1,22:2:1,22:2:1,22:2:1,22:2:1,22:2:1,22:2:1,22:1:1,22:2:1,15:4:1,22:2:1,15:4:1,22:2:1,15:4:1,23:4:1,15:4:1,22:2:1,15:4:1,22:2:1,15:4:1,22:2:1,22:2:1,23:4:1,22:2:1,23:4:1,22:2:1,23:4:1,29:0:1,23:4:1,22:2:1,23:4:1,22:2:1,23:4:1,22:2:1,22:2:1,15:4:1,22:2:1,15:4:1,22:2:1,15:4:1,23:4:1,15:4:1,22:2:1,15:4:1,22:2:1,15:4:1,22:2:1,22:1:1,22:2:1,22:2:1,22:2:1,22:2:1,22:2:1,22:2:1,22:2:1,22:2:1,22:2:1,22:2:1,22:2:1,22:1:1, 85976.dat
2 22 -0.001902 0.000000 -0.999998 0.000000 1.000000 0.000000 0.999998 0.000000 -0.001902 20.131897 8.000000 60.207153 4 12 22:1:1,22:2:1,22:2:1,22:2:1,22:2:1,22:2:1,22:2:1,22:2:1,22:2:1,22:2:1,22:2:1,22:2:1,22:1:1,22:2:1,15:4:1,22:2:1,15:4:1,22:2:1,15:4:1,23:4:1,15:4:1,22:2:1,15:4:1,22:2:1,15:4:1,22:2:1,22:2:1,23:4:1,22:2:1,23:4:1,22:2:1,23:4:1,29:0:1,23:4:1,22:2:1,23:4:1,22:2:1,23:4:1,22:2:1,22:2:1,15:4:1,22:2:1,15:4:1,22:2:1,15:4:1,23:4:1,15:4:1,22:2:1,15:4:1,22:2:1,15:4:1,22:2:1,22:1:1,22:2:1,22:2:1,22:2:1,22:2:1,22:2:1,22:2:1,22:2:1,22:2:1,22:2:1,22:2:1,22:2:1,22:1:1, 85976.dat
2 22 0.193225 0.000000 -0.981155 0.000000 1.000000 0.000000 0.981155 0.000000 0.193225 -85.613373 8.000000 53.934052 4 12 22:1:1,22:2:1,22:2:1,22:2:1,22:2:1,22:2:1,22:2:1,22:2:1,22:2:1,22:2:1,22:2:1,22:2:1,22:1:1,22:2:1,15:4:1,22:2:1,15:4:1,22:2:1,15:4:1,23:4:1,15:4:1,22:2:1,15:4:1,22:2:1,15:4:1,22:2:1,22:2:1,23:4:1,22:2:1,23:4:1,22:2:1,23:4:1,29:0:1,23:4:1,22:2:1,23:4:1,22:2:1,23:4:1,22:2:1,22:2:1,15:4:1,22:2:1,15:4:1,22:2:1,15:4:1,23:4:1,15:4:1,22:2:1,15:4:1,22:2:1,15:4:1,22:2:1,22:1:1,22:2:1,22:2:1,22:2:1,22:2:1,22:2:1,22:2:1,22:2:1,22:2:1,22:2:1,22:2:1,22:2:1,22:1:1, 85976.dat
4 21 -0.924606 0.000000 -0.380926 0.000000 1.000000 0.000000 0.380926 0.000000 -0.924606 -183.699768 8.000000 -36.039536 2 85976.dat
4 20 -0.923150 0.000000 0.384440 0.000000 1.000000 0.000000 -0.384440 0.000000 -0.923150 183.675674 8.000000 -36.738194 2 85976.dat
4 21 0.923150 0.000000 -0.384440 0.000000 1.000000 0.000000 0.384440 0.000000 0.923150 183.675674 8.000000 -36.738194 2 85976.dat
