9 0 -1.000000 0.000000 -0.000000 0.000000 1.000000 0.000000 0.000000 0.000000 -1.000000 -4.168499 6.999999 -4.187501 1.684600 3.500000 1.687500 85975.dat
9 0 -0.707107 0.000000 0.707107 0.000000 1.000000 0.000000 -0.707107 0.000000 -0.707107 0.000000 1.625000 0.000000 6.290725 1.375000 6.290725 85975.dat
9 0 -1.000000 0.000000 -0.000000 0.000000 1.000000 0.000000 0.000000 0.000000 -1.000000 4.184601 6.999999 -4.187499 1.684600 3.500000 1.687500 85975.dat
9 0 -1.000000 0.000000 -0.000000 0.000000 1.000000 0.000000 0.000000 0.000000 -1.000000 4.184598 6.999999 4.187501 1.684600 3.500000 1.687500 85975.dat
9 0 -1.000000 0.000000 -0.000000 0.000000 1.000000 0.000000 0.000000 0.000000 -1.000000 -4.190402 6.999999 4.187499 1.684600 3.500000 1.687500 85975.dat
9 0 -0.707107 0.000000 0.707107 -0.086175 0.992546 -0.086175 -0.701836 -0.121869 -0.701836 -6.359423 7.912350 -6.359427 3.224375 7.800325 0.343825 85975.dat
9 0 -0.000000 -0.000000 1.000000 -0.121869 0.992546 -0.000000 -0.992546 -0.121869 -0.000000 -8.993575 7.912350 -0.000003 3.224375 7.800325 0.343825 85975.dat
9 0 0.707106 -0.000000 0.707107 -0.086175 0.992546 0.086175 -0.701836 -0.121869 0.701836 -6.359427 7.912350 6.359423 3.224375 7.800325 0.343825 85975.dat
9 0 1.000000 -0.000000 0.000000 -0.000000 0.992546 0.121870 -0.000000 -0.121870 0.992546 -0.000003 7.912350 8.993575 3.224375 7.800325 0.343825 85975.dat
9 0 0.707107 0.000000 -0.707107 0.086174 0.992546 0.086175 0.701836 -0.121869 0.701836 6.359423 7.912350 6.359427 3.224375 7.800325 0.343825 85975.dat
9 0 0.000000 0.000000 -1.000000 0.121869 0.992546 0.000000 0.992546 -0.121869 0.000000 8.993575 7.912350 0.000003 3.224375 7.800325 0.343825 85975.dat
9 0 -0.707107 -0.000000 -0.707107 0.086175 0.992546 -0.086175 0.701836 -0.121869 -0.701836 6.359427 7.912350 -6.359423 3.224375 7.800325 0.343825 85975.dat
9 0 -1.000000 0.000000 -0.000000 0.000000 0.992546 -0.121869 0.000000 -0.121869 -0.992546 0.000003 7.943625 -8.738825 3.224375 7.800325 0.343825 85975.dat
10 0 -11.375000 0.000000 -11.375000 11.375000 20.450001 11.375000 85975.dat
3 23 -1.000000 0.000000 -0.000000 0.000000 1.000000 0.000000 0.000000 0.000000 -1.000000 10.000003 0.000000 -9.999997 2 2 29:0:0,29:0:0,29:0:0,29:0:0,1:4:34,29:0:0,29:0:0,29:0:0,29:0:0, 85975.dat
0 4 -1.000000 0.000000 -0.000000 0.000000 1.000000 0.000000 0.000000 0.000000 -1.000000 0.000000 10.750000 0.000000 0 1 0.300000 0 0 85975.dat
2 22 -1.000000 0.000000 -0.000000 0.000000 1.000000 0.000000 0.000000 0.000000 -1.000000 10.000003 16.000000 -9.999997 2 2 29:0:0,29:0:0,29:0:0,29:0:0,15:4:32,29:0:0,29:0:0,29:0:0,29:0:0, 85975.dat
