9 0 1.000000 0.000000 0.000000 0.000000 1.000000 0.000000 0.000000 0.000000 1.000000 0.000000 -3.534575 -3.588800 11.246700 3.284575 12.303576 85974.dat
9 0 -0.000000 0.999327 0.036684 0.000000 0.036684 -0.999327 -1.000000 -0.000000 -0.000000 -0.076300 16.978575 15.194500 17.081474 1.309500 13.504275 85974.dat
9 0 -0.000000 1.000000 0.000000 -1.000000 -0.000000 0.000000 0.000000 0.000000 1.000000 15.474150 10.530925 1.607250 11.092450 2.869975 4.449575 85974.dat
9 0 -0.000000 1.000000 0.000000 0.000000 -0.000000 1.000000 1.000000 0.000000 -0.000000 -11.072100 17.347599 -14.236175 15.917601 2.869975 6.056825 85974.dat
9 0 0.000000 1.000000 0.000000 1.000000 0.000000 -0.000000 -0.000000 0.000000 -1.000000 -15.626725 10.033299 0.000000 10.594850 2.869975 6.056825 85974.dat
9 0 -0.066705 0.995541 0.066704 0.703953 0.094334 -0.703954 -0.707107 -0.000001 -0.707107 -11.072100 11.288075 10.995825 12.478225 1.380025 6.056825 85974.dat
9 0 0.066704 0.995541 0.066704 -0.703954 0.094334 -0.703953 -0.707106 0.000000 0.707107 10.919525 11.288075 10.995825 12.478225 1.380025 6.056825 85974.dat
9 0 0.000000 1.000000 -0.000000 -0.707106 0.000000 0.707107 0.707107 -0.000000 0.707106 10.919525 1.840650 -10.995825 2.402200 2.869975 6.056825 85974.dat
10 0 -20.876150 -36.547501 -19.760626 20.845076 9.419325 17.354574 85974.dat
2 22 1.000000 0.000000 0.000000 0.000000 1.000000 0.000000 0.000000 0.000000 1.000000 -10.000000 0.000000 10.000000 2 2 29:0:0,29:0:0,29:0:0,29:0:0,5:4:33,29:0:0,29:0:0,29:0:0,29:0:0, 85974.dat
