9 0 0.000001 -0.000001 -1.000000 0.000001 1.000000 -0.000001 1.000000 -0.000001 0.000001 -0.031768 10.999801 0.137993 2.424000 8.750200 2.471375 86208.dat
9 0 0.000001 1.000000 -0.000001 -0.000001 0.000001 1.000000 1.000000 -0.000001 0.000001 -0.118431 0.016280 9.074525 2.364000 16.745476 2.490600 86208.dat
9 0 0.866026 0.499999 0.000000 -0.000001 0.000001 1.000000 0.499999 -0.866026 0.000001 -3.393636 5.877944 -14.934529 3.279275 6.745475 0.310325 86208.dat
9 0 0.000001 1.000000 -0.000001 -0.000001 0.000001 1.000000 1.000000 -0.000001 0.000001 0.000006 -0.000006 -9.175475 4.749100 1.004500 8.410775 86208.dat
9 0 1.000000 -0.000001 0.000001 -0.000001 0.000001 1.000000 -0.000001 -1.000000 0.000001 -0.134694 -0.102181 -9.175475 4.749100 1.004500 8.410775 86208.dat
9 0 1.000000 -0.000001 0.000001 -0.000001 0.000001 1.000000 -0.000001 -1.000000 0.000001 4.448386 4.448365 -12.302901 1.948375 4.127125 1.948375 86208.dat
9 0 1.000000 -0.000001 0.000001 -0.000001 0.000001 1.000000 -0.000001 -1.000000 0.000001 4.448380 -4.448386 -12.302895 1.948375 4.127125 1.948375 86208.dat
9 0 1.000000 -0.000001 0.000001 -0.000001 0.000001 1.000000 -0.000001 -1.000000 0.000001 -4.448345 -4.448380 -12.302901 1.948375 4.127125 1.948375 86208.dat
9 0 1.000000 -0.000001 0.000001 -0.000001 0.000001 1.000000 -0.000001 -1.000000 0.000001 -4.448339 4.448370 -12.302907 1.948375 4.127125 1.948375 86208.dat
9 0 0.000001 1.000000 -0.000001 -0.000001 0.000001 1.000000 1.000000 -0.000001 0.000001 -6.787265 -0.000004 -14.934529 3.279275 6.745475 0.310325 86208.dat
9 0 -0.866025 0.500001 -0.000001 -0.000001 0.000001 1.000000 0.500001 0.866025 -0.000000 -3.393644 -5.877957 -14.934524 3.279275 6.745475 0.310325 86208.dat
9 0 -0.866026 -0.499999 -0.000000 -0.000001 0.000001 1.000000 -0.499999 0.866026 -0.000001 3.393656 -5.877961 -14.934521 3.279275 6.745475 0.310325 86208.dat
9 0 0.866025 -0.500001 0.000001 -0.000001 0.000001 1.000000 -0.500001 -0.866025 0.000000 3.393664 5.877939 -14.934526 3.279275 6.745475 0.310325 86208.dat
9 0 -0.000001 -1.000000 0.000001 -0.000001 0.000001 1.000000 -1.000000 0.000001 -0.000001 6.787284 -0.000014 -14.934521 3.279275 6.745475 0.310325 86208.dat
10 0 -10.000000 -25.820000 -10.000000 20.000000 22.180000 10.000000 86208.dat
0 4 -1.000000 0.000001 -0.000001 0.000001 -0.000001 -1.000000 -0.000001 -1.000000 0.000001 0.000015 -0.000013 -21.930000 0 1 0.460000 0 0 86208.dat
0 7 -0.000001 0.000001 1.000000 0.000001 1.000000 -0.000001 -1.000000 0.000001 -0.000001 0.000013 20.000000 0.249988 0 1 0.640000 0 0 86208.dat
2 22 0.000001 -0.000001 -1.000000 0.000001 1.000000 -0.000001 1.000000 -0.000001 0.000001 10.000007 19.999998 10.249994 2 2 29:0:0,29:0:0,29:0:0,29:0:0,9:4:32,29:0:0,29:0:0,29:0:0,29:0:0, 86208.dat
0 7 1.000000 -0.000001 0.000001 -0.000001 0.000001 1.000000 -0.000001 -1.000000 0.000001 -0.000017 0.000015 26.070000 0 1 1.360000 0 0 86208.dat
2 22 0.000001 1.000000 -0.000001 -0.000001 0.000001 1.000000 1.000000 -0.000001 0.000001 9.999976 -9.999991 26.070011 2 2 29:0:0,29:0:0,29:0:0,29:0:0,9:4:32,29:0:0,29:0:0,29:0:0,29:0:0, 86208.dat
2 22 -0.000001 -1.000000 0.000001 0.000001 -0.000001 -1.000000 1.000000 -0.000001 0.000001 10.000021 9.999980 -21.930000 2 2 29:0:0,29:0:0,29:0:0,29:0:0,5:4:34,29:0:0,29:0:0,29:0:0,29:0:0, 86208.dat
