9 0 0.965926 0.000000 0.258819 0.000000 1.000000 0.000000 -0.258819 0.000000 0.965926 -9.714577 12.000000 36.255249 10.101125 11.750000 0.846675 87081.dat
9 0 0.965926 0.000000 -0.258819 0.000000 1.000000 0.000000 0.258819 0.000000 0.965926 9.714499 12.000000 36.255249 10.101125 11.750000 0.846675 87081.dat
9 0 0.707107 0.000000 -0.707107 0.000000 1.000000 0.000000 0.707107 0.000000 0.707107 16.427248 9.375000 16.427252 10.101125 9.125000 15.149325 87081.dat
9 0 0.258819 0.000000 -0.965926 0.000000 1.000000 0.000000 0.965926 0.000000 0.258819 36.255245 12.000000 9.714575 10.101125 11.750000 0.846675 87081.dat
9 0 -0.258819 0.000000 -0.965926 0.000000 1.000000 0.000000 0.965926 0.000000 -0.258819 36.255245 12.000000 -9.714601 10.101125 11.750000 0.846675 87081.dat
9 0 -0.707107 0.000000 -0.707107 0.000000 1.000000 0.000000 0.707107 0.000000 -0.707107 16.468498 9.375000 -16.468626 10.101125 9.125000 15.090850 87081.dat
9 0 -0.965926 0.000000 -0.258819 0.000000 1.000000 0.000000 0.258819 0.000000 -0.965926 9.714499 12.000000 -36.255249 10.101125 11.750000 0.846675 87081.dat
9 0 -0.965926 0.000000 0.258819 0.000000 1.000000 0.000000 -0.258819 0.000000 -0.965926 -9.714602 12.000000 -36.255249 10.101125 11.750000 0.846675 87081.dat
9 0 -0.707107 0.000000 0.707107 0.000000 1.000000 0.000000 -0.707107 0.000000 -0.707107 -16.447926 9.375000 -16.447926 10.101125 9.125000 15.120075 87081.dat
9 0 -0.258819 0.000000 0.965926 0.000000 1.000000 0.000000 -0.965926 0.000000 -0.258819 -36.255325 12.000000 -9.714601 10.101125 11.750000 0.846675 87081.dat
9 0 0.258819 0.000000 0.965926 0.000000 1.000000 0.000000 -0.965926 0.000000 0.258819 -36.255325 12.000000 9.714575 10.101125 11.750000 0.846675 87081.dat
9 0 0.707107 0.000000 0.707107 0.000000 1.000000 0.000000 -0.707107 0.000000 0.707107 -16.406576 9.375000 16.406500 10.101125 9.125000 15.178549 87081.dat
9 0 -0.000000 0.000000 -1.000000 0.000000 1.000000 0.000000 1.000000 0.000000 -0.000000 21.984499 9.375000 -0.000025 16.069675 9.125000 13.786075 87081.dat
9 0 -1.000000 0.000000 -0.000000 0.000000 1.000000 0.000000 0.000000 0.000000 -1.000000 0.000000 9.375000 -21.984451 16.069675 9.125000 13.786075 87081.dat
9 0 1.000000 0.000000 0.000000 0.000000 1.000000 0.000000 0.000000 0.000000 1.000000 0.000000 9.375000 21.968000 16.069675 9.125000 13.802550 87081.dat
9 0 -0.000000 0.000000 1.000000 0.000000 1.000000 0.000000 -1.000000 0.000000 -0.000000 -21.984425 9.375000 0.000000 16.069675 9.125000 13.786075 87081.dat
10 0 -10.000025 0.000000 -50.000000 70.000000 28.450001 30.000002 87081.dat
3 23 1.000000 0.000000 0.000000 0.000000 1.000000 0.000000 0.000000 0.000000 1.000000 -40.000000 0.000000 40.000000 8 8 29:0:1,29:0:1,18:1:1,23:4:1,18:2:1,23:4:1,18:1:1,29:0:1,29:0:1,29:0:1,29:0:1,23:4:1,0:4:2,23:4:1,0:4:2,23:4:1,29:0:1,29:0:1,18:1:1,23:4:1,18:3:1,23:4:1,18:4:1,23:4:1,18:3:1,23:4:1,18:1:1,23:4:1,0:4:2,23:4:1,0:4:2,23:4:1,0:4:2,23:4:1,0:4:2,23:4:1,18:2:1,23:4:1,18:4:1,23:4:1,18:4:1,23:4:1,18:4:1,23:4:1,18:2:1,23:4:1,0:4:2,23:4:1,0:4:2,23:4:1,0:4:2,23:4:1,0:4:2,23:4:1,18:1:1,23:4:1,18:3:1,23:4:1,18:4:1,23:4:1,18:3:1,23:4:1,18:1:1,29:0:1,29:0:1,23:4:1,0:4:2,23:4:1,0:4:2,23:4:1,29:0:1,29:0:1,29:0:1,29:0:1,18:1:1,23:4:1,18:2:1,23:4:1,29:0:1,29:0:1,29:0:1, 87081.dat
2 22 1.000000 0.000000 0.000000 0.000000 1.000000 0.000000 0.000000 0.000000 1.000000 -40.000000 24.000000 40.000000 8 8 29:0:1,29:0:1,22:2:1,22:2:1,22:2:1,22:2:1,22:2:1,29:0:1,29:0:1,29:0:1,29:0:1,22:2:1,15:4:0,23:4:1,15:4:0,22:2:1,29:0:1,29:0:1,22:2:1,22:2:1,7:4:0,23:4:1,7:4:2,23:4:1,7:4:0,22:2:1,22:2:1,22:2:1,15:4:0,23:4:1,15:4:1,23:4:1,15:4:1,23:4:1,15:4:0,22:2:1,22:2:1,23:4:1,7:4:2,23:4:1,15:4:0,23:4:1,7:4:2,23:4:1,22:2:1,22:2:1,15:4:0,23:4:1,15:4:1,23:4:1,15:4:1,23:4:1,15:4:0,22:2:1,22:2:1,22:2:1,7:4:0,23:4:1,7:4:2,23:4:1,7:4:0,22:2:1,22:2:1,29:0:1,29:0:1,22:2:1,15:4:0,23:4:1,15:4:0,22:2:1,29:0:1,29:0:1,29:0:1,29:0:1,22:2:1,22:2:1,22:2:1,22:2:1,22:2:1,29:0:1,29:0:1, 87081.dat
6 69 1.000000 0.000000 0.000000 0.000000 1.000000 0.000000 0.000000 0.000000 1.000000 0.000000 17.500000 0.000000 0.000000 0.000000 0.000000 0.000000 1 87081.dat
0 2 -0.000000 0.000000 -1.000000 0.000000 1.000000 0.000000 1.000000 0.000000 -0.000000 0.000000 24.000000 0.000000 0 0 0.800000 0 0 87081.dat
