9 0 0.000000 -0.707106 0.707107 -1.000000 0.000001 0.000001 -0.000001 -0.707107 -0.707106 18.459999 -0.000031 -0.000033 3.764650 11.290000 3.764650 87082.dat
9 0 0.000000 -0.707106 0.707107 -1.000000 0.000001 0.000001 -0.000001 -0.707107 -0.707106 -18.460001 0.018718 -0.002708 3.764650 11.290000 3.764650 87082.dat
9 0 -0.707106 0.000001 0.707107 -0.707107 0.000000 -0.707106 -0.000001 -1.000000 0.000001 5.791253 -0.000019 5.805576 3.258750 0.157400 9.750000 87082.dat
9 0 -1.000000 0.000001 0.000001 -0.000001 -0.000001 -1.000000 -0.000001 -1.000000 0.000001 -0.014496 -0.000014 8.210355 3.258750 0.157400 9.750000 87082.dat
9 0 -0.707107 0.000000 -0.707106 0.707106 -0.000001 -0.707107 -0.000001 -1.000000 0.000001 -5.820072 -0.000012 5.805583 3.258750 0.157400 9.750000 87082.dat
9 0 -0.000001 -0.000001 -1.000000 1.000000 -0.000001 -0.000001 -0.000001 -1.000000 0.000001 -8.224851 -0.000014 -0.000015 3.258750 0.157400 9.750000 87082.dat
9 0 0.707106 -0.000001 -0.707107 0.707107 -0.000000 0.707106 -0.000001 -1.000000 0.000001 -5.820081 -0.000019 -5.805616 3.258750 0.157400 9.750000 87082.dat
9 0 1.000000 -0.000001 -0.000001 0.000001 0.000001 1.000000 -0.000001 -1.000000 0.000001 -0.014508 -0.000024 -8.210395 3.258750 0.157400 9.750000 87082.dat
9 0 0.707107 -0.000000 0.707106 -0.707106 0.000001 0.707107 -0.000001 -1.000000 0.000001 5.791247 -0.000026 -5.805624 3.258750 0.157400 9.750000 87082.dat
9 0 0.000001 0.000001 1.000000 -1.000000 0.000001 0.000001 -0.000001 -1.000000 0.000001 8.195999 -0.000024 -0.000026 3.258750 0.157400 9.750000 87082.dat
10 0 -10.000000 -0.028950 -10.000000 10.000000 60.000004 10.000000 87082.dat
0 2 -1.000000 0.000001 0.000001 0.000001 1.000000 -0.000001 -0.000001 -0.000001 -1.000000 -0.014496 9.999982 -0.000026 0 0 0.800000 0 0 87082.dat
0 3 -0.000001 -1.000000 0.000001 -1.000000 0.000001 0.000001 -0.000001 -0.000001 -1.000000 -30.000002 0.000000 0.000000 0 0 0.800000 0 0 87082.dat
0 3 -0.000001 -1.000000 0.000001 -1.000000 0.000001 0.000001 -0.000001 -0.000001 -1.000000 9.999999 -0.000025 -0.000027 0 0 0.800000 0 0 87082.dat
2 22 0.000001 0.000001 1.000000 0.000001 1.000000 -0.000001 -1.000000 0.000001 0.000001 -10.000001 9.999982 -10.000019 2 2 22:1:1,22:2:1,22:1:1,22:2:1,16:4:64,22:2:1,22:1:1,22:2:1,22:1:1, 87082.dat
2 22 -0.000001 -0.000001 -1.000000 -0.000001 -1.000000 0.000001 -1.000000 0.000001 0.000001 -10.000001 -10.000007 9.999992 2 2 22:1:1,22:2:1,22:1:1,22:2:1,16:4:64,22:2:1,22:1:1,22:2:1,22:1:1, 87082.dat
