9 0 1.000000 0.000000 0.000000 0.000000 1.000000 0.000000 0.000000 0.000000 1.000000 0.000000 -13.883676 0.001025 5.375000 18.491325 6.221150 87566.dat
9 0 1.000000 0.000000 0.000000 0.000000 1.000000 0.000000 0.000000 0.000000 1.000000 0.000000 0.000000 0.053025 17.125074 2.578425 2.578425 87566.dat
9 0 1.000000 0.000000 0.000000 0.000000 1.000000 0.000000 0.000000 0.000000 1.000000 0.000000 -34.360500 0.000000 6.493649 6.435900 0.500000 87566.dat
9 0 1.000000 0.000000 0.000000 0.000000 1.000000 0.000000 0.000000 0.000000 1.000000 -5.945275 -34.523998 -3.506850 1.320275 11.815975 4.165650 87566.dat
9 0 0.984808 0.173648 0.000000 -0.173648 0.984808 0.000000 0.000000 0.000000 1.000000 -11.079525 -31.638750 -0.148325 3.536525 6.717050 5.799150 87566.dat
9 0 0.982121 0.188248 0.000000 -0.188248 0.982121 0.000000 0.000000 0.000000 1.000000 -27.357924 -38.916748 0.000000 2.061875 1.644125 4.750025 87566.dat
9 0 -0.975102 0.221759 -0.000000 0.221759 0.975102 0.000000 0.000000 -0.000000 -1.000000 20.116251 -33.475502 0.053025 8.547826 2.578425 2.578425 87566.dat
9 0 -0.982121 0.188249 -0.000000 0.188249 0.982121 0.000000 0.000000 -0.000000 -1.000000 27.358002 -38.916748 0.000000 2.061875 1.644125 4.750025 87566.dat
9 0 1.000000 0.000000 0.000000 0.000000 1.000000 0.000000 0.000000 0.000000 1.000000 0.000000 -39.973000 -0.093925 6.493649 2.592175 2.250600 87566.dat
9 0 1.000000 0.000000 0.000000 0.000000 1.000000 0.000000 0.000000 0.000000 1.000000 5.945275 -34.523998 -3.506850 1.320275 11.815975 4.165650 87566.dat
9 0 0.984808 -0.173648 0.000000 0.173648 0.984808 0.000000 0.000000 0.000000 1.000000 10.947750 -31.638750 -0.148325 3.536525 6.717050 5.799150 87566.dat
9 0 0.975102 0.221759 0.000000 -0.221759 0.975102 0.000000 0.000000 0.000000 1.000000 -20.116299 -33.475502 0.053025 8.547826 2.578425 2.578425 87566.dat
10 0 -22.971401 -7.250000 -10.084525 42.971500 48.735500 11.666775 87566.dat
0 7 -0.000000 1.000000 0.000000 -1.000000 -0.000000 0.000000 0.000000 0.000000 1.000000 -4.375000 -40.000000 0.000000 1 1 0.350000 0 1 87566.dat
0 7 -0.224950 0.974370 -0.000000 0.974370 0.224950 0.000000 0.000000 -0.000000 -1.000000 -16.130301 -32.176750 0.000000 1 1 0.368380 0 1 87566.dat
0 7 0.224951 0.974370 0.000000 -0.974370 0.224951 0.000000 0.000000 0.000000 1.000000 16.108751 -32.223000 0.000000 1 1 0.368798 0 1 87566.dat
0 7 0.000000 1.000000 -0.000000 1.000000 0.000000 0.000000 0.000000 -0.000000 -1.000000 -5.625000 0.000000 0.000000 1 1 0.350000 0 1 87566.dat
0 7 -0.000000 1.000000 0.000000 -1.000000 -0.000000 0.000000 0.000000 0.000000 1.000000 5.625000 0.000000 0.000000 1 1 0.350000 0 1 87566.dat
