9 0 0.000000 -0.501831 -0.864966 0.000000 0.864966 -0.501831 1.000000 0.000000 0.000000 -0.000001 4.198503 3.790975 0.979000 5.336950 3.750000 87569.dat
9 0 0.000000 -0.599230 -0.800577 0.000000 0.800577 -0.599230 1.000000 0.000000 0.000000 0.000002 -1.593995 -5.737200 0.979000 5.490375 3.750000 87569.dat
9 0 0.000000 -0.592901 -0.805275 0.000000 0.805275 -0.592901 1.000000 0.000000 0.000000 0.000003 12.600252 -9.315600 5.264575 10.289625 3.250000 87569.dat
9 0 0.000000 -0.773185 -0.634180 0.000000 0.634180 -0.773185 1.000000 0.000000 0.000000 0.000001 24.201002 -3.220750 15.089400 6.216700 3.500000 87569.dat
9 0 -0.000000 -0.951798 0.306725 0.000000 -0.306725 -0.951798 1.000000 0.000000 0.000000 -0.000000 41.265930 0.389050 7.198874 4.550050 2.646925 87569.dat
9 0 0.707107 0.000000 -0.707107 0.000000 1.000000 0.000000 0.707107 0.000000 0.707107 0.000000 50.000000 0.000000 5.583625 3.750000 5.583625 87569.dat
9 0 0.913546 0.000000 -0.406736 0.000000 1.000000 0.000000 0.406736 0.000000 0.913546 0.000000 50.000000 0.000000 1.469775 3.750000 22.028925 87569.dat
9 0 -0.913545 0.000000 -0.406737 0.000000 1.000000 0.000000 0.406737 0.000000 -0.913545 0.000000 50.000000 0.000000 1.469775 3.750000 22.028925 87569.dat
10 0 -20.722225 0.000000 -10.546525 20.722225 61.398499 10.546525 87569.dat
2 22 0.000000 0.000000 -1.000000 0.000000 1.000000 0.000000 1.000000 0.000000 0.000000 9.999997 54.000004 10.000003 2 2 29:0:0,29:0:0,29:0:0,29:0:0,5:4:34,29:0:0,29:0:0,29:0:0,29:0:0, 87569.dat
0 6 -0.000000 0.282253 0.959340 -1.000000 0.000000 -0.000000 -0.000000 -0.959340 0.282253 -4.000000 0.043750 -0.024951 0 0 0.320000 1 0 87569.dat
