9 0 -1.000000 0.000000 -0.000000 0.000000 1.000000 0.000000 0.000000 0.000000 -1.000000 -0.000006 34.644249 18.199999 3.478800 1.105850 3.750000 87568.dat
9 0 -1.000000 0.000000 -0.000000 0.000000 1.000000 0.000000 0.000000 0.000000 -1.000000 -5.240381 40.096500 18.199999 0.990375 3.903450 3.750000 87568.dat
9 0 -1.000000 0.000000 -0.000000 0.000000 1.000000 0.000000 0.000000 0.000000 -1.000000 5.240369 40.096500 18.200001 0.990375 3.903450 3.750000 87568.dat
9 0 -0.000000 -0.771686 0.636004 0.000000 -0.636004 -0.771686 1.000000 0.000000 0.000000 -0.000001 -4.105325 3.258400 0.990375 3.903450 3.750000 87568.dat
9 0 0.000000 0.771686 -0.636004 0.000000 -0.636004 -0.771686 -1.000000 0.000000 -0.000000 0.000001 3.982525 -3.407400 0.990375 3.903450 3.750000 87568.dat
9 0 -1.000000 0.000000 -0.000000 0.000000 1.000000 0.000000 0.000000 0.000000 -1.000000 -0.000006 25.093498 18.199999 1.750000 7.944875 3.000000 87568.dat
9 0 -1.000000 0.000000 -0.000000 0.000000 0.771686 -0.636004 0.000000 -0.636004 -0.771686 -0.000006 14.129400 17.143650 3.250000 3.750000 2.881125 87568.dat
9 0 -1.000000 0.000000 -0.000000 0.000000 0.771686 -0.636004 0.000000 -0.636004 -0.771686 -0.000002 4.531525 5.498250 3.250000 5.000000 2.875000 87568.dat
9 0 0.000000 -0.636004 -0.771686 -0.000001 -0.771686 0.636004 -1.000000 0.000000 -0.000000 -0.000004 9.839375 11.938049 11.220301 2.442050 2.442050 87568.dat
10 0 -7.750000 -44.250000 -7.401450 7.750000 7.704125 22.700001 87568.dat
0 6 0.000000 1.000000 0.000000 1.000000 -0.000000 0.000000 0.000000 0.000000 -1.000000 4.000000 0.000000 0.000001 0 0 0.320000 1 0 87568.dat
0 6 0.000000 1.000000 -0.000000 0.000000 -0.000000 -1.000000 -1.000000 0.000000 -0.000000 -0.000005 40.000000 14.200001 0 0 0.320000 1 0 87568.dat
0 7 0.000000 0.771624 -0.636079 -0.000000 0.636079 0.771624 1.000000 -0.000000 0.000000 -0.000005 12.137875 14.726899 1 1 0.353378 0 1 87568.dat
