9 0 -0.909163 0.000000 0.416440 0.000000 1.000000 0.000000 -0.416440 0.000000 -0.909163 16.848602 34.393002 68.410751 1.814500 4.443825 6.051000 87564.dat
9 0 -0.985058 0.000000 0.172222 0.000000 1.000000 0.000000 -0.172222 0.000000 -0.985058 22.385256 34.762749 57.670254 8.791124 3.777850 3.648025 87564.dat
9 0 -1.000000 0.000000 -0.000000 0.000000 0.907453 -0.420154 0.000000 -0.420154 -0.907453 23.700117 61.980747 27.541008 2.706250 3.777850 8.623250 87564.dat
9 0 -1.000000 0.000000 -0.000000 0.000000 0.314550 -0.949241 0.000000 -0.949241 -0.314550 20.670229 46.772251 -12.762168 1.574200 3.777850 7.698600 87564.dat
9 0 -1.000000 0.000000 -0.000000 0.000000 -0.000000 -1.000000 -0.000000 -1.000000 0.000000 8.970350 -13.386300 0.169028 8.721476 12.788500 3.709475 87564.dat
9 0 -0.943494 0.324834 -0.065594 0.325499 0.945542 0.000587 0.062213 -0.020797 -0.997846 14.559880 14.366449 -14.447646 8.170825 20.550001 2.176400 87564.dat
9 0 -0.973340 0.229366 -0.000000 0.229366 0.973340 0.000000 0.000000 0.000000 -1.000000 26.355749 9.018925 -1.136741 2.065825 24.675674 13.491900 87564.dat
9 0 -0.995716 0.092463 -0.000000 0.092463 0.995716 0.000000 0.000000 0.000000 -1.000000 12.236371 10.726501 13.997404 10.019900 20.550001 0.957625 87564.dat
9 0 -0.994920 0.100559 -0.004742 0.100176 0.993598 0.052219 0.009962 0.051479 -0.998624 9.028879 17.523176 -13.146196 6.771025 20.020699 0.957625 87564.dat
9 0 -1.000000 0.000000 -0.000000 0.000000 1.000000 0.000000 0.000000 0.000000 -1.000000 8.125000 -9.144100 -0.191947 4.125000 3.105900 4.521500 87564.dat
9 0 -1.000000 0.000000 -0.000000 0.000000 1.000000 0.000000 0.000000 0.000000 -1.000000 6.250001 5.081850 -4.035823 6.000000 1.934200 0.677625 87564.dat
9 0 -1.000000 0.000000 -0.000000 0.000000 1.000000 0.000000 0.000000 0.000000 -1.000000 6.250002 -0.138225 -7.207823 6.000000 1.934200 0.677625 87564.dat
9 0 -1.000000 0.000000 -0.000000 0.000000 1.000000 0.000000 0.000000 0.000000 -1.000000 10.000000 10.669100 -0.192372 6.000000 1.841300 3.323200 87564.dat
9 0 -1.000000 0.000000 -0.000000 0.000000 1.000000 0.000000 0.000000 0.000000 -1.000000 6.249999 5.081850 3.489127 6.000000 1.934200 0.677625 87564.dat
9 0 -1.000000 0.000000 -0.000000 0.000000 1.000000 0.000000 0.000000 0.000000 -1.000000 6.249998 -0.138225 6.777728 6.000000 1.934200 0.561050 87564.dat
9 0 -0.684221 -0.721222 0.108076 -0.703428 0.691789 0.163148 -0.192432 0.035606 -0.980664 20.909645 43.546249 17.819132 9.880825 9.665250 31.607500 87564.dat
9 0 -1.000000 0.000000 -0.000000 0.000000 1.000000 0.000000 0.000000 0.000000 -1.000000 36.603230 48.263748 61.067509 3.714825 14.173625 14.923175 87564.dat
10 0 -44.019749 -69.521248 -19.171450 0.005075 19.480200 84.380753 87564.dat
0 4 -0.000000 1.000000 0.000000 -1.000000 0.000000 -0.000000 -0.000000 -0.000000 1.000000 0.000000 0.000000 0.000000 0 1 0.800000 0 0 87564.dat
0 6 -0.294567 0.000000 -0.955631 0.000000 -1.000000 -0.000000 -0.955631 -0.000000 0.294567 23.684654 28.942001 66.299751 0 0 0.400000 1 0 87564.dat
