9 0 0.000000 0.000000 -1.000000 0.000000 1.000000 0.000000 1.000000 0.000000 0.000000 -49.500000 45.051899 -20.000002 39.750000 2.698100 9.250000 87606.dat
9 0 1.000000 0.000000 0.000000 0.000000 1.000000 0.000000 -0.000000 0.000000 1.000000 0.000000 44.000000 -61.868744 43.500000 3.750000 1.618750 87606.dat
9 0 1.000000 -0.000000 0.000000 -0.000000 -0.000000 1.000000 -0.000000 -1.000000 -0.000000 -0.028500 41.375000 -73.688004 19.918200 9.700550 1.125000 87606.dat
9 0 0.706417 0.000000 -0.707795 0.000000 1.000000 0.000000 0.707795 0.000000 0.706417 -55.435150 45.599998 -61.926495 2.923975 2.150000 1.618750 87606.dat
9 0 0.706417 0.000000 -0.707795 0.000000 1.000000 0.000000 0.707795 0.000000 0.706417 -38.698849 45.599998 -78.695251 7.517825 2.150000 1.618750 87606.dat
9 0 0.706417 0.000000 -0.707795 0.000000 1.000000 0.000000 0.707795 0.000000 0.706417 -21.407249 45.599998 -95.955254 3.660150 2.150000 1.618750 87606.dat
9 0 1.000000 0.000000 0.000000 0.000000 1.000000 0.000000 -0.000000 0.000000 1.000000 0.015497 45.599998 -98.131248 19.765501 2.150000 1.618750 87606.dat
9 0 1.000000 0.000000 0.000000 0.000000 0.474874 -0.880054 -0.000000 0.880054 0.474873 0.015497 22.549498 -59.557499 19.765501 45.147999 0.781675 87606.dat
9 0 0.000000 0.000000 -1.000000 -0.679540 0.733639 -0.000000 0.733639 0.679540 0.000000 -38.660004 22.910999 -0.211175 19.961201 29.136000 1.618750 87606.dat
9 0 0.000000 0.000000 -1.000000 0.679540 0.733639 0.000000 0.733639 -0.679540 0.000000 38.660004 22.910999 -0.211174 19.961201 29.136000 1.618750 87606.dat
9 0 0.000000 0.000000 -1.000000 1.000000 -0.000000 0.000000 -0.000000 -1.000000 -0.000000 0.000000 1.951247 -0.091549 19.841551 19.812000 1.618750 87606.dat
9 0 0.000000 0.000000 -1.000000 0.000000 1.000000 0.000000 1.000000 0.000000 0.000000 49.500000 45.329426 -20.000002 39.750000 2.420575 9.250000 87606.dat
9 0 -0.706417 0.000000 -0.707795 0.000000 1.000000 0.000000 0.707795 0.000000 -0.706417 55.435253 45.599998 -61.926495 2.923975 2.150000 1.618750 87606.dat
9 0 -0.706417 0.000000 -0.707795 0.000000 1.000000 0.000000 0.707795 0.000000 -0.706417 38.698750 45.599998 -78.695251 7.517825 2.150000 1.618750 87606.dat
9 0 -0.706417 0.000000 -0.707795 0.000000 1.000000 0.000000 0.707795 0.000000 -0.706417 21.407253 45.599998 -95.955254 3.660150 2.150000 1.618750 87606.dat
9 0 -0.385071 -0.415727 -0.823949 0.559906 0.604481 -0.566664 0.733639 -0.679540 0.000000 38.160503 22.371998 -31.587749 6.091625 29.811998 1.618750 87606.dat
9 0 0.000000 0.000000 -1.000000 0.679540 0.733639 0.000000 0.733639 -0.679540 0.000000 54.875755 40.417824 -35.503750 14.831426 5.273225 1.618750 87606.dat
9 0 -0.709758 -0.002169 -0.704442 0.559648 0.605588 -0.565736 0.427829 -0.795775 -0.428607 36.947250 24.071724 -43.265751 4.365175 25.911251 1.618750 87606.dat
9 0 -0.903856 -0.378025 -0.200352 -0.002589 0.473115 -0.880997 0.427828 -0.795776 -0.428607 25.931000 25.401550 -56.684994 7.098325 24.153225 1.618750 87606.dat
9 0 -0.577328 -0.605450 0.547834 -0.695453 0.013068 -0.718452 0.427828 -0.795776 -0.428607 34.598999 30.452124 -57.409996 13.284400 9.537400 1.618750 87606.dat
9 0 -0.562788 -0.606460 0.561672 -0.706467 0.000116 -0.707746 0.429155 -0.795114 -0.428509 38.981998 38.835571 -71.578751 4.951450 22.792774 0.338175 87606.dat
9 0 -0.385071 -0.415727 -0.823949 0.559906 0.604481 -0.566664 0.733639 -0.679540 0.000000 45.230251 30.004299 -24.514002 8.749250 13.176399 1.618750 87606.dat
9 0 0.385071 -0.415727 -0.823949 -0.559906 0.604481 -0.566664 0.733639 0.679540 -0.000000 -37.645325 22.371998 -31.587749 6.091625 29.811998 1.618750 87606.dat
9 0 0.000000 0.000000 -1.000000 -0.679540 0.733639 -0.000000 0.733639 0.679540 0.000000 -54.360550 40.417824 -35.503750 14.831426 5.273225 1.618750 87606.dat
9 0 0.709758 -0.002169 -0.704442 -0.559648 0.605588 -0.565736 0.427829 0.795775 0.428607 -36.431950 24.071724 -43.265751 4.365175 25.911251 1.618750 87606.dat
9 0 0.903856 -0.378025 -0.200352 0.002589 0.473115 -0.880997 0.427828 0.795776 0.428607 -25.415648 25.401550 -56.684994 7.098325 24.153225 1.618750 87606.dat
9 0 0.577328 -0.605450 0.547834 0.695453 0.013068 -0.718452 0.427828 0.795776 0.428607 -34.083748 30.452124 -57.409996 13.284400 9.537400 1.618750 87606.dat
9 0 0.562788 -0.606460 0.561672 0.706467 0.000116 -0.707746 0.429155 0.795114 0.428509 -38.466801 38.835571 -71.578751 4.951450 22.792774 0.338175 87606.dat
9 0 0.385071 -0.415727 -0.823949 -0.559906 0.604481 -0.566664 0.733639 0.679540 -0.000000 -44.714924 30.004299 -24.514002 8.749250 13.176399 1.618750 87606.dat
10 0 -10.000000 0.000000 -110.000000 110.000000 52.424995 10.000000 87606.dat
3 23 0.000000 0.000000 -1.000000 0.000000 1.000000 0.000000 1.000000 0.000000 0.000000 19.999998 0.000000 20.000002 4 4 18:1:1,23:4:1,18:2:1,23:4:1,18:1:1,23:4:1,1:4:1,23:4:1,1:4:1,23:4:1,18:2:1,23:4:1,18:4:1,23:4:1,18:2:1,23:4:1,1:4:1,23:4:1,1:4:1,23:4:1,18:1:1,23:4:1,18:2:1,23:4:1,18:1:1, 87606.dat
2 22 0.000000 0.000000 -1.000000 0.000000 1.000000 0.000000 1.000000 0.000000 0.000000 60.000004 48.000000 20.000002 12 12 22:1:1,22:2:1,22:2:1,22:2:1,22:2:1,22:2:1,22:2:1,22:2:1,22:3:1,29:0:1,29:0:1,29:0:1,29:0:1,22:2:1,15:4:1,9:4:1,15:4:1,9:4:1,15:4:1,9:4:1,15:4:1,22:2:1,29:0:1,29:0:1,29:0:1,29:0:1,22:1:1,22:2:1,22:2:1,22:2:1,22:2:1,22:2:1,22:2:1,22:2:1,22:3:1,22:2:1,22:2:1,29:0:1,29:0:1,29:0:1,29:0:1,29:0:1,29:0:1,29:0:1,29:0:1,29:0:1,29:0:1,22:2:1,15:4:0,22:2:1,29:0:1,29:0:1,29:0:1,29:0:1,29:0:1,29:0:1,29:0:1,29:0:1,29:0:1,29:0:1,22:2:1,23:4:1,7:4:2,22:2:1,22:2:1,29:0:1,29:0:1,29:0:1,29:0:1,29:0:1,29:0:1,29:0:1,29:0:1,22:2:1,15:4:1,23:4:1,15:4:0,22:2:1,29:0:1,29:0:1,29:0:1,29:0:1,29:0:1,29:0:1,29:0:1,29:0:1,22:2:1,23:4:1,7:4:2,23:4:1,22:2:1,29:0:1,29:0:1,29:0:1,29:0:1,29:0:1,29:0:1,29:0:1,29:0:1,22:2:1,15:4:1,23:4:1,15:4:0,22:2:1,29:0:1,29:0:1,29:0:1,29:0:1,29:0:1,29:0:1,29:0:1,29:0:1,22:2:1,23:4:1,7:4:2,22:2:1,22:2:1,29:0:1,29:0:1,29:0:1,29:0:1,29:0:1,29:0:1,29:0:1,29:0:1,22:2:1,15:4:0,22:2:1,29:0:1,29:0:1,22:1:1,22:2:1,22:2:1,22:2:1,22:2:1,22:2:1,22:2:1,22:2:1,22:3:1,22:2:1,22:2:1,29:0:1,29:0:1,22:2:1,15:4:1,9:4:1,15:4:1,9:4:1,15:4:1,9:4:1,15:4:1,22:2:1,29:0:1,29:0:1,29:0:1,29:0:1,22:1:1,22:2:1,22:2:1,22:2:1,22:2:1,22:2:1,22:2:1,22:2:1,22:3:1,29:0:1,29:0:1,29:0:1,29:0:1, 87606.dat
