9 0 0.000000 0.000000 1.000000 0.000000 1.000000 0.000000 -1.000000 0.000000 0.000000 0.000003 91.999992 -23.572340 16.177650 3.750000 39.750000 87616.dat
9 0 0.000000 0.000000 1.000000 0.000000 1.000000 0.000000 -1.000000 0.000000 0.000000 -22.203493 91.999992 -19.999985 19.750000 3.750000 14.808901 87616.dat
9 0 0.000000 0.000000 1.000000 0.000000 1.000000 0.000000 -1.000000 0.000000 0.000000 22.392529 91.999992 -19.999998 19.750000 3.750000 14.620000 87616.dat
9 0 0.000000 -0.574476 0.818521 0.000000 0.818521 0.574476 -1.000000 0.000000 0.000000 0.000033 56.867496 78.921265 50.559254 0.526175 20.601749 87616.dat
9 0 0.000000 0.000000 1.000000 0.000000 1.000000 0.000000 -1.000000 0.000000 0.000000 0.000015 89.374992 12.998756 5.604150 1.124975 29.278248 87616.dat
9 0 0.009466 -0.999952 -0.002632 0.998741 0.009324 0.049287 -0.049260 -0.003096 0.998781 57.616520 37.766247 16.648739 37.385750 1.034175 16.158726 87616.dat
9 0 0.060733 -0.998132 0.006696 0.990248 0.061093 0.125206 -0.125381 -0.000973 0.992108 52.439404 17.235500 54.116241 16.859900 1.001125 22.168800 87616.dat
9 0 -0.662677 0.145340 0.734667 0.512731 0.803072 0.303615 -0.545864 0.577885 -0.606697 41.125267 81.163445 19.498497 15.572725 0.377700 10.400625 87616.dat
9 0 0.000000 0.000000 1.000000 0.000000 1.000000 0.000000 -1.000000 0.000000 0.000000 50.000008 73.637497 -20.000008 19.750000 1.387500 9.750000 87616.dat
9 0 0.000000 0.000000 1.000000 0.000000 1.000000 0.000000 -1.000000 0.000000 0.000000 44.581730 78.496597 -19.119856 20.630150 6.246625 4.331750 87616.dat
9 0 0.000000 0.000000 1.000000 0.000000 1.000000 0.000000 -1.000000 0.000000 0.000000 0.000048 6.071746 120.000008 19.750000 5.821800 19.750000 87616.dat
9 0 0.000000 0.000000 1.000000 0.000000 1.000000 0.000000 -1.000000 0.000000 0.000000 0.000042 20.007748 103.329758 3.079850 19.757751 19.750000 87616.dat
9 0 0.000000 -0.628096 0.778136 0.000000 0.778136 0.628096 -1.000000 0.000000 0.000000 0.000054 15.832496 138.692261 23.536650 0.593525 11.529800 87616.dat
9 0 -0.080487 -0.581644 0.809452 0.408193 0.721633 0.559129 -0.909341 0.375415 0.179341 24.110588 42.528500 91.596504 65.225998 0.593500 8.297626 87616.dat
9 0 0.000000 -1.000000 0.000000 0.752845 -0.000000 0.658198 -0.658198 0.000000 0.752845 22.057106 3.770995 144.190735 3.520950 0.593500 17.089251 87616.dat
9 0 -0.000000 -1.000000 0.000000 0.946485 -0.000000 0.322749 -0.322749 0.000000 0.946484 42.235943 3.770995 105.759239 3.520950 0.593500 26.885000 87616.dat
9 0 -0.089976 -0.653681 0.751402 0.955366 0.156512 0.250557 -0.281388 0.740408 0.610423 51.864655 31.223751 57.029743 37.577000 0.593525 8.297626 87616.dat
9 0 -0.068166 -0.602442 0.795246 0.668990 0.563740 0.484407 -0.740139 0.565032 0.364600 35.345013 42.470997 81.901497 50.922249 0.593500 8.297626 87616.dat
9 0 0.000000 0.000000 1.000000 0.000000 1.000000 0.000000 -1.000000 0.000000 0.000000 -44.581741 78.496597 -19.119829 20.630150 6.246625 4.331750 87616.dat
9 0 0.000000 0.000000 1.000000 0.000000 1.000000 0.000000 -1.000000 0.000000 0.000000 -49.999992 73.637497 -19.999975 19.750000 1.387500 9.750000 87616.dat
9 0 0.003361 -0.003255 0.999989 -0.718384 0.695631 0.004679 -0.695638 -0.718392 -0.000000 -48.257000 84.155228 -23.060152 16.700224 1.929325 13.341575 87616.dat
9 0 0.089977 -0.653681 0.751402 -0.746175 0.455456 0.485574 -0.659642 -0.604368 -0.446780 -44.723969 41.310249 66.554024 48.548748 0.593525 8.297626 87616.dat
9 0 0.068166 -0.602442 0.795246 -0.668989 0.563740 0.484408 -0.740140 -0.565032 -0.364599 -35.344963 42.470997 81.901520 50.922249 0.593500 8.297626 87616.dat
9 0 0.089976 -0.653681 0.751402 -0.955366 0.156512 0.250557 -0.281388 -0.740408 -0.610423 -51.864719 31.223751 57.029770 37.577000 0.593525 8.297626 87616.dat
9 0 0.000000 -1.000000 -0.000000 -0.946484 -0.000000 0.322750 -0.322750 -0.000000 -0.946484 -42.235958 3.770995 105.759262 3.520950 0.593500 26.885000 87616.dat
9 0 -0.000000 -1.000000 0.000000 -0.752845 -0.000000 0.658198 -0.658198 -0.000000 -0.752844 -22.056944 3.770995 144.190765 3.520950 0.593500 17.089251 87616.dat
9 0 0.080488 -0.581644 0.809452 -0.408192 0.721633 0.559129 -0.909341 -0.375415 -0.179340 -24.110460 42.528500 91.596512 65.225998 0.593500 8.297626 87616.dat
9 0 0.662677 0.145340 0.734667 -0.512730 0.803072 0.303616 -0.545863 -0.577885 0.606698 -41.125233 81.163445 19.498522 15.572725 0.377700 10.400625 87616.dat
9 0 -0.060733 -0.998132 0.006696 -0.990248 0.061093 0.125206 -0.125382 0.000973 -0.992108 -52.439476 17.235500 54.116272 16.859900 1.001125 22.168800 87616.dat
9 0 -0.009466 -0.999952 -0.002632 -0.998741 0.009324 0.049287 -0.049260 0.003096 -0.998781 -57.616486 37.766247 16.648775 37.385750 1.034175 16.158726 87616.dat
9 0 -0.089976 -0.653681 0.751402 0.746175 0.455456 0.485574 -0.659641 0.604368 0.446780 44.723930 41.310249 66.553993 48.548748 0.593525 8.297626 87616.dat
9 0 0.140648 -0.160417 0.976977 -0.628380 0.748093 0.213298 -0.765086 -0.643913 0.004415 -47.454487 82.157326 2.991024 8.859475 0.573225 13.341575 87616.dat
9 0 0.000000 -0.351146 0.936321 0.000000 0.936321 0.351146 -1.000000 0.000000 0.000000 0.000018 86.407700 27.179760 8.287025 1.124975 26.488251 87616.dat
9 0 -0.140647 -0.160417 0.976977 0.628380 0.748093 0.213298 -0.765086 0.643913 -0.004414 47.454586 82.157326 2.990994 8.859475 0.573225 13.341575 87616.dat
9 0 -0.003361 -0.003255 0.999989 0.718384 0.695631 0.004679 -0.695638 0.718392 0.000001 48.257030 84.155228 -23.060183 16.700224 1.929325 13.341575 87616.dat
10 0 -10.000000 0.000000 -90.023499 190.000000 100.450005 30.023500 87616.dat
3 23 0.000000 0.000000 1.000000 0.000000 1.000000 0.000000 -1.000000 0.000000 0.000000 -20.023458 0.000000 100.000000 4 4 18:1:1,23:4:1,18:2:1,23:4:1,18:1:1,23:4:1,1:4:1,23:4:1,1:4:1,23:4:1,18:2:1,23:4:1,18:4:1,23:4:1,18:2:1,23:4:1,1:4:1,23:4:1,1:4:1,23:4:1,18:1:1,23:4:1,18:2:1,23:4:1,18:1:1, 87616.dat
3 23 0.000000 0.000000 1.000000 0.000000 1.000000 0.000000 -1.000000 0.000000 0.000000 40.023399 71.999969 -40.000004 2 4 18:1:1,23:4:1,18:2:1,23:4:1,18:1:1,23:4:1,1:4:1,23:4:1,1:4:1,23:4:1,18:1:1,23:4:1,18:2:1,23:4:1,18:1:1, 87616.dat
3 23 0.000000 0.000000 1.000000 0.000000 1.000000 0.000000 -1.000000 0.000000 0.000000 -60.023506 71.999969 -39.999973 2 4 18:1:1,23:4:1,18:2:1,23:4:1,18:1:1,23:4:1,1:4:1,23:4:1,1:4:1,23:4:1,18:1:1,23:4:1,18:2:1,23:4:1,18:1:1, 87616.dat
2 22 0.000000 0.000000 1.000000 0.000000 1.000000 0.000000 -1.000000 0.000000 0.000000 -40.000004 96.000000 -39.999981 8 6 22:1:1,22:2:1,22:2:1,22:2:1,22:2:1,29:0:1,29:0:1,22:2:1,15:4:1,23:4:1,15:4:0,23:4:1,29:0:1,29:0:1,22:2:1,23:4:1,7:4:2,23:4:1,7:4:2,29:0:1,29:0:1,22:2:1,15:4:1,23:4:1,15:4:0,23:4:1,29:0:1,29:0:1,22:2:1,23:4:1,7:4:2,23:4:1,7:4:0,29:0:1,29:0:1,22:2:1,15:4:1,23:4:1,15:4:0,23:4:1,29:0:1,29:0:1,22:2:1,23:4:1,7:4:2,23:4:1,7:4:2,29:0:1,29:0:1,22:2:1,15:4:1,23:4:1,15:4:0,23:4:1,29:0:1,29:0:1,22:1:1,22:2:1,22:2:1,22:2:1,22:2:1,29:0:1,29:0:1, 87616.dat
0 8 -1.000000 0.000000 0.000000 0.000000 1.000000 0.000000 -0.000000 0.000000 -1.000000 0.000009 96.000000 0.000009 0 0 0.320000 0 0 87616.dat
3 23 0.000000 0.000000 1.000000 0.000000 1.000000 0.000000 -1.000000 0.000000 0.000000 -40.000004 88.000000 -39.999981 8 6 18:1:1,23:4:1,18:2:1,23:4:1,18:2:1,23:4:1,29:0:1,23:4:1,0:4:1,23:4:1,0:4:1,23:4:1,18:4:1,23:4:1,18:2:1,23:4:1,18:4:1,23:4:1,18:4:1,23:4:1,18:2:1,23:4:1,0:4:1,23:4:1,0:4:0,23:4:1,0:4:0,23:4:1,18:2:1,23:4:1,18:4:1,23:4:1,18:4:1,23:4:1,18:2:1,23:4:1,0:4:1,23:4:1,0:4:0,23:4:1,0:4:0,23:4:1,18:2:1,23:4:1,18:4:1,23:4:1,18:4:1,23:4:1,18:2:1,23:4:1,0:4:1,23:4:1,0:4:1,23:4:1,18:4:1,23:4:1,18:1:1,23:4:1,18:2:1,23:4:1,18:2:1,23:4:1,29:0:1, 87616.dat
6 28 -1.000000 0.000000 0.000000 0.000000 1.000000 0.000000 -0.000000 0.000000 -1.000000 0.000009 91.999992 0.000009 0.000000 0.000000 0.000000 0.000000 0 87616.dat
