9 0 0.000000 0.000000 -1.000000 0.000000 1.000000 0.000000 1.000000 0.000000 0.000000 0.000001 4.010000 -0.200003 79.750000 3.750000 19.750000 87614.dat
9 0 0.000000 0.000000 -1.000000 0.000000 1.000000 0.000000 1.000000 0.000000 0.000000 -0.000001 -110.124992 129.800003 29.750002 1.625000 19.750000 87614.dat
9 0 0.000000 0.567844 -0.823136 -0.000000 0.823136 0.567844 1.000000 0.000000 0.000000 0.000001 -51.856750 5.427748 97.184250 4.332925 2.396950 87614.dat
9 0 0.000000 -0.594332 -0.804220 0.000000 0.804220 -0.594332 1.000000 0.000000 0.000000 -0.000001 -55.726006 117.634247 2.451400 67.058006 1.625000 87614.dat
9 0 0.000000 -0.595524 -0.803338 0.000000 0.803338 -0.595524 1.000000 0.000000 0.000000 0.000000 -53.902500 93.379196 20.805775 55.566250 1.625000 87614.dat
9 0 0.000000 0.000000 -1.000000 0.000000 1.000000 0.000000 1.000000 0.000000 0.000000 0.000001 -3.283500 6.834250 68.965500 6.553925 1.625000 87614.dat
9 0 0.000000 -0.815770 -0.578376 0.000000 0.578376 -0.815770 1.000000 0.000000 0.000000 0.000001 -49.517750 29.104248 11.885425 80.694000 1.625000 87614.dat
9 0 0.000000 -0.965508 -0.260375 0.000000 0.260375 -0.965508 1.000000 0.000000 0.000000 0.000000 -32.995499 41.151001 25.369999 47.989250 1.625000 87614.dat
9 0 0.000000 0.000000 -1.000000 0.000000 1.000000 0.000000 1.000000 0.000000 0.000000 -0.000001 -102.106750 114.977753 32.283001 9.642250 1.625000 87614.dat
10 0 -90.000000 -0.010000 -30.000002 150.199997 124.425003 10.000000 87614.dat
2 22 0.000000 0.000000 -1.000000 0.000000 1.000000 0.000000 1.000000 0.000000 0.000000 20.000002 8.010000 79.799995 4 16 22:1:1,22:2:1,22:2:1,22:2:1,22:2:1,22:2:1,22:2:1,22:2:1,22:2:1,22:2:1,22:2:1,22:2:1,22:2:1,22:2:1,22:2:1,22:2:1,22:1:1,22:2:1,15:4:1,23:4:1,15:4:1,23:4:1,15:4:1,23:4:1,15:4:1,23:4:1,15:4:1,23:4:1,15:4:1,23:4:1,15:4:1,23:4:1,15:4:1,22:2:1,22:2:1,23:4:1,7:4:2,23:4:1,7:4:2,23:4:1,7:4:2,23:4:1,7:4:2,23:4:1,7:4:2,23:4:1,7:4:2,23:4:1,7:4:2,23:4:1,22:2:1,22:2:1,15:4:1,23:4:1,15:4:1,23:4:1,15:4:1,23:4:1,15:4:1,23:4:1,15:4:1,23:4:1,15:4:1,23:4:1,15:4:1,23:4:1,15:4:1,22:2:1,22:1:1,22:2:1,22:2:1,22:2:1,22:2:1,22:2:1,22:2:1,22:2:1,22:2:1,22:2:1,22:2:1,22:2:1,22:2:1,22:2:1,22:2:1,22:2:1,22:1:1, 87614.dat
3 23 0.000000 0.000000 -1.000000 0.000000 1.000000 0.000000 1.000000 0.000000 0.000000 20.000002 -112.000000 159.999985 4 6 18:1:1,23:4:1,18:2:1,23:4:1,18:2:1,23:4:1,18:1:1,23:4:1,1:4:2,23:4:1,1:4:1,23:4:1,1:4:2,23:4:1,18:2:1,23:4:1,18:4:1,23:4:1,18:4:1,23:4:1,18:2:1,23:4:1,1:4:2,23:4:1,1:4:1,23:4:1,1:4:2,23:4:1,18:1:1,23:4:1,18:2:1,23:4:1,18:2:1,23:4:1,18:1:1, 87614.dat
0 7 -0.000000 1.000000 0.000000 -0.000000 -0.000000 1.000000 1.000000 0.000000 0.000000 0.000000 -108.165993 99.800003 1 0 0.689499 0 0 87614.dat
0 7 0.000000 -0.823136 -0.567844 0.000000 0.567844 -0.823136 1.000000 0.000000 0.000000 0.000001 0.009950 -72.833496 1 0 7.652250 0 0 87614.dat
