9 0 0.707107 -0.707107 0.000000 0.707107 0.707107 0.000000 0.000000 0.000000 1.000000 0.000000 0.000000 -20.000002 2.578425 2.578425 9.750000 87618.dat
9 0 0.707106 0.000000 0.707107 -0.707107 0.000000 0.707106 -0.000000 -1.000000 0.000000 0.000000 -48.750000 -0.187501 2.578425 2.578425 51.000000 87618.dat
9 0 1.000000 0.000000 0.000000 0.000000 1.000000 0.000000 0.000000 0.000000 1.000000 0.000000 -0.004625 -0.187501 3.063875 3.254675 9.562500 87618.dat
9 0 1.000000 0.000000 0.000000 0.000000 0.601431 0.798924 0.000000 -0.798924 0.601431 0.000000 -5.536300 5.447001 1.250000 2.109500 2.419550 87618.dat
9 0 1.000000 0.000000 0.000000 0.000000 0.601431 -0.798924 0.000000 0.798924 0.601431 0.000000 -5.536300 -5.821901 1.250000 2.109475 2.419550 87618.dat
10 0 -5.000000 -5.000050 -39.625000 5.000000 100.000000 0.000000 87618.dat
0 7 -0.000000 1.000000 -0.000000 0.000000 -0.000000 -1.000000 -1.000000 0.000000 -0.000000 0.000000 0.000000 -30.000002 0 1 0.800000 0 0 87618.dat
0 7 0.000000 -0.000000 -1.000000 0.000000 -1.000000 0.000000 -1.000000 -0.000000 0.000000 0.000000 -100.000000 -0.187501 0 1 3.635940 0 0 87618.dat
2 22 1.000000 0.000000 0.000000 0.000000 -0.000000 -1.000000 0.000000 1.000000 -0.000000 -10.000000 10.000000 -30.000002 2 2 29:0:0,29:0:0,29:0:0,29:0:0,9:4:32,29:0:0,29:0:0,29:0:0,29:0:0, 87618.dat
2 22 1.000000 0.000000 0.000000 0.000000 -1.000000 -0.000000 0.000000 0.000000 -1.000000 -10.000000 -100.000000 -10.187501 2 2 29:0:0,29:0:0,29:0:0,29:0:0,9:4:32,29:0:0,29:0:0,29:0:0,29:0:0, 87618.dat
