9 0 0.000000 0.000000 1.000000 0.000000 1.000000 0.000000 -1.000000 0.000000 0.000000 0.000017 54.879250 -96.137505 2.090825 6.120975 8.000000 87612.dat
9 0 0.429478 0.521862 0.737027 -0.209937 0.851464 -0.480557 -0.878336 0.051659 0.475244 -32.864227 35.370998 -76.487244 0.642725 13.090449 13.113375 87612.dat
9 0 -0.241601 -0.011056 0.970313 -0.147002 0.988812 -0.025336 -0.959176 -0.148759 -0.240523 -48.019718 37.854248 -52.152489 11.945974 14.626551 0.481775 87612.dat
9 0 -0.131820 0.000000 0.991274 0.000000 1.000000 0.000000 -0.991274 0.000000 -0.131820 -53.085716 37.675251 -35.628735 5.411350 14.626551 1.023450 87612.dat
9 0 0.860924 0.294852 0.414574 -0.051335 0.861104 -0.505830 -0.506136 0.414199 0.756482 -45.060223 38.738243 -67.437737 1.224300 13.937201 7.239475 87612.dat
9 0 0.574111 0.000000 0.818778 0.000000 1.000000 0.000000 -0.818778 0.000000 0.574111 -34.420128 51.306248 -86.391991 1.224300 2.193750 13.392375 87612.dat
9 0 0.154198 0.000000 0.988040 0.000000 1.000000 0.000000 -0.988040 0.000000 0.154198 -16.173983 49.841248 -95.749496 1.224300 3.658725 8.000000 87612.dat
9 0 -0.429478 0.521862 0.737027 0.209937 0.851464 -0.480557 -0.878337 -0.051659 -0.475243 32.864277 35.370998 -76.487259 0.642725 13.090449 13.113375 87612.dat
9 0 0.241602 -0.011056 0.970312 0.147002 0.988812 -0.025336 -0.959176 0.148759 0.240524 48.019783 37.854248 -52.152519 11.945974 14.626551 0.481775 87612.dat
9 0 0.131821 0.000000 0.991274 0.000000 1.000000 0.000000 -0.991274 0.000000 0.131821 53.085785 37.675251 -35.628773 5.411350 14.626551 1.023450 87612.dat
9 0 -0.860924 0.294852 0.414574 0.051334 0.861104 -0.505830 -0.506137 -0.414199 -0.756482 45.060272 38.738243 -67.437767 1.224300 13.937201 7.239475 87612.dat
9 0 -0.574110 0.000000 0.818778 0.000000 1.000000 0.000000 -0.818778 0.000000 -0.574110 34.420273 51.306248 -86.392006 1.224300 2.193750 13.392375 87612.dat
9 0 -0.154198 0.000000 0.988040 0.000000 1.000000 0.000000 -0.988040 0.000000 -0.154198 16.174019 49.841248 -95.749504 1.224300 3.658725 8.000000 87612.dat
9 0 0.000000 0.634015 0.773321 -0.000000 0.773321 -0.634015 -1.000000 0.000000 0.000000 0.000020 35.428001 -85.623260 0.829175 14.832676 22.294851 87612.dat
9 0 0.000000 0.634015 0.773321 -0.000000 0.773321 -0.634015 -1.000000 0.000000 0.000000 0.000019 36.515747 -90.652504 0.829175 14.311226 2.677325 87612.dat
10 0 48.126499 35.250000 -47.662498 120.328247 73.767502 67.662498 87612.dat
4 79 0.000000 0.000000 1.000000 0.000000 1.000000 0.000000 -1.000000 0.000000 0.000000 0.000022 24.499994 -80.000008 2 87612.dat
