9 0 1.000000 0.000000 0.000000 0.000000 0.998173 0.060417 0.000000 -0.060417 0.998173 0.000000 5.428775 13.932875 6.801425 10.182475 0.490375 87610.dat
9 0 1.000000 0.000000 0.000000 0.000000 0.996229 -0.086758 0.000000 0.086758 0.996229 0.000000 8.530125 -16.116676 6.801425 11.090800 0.151900 87610.dat
9 0 1.000000 0.000000 0.000000 0.000000 1.000000 0.000000 0.000000 0.000000 1.000000 0.000000 -9.500950 0.000000 8.273624 1.000950 8.174000 87610.dat
9 0 -0.620251 0.000000 0.784404 0.085991 0.993973 0.067995 -0.779676 0.109625 -0.616513 10.580100 5.653525 8.343450 6.801425 10.182475 0.490375 87610.dat
9 0 0.000000 -0.000000 1.000000 0.078960 0.996878 -0.000000 -0.996878 0.078960 0.000000 15.247899 10.389500 -0.076625 2.673775 7.773000 1.354350 87610.dat
9 0 0.496777 -0.084065 0.863798 0.041910 0.996460 0.072873 -0.866866 -0.000000 0.498541 10.873900 8.040575 -8.787225 6.801425 11.090800 0.490375 87610.dat
9 0 -1.000000 0.000000 -0.000000 0.000000 1.000000 0.000000 0.000000 0.000000 -1.000000 14.437500 -2.262375 0.000000 1.062500 0.137500 1.624875 87610.dat
9 0 -1.000000 0.000000 -0.000000 -0.000000 0.000000 1.000000 0.000000 1.000000 0.000000 14.437500 0.000000 -2.262375 1.062500 0.137500 1.624875 87610.dat
9 0 -1.000000 -0.000000 -0.000000 0.000000 0.000000 -1.000000 0.000000 -1.000000 0.000000 14.437500 0.000000 2.262375 1.062500 0.137500 1.624875 87610.dat
9 0 0.620251 -0.000000 0.784404 -0.085989 0.993973 0.067995 -0.779676 -0.109624 0.616513 -10.580100 5.653525 8.343450 6.801425 10.182475 0.490375 87610.dat
9 0 0.000000 0.000000 1.000000 -0.078960 0.996878 0.000000 -0.996878 -0.078960 0.000000 -15.247899 10.389500 -0.076625 2.673775 7.773000 1.354350 87610.dat
9 0 -0.496776 -0.084066 0.863798 -0.041911 0.996460 0.072874 -0.866866 -0.000001 -0.498541 -10.873900 8.040575 -8.787225 6.801425 11.090800 0.490375 87610.dat
9 0 1.000000 0.000000 0.000000 0.000000 1.000000 0.000000 0.000000 0.000000 1.000000 -14.437500 -2.262375 0.000000 1.062500 0.137500 1.624875 87610.dat
9 0 1.000000 0.000000 0.000000 0.000000 -0.000000 1.000000 0.000000 -1.000000 -0.000000 -14.437500 0.000000 -2.262375 1.062500 0.137500 1.624875 87610.dat
9 0 1.000000 0.000000 0.000000 0.000000 -0.000000 -1.000000 0.000000 1.000000 -0.000000 -14.437500 0.000000 2.262375 1.062500 0.137500 1.624875 87610.dat
10 0 -17.561050 -20.698801 -17.887224 17.561050 12.875000 19.883924 87610.dat
2 22 1.000000 0.000000 0.000000 0.000000 1.000000 0.000000 0.000000 0.000000 1.000000 -10.000000 -2.500000 10.000000 2 2 29:0:0,29:0:0,29:0:0,29:0:0,5:4:34,29:0:0,29:0:0,29:0:0,29:0:0, 87610.dat
0 14 0.000000 1.000000 0.000000 1.000000 0.000000 -0.000000 -0.000000 0.000000 -1.000000 15.750000 0.000000 0.000000 0 0 1.260000 0 0 87610.dat
