9 0 0.000000 0.000000 1.000000 0.000000 1.000000 0.000000 -1.000000 0.000000 0.000000 0.000050 3.999996 10.000002 9.750000 3.750000 39.750000 87613.dat
9 0 0.000000 0.000000 1.000000 0.000000 1.000000 0.000000 -1.000000 0.000000 0.000000 0.000047 1.449996 0.411749 19.338375 1.050000 33.889500 87613.dat
9 0 0.000000 0.000000 1.000000 0.000000 1.000000 0.000000 -1.000000 0.000000 0.000000 0.000003 89.141571 -140.000000 19.750000 6.608425 19.750000 87613.dat
9 0 0.000000 0.000000 1.000000 0.000000 1.000000 0.000000 -1.000000 0.000000 0.000000 0.000006 77.121368 -130.505157 10.255150 4.911750 19.750000 87613.dat
9 0 0.000000 0.000000 1.000000 0.000000 1.000000 0.000000 -1.000000 0.000000 0.000000 -49.999954 21.599997 -3.124988 22.875000 2.150000 9.750000 87613.dat
9 0 0.000000 0.000000 1.000000 0.688355 0.725374 -0.000000 -0.725374 0.688355 0.000000 -48.310699 11.416000 9.841764 9.908276 2.150000 13.587350 87613.dat
9 0 0.000000 0.000000 1.000000 1.000000 -0.000000 -0.000000 0.000000 1.000000 -0.000000 -45.820454 18.407249 -3.124988 22.875000 5.570550 5.342875 87613.dat
9 0 0.000000 -0.268275 0.963342 0.000000 0.963342 0.268275 -1.000000 0.000000 0.000000 0.000036 6.566250 -36.654495 18.796749 1.050000 22.842175 87613.dat
9 0 0.000000 -0.345576 0.938391 0.000000 0.938391 0.345576 -1.000000 0.000000 0.000000 0.000028 14.256745 -61.179508 19.233400 1.050000 22.842175 87613.dat
9 0 -0.817009 0.021219 0.576234 0.254898 0.909672 0.327907 -0.517226 0.414784 -0.748619 -31.686996 15.766245 -57.963497 17.872774 0.662775 12.110925 87613.dat
9 0 -0.639167 0.499145 0.585081 0.768671 0.390168 0.506867 0.024720 0.773707 -0.633061 -46.733727 34.123249 -72.263489 4.543425 0.428325 16.530075 87613.dat
9 0 -0.027404 0.000000 0.999624 -0.999624 0.000000 -0.027404 0.000000 -1.000000 0.000000 -58.086460 61.940247 -28.514744 8.262725 1.327550 33.809750 87613.dat
9 0 -0.063810 0.618089 0.783514 -0.997838 -0.027135 -0.059859 -0.015737 -0.785639 0.618484 -56.948967 43.279751 -37.095486 8.262725 1.327550 10.864850 87613.dat
9 0 -0.075274 -0.000000 0.997163 -0.997163 -0.000000 -0.075274 0.000000 -1.000000 0.000000 -56.896717 72.083893 -48.644234 11.526500 1.327550 23.666126 87613.dat
9 0 -0.146562 0.000000 0.989202 -0.989202 0.000000 -0.146562 0.000000 -1.000000 0.000000 -52.924477 81.552048 -79.180489 20.594301 1.327550 14.197950 87613.dat
9 0 -0.278303 -0.000000 0.960493 -0.960493 -0.000000 -0.278303 0.000000 -1.000000 0.000000 -43.489990 87.793922 -119.983986 20.594301 1.327550 7.956075 87613.dat
9 0 -0.512364 -0.000000 0.858769 -0.858769 -0.000000 -0.512364 0.000000 -1.000000 0.000000 -29.764351 90.685448 -152.736115 14.169075 0.500225 5.064550 87613.dat
9 0 -0.818743 0.000000 0.574160 -0.574160 -0.000000 -0.818743 -0.000000 -1.000000 -0.000000 -13.079782 92.242500 -172.228973 11.162675 0.500225 3.507500 87613.dat
9 0 -0.381148 0.000000 0.924514 -0.899237 -0.232239 -0.370727 0.214708 -0.972659 0.088518 -50.691479 51.814247 -75.058487 14.410675 0.524850 3.767950 87613.dat
9 0 -0.734129 0.000001 0.679010 -0.616006 -0.420677 -0.666009 0.285644 -0.907210 0.308832 -40.380981 51.754498 -90.776237 14.410675 0.524850 3.767950 87613.dat
9 0 -0.957710 0.231082 0.171441 -0.284155 -0.853264 -0.437260 0.045242 -0.467484 0.882843 -27.915144 69.651497 -126.546326 8.261849 0.524850 24.810699 87613.dat
9 0 -0.637558 0.654142 0.406961 -0.768122 -0.499133 -0.401067 -0.059227 -0.568299 0.820688 -43.032990 69.782997 -109.576988 6.424100 0.524850 21.816050 87613.dat
9 0 -0.271463 -0.034581 0.961828 -0.946377 -0.172280 -0.273296 0.175155 -0.984441 0.014041 -52.137726 62.001999 -75.515984 16.292175 0.153250 7.840000 87613.dat
9 0 0.000000 0.000000 1.000000 0.000000 1.000000 0.000000 -1.000000 0.000000 0.000000 50.000046 21.599997 -3.125024 22.875000 2.150000 9.750000 87613.dat
9 0 0.000000 0.000000 1.000000 -0.688355 0.725374 0.000000 -0.725374 -0.688355 0.000000 48.310795 11.416000 9.841728 9.908276 2.150000 13.587350 87613.dat
9 0 0.000000 0.000000 1.000000 -1.000000 -0.000000 0.000000 0.000000 -1.000000 -0.000000 45.820549 18.407249 -3.125012 22.875000 5.570550 5.342875 87613.dat
9 0 0.000000 -0.268275 0.963342 -0.286871 0.922852 0.256999 -0.957969 -0.276355 -0.076960 29.925537 8.779496 -36.147263 18.691700 0.533050 11.347575 87613.dat
9 0 0.817010 0.021219 0.576234 -0.254898 0.909672 0.327908 -0.517226 -0.414784 0.748620 31.687031 15.766245 -57.963516 17.872774 0.662775 12.110925 87613.dat
9 0 0.639167 0.499145 0.585080 -0.768670 0.390168 0.506867 0.024721 -0.773707 0.633061 46.733776 34.123249 -72.263512 4.543425 0.428325 16.530075 87613.dat
9 0 0.027404 0.000000 0.999624 0.999624 0.000000 -0.027404 0.000000 1.000000 0.000000 58.086533 61.940247 -28.514778 8.262725 1.327550 33.809750 87613.dat
9 0 0.063810 0.618089 0.783514 0.997838 -0.027135 -0.059859 -0.015738 0.785639 -0.618484 56.949032 43.279751 -37.095524 8.262725 1.327550 10.864850 87613.dat
9 0 0.075274 -0.000000 0.997163 0.997163 -0.000000 -0.075274 0.000000 1.000000 -0.000000 56.896774 72.083893 -48.644268 11.526500 1.327550 23.666126 87613.dat
9 0 0.146562 0.000000 0.989201 0.989202 0.000000 -0.146562 0.000000 1.000000 0.000000 52.924519 81.552048 -79.180519 20.594301 1.327550 14.197950 87613.dat
9 0 0.278304 -0.000000 0.960493 0.960493 -0.000000 -0.278304 0.000000 1.000000 -0.000000 43.490013 87.793922 -119.984016 20.594301 1.327550 7.956075 87613.dat
9 0 0.512364 -0.000000 0.858768 0.858768 -0.000000 -0.512364 0.000000 1.000000 -0.000000 29.764250 90.685448 -152.736145 14.169075 0.500225 5.064550 87613.dat
9 0 0.818744 0.000000 0.574159 0.574159 -0.000000 -0.818744 -0.000000 1.000000 0.000000 13.079768 92.242500 -172.228973 11.162675 0.500225 3.507500 87613.dat
9 0 0.381149 0.000000 0.924514 0.899236 -0.232239 -0.370727 0.214708 0.972659 -0.088518 50.691521 51.814247 -75.058517 14.410675 0.524850 3.767950 87613.dat
9 0 0.734129 0.000001 0.679010 0.616005 -0.420677 -0.666009 0.285644 0.907210 -0.308832 40.381016 51.754498 -90.776268 14.410675 0.524850 3.767950 87613.dat
9 0 -1.000000 -0.000000 0.000000 0.000000 -0.645213 -0.764003 0.000000 -0.764003 0.645213 0.000015 52.087246 -102.363503 28.584000 0.524850 3.767925 87613.dat
9 0 0.957711 0.231082 0.171440 0.284154 -0.853264 -0.437260 0.045241 0.467484 -0.882843 27.915257 69.651497 -126.546333 8.261849 0.524850 24.810699 87613.dat
9 0 0.637558 0.654142 0.406961 0.768122 -0.499133 -0.401067 -0.059228 0.568299 -0.820688 43.033012 69.782997 -109.577011 6.424100 0.524850 21.816050 87613.dat
9 0 0.271463 -0.034581 0.961827 0.946377 -0.172280 -0.273296 0.175155 0.984441 -0.014041 52.137775 62.001999 -75.516014 16.292175 0.153250 7.840000 87613.dat
9 0 0.000000 0.000000 1.000000 -0.707107 0.707107 0.000000 -0.707107 -0.707107 0.000000 53.261787 26.963245 -24.750019 1.250000 2.022225 6.226825 87613.dat
9 0 0.000000 0.000000 1.000000 0.707107 0.707107 -0.000000 -0.707107 0.707107 0.000000 -53.261711 26.963245 -24.749983 1.250000 2.022225 6.226825 87613.dat
9 0 0.000000 -0.420641 0.907227 0.000000 0.907227 0.420641 -1.000000 0.000000 0.000000 0.000004 70.240997 -136.368179 31.189999 0.848075 19.295301 87613.dat
9 0 -1.000000 0.000000 0.000000 0.000000 -0.000000 1.000000 0.000000 1.000000 0.000000 -0.000008 92.242500 -176.642258 9.069375 0.500225 3.507500 87613.dat
9 0 0.000000 -0.268275 0.963342 0.286872 0.922852 0.256999 -0.957969 0.276355 0.076961 -29.925541 8.779496 -36.147236 18.691700 0.533050 11.347575 87613.dat
9 0 -0.377889 -0.056651 0.924116 0.411613 0.883782 0.222495 -0.829322 0.464457 -0.310654 -42.102962 12.714749 -35.011246 10.663225 0.305350 12.732850 87613.dat
9 0 -0.099648 0.022023 0.994779 0.592134 0.804770 0.041499 -0.799654 0.593178 -0.093234 -46.600456 10.217751 -9.903240 9.834175 0.305350 13.696376 87613.dat
9 0 0.377890 -0.056651 0.924116 -0.411613 0.883782 0.222495 -0.829321 -0.464457 0.310654 42.103039 12.714749 -35.011269 10.663225 0.305350 12.732850 87613.dat
9 0 0.099649 0.022023 0.994779 -0.592134 0.804770 0.041499 -0.799654 -0.593178 0.093235 46.526043 10.217751 -9.903264 9.834175 0.305350 13.696376 87613.dat
10 0 -30.000002 0.000000 -50.000000 170.000000 100.450005 70.000000 87613.dat
2 22 0.000000 0.000000 1.000000 0.000000 1.000000 0.000000 -1.000000 0.000000 0.000000 -20.000004 96.000000 -160.000000 4 4 22:1:1,22:2:1,22:2:1,22:2:1,22:1:1,22:2:1,15:4:1,23:4:1,15:4:1,22:2:1,22:2:1,23:4:1,7:4:2,23:4:1,22:2:1,22:2:1,15:4:1,23:4:1,15:4:1,22:2:1,22:1:1,22:2:1,22:2:1,22:2:1,22:1:1, 87613.dat
2 22 0.000000 0.000000 1.000000 0.000000 1.000000 0.000000 -1.000000 0.000000 0.000000 -59.999962 23.999994 -19.999992 2 4 22:1:1,22:2:1,22:2:1,22:2:1,22:1:1,22:2:1,15:4:1,9:4:1,15:4:1,22:2:1,22:1:1,22:2:1,22:2:1,22:2:1,22:1:1, 87613.dat
2 22 0.000000 0.000000 1.000000 0.000000 1.000000 0.000000 -1.000000 0.000000 0.000000 40.000042 23.999994 -20.000017 2 4 22:1:1,22:2:1,22:2:1,22:2:1,22:1:1,22:2:1,15:4:1,9:4:1,15:4:1,22:2:1,22:1:1,22:2:1,22:2:1,22:2:1,22:1:1, 87613.dat
2 22 0.000000 0.000000 1.000000 0.000000 1.000000 0.000000 -1.000000 0.000000 0.000000 -39.999954 7.999998 0.000012 8 2 22:1:1,22:2:1,22:1:1,22:2:1,15:4:1,22:2:1,22:2:1,9:4:1,22:2:1,22:2:1,15:4:1,22:2:1,22:2:1,9:4:1,22:2:1,22:2:1,15:4:1,22:2:1,22:2:1,9:4:1,22:2:1,22:2:1,15:4:1,22:2:1,22:1:1,22:2:1,22:1:1, 87613.dat
3 23 0.000000 0.000000 1.000000 0.000000 1.000000 0.000000 -1.000000 0.000000 0.000000 -39.999958 0.000000 -19.999992 8 4 29:0:1,29:0:1,18:2:1,23:4:1,18:1:1,29:0:1,29:0:1,23:4:1,0:4:1,23:4:1,29:0:1,23:4:1,18:4:1,23:4:1,18:2:1,23:4:1,0:4:0,23:4:1,0:4:1,23:4:1,18:2:1,23:4:1,18:4:1,23:4:1,18:2:1,23:4:1,0:4:0,23:4:1,0:4:1,23:4:1,29:0:1,23:4:1,18:4:1,23:4:1,18:2:1,29:0:1,29:0:1,23:4:1,0:4:1,23:4:1,29:0:1,29:0:1,18:2:1,23:4:1,18:1:1, 87613.dat
4 78 0.000000 0.000000 1.000000 0.000000 1.000000 0.000000 -1.000000 0.000000 0.000000 0.000022 23.999994 -80.000008 2 87613.dat
