9 0 0.000000 -0.597000 0.802241 0.000000 0.802241 0.597000 -1.000000 0.000000 0.000000 -0.000011 21.110626 -45.020000 12.250000 4.256275 4.356725 87621.dat
9 0 0.000000 -0.597000 0.802241 0.000000 0.802241 0.597000 -1.000000 0.000000 0.000000 -0.000009 14.436502 -37.307251 9.790501 7.861500 8.985200 87621.dat
9 0 0.000000 -0.573425 0.819258 0.000000 0.819258 0.573425 -1.000000 0.000000 0.000000 -0.000009 11.320001 -39.811497 4.898000 3.543125 15.321925 87621.dat
9 0 -0.000000 0.981132 -0.193339 -0.000000 -0.193339 -0.981132 -1.000000 0.000000 0.000000 0.000013 9.263250 31.147251 5.778900 3.040275 2.366900 87621.dat
9 0 0.000000 0.000000 1.000000 0.000000 1.000000 0.000000 -1.000000 0.000000 0.000000 -5.908988 28.941853 26.914755 4.869075 10.808149 3.198375 87621.dat
9 0 0.000000 0.000000 1.000000 0.000000 1.000000 0.000000 -1.000000 0.000000 0.000000 -6.053803 29.548576 -19.486298 5.595925 10.201426 3.343175 87621.dat
9 0 0.000000 0.000000 1.000000 0.000000 1.000000 0.000000 -1.000000 0.000000 0.000000 5.909008 28.941853 16.539997 4.869075 10.808149 3.198375 87621.dat
9 0 0.000000 0.000000 1.000000 0.000000 1.000000 0.000000 -1.000000 0.000000 0.000000 0.000004 12.514252 1.583875 29.058001 12.094925 11.728600 87621.dat
9 0 0.000000 0.000000 1.000000 0.000000 1.000000 0.000000 -1.000000 0.000000 0.000000 6.053800 29.548576 -12.742877 5.595925 10.201426 3.343175 87621.dat
10 0 -48.649250 0.000000 -17.143826 45.415001 44.424999 17.143826 87621.dat
3 23 0.000000 0.000000 1.000000 0.000000 1.000000 0.000000 -1.000000 0.000000 0.000000 -10.000000 0.025001 -9.999997 2 2 29:0:0,29:0:0,29:0:0,29:0:0,1:4:32,29:0:0,29:0:0,29:0:0,29:0:0, 87621.dat
2 22 0.000000 0.000000 1.000000 0.000000 1.000000 0.000000 -1.000000 0.000000 0.000000 -10.000010 40.000000 -39.999996 2 8 29:0:1,29:0:1,29:0:1,29:0:1,29:0:1,29:0:1,29:0:1,29:0:1,29:0:1,29:0:1,15:4:0,29:0:1,15:4:0,29:0:1,15:4:0,29:0:1,15:4:0,29:0:1,29:0:1,29:0:1,29:0:1,29:0:1,29:0:1,29:0:1,29:0:1,29:0:1,29:0:1, 87621.dat
