9 0 1.000000 0.000000 0.000000 0.000000 0.828074 -0.560618 0.000000 0.560618 0.828074 -0.071250 -7.480301 -8.927051 2.464050 3.116400 6.314925 87692.dat
9 0 1.000000 0.000000 0.000000 0.000000 0.585164 -0.810915 0.000000 0.810915 0.585164 -0.082675 1.603025 18.954025 2.464050 2.827275 9.938825 87692.dat
9 0 1.000000 0.000000 0.000000 0.000000 1.000000 0.000000 0.000000 0.000000 1.000000 -0.071250 -11.515026 10.071025 2.464050 11.513450 12.655451 87692.dat
9 0 0.707107 0.000000 0.707107 0.000000 1.000000 0.000000 -0.707107 0.000000 0.707107 -0.083900 1.485200 0.000000 1.207700 3.964800 1.207700 87692.dat
10 0 -3.232175 -5.616975 -27.485498 3.066825 29.528999 15.903399 87692.dat
0 15 0.000000 -0.000000 -1.000000 0.000000 -1.000000 0.000000 -1.000000 -0.000000 0.000000 0.000000 0.266200 0.000000 1 0 0.217352 0 0 87692.dat
