9 0 -1.000000 0.000000 -0.000000 0.000000 1.000000 0.000000 0.000000 0.000000 -1.000000 0.000000 0.000000 0.000000 11.479700 2.675775 2.675775 87695.dat
9 0 -0.884067 0.467361 -0.000000 0.467361 0.884067 0.000000 0.000000 0.000000 -1.000000 14.891575 -2.066300 0.000005 6.880400 2.115300 2.115300 87695.dat
9 0 -0.481317 0.876547 -0.000000 0.876547 0.481317 0.000000 0.000000 0.000000 -1.000000 24.154276 -13.466551 0.000008 8.211075 1.766100 1.766100 87695.dat
9 0 0.884067 0.467360 0.000000 -0.467360 0.884067 -0.000000 -0.000000 -0.000000 1.000000 -14.891575 -2.066300 -0.000005 6.203875 2.115300 2.115300 87695.dat
9 0 0.481317 0.876547 0.000000 -0.876547 0.481317 -0.000000 -0.000000 -0.000000 1.000000 -24.154276 -13.466551 -0.000008 8.211075 1.766100 1.766100 87695.dat
10 0 -30.966249 -4.321425 -4.322725 30.966249 21.525249 4.322725 87695.dat
0 7 0.000000 -1.000000 0.000000 -1.000000 -0.000000 -0.000000 0.000000 0.000000 -1.000000 -10.000000 0.000000 -0.000003 1 1 0.800000 0 1 87695.dat
