9 0 -1.000000 0.000000 -0.000000 0.000000 1.000000 0.000000 0.000000 0.000000 -1.000000 -10.073150 -22.610001 -0.001203 18.753376 17.110001 9.561275 87749.dat
9 0 -1.000000 0.000000 -0.000000 0.000000 1.000000 0.000000 0.000000 0.000000 -1.000000 0.134650 -45.235001 0.000000 4.009925 5.015000 4.009925 87749.dat
9 0 -1.000000 0.000000 -0.000000 0.000000 1.000000 0.000000 0.000000 0.000000 -1.000000 -19.822750 -45.235001 -0.000006 4.009925 5.015000 4.009925 87749.dat
9 0 -1.000000 0.000000 -0.000000 0.000000 1.000000 0.000000 0.000000 0.000000 -1.000000 -12.970922 -12.601100 -5.930454 23.843349 7.101100 19.165724 87749.dat
9 0 -1.000000 0.000000 -0.000000 0.000000 0.455285 -0.890346 0.000000 -0.890346 -0.455285 -10.073154 -22.452400 14.282123 18.753376 4.120600 17.478401 87749.dat
9 0 -1.000000 0.000000 -0.000000 0.000000 0.808933 -0.587901 0.000000 -0.587901 -0.808933 -2.269407 -17.499001 23.106627 3.100050 4.933475 11.141400 87749.dat
9 0 -1.000000 0.000000 -0.000000 0.000000 0.904480 -0.426516 0.000000 -0.426516 -0.904480 -10.073146 -22.669149 -13.825779 18.753376 17.110001 3.499125 87749.dat
9 0 -1.000000 0.000000 -0.000000 0.000000 1.000000 0.000000 0.000000 0.000000 -1.000000 -40.000004 -2.809225 10.866238 5.333500 2.559225 2.133550 87749.dat
9 0 1.000000 0.000000 0.000000 0.000000 1.000000 0.000000 -0.000000 0.000000 1.000000 -40.000008 -3.717075 29.133738 5.663625 3.467075 2.133550 87749.dat
9 0 0.500000 0.000000 0.866026 0.000000 1.000000 0.000000 -0.866026 0.000000 0.500000 -47.910007 -3.717075 24.566860 5.594150 3.467075 2.133550 87749.dat
9 0 -0.500000 0.000000 0.866025 0.000000 1.000000 0.000000 -0.866025 0.000000 -0.500000 -47.910004 -2.779100 15.433110 4.778775 2.529100 2.133550 87749.dat
9 0 0.000000 0.000000 -1.000000 0.000000 1.000000 0.000000 1.000000 0.000000 0.000000 -30.866257 -8.984725 19.999990 7.221100 8.734725 2.133550 87749.dat
9 0 1.000000 0.000000 0.000000 0.000000 1.000000 0.000000 -0.000000 0.000000 1.000000 19.310465 -4.920525 29.133755 5.333500 4.670525 2.133550 87749.dat
9 0 -1.000000 0.000000 -0.000000 0.000000 1.000000 0.000000 0.000000 0.000000 -1.000000 19.310471 -3.104525 10.866256 5.663625 2.854525 2.133550 87749.dat
9 0 -0.500000 0.000000 -0.866026 0.000000 1.000000 0.000000 0.866026 0.000000 -0.500000 27.220493 -3.717075 15.433134 5.594150 3.467075 2.133550 87749.dat
9 0 0.500000 0.000000 -0.866025 0.000000 1.000000 0.000000 0.866025 0.000000 0.500000 27.220491 -3.764100 24.566885 4.778775 3.514100 2.133550 87749.dat
9 0 -0.000000 0.000000 1.000000 0.000000 1.000000 0.000000 -1.000000 0.000000 -0.000000 10.176718 -8.984725 20.000004 7.221100 8.734725 2.133550 87749.dat
9 0 -1.000000 0.000000 -0.000000 0.000000 1.000000 0.000000 0.000000 0.000000 -1.000000 -0.689496 -4.069875 -89.554001 6.832900 3.819875 2.553800 87749.dat
9 0 -0.500000 0.000000 -0.866026 0.000000 1.000000 0.000000 0.866026 0.000000 -0.500000 7.710703 -3.717075 -84.849754 6.332925 3.467075 2.699525 87749.dat
9 0 0.500000 0.000000 -0.866025 0.000000 1.000000 0.000000 0.866025 0.000000 0.500000 7.220574 -2.899125 -75.432999 4.778775 2.649125 2.133550 87749.dat
9 0 1.000000 0.000000 0.000000 0.000000 1.000000 0.000000 -0.000000 0.000000 1.000000 0.689548 -3.104525 -71.590752 5.663625 2.854525 1.949625 87749.dat
9 0 0.500000 0.000000 0.866026 0.000000 1.000000 0.000000 -0.866026 0.000000 0.500000 -7.220525 -4.897875 -75.432999 5.594150 4.647875 2.133550 87749.dat
9 0 -0.500000 0.000000 0.866025 0.000000 1.000000 0.000000 -0.866025 0.000000 -0.500000 -7.946823 -4.502475 -84.986252 5.414475 4.252475 2.972225 87749.dat
9 0 -1.000000 0.000000 -0.000000 0.000000 1.000000 0.000000 0.000000 0.000000 -1.000000 -20.689503 -3.659125 -69.554008 6.832900 3.409125 2.553800 87749.dat
9 0 -0.500000 0.000000 -0.866026 0.000000 1.000000 0.000000 0.866026 0.000000 -0.500000 -12.289305 -4.348625 -64.849762 6.332925 4.098625 2.699525 87749.dat
9 0 0.500000 0.000000 -0.866025 0.000000 1.000000 0.000000 0.866025 0.000000 0.500000 -12.779432 -6.085250 -55.433006 4.778775 5.835250 2.133550 87749.dat
9 0 1.000000 0.000000 0.000000 0.000000 1.000000 0.000000 -0.000000 0.000000 1.000000 -19.310457 -3.104525 -51.590759 5.663625 2.854525 1.949625 87749.dat
9 0 0.500000 0.000000 0.866026 0.000000 1.000000 0.000000 -0.866026 0.000000 0.500000 -27.220482 -2.992550 -55.433006 5.594150 2.742550 2.133550 87749.dat
9 0 -0.500000 0.000000 0.866025 0.000000 1.000000 0.000000 -0.866025 0.000000 -0.500000 -27.946728 -3.219100 -64.986267 5.414475 2.969100 2.972225 87749.dat
9 0 -1.000000 0.000000 -0.000000 0.000000 1.000000 0.000000 0.000000 0.000000 -1.000000 9.865962 -9.392000 -36.096497 3.758875 3.805300 18.042976 87749.dat
9 0 -1.000000 0.000000 -0.000000 0.000000 1.000000 0.000000 0.000000 0.000000 -1.000000 -22.445467 -14.803926 -20.748857 4.138350 4.908400 21.499023 87749.dat
9 0 -1.000000 0.000000 -0.000000 0.000000 1.000000 0.000000 0.000000 0.000000 -1.000000 28.942760 -8.507751 -38.784492 4.138350 2.680400 14.397475 87749.dat
9 0 -0.948252 0.000000 0.317519 0.000000 1.000000 0.000000 -0.317519 0.000000 -0.948252 -37.970989 -11.135350 -24.741163 3.468150 5.635350 21.499023 87749.dat
9 0 -0.762926 0.000000 -0.646485 0.000000 1.000000 0.000000 0.646485 0.000000 -0.762926 16.126904 -12.499900 -14.541144 4.631425 7.057350 18.346149 87749.dat
9 0 0.113205 -0.051907 -0.992215 0.306188 0.951855 -0.014862 0.945216 -0.302122 0.123648 35.466518 -12.111050 -56.308739 4.138350 2.680400 10.607375 87749.dat
9 0 -0.999518 0.000000 -0.031051 0.000000 1.000000 0.000000 0.031051 0.000000 -0.999518 -58.577740 -10.267000 -29.923019 3.468150 3.000925 10.825300 87749.dat
9 0 0.000000 0.000000 -1.000000 0.000000 1.000000 0.000000 1.000000 0.000000 0.000000 -49.551483 -11.424376 -45.348763 3.468150 5.543450 8.175375 87749.dat
9 0 -0.829579 -0.000000 -0.558390 -0.318410 0.821486 0.473050 0.458709 0.570229 -0.681487 -16.654209 -11.497775 -47.574757 3.130425 3.140900 8.456150 87749.dat
9 0 -0.780021 0.000000 0.625753 0.000000 1.000000 0.000000 -0.625753 0.000000 -0.780021 5.580220 -8.813601 -60.898502 3.275200 3.284125 10.928575 87749.dat
9 0 -1.000000 0.000000 -0.000000 0.000000 0.808933 -0.587901 0.000000 -0.587901 -0.808933 -16.936607 -17.499001 23.106619 3.100050 4.933475 11.141400 87749.dat
10 0 -47.688999 0.000000 -93.883995 62.380497 50.500000 36.828751 87749.dat
2 22 -1.000000 0.000000 -0.000000 0.000000 1.000000 0.000000 0.000000 0.000000 -1.000000 29.999998 0.000000 10.000010 2 2 29:0:0,29:0:0,29:0:0,29:0:0,15:4:33,29:0:0,29:0:0,29:0:0,29:0:0, 87749.dat
2 22 -1.000000 0.000000 -0.000000 0.000000 1.000000 0.000000 0.000000 0.000000 -1.000000 -30.000004 0.000000 9.999990 2 2 29:0:0,29:0:0,29:0:0,29:0:0,15:4:33,29:0:0,29:0:0,29:0:0,29:0:0, 87749.dat
2 22 -1.000000 0.000000 -0.000000 0.000000 1.000000 0.000000 0.000000 0.000000 -1.000000 10.000030 0.000000 -89.999992 2 2 29:0:0,29:0:0,29:0:0,29:0:0,15:4:33,29:0:0,29:0:0,29:0:0,29:0:0, 87749.dat
2 22 -1.000000 0.000000 -0.000000 0.000000 1.000000 0.000000 0.000000 0.000000 -1.000000 -9.999977 0.000000 -70.000008 2 2 29:0:0,29:0:0,29:0:0,29:0:0,15:4:33,29:0:0,29:0:0,29:0:0,29:0:0, 87749.dat
4 5 1.000000 0.000000 0.000000 0.000000 1.000000 0.000000 -0.000000 0.000000 1.000000 -22.500000 -39.969997 -0.000007 2 87749.dat
4 5 -1.000000 0.000000 -0.000000 0.000000 1.000000 0.000000 0.000000 0.000000 -1.000000 2.500000 -39.969997 0.000001 2 87749.dat
