9 0 -0.986602 0.000000 0.163143 0.000000 1.000000 0.000000 -0.163143 0.000000 -0.986602 -10.467941 0.886275 -27.916504 0.148500 3.589100 10.145200 87745.dat
9 0 -0.693293 -0.706881 0.140225 -0.697633 0.707107 0.115360 -0.180700 -0.017847 -0.983376 -8.529316 -6.024500 -28.223753 0.150300 3.603925 10.145200 87745.dat
9 0 -1.000000 0.000000 -0.000000 0.000000 1.000000 0.000000 0.000000 0.000000 -1.000000 -0.003242 0.000000 -25.316502 2.292425 9.750000 0.403800 87745.dat
9 0 -0.707107 0.000000 -0.707107 0.000000 1.000000 0.000000 0.707107 0.000000 -0.707107 -3.339691 0.000000 -26.698500 2.292425 9.750000 0.403800 87745.dat
9 0 0.000000 0.000000 -1.000000 0.000000 1.000000 0.000000 1.000000 0.000000 0.000000 -4.721690 0.000000 -30.034754 2.292425 9.750000 0.403800 87745.dat
9 0 0.707107 0.000000 -0.707107 0.000000 1.000000 0.000000 0.707107 0.000000 0.707107 -3.339689 0.000000 -33.371250 2.292425 9.750000 0.403800 87745.dat
9 0 1.000000 0.000000 0.000000 0.000000 1.000000 0.000000 -0.000000 0.000000 1.000000 -0.003239 0.000000 -34.753250 2.292425 9.750000 0.403800 87745.dat
9 0 0.707107 0.000000 0.707107 0.000000 1.000000 0.000000 -0.707107 0.000000 0.707107 3.333236 0.000000 -33.371250 2.292425 9.750000 0.403800 87745.dat
9 0 -0.000000 0.000000 1.000000 0.000000 1.000000 0.000000 -1.000000 0.000000 -0.000000 4.715235 0.000000 -30.034748 2.292425 9.750000 0.403800 87745.dat
9 0 -0.997801 0.000000 0.066275 0.000000 1.000000 0.000000 -0.066275 0.000000 -0.997801 12.758335 0.000000 -31.336746 5.429775 1.625000 16.476500 87745.dat
9 0 -0.999988 0.000000 0.004979 0.000000 1.000000 0.000000 -0.004979 0.000000 -0.999988 23.286715 0.000000 -44.614742 3.599500 1.625000 14.965175 87745.dat
9 0 -0.788752 0.000000 0.614712 0.000000 1.000000 0.000000 -0.614712 0.000000 -0.788752 10.596713 0.000000 -41.813000 0.397275 1.625000 21.747250 87745.dat
9 0 -0.901636 0.000000 -0.432495 0.000000 1.000000 0.000000 0.432495 0.000000 -0.901636 16.496212 0.000000 -43.043495 1.890025 1.625000 20.088123 87745.dat
9 0 -0.825270 0.000000 -0.564738 0.000000 1.000000 0.000000 0.564738 0.000000 -0.825270 16.669907 0.000000 -16.158669 1.036625 1.625000 15.013499 87745.dat
9 0 -0.707107 0.000000 0.707107 0.000000 1.000000 0.000000 -0.707107 0.000000 -0.707107 3.333234 0.000000 -26.698500 2.292425 9.750000 0.403800 87745.dat
9 0 -1.000000 0.000000 -0.000000 0.000000 1.000000 0.000000 0.000000 0.000000 -1.000000 0.000004 -8.137501 -12.331300 2.423275 0.137500 12.081300 87745.dat
9 0 -0.707107 0.707107 -0.000000 0.707107 0.707107 0.000000 0.000000 0.000000 -1.000000 -5.754071 -5.754075 -12.331303 2.423275 0.137500 12.081300 87745.dat
9 0 0.000000 1.000000 0.000000 1.000000 -0.000000 0.000000 0.000000 0.000000 -1.000000 -8.137497 0.000000 -12.331304 2.423275 0.137500 12.081300 87745.dat
9 0 0.707107 0.707107 0.000000 0.707107 -0.707107 0.000000 0.000000 0.000000 -1.000000 -5.754071 5.754075 -12.331303 2.423275 0.137500 12.081300 87745.dat
9 0 1.000000 0.000000 0.000000 0.000000 -1.000000 0.000000 0.000000 0.000000 -1.000000 0.000004 8.137501 -12.331300 2.423275 0.137500 12.081300 87745.dat
9 0 0.707107 -0.707107 0.000000 -0.707107 -0.707107 -0.000000 0.000000 0.000000 -1.000000 5.754079 5.754075 -12.331298 2.423275 0.137500 12.081300 87745.dat
9 0 0.000000 -1.000000 0.000000 -1.000000 -0.000000 -0.000000 0.000000 0.000000 -1.000000 8.137504 0.000000 -12.331297 2.423275 0.137500 12.081300 87745.dat
9 0 -0.707107 -0.707107 -0.000000 -0.707107 0.707107 -0.000000 0.000000 0.000000 -1.000000 5.754079 -5.754075 -12.331298 2.423275 0.137500 12.081300 87745.dat
9 0 0.924329 0.000000 -0.381597 0.000000 1.000000 0.000000 0.381597 0.000000 0.924329 -6.770060 -8.137501 -46.306252 2.423275 0.137500 12.081300 87745.dat
9 0 0.653599 0.707107 -0.269830 -0.648500 0.707045 0.282020 0.390200 -0.009344 0.920683 -1.274659 -5.943700 -48.570747 2.423275 0.157150 12.081300 87745.dat
9 0 -0.000000 1.000000 -0.000000 -0.919206 0.000000 0.393777 0.393777 0.000000 0.919206 1.001016 0.000000 -49.510250 2.423275 0.157150 12.081300 87745.dat
9 0 -0.653598 0.707107 0.269830 -0.648500 -0.707044 0.282021 0.390201 0.009343 0.920682 -1.274659 5.943700 -48.570747 2.423275 0.157150 12.081300 87745.dat
9 0 -0.924329 0.000000 0.381597 0.000000 -1.000000 0.000000 0.381597 0.000000 0.924329 -6.770060 8.137501 -46.306252 2.423275 0.137500 12.081300 87745.dat
9 0 -0.653598 -0.707108 0.269829 0.653600 -0.707106 -0.269830 0.381597 -0.000000 0.924329 -12.088737 5.754075 -44.110504 2.423275 0.137500 12.081300 87745.dat
9 0 -0.000000 -1.000000 0.000000 0.924329 -0.000000 -0.381597 0.381597 0.000000 0.924329 -14.291787 0.000000 -43.201004 2.423275 0.137500 12.081300 87745.dat
9 0 0.653600 -0.707106 -0.269830 0.653599 0.707107 -0.269830 0.381597 -0.000000 0.924329 -12.088737 -5.754075 -44.110504 2.423275 0.137500 12.081300 87745.dat
10 0 -28.577501 -10.000000 -63.082748 20.719376 10.000000 0.000000 87745.dat
0 6 -0.923880 0.000000 0.382683 0.000000 1.000000 0.000000 -0.382683 0.000000 -0.923880 0.000010 10.000000 -30.000002 0 0 0.800000 0 0 87745.dat
0 2 0.000000 1.000000 0.000000 -0.000000 -0.000000 1.000000 1.000000 0.000000 0.000000 0.000000 0.000000 0.000000 0 0 0.800000 0 0 87745.dat
0 2 0.923880 -0.000001 -0.382683 -0.382683 0.000000 -0.923880 0.000000 1.000000 -0.000000 -11.480556 0.000000 -57.716255 0 0 0.800000 0 0 87745.dat
2 22 -1.000000 0.000000 -0.000000 -0.000000 -0.000000 1.000000 -0.000000 1.000000 0.000000 10.000000 10.000000 0.000003 2 2 22:1:1,22:2:1,22:1:1,22:2:1,16:4:64,22:2:1,22:1:1,22:2:1,22:1:1, 87745.dat
2 22 0.923880 -0.000001 -0.382683 -0.382683 0.000000 -0.923880 0.000001 1.000000 -0.000000 -20.719357 10.000000 -53.889507 2 2 22:1:1,22:2:1,22:1:1,22:2:1,16:4:64,22:2:1,22:1:1,22:2:1,22:1:1, 87745.dat
