9 0 -0.707107 0.000000 0.707107 0.000000 1.000000 0.000000 -0.707107 0.000000 -0.707107 -16.800344 -10.620000 -16.800331 10.101125 5.120000 14.621700 87750.dat
9 0 0.707107 0.000000 0.707107 0.000000 1.000000 0.000000 -0.707107 0.000000 0.707107 -16.800356 -10.620000 16.800344 10.101125 5.120000 14.621700 87750.dat
9 0 0.707107 0.000000 -0.707107 0.000000 1.000000 0.000000 0.707107 0.000000 0.707107 16.800344 -10.620000 16.800356 10.101125 5.120000 14.621700 87750.dat
9 0 -0.707107 0.000000 -0.707107 0.000000 1.000000 0.000000 0.707107 0.000000 -0.707107 16.800331 -10.620000 -16.800318 10.101125 5.120000 14.621700 87750.dat
9 0 -0.000000 0.000000 1.000000 0.000000 1.000000 0.000000 -1.000000 0.000000 -0.000000 -22.398899 -10.620000 -0.000007 16.069675 5.120000 13.371600 87750.dat
9 0 1.000000 0.000000 0.000000 0.000000 1.000000 0.000000 -0.000000 0.000000 1.000000 -0.000007 -10.620000 22.398926 16.069675 5.120000 13.371600 87750.dat
9 0 -1.000000 0.000000 -0.000000 0.000000 1.000000 0.000000 0.000000 0.000000 -1.000000 0.000007 -10.620000 -22.398899 16.069675 5.120000 13.371600 87750.dat
9 0 -0.707107 0.000000 0.707107 0.000000 1.000000 0.000000 -0.707107 0.000000 -0.707107 -5.881173 -6.620000 -5.881177 3.432100 1.120000 1.757800 87750.dat
9 0 0.707107 0.000000 -0.707107 0.000000 1.000000 0.000000 0.707107 0.000000 0.707107 5.881173 -6.620000 5.881177 3.432100 1.120000 1.757800 87750.dat
9 0 0.707107 0.000000 0.707107 0.000000 1.000000 0.000000 -0.707107 0.000000 0.707107 -5.881177 -6.620000 5.881173 3.432100 1.120000 1.757800 87750.dat
9 0 -0.707107 0.000000 -0.707107 0.000000 1.000000 0.000000 0.707107 0.000000 -0.707107 5.881177 -6.620000 -5.881173 3.432100 1.120000 1.757800 87750.dat
9 0 0.000000 0.000000 -1.000000 0.000000 1.000000 0.000000 1.000000 0.000000 0.000000 8.317225 -6.620000 0.000003 3.432100 1.120000 1.757800 87750.dat
9 0 1.000000 0.000000 0.000000 0.000000 1.000000 0.000000 -0.000000 0.000000 1.000000 -0.000003 -6.620000 8.317225 3.432100 1.120000 1.757800 87750.dat
9 0 -0.000000 0.000000 1.000000 0.000000 1.000000 0.000000 -1.000000 0.000000 -0.000000 -8.317225 -6.620000 -0.000003 3.432100 1.120000 1.757800 87750.dat
9 0 -1.000000 0.000000 -0.000000 0.000000 1.000000 0.000000 0.000000 0.000000 -1.000000 0.000003 -6.620000 -8.317225 3.432100 1.120000 1.757800 87750.dat
9 0 0.000000 0.000000 -1.000000 0.000000 1.000000 0.000000 1.000000 0.000000 0.000000 22.398899 -10.620000 0.000007 16.069675 5.120000 13.371600 87750.dat
9 0 -0.965926 0.000000 -0.258819 0.000000 1.000000 0.000000 0.258819 0.000000 -0.965926 9.714587 -9.612374 -36.255245 10.101125 9.362375 0.846675 87750.dat
9 0 -0.965926 0.000000 0.258819 0.000000 1.000000 0.000000 -0.258819 0.000000 -0.965926 -9.714588 -9.612374 -36.255253 10.101125 9.362375 0.846675 87750.dat
9 0 -0.258819 0.000000 0.965926 0.000000 1.000000 0.000000 -0.965926 0.000000 -0.258819 -36.255245 -9.612374 -9.714587 10.101125 9.362375 0.846675 87750.dat
9 0 0.258819 0.000000 0.965926 0.000000 1.000000 0.000000 -0.965926 0.000000 0.258819 -36.255253 -9.612374 9.714588 10.101125 9.362375 0.846675 87750.dat
9 0 0.965926 0.000000 0.258820 0.000000 1.000000 0.000000 -0.258820 0.000000 0.965926 -9.714587 -9.612374 36.255245 10.101125 9.362375 0.846675 87750.dat
9 0 0.965926 0.000000 -0.258819 0.000000 1.000000 0.000000 0.258819 0.000000 0.965926 9.714588 -9.612374 36.255253 10.101125 9.362375 0.846675 87750.dat
9 0 0.258819 0.000000 -0.965926 0.000000 1.000000 0.000000 0.965926 0.000000 0.258819 36.255245 -9.612374 9.714612 10.101125 9.362375 0.846675 87750.dat
9 0 -0.258819 0.000000 -0.965926 0.000000 1.000000 0.000000 0.965926 0.000000 -0.258819 36.255253 -9.612374 -9.714563 10.101125 9.362375 0.846675 87750.dat
9 0 -0.913546 0.000000 0.406736 0.000000 1.000000 0.000000 -0.406736 0.000000 -0.913546 -7.405020 -23.142700 -16.583727 8.147375 6.902700 0.405175 87750.dat
9 0 -0.913386 0.000000 -0.407095 0.000000 1.000000 0.000000 0.407095 0.000000 -0.913386 7.150805 -23.142700 -16.693323 7.871025 6.902700 0.405175 87750.dat
9 0 0.809017 0.000000 0.587785 0.000000 1.000000 0.000000 -0.587785 0.000000 0.809017 -10.659579 -23.142700 14.704697 8.147375 6.902700 0.405175 87750.dat
9 0 0.104138 0.000000 0.994563 0.000000 1.000000 0.000000 -0.994563 0.000000 0.104138 -18.032400 -23.142700 2.153794 7.871025 6.902700 0.405175 87750.dat
9 0 0.104529 0.000000 -0.994522 0.000000 1.000000 0.000000 0.994522 0.000000 0.104529 18.064276 -23.142700 1.879031 8.147375 6.902700 0.405175 87750.dat
9 0 0.809248 0.000000 -0.587468 0.000000 1.000000 0.000000 0.587468 0.000000 0.809248 10.881270 -23.142700 14.539528 7.871025 6.902700 0.405175 87750.dat
9 0 -1.000000 0.000000 -0.000000 0.000000 1.000000 0.000000 0.000000 0.000000 -1.000000 0.000006 -5.370000 -18.468750 15.175800 5.120000 9.531250 87750.dat
9 0 -0.000000 0.000000 1.000000 0.000000 1.000000 0.000000 -1.000000 0.000000 -0.000000 -18.468750 -5.370000 -0.000006 15.175800 5.120000 9.531250 87750.dat
9 0 1.000000 0.000000 0.000000 0.000000 1.000000 0.000000 -0.000000 0.000000 1.000000 -0.000006 -5.370000 18.468750 15.175800 5.120000 9.531250 87750.dat
9 0 0.000000 0.000000 -1.000000 0.000000 1.000000 0.000000 1.000000 0.000000 0.000000 18.468750 -5.370000 0.000006 15.175800 5.120000 9.531250 87750.dat
10 0 -40.000000 0.000000 -40.000000 40.000000 32.000000 40.000000 87750.dat
2 22 -1.000000 0.000000 -0.000000 0.000000 1.000000 0.000000 0.000000 0.000000 -1.000000 40.000011 0.000000 -39.999989 8 8 29:0:1,29:0:1,22:2:1,22:2:1,22:2:1,22:2:1,22:2:1,29:0:1,29:0:1,29:0:1,29:0:1,22:2:1,15:4:0,23:4:1,15:4:0,22:2:1,29:0:1,29:0:1,22:2:1,22:2:1,7:4:0,23:4:1,7:4:2,23:4:1,7:4:0,22:2:1,22:2:1,22:2:1,15:4:0,23:4:1,15:4:0,23:4:1,15:4:0,23:4:1,15:4:0,22:2:1,22:2:1,23:4:1,7:4:2,23:4:1,7:4:0,23:4:1,7:4:2,23:4:1,22:2:1,22:2:1,15:4:0,23:4:1,15:4:0,23:4:1,15:4:0,23:4:1,15:4:0,22:2:1,22:2:1,22:2:1,7:4:0,23:4:1,7:4:2,23:4:1,7:4:0,22:2:1,22:2:1,29:0:1,29:0:1,22:2:1,15:4:0,23:4:1,15:4:0,22:2:1,29:0:1,29:0:1,29:0:1,29:0:1,22:2:1,22:2:1,22:2:1,22:2:1,22:2:1,29:0:1,29:0:1, 87750.dat
0 8 -1.000000 0.000000 -0.000000 0.000000 1.000000 0.000000 0.000000 0.000000 -1.000000 0.000000 0.000000 0.000000 0 0 0.320000 0 0 87750.dat
6 69 -1.000000 0.000000 -0.000000 0.000000 1.000000 0.000000 0.000000 0.000000 -1.000000 0.000000 -6.500000 0.000000 0.000000 0.000000 0.000000 0.000000 1 87750.dat
2 22 -1.000000 0.000000 -0.000000 -0.000000 -1.000000 0.000000 -0.000000 0.000000 1.000000 9.999997 -8.000000 10.000003 2 2 29:0:0,22:2:1,29:0:0,22:2:1,16:4:64,22:2:1,29:0:0,22:2:1,29:0:0, 87750.dat
6 28 -1.000000 0.000000 -0.000000 0.000000 1.000000 0.000000 0.000000 0.000000 -1.000000 0.000000 -4.000000 0.000000 0.000000 0.000000 0.000000 0.000000 0 87750.dat
