9 0 1.000000 0.000000 0.000000 0.000000 1.000000 0.000000 0.000000 0.000000 1.000000 0.016200 -12.742500 -2.493225 2.073475 1.624825 4.477950 87754.dat
9 0 0.707107 0.000000 0.707107 0.000000 1.000000 0.000000 -0.707107 0.000000 0.707107 0.000000 37.848751 -19.179174 2.648250 9.901324 2.648250 87754.dat
9 0 1.000000 0.000000 0.000000 0.000000 0.500000 0.866025 0.000000 -0.866025 0.500000 0.000000 3.285475 13.884500 19.750000 0.174050 1.960025 87754.dat
9 0 1.000000 0.000000 0.000000 0.000000 -0.500000 -0.866025 0.000000 0.866025 -0.500000 0.000000 13.593300 27.089750 19.750000 0.174050 4.284225 87754.dat
9 0 1.000000 0.000000 0.000000 0.000000 0.500000 -0.866025 0.000000 0.866025 0.500000 0.000000 5.406700 27.089750 19.750000 0.174050 4.284225 87754.dat
9 0 1.000000 0.000000 0.000000 0.000000 1.000000 0.000000 0.000000 0.000000 1.000000 0.000000 1.313400 20.000000 19.750000 0.174050 4.284225 87754.dat
9 0 -0.000000 -1.000000 0.000000 1.000000 -0.000000 0.000000 0.000000 0.000000 1.000000 -16.774700 33.159500 20.000000 14.590500 0.534525 3.083550 87754.dat
9 0 0.000000 -1.000000 0.000001 -0.500001 0.000001 0.866025 -0.866025 -0.000001 -0.500000 -6.612650 31.769001 14.132950 15.981025 0.534525 3.083550 87754.dat
9 0 0.000000 -1.000000 0.000000 0.500000 0.000000 0.866026 -0.866026 -0.000000 0.500000 -13.387351 31.769001 14.132950 15.981025 0.534525 3.083550 87754.dat
9 0 0.000000 -1.000000 -0.000000 0.500000 0.000000 -0.866026 0.866026 0.000000 0.500000 -13.387351 33.159500 25.867001 14.590500 0.534525 3.083550 87754.dat
9 0 0.000000 -1.000000 -0.000001 -0.500001 0.000001 -0.866025 0.866025 0.000001 -0.500000 -6.612650 33.159500 25.867001 14.590500 0.534525 3.083550 87754.dat
9 0 -0.000000 -1.000000 0.000000 1.000000 -0.000000 0.000000 0.000000 0.000000 1.000000 0.000000 33.159500 20.000000 14.590500 3.759825 3.083550 87754.dat
9 0 0.000000 -1.000000 -0.000000 -1.000000 0.000000 -0.000000 0.000000 0.000000 -1.000000 16.774675 33.159500 20.000000 14.590500 0.534525 3.083550 87754.dat
9 0 0.000000 -1.000000 0.000001 -0.500001 0.000001 0.866025 -0.866025 -0.000001 -0.500000 13.387351 31.769001 14.132950 15.981025 0.534525 3.083550 87754.dat
9 0 0.000000 -1.000000 0.000000 0.500000 0.000000 0.866026 -0.866026 -0.000000 0.500000 6.612650 31.769001 14.132950 15.981025 0.534525 3.083550 87754.dat
9 0 0.000000 -1.000000 -0.000000 0.500000 0.000000 -0.866026 0.866026 0.000000 0.500000 6.612650 33.159500 25.867001 14.590500 0.534525 3.083550 87754.dat
9 0 0.000000 -1.000000 -0.000001 -0.500001 0.000001 -0.866025 0.866025 0.000001 -0.500000 13.387351 33.159500 25.867001 14.590500 0.534525 3.083550 87754.dat
9 0 1.000000 0.000000 0.000000 0.000000 1.000000 0.000000 0.000000 0.000000 1.000000 -0.181350 35.096500 -14.769424 16.366650 12.637549 2.392625 87754.dat
9 0 0.998544 -0.013267 -0.052287 -0.033313 -0.914028 -0.404281 -0.042428 0.405434 -0.913139 17.496500 19.025150 -1.646900 1.430300 3.932425 15.341849 87754.dat
9 0 -0.998544 -0.013269 -0.052286 0.033314 -0.914028 -0.404281 -0.042426 -0.405434 0.913139 -17.022575 18.766924 -1.416950 1.843900 3.802950 15.012474 87754.dat
9 0 1.000000 0.000000 0.000000 0.000000 1.000000 0.000000 0.000000 0.000000 1.000000 0.000000 -4.626175 1.274575 5.100050 4.376175 4.997075 87754.dat
9 0 1.000000 0.000000 0.000000 0.000000 0.707107 0.707107 0.000000 -0.707107 0.707107 0.098025 -3.283525 10.113125 7.393425 5.021475 0.676425 87754.dat
9 0 1.000000 0.000000 0.000000 0.000000 1.000000 0.000000 0.000000 0.000000 1.000000 13.961800 10.983500 4.894475 0.333600 9.058325 8.605525 87754.dat
9 0 0.026621 -0.233073 0.972095 0.728556 0.670364 0.140777 -0.684469 0.704477 0.187652 10.564250 -2.762650 -0.529375 4.311650 3.595800 0.371900 87754.dat
9 0 -0.026621 -0.233073 0.972095 -0.728556 0.670364 0.140778 -0.684469 -0.704477 -0.187653 -10.564250 -2.762650 -0.529375 4.311650 3.595800 0.371900 87754.dat
9 0 1.000000 0.000000 0.000000 0.000000 0.967866 0.251465 0.000000 -0.251465 0.967866 0.000000 24.914324 -21.863049 4.750000 2.702150 2.459400 87754.dat
9 0 1.000000 0.000000 0.000000 0.000000 1.000000 0.000000 0.000000 0.000000 1.000000 -14.045026 10.983500 4.960625 0.333600 9.058325 8.539375 87754.dat
10 0 -20.000000 -48.000000 -30.000002 20.000000 15.431001 25.370249 87754.dat
2 22 1.000000 0.000000 0.000000 0.000000 1.000000 0.000000 0.000000 0.000000 1.000000 -10.000000 0.000000 10.000000 2 2 29:0:0,29:0:0,29:0:0,29:0:0,5:4:34,29:0:0,29:0:0,29:0:0,29:0:0, 87754.dat
6 50 -0.000000 -0.000000 1.000000 -1.000000 -0.000000 0.000000 0.000000 -1.000000 -0.000000 0.000000 9.466550 -2.500000 0.000000 0.000000 0.000000 0.000000 0 87754.dat
2 22 1.000000 0.000000 0.000000 0.000000 1.000000 0.000000 0.000000 0.000000 1.000000 -20.000000 48.000000 30.000002 2 2 29:0:0,29:0:0,29:0:0,29:0:0,5:4:34,29:0:0,29:0:0,29:0:0,29:0:0, 87754.dat
2 22 1.000000 0.000000 0.000000 0.000000 1.000000 0.000000 0.000000 0.000000 1.000000 0.000000 48.000000 30.000002 2 2 29:0:0,29:0:0,29:0:0,29:0:0,5:4:34,29:0:0,29:0:0,29:0:0,29:0:0, 87754.dat
0 2 -0.000000 1.000000 0.000000 -1.000000 -0.000000 0.000000 0.000000 0.000000 1.000000 -20.000000 9.500000 20.000000 0 0 0.800000 0 0 87754.dat
2 22 -0.000000 0.000000 1.000000 1.000000 -0.000000 0.000000 0.000000 1.000000 -0.000000 20.000000 19.470400 10.000000 2 2 22:1:1,22:2:1,22:1:1,22:2:1,16:4:64,22:2:1,22:1:1,22:2:1,22:1:1, 87754.dat
0 4 -0.000000 0.000000 1.000000 0.000000 1.000000 0.000000 -1.000000 0.000000 -0.000000 10.000000 48.000000 20.000000 0 1 1.200000 0 0 87754.dat
2 22 -0.000000 -0.000000 -1.000000 -1.000000 -0.000000 0.000000 -0.000000 1.000000 -0.000000 -20.000000 19.470400 30.000002 2 2 22:1:1,22:2:1,22:1:1,22:2:1,16:4:64,22:2:1,22:1:1,22:2:1,22:1:1, 87754.dat
0 4 -0.000000 0.000000 1.000000 0.000000 1.000000 0.000000 -1.000000 0.000000 -0.000000 -10.000000 48.000000 20.000000 0 1 1.200000 0 0 87754.dat
0 2 -0.000000 1.000000 0.000000 -1.000000 -0.000000 0.000000 0.000000 0.000000 1.000000 0.000000 9.500000 20.000000 0 0 0.800000 0 0 87754.dat
4 88 1.000000 0.000000 0.000000 0.000000 -0.342020 0.939693 0.000000 -0.939693 -0.342020 0.000000 9.466550 -2.500000 2 87754.dat
