9 0 -0.707107 0.000000 -0.707107 0.000000 1.000000 0.000000 0.707107 0.000000 -0.707107 0.000000 -36.914249 0.000000 2.578425 36.664249 2.578425 87753.dat
9 0 -1.000000 0.000000 -0.000000 0.000000 1.000000 0.000000 0.000000 0.000000 -1.000000 0.000000 -59.956505 -0.135650 5.402825 7.268075 1.270925 87753.dat
9 0 -0.350813 -0.613946 -0.707107 -0.868251 0.496125 -0.000001 0.350814 0.613946 -0.707107 7.799025 -72.402504 0.000003 1.391650 8.732450 1.391650 87753.dat
9 0 -0.987426 -0.158085 -0.000000 -0.158085 0.987426 -0.000000 0.000000 0.000000 -1.000000 15.165899 -87.559006 -0.117870 2.356300 11.457775 1.273775 87753.dat
9 0 -1.000000 0.000000 -0.000000 0.000000 1.000000 0.000000 0.000000 0.000000 -1.000000 0.000000 -92.031250 -0.225000 2.886550 17.952700 1.254800 87753.dat
9 0 0.350813 -0.613946 0.707107 0.868251 0.496125 0.000000 -0.350814 0.613946 0.707106 -7.799025 -72.402504 -0.000003 1.391650 8.732450 1.391650 87753.dat
9 0 0.987426 -0.158085 0.000000 0.158085 0.987426 0.000000 -0.000000 0.000000 1.000000 -15.165899 -87.559006 0.117870 2.356300 11.457775 1.273775 87753.dat
10 0 -19.377399 0.000000 -4.000000 19.377399 112.500000 4.000000 87753.dat
0 7 -0.707107 -0.000000 -0.707106 -0.000000 -1.000000 0.000000 -0.707106 0.000000 0.707107 0.000000 -51.280998 0.000000 1 0 2.051240 0 0 87753.dat
2 22 -1.000000 0.000000 -0.000000 0.000000 1.000000 0.000000 0.000000 0.000000 -1.000000 10.000003 0.000000 -9.999997 2 2 29:0:0,29:0:0,29:0:0,29:0:0,9:4:32,29:0:0,29:0:0,29:0:0,29:0:0, 87753.dat
