9 0 0.929944 0.000000 0.367702 0.000000 -1.000000 0.000001 0.367702 -0.000001 -0.929944 0.954950 22.067644 0.884011 4.077025 15.380925 1.594550 87751.dat
9 0 0.971379 -0.067560 0.227725 -0.093909 -0.989823 0.106921 0.218184 -0.125246 -0.967837 -4.496575 47.327995 -0.601280 16.556974 8.129000 0.818550 87751.dat
9 0 0.579919 0.726972 0.367702 0.781738 -0.623607 0.000000 0.229302 0.287447 -0.929944 -16.655600 14.508045 0.884017 4.077025 15.380925 1.594550 87751.dat
9 0 0.581522 0.784464 0.215520 0.779160 -0.613244 0.129775 0.233970 0.092458 -0.967838 -39.802250 25.998995 -0.601266 16.556974 8.129000 0.818550 87751.dat
9 0 0.579919 -0.726972 0.367703 -0.781738 -0.623607 0.000000 0.229302 -0.287448 -0.929943 17.846624 13.014995 0.884017 4.077025 15.380925 1.594550 87751.dat
9 0 0.593040 -0.773902 0.222217 -0.804269 -0.582444 0.117944 0.038152 -0.248667 -0.967837 34.194000 33.029243 -0.601271 16.556974 8.129000 0.818550 87751.dat
9 0 -0.206660 0.906690 0.367702 0.974994 0.222229 -0.000000 -0.081715 0.358508 -0.929943 -21.728050 -3.973006 0.884028 4.077025 15.380925 1.594550 87751.dat
9 0 -0.254386 0.942899 0.215010 0.964296 0.230374 0.130618 0.073627 0.240561 -0.967838 -45.145248 -14.901832 -0.601240 16.556974 8.129000 0.818550 87751.dat
9 0 -0.206660 -0.906689 0.367703 -0.974994 0.222229 0.000000 -0.081715 -0.358509 -0.929943 21.303600 -5.835156 0.884029 4.077025 15.380925 1.594550 87751.dat
9 0 -0.335498 -0.912646 0.233489 -0.926464 0.364541 0.093666 -0.170600 -0.184895 -0.967838 47.143997 -6.133532 -0.601246 16.556974 8.129000 0.818550 87751.dat
9 0 -0.837669 -0.403863 0.367702 -0.434288 0.900774 -0.000001 -0.331216 -0.159689 -0.929944 8.723525 -20.292681 0.884038 4.077025 15.380925 1.594550 87751.dat
9 0 -0.906809 -0.354242 0.228493 -0.338722 0.934979 0.105268 -0.250927 0.018063 -0.967838 24.604425 -40.679005 -0.601225 16.556974 8.129000 0.818550 87751.dat
9 0 -0.837669 0.403864 0.367701 0.434288 0.900774 0.000000 -0.331216 0.159688 -0.929944 -10.443900 -19.463257 0.884037 4.077025 15.380925 1.594550 87751.dat
9 0 -0.903680 0.371786 0.212455 0.403928 0.904814 0.134733 -0.142141 0.207572 -0.967838 -16.503599 -44.584759 -0.601222 16.556974 8.129000 0.818550 87751.dat
9 0 0.500000 0.866025 -0.000001 0.866025 -0.500000 0.000000 0.000000 -0.000001 -1.000000 -7.247500 4.184344 0.749997 4.320750 0.192050 9.750000 87751.dat
9 0 0.500000 -0.866025 0.000001 -0.866025 -0.500000 0.000000 0.000000 -0.000001 -1.000000 7.247500 4.184344 0.749997 4.320750 0.192050 9.750000 87751.dat
9 0 1.000000 0.000000 0.000000 0.000000 -1.000000 0.000001 0.000000 -0.000001 -1.000000 0.000000 8.368694 0.749995 4.320750 0.192050 9.750000 87751.dat
9 0 -0.500000 -0.866025 0.000001 -0.866025 0.500000 -0.000000 0.000000 -0.000001 -1.000000 7.247500 -4.184356 0.750003 4.320750 0.192050 9.750000 87751.dat
9 0 -0.500000 0.866025 -0.000001 0.866025 0.500000 -0.000000 0.000000 -0.000001 -1.000000 -7.247500 -4.184356 0.750003 4.320750 0.192050 9.750000 87751.dat
9 0 -1.000000 -0.000000 0.000000 -0.000000 1.000000 -0.000001 0.000000 -0.000001 -1.000000 0.000000 -8.368706 0.750005 4.320750 0.192050 9.750000 87751.dat
10 0 -57.256252 -58.265503 -20.000000 60.369499 58.767746 0.000000 87751.dat
0 2 -0.000000 -1.000000 0.000001 0.000000 0.000001 1.000000 -1.000000 0.000000 0.000000 0.000000 0.000000 10.750000 0 0 0.800000 0 0 87751.dat
2 22 1.000000 0.000000 0.000000 0.000000 0.000001 1.000000 0.000000 -1.000000 0.000001 -10.000000 -10.000000 10.750006 2 2 22:1:1,22:2:1,22:1:1,22:2:1,16:4:64,22:2:1,22:1:1,22:2:1,22:1:1, 87751.dat
2 22 -1.000000 -0.000000 0.000000 -0.000000 -0.000001 -1.000000 0.000000 -1.000000 0.000001 10.000000 -10.000012 -9.249994 2 2 22:1:1,22:2:1,22:1:1,22:2:1,16:4:64,22:2:1,22:1:1,22:2:1,22:1:1, 87751.dat
