9 0 0.013413 0.003968 -0.999902 -0.011351 0.999928 0.003816 0.999846 0.011299 0.013457 0.133618 0.322375 20.489424 2.981600 2.439700 12.950725 87777.dat
9 0 1.000000 -0.000000 0.000000 -0.000000 0.000000 1.000000 -0.000000 -1.000000 -0.000000 -0.000006 3.232375 17.920376 4.029550 0.553625 7.857375 87777.dat
9 0 0.906307 0.000001 0.422619 -0.422619 -0.000000 0.906307 0.000001 -1.000000 0.000000 -6.543355 2.375450 16.469748 4.029575 0.553625 7.000450 87777.dat
9 0 0.642787 0.000000 0.766045 -0.766045 -0.000000 0.642787 0.000000 -1.000000 0.000000 -11.860579 1.265475 12.389696 4.029550 0.553625 5.890475 87777.dat
9 0 0.258819 -0.000000 0.965926 -0.965926 0.000000 0.258819 -0.000000 -1.000000 -0.000000 -14.955301 0.329075 6.444745 4.029575 0.553625 4.954075 87777.dat
9 0 -0.000000 0.000000 1.000000 -1.000000 -0.000000 -0.000000 0.000000 -1.000000 0.000000 -16.057350 0.000000 1.694495 4.772550 1.128100 3.269225 87777.dat
9 0 0.906308 0.000000 -0.422618 0.422618 0.000000 0.906308 0.000000 -1.000000 -0.000000 6.543345 2.375450 16.469751 4.029550 0.553625 7.000450 87777.dat
9 0 0.642787 -0.000000 -0.766044 0.766045 -0.000000 0.642787 -0.000000 -1.000000 0.000000 11.860571 1.265475 12.389704 4.029575 0.553625 5.890475 87777.dat
9 0 0.258820 0.000000 -0.965926 0.965926 0.000000 0.258820 0.000000 -1.000000 -0.000000 14.955298 0.329075 6.444755 4.029550 0.553625 4.954075 87777.dat
9 0 0.000000 -0.000000 -1.000000 1.000000 -0.000000 0.000000 -0.000000 -1.000000 0.000000 16.291399 0.000000 1.694505 4.772550 1.362125 3.269225 87777.dat
10 0 -19.375000 -11.977575 -4.801550 19.375000 4.970950 23.875000 87777.dat
6 51 0.000000 -0.000000 -1.000000 1.000000 -0.000000 0.000000 -0.000000 -1.000000 0.000000 0.000000 0.000000 0.000000 0.000000 0.000000 0.000000 0.000000 0 87777.dat
