9 0 1.000000 0.000000 0.000000 0.000000 1.000000 0.000000 0.000000 0.000000 1.000000 13.386700 8.200400 1.289475 0.186200 13.279951 3.921550 87781.dat
9 0 1.000000 0.000000 0.000000 0.000000 1.000000 0.000000 0.000000 0.000000 1.000000 0.000000 -9.005750 0.000000 10.870049 2.475725 10.870049 87781.dat
9 0 0.707107 0.000000 0.707107 0.000000 1.000000 0.000000 -0.707107 0.000000 0.707107 9.465825 8.200400 9.465825 0.186200 13.279951 5.283325 87781.dat
9 0 -0.000000 0.000000 1.000000 0.000000 1.000000 0.000000 -1.000000 0.000000 -0.000000 0.000000 8.200400 13.386700 0.186200 13.279951 5.283325 87781.dat
9 0 -0.707107 0.000000 0.707107 0.000000 1.000000 0.000000 -0.707107 0.000000 -0.707107 -9.465825 8.200400 9.465825 0.186200 13.279951 5.283325 87781.dat
9 0 -1.000000 0.000000 -0.000000 0.000000 1.000000 0.000000 0.000000 0.000000 -1.000000 -13.386700 8.200400 1.289475 0.186200 13.279951 3.921550 87781.dat
9 0 -0.707107 0.000000 -0.707107 0.000000 1.000000 0.000000 0.707107 0.000000 -0.707107 -9.465825 9.345975 -9.465825 0.186200 13.445900 5.407975 87781.dat
9 0 -0.000000 0.000000 -1.000000 0.000000 1.000000 0.000000 1.000000 0.000000 -0.000000 0.000000 10.181275 -13.386700 0.186200 14.281175 5.407975 87781.dat
9 0 0.707107 0.000000 -0.707107 0.000000 1.000000 0.000000 0.707107 0.000000 0.707107 9.465825 9.345975 -9.465825 0.186200 13.445900 5.407975 87781.dat
9 0 1.000000 0.000000 0.000000 0.000000 0.707107 0.707107 0.000000 -0.707107 0.707107 0.000000 22.723524 -18.239950 5.750000 2.456425 2.456425 87781.dat
9 0 -0.822455 0.112919 -0.557509 -0.051516 0.961285 0.270699 0.566492 0.251359 -0.784796 -11.819175 20.489100 -11.599075 0.874750 1.664950 6.065325 87781.dat
9 0 0.822455 0.112920 -0.557509 0.051515 0.961285 0.270699 0.566492 -0.251358 0.784797 11.819175 20.489100 -11.599075 0.874750 1.664950 6.065325 87781.dat
9 0 0.000000 -0.207388 0.978259 0.000000 0.978259 0.207388 -1.000000 -0.000000 0.000000 0.000000 1.339600 16.443426 1.675525 9.512200 11.805525 87781.dat
9 0 -0.000000 0.000000 -1.000000 0.000000 1.000000 0.000000 1.000000 0.000000 -0.000000 0.000000 21.929399 -15.517349 0.187650 2.862950 5.228525 87781.dat
9 0 -0.000000 0.000000 -1.000000 0.000000 1.000000 0.000000 1.000000 0.000000 -0.000000 0.000000 0.041825 -16.991701 1.396150 1.052825 5.708200 87781.dat
9 0 -0.000000 0.000000 -1.000000 0.000000 1.000000 0.000000 1.000000 0.000000 -0.000000 0.000000 22.111849 -17.416225 0.187650 2.789275 5.228525 87781.dat
9 0 1.000000 0.000000 0.000000 0.000000 0.380196 -0.924906 0.000000 0.924906 0.380196 0.000000 22.723524 -18.239950 5.750000 1.213575 3.523600 87781.dat
9 0 1.000000 0.000000 0.000000 0.000000 1.000000 0.000000 0.000000 0.000000 1.000000 15.268426 -0.160925 0.480950 1.471925 1.052825 8.778175 87781.dat
9 0 -1.000000 0.000000 -0.000000 0.000000 1.000000 0.000000 0.000000 0.000000 -1.000000 -15.118074 -0.160925 1.107750 1.454950 1.052825 7.990925 87781.dat
10 0 -17.834499 -26.723501 -20.573074 17.834499 13.337225 22.342699 87781.dat
2 22 1.000000 0.000000 0.000000 0.000000 1.000000 0.000000 0.000000 0.000000 1.000000 -10.000000 0.000000 10.000000 2 2 29:0:0,29:0:0,29:0:0,29:0:0,15:4:33,29:0:0,29:0:0,29:0:0,29:0:0, 87781.dat
6 50 -0.000000 -0.000000 1.000000 -1.000000 -0.000000 0.000000 0.000000 -1.000000 -0.000000 0.000000 6.477600 1.005825 0.000000 0.000000 0.000000 0.000000 0 87781.dat
0 7 -0.000000 1.000000 0.000000 -1.000000 -0.000000 0.000000 0.000000 0.000000 1.000000 -6.000000 22.723524 -18.239950 0 0 0.480000 0 0 87781.dat
