9 0 -1.000000 0.000000 -0.000000 0.000000 1.000000 0.000000 0.000000 0.000000 -1.000000 4.187503 -4.187600 -9.999999 1.687500 1.687500 9.750000 87826.dat
9 0 -1.000000 0.000000 -0.000000 0.000000 1.000000 0.000000 0.000000 0.000000 -1.000000 -4.187497 -4.187600 -10.000002 1.687500 1.687500 9.750000 87826.dat
9 0 -1.000000 0.000000 -0.000000 0.000000 1.000000 0.000000 0.000000 0.000000 -1.000000 -4.187497 4.187600 -10.000002 1.687500 1.687500 9.750000 87826.dat
9 0 -1.000000 0.000000 -0.000000 0.000000 1.000000 0.000000 0.000000 0.000000 -1.000000 4.187503 4.187600 -9.999999 1.687500 1.687500 9.750000 87826.dat
9 0 -1.000000 0.000000 -0.000000 0.000000 1.000000 0.000000 0.000000 0.000000 -1.000000 0.000009 -25.036499 -26.194250 2.636550 0.661375 5.944325 87826.dat
9 0 -1.000000 0.000000 -0.000000 0.000000 1.000000 0.000000 0.000000 0.000000 -1.000000 0.000007 -13.052601 -21.625000 10.209550 2.572550 1.375000 87826.dat
9 0 -1.000000 0.000000 -0.000000 0.000000 0.999438 -0.033536 0.000000 -0.033536 -0.999438 0.000019 -28.327251 -56.791000 10.209550 0.931250 22.645550 87826.dat
9 0 -1.000000 0.000000 -0.000000 0.000000 1.000000 0.000000 0.000000 0.000000 -1.000000 0.000029 -35.460003 -89.039497 4.750000 3.740025 3.210575 87826.dat
9 0 -1.000000 0.000000 -0.000000 0.000000 0.999438 -0.033536 0.000000 -0.033536 -0.999438 0.000028 -32.560001 -86.757751 10.209550 1.031875 5.452350 87826.dat
9 0 -1.000000 0.000000 -0.000000 0.000000 1.000000 0.000000 0.000000 0.000000 -1.000000 5.507383 -20.664499 -26.624998 1.132375 2.880250 3.125000 87826.dat
9 0 -1.000000 0.000000 -0.000000 0.000000 1.000000 0.000000 0.000000 0.000000 -1.000000 -5.507366 -20.664499 -26.625004 1.132375 2.880250 3.125000 87826.dat
9 0 -1.000000 0.000000 -0.000000 0.000000 1.000000 0.000000 0.000000 0.000000 -1.000000 -5.507366 20.664499 -26.625004 1.132375 2.880250 3.125000 87826.dat
9 0 -1.000000 0.000000 -0.000000 0.000000 1.000000 0.000000 0.000000 0.000000 -1.000000 5.507383 20.664499 -26.624998 1.132375 2.880250 3.125000 87826.dat
9 0 -1.000000 0.000000 -0.000000 -0.000000 -1.000000 0.000000 -0.000000 0.000000 1.000000 0.000009 25.036499 -26.194250 2.636550 0.661375 5.944325 87826.dat
9 0 -1.000000 0.000000 -0.000000 -0.000000 -1.000000 0.000000 -0.000000 0.000000 1.000000 0.000007 13.052601 -21.625000 10.209550 2.572550 1.375000 87826.dat
9 0 -1.000000 0.000000 -0.000000 0.000000 -0.999438 -0.033536 -0.000000 -0.033536 0.999438 0.000019 28.327251 -56.791000 10.209550 0.931250 22.645550 87826.dat
9 0 -1.000000 0.000000 -0.000000 -0.000000 -1.000000 0.000000 -0.000000 0.000000 1.000000 0.000029 35.460003 -89.039497 4.750000 3.740025 3.210575 87826.dat
9 0 -1.000000 0.000000 -0.000000 0.000000 -0.999438 -0.033536 -0.000000 -0.033536 0.999438 0.000028 32.560001 -86.757751 10.209550 1.031875 5.452350 87826.dat
9 0 0.000000 1.000000 -0.000000 -0.999437 0.000000 -0.033535 -0.033535 0.000000 0.999438 28.327269 0.000000 -56.790989 10.209550 0.931250 22.645550 87826.dat
9 0 0.000000 1.000000 -0.000000 -1.000000 0.000000 -0.000000 -0.000000 0.000000 1.000000 35.460030 0.000000 -89.039490 4.750000 3.740025 3.210575 87826.dat
9 0 0.000000 1.000000 -0.000000 -0.999437 0.000000 -0.033535 -0.033535 0.000000 0.999438 32.560028 0.000000 -86.757736 10.209550 1.031875 5.452350 87826.dat
9 0 0.000000 -1.000000 0.000000 0.999437 0.000000 -0.033535 0.033535 0.000000 0.999438 -28.327232 0.000000 -56.791012 10.209550 0.931250 22.645550 87826.dat
9 0 -0.000000 -1.000000 0.000000 1.000000 0.000000 0.000000 -0.000000 0.000000 1.000000 -35.459972 0.000000 -89.039513 4.750000 3.740025 3.210575 87826.dat
9 0 0.000000 -1.000000 0.000000 0.999437 0.000000 -0.033535 0.033535 0.000000 0.999438 -32.559975 0.000000 -86.757759 10.209550 1.031875 5.452350 87826.dat
9 0 -1.000000 0.000000 -0.000000 0.000000 1.000000 0.000000 0.000000 0.000000 -1.000000 16.479776 0.000000 -4.899995 4.979775 10.863000 2.000000 87826.dat
9 0 1.000000 0.000000 0.000000 0.000000 1.000000 0.000000 -0.000000 0.000000 1.000000 -16.479774 0.000000 -4.900005 4.979775 10.863000 2.000000 87826.dat
9 0 0.507850 -0.861445 0.000000 0.039115 0.023060 0.998968 -0.860557 -0.507326 0.045406 -19.469093 -10.007199 -16.388407 10.209126 13.390499 0.930525 87826.dat
9 0 0.707367 -0.706725 -0.013110 0.040335 0.021841 0.998947 -0.705694 -0.707151 0.043955 -20.111134 -19.827200 -49.130756 10.209126 15.113475 0.930525 87826.dat
9 0 0.707367 -0.706725 -0.013110 0.040335 0.021841 0.998947 -0.705694 -0.707151 0.043955 -22.568501 -22.325174 -79.494759 10.209126 12.912551 0.930525 87826.dat
9 0 -0.507850 -0.861445 -0.000000 -0.039115 0.023059 0.998969 -0.860557 0.507326 -0.045406 19.469107 -10.007199 -16.388393 10.209126 13.390499 0.930525 87826.dat
9 0 -0.707368 -0.706724 -0.013110 -0.040335 0.021841 0.998948 -0.705694 0.707152 -0.043955 20.111166 -19.827200 -49.130745 10.209126 15.113475 0.930525 87826.dat
9 0 -0.707368 -0.706724 -0.013110 -0.040335 0.021841 0.998948 -0.705694 0.707152 -0.043955 22.568550 -22.325174 -79.494743 10.209126 12.912551 0.930525 87826.dat
9 0 -0.273799 -0.323132 0.905881 0.890274 -0.441544 0.111581 0.363931 0.837033 0.408570 -19.469093 10.007199 -16.388407 10.209126 13.390499 0.930525 87826.dat
9 0 -0.504163 -0.390661 0.770197 0.738473 -0.657398 0.149950 0.447747 0.644369 0.619928 -20.111134 19.827200 -49.130756 10.209126 15.113475 0.930525 87826.dat
9 0 -0.504163 -0.390661 0.770197 0.738473 -0.657398 0.149950 0.447747 0.644369 0.619928 -22.568501 22.325174 -79.494759 10.209126 12.912551 0.930525 87826.dat
9 0 0.054925 0.305648 0.950559 0.935700 0.316511 -0.155839 -0.348494 0.897998 -0.268611 19.469107 10.007199 -16.388393 10.209126 13.390499 0.930525 87826.dat
9 0 0.039450 0.429943 0.901994 0.884755 0.404494 -0.231501 -0.464383 0.807176 -0.364437 20.111166 19.827200 -49.130745 10.209126 15.113475 0.930525 87826.dat
9 0 0.039450 0.429943 0.901994 0.884755 0.404494 -0.231501 -0.464383 0.807176 -0.364437 22.568550 22.325174 -79.494743 10.209126 12.912551 0.930525 87826.dat
10 0 -39.449997 -39.449997 -99.049995 39.449997 39.449997 0.000000 87826.dat
0 4 0.000000 1.000000 0.000000 -0.000000 -0.000000 1.000000 1.000000 0.000000 0.000000 0.000000 0.000000 0.000000 0 0 0.800000 0 0 87826.dat
0 6 0.000000 1.000000 0.000000 -0.000000 -0.000000 1.000000 1.000000 0.000000 0.000000 0.000007 -20.000099 -20.000000 0 0 0.400000 0 0 87826.dat
0 6 0.000000 1.000000 0.000000 -0.000000 -0.000000 1.000000 1.000000 0.000000 0.000000 0.000007 20.000099 -20.000000 0 0 0.400000 0 0 87826.dat
