9 0 -1.000000 0.000000 -0.000000 0.000000 1.000000 0.000000 0.000000 0.000000 -1.000000 -19.949200 -1.876775 -0.000007 37.336750 1.626775 4.750000 87957.dat
9 0 -1.000000 0.000000 -0.000000 0.000000 1.000000 0.000000 0.000000 0.000000 -1.000000 6.714324 -19.390076 0.000002 11.350125 15.386525 1.458200 87957.dat
9 0 -0.836981 0.520553 -0.168779 0.536829 0.840893 -0.068651 0.106189 -0.148065 -0.983260 -6.342576 -39.235249 3.143623 9.866450 16.179825 0.953550 87957.dat
9 0 -0.702314 0.704172 -0.104386 0.700333 0.657177 -0.278661 -0.127625 -0.268813 -0.954700 -18.892401 -61.558998 5.376469 5.349900 11.331550 1.210125 87957.dat
9 0 -0.874407 0.481948 -0.056019 0.476375 0.874686 0.089389 0.092080 0.051476 -0.994420 -32.662998 -35.728249 -0.121086 5.686175 20.524500 0.705925 87957.dat
9 0 -1.000000 0.000000 -0.000000 0.000000 1.000000 0.000000 0.000000 0.000000 -1.000000 -48.967751 -12.985351 -0.000016 7.399600 8.981774 1.570975 87957.dat
9 0 -0.709955 0.701777 -0.058931 0.702520 0.711586 0.010470 0.049281 -0.033967 -0.998207 -73.173996 -30.872000 -0.316424 7.432975 28.927002 1.183450 87957.dat
9 0 -0.932315 0.355974 -0.063805 0.358810 0.932546 -0.040161 0.045204 -0.060337 -0.997154 -51.457249 -31.937000 2.107233 4.658475 14.812025 0.908050 87957.dat
9 0 -0.707107 0.000000 -0.707107 0.000000 1.000000 0.000000 0.707107 0.000000 -0.707107 0.033850 4.917400 0.000000 2.578425 4.667400 2.578425 87957.dat
9 0 -0.707107 0.000000 -0.707107 0.000000 1.000000 0.000000 0.707107 0.000000 -0.707107 -39.976997 4.917400 -0.000013 2.578425 4.667400 2.578425 87957.dat
9 0 -1.000000 0.000000 -0.000000 0.000000 1.000000 0.000000 0.000000 0.000000 -1.000000 -22.015850 -13.550276 -0.000007 9.286950 9.546724 1.641950 87957.dat
10 0 -20.283001 -9.834800 -5.000000 98.831001 73.098495 10.564450 87957.dat
0 7 -1.000000 0.000000 -0.000000 0.000000 1.000000 0.000000 0.000000 0.000000 -1.000000 0.033850 9.834800 0.000000 0 1 0.393392 0 0 87957.dat
0 7 -1.000000 0.000000 -0.000000 0.000000 1.000000 0.000000 0.000000 0.000000 -1.000000 -39.976997 9.834800 -0.000013 0 1 0.393392 0 0 87957.dat
2 22 -1.000000 0.000000 -0.000000 0.000000 1.000000 0.000000 0.000000 0.000000 -1.000000 10.033854 9.834800 -9.999997 2 2 29:0:0,29:0:0,29:0:0,29:0:0,9:4:32,29:0:0,29:0:0,29:0:0,29:0:0, 87957.dat
2 22 -1.000000 0.000000 -0.000000 0.000000 1.000000 0.000000 0.000000 0.000000 -1.000000 -29.976997 9.834800 -10.000010 2 2 29:0:0,29:0:0,29:0:0,29:0:0,9:4:32,29:0:0,29:0:0,29:0:0,29:0:0, 87957.dat
