9 0 1.000000 0.000000 0.000000 0.000000 1.000000 0.000000 0.000000 0.000000 1.000000 0.000000 -4.472575 0.000000 7.703675 4.222575 7.703675 87998.dat
9 0 1.000000 0.000000 0.000000 0.000000 0.849584 -0.527453 0.000000 0.527453 0.849584 0.579975 -1.366450 -13.539900 9.489350 6.493950 0.552750 87998.dat
9 0 1.000000 0.000000 0.000000 0.000000 0.928251 0.371955 0.000000 -0.371955 0.928251 0.000000 2.629275 13.471299 8.719800 6.946975 1.176675 87998.dat
9 0 0.500000 0.000001 0.866026 -0.216577 0.968225 0.125040 -0.838507 -0.250082 0.484112 -11.652200 3.267225 6.727400 8.719800 8.488775 1.176675 87998.dat
9 0 -0.584941 0.353062 0.730200 -0.107737 0.858485 -0.501395 -0.803889 -0.371955 -0.464125 -11.395201 1.847500 -6.579025 8.719800 6.946975 1.176675 87998.dat
9 0 -0.570824 -0.263245 -0.777729 0.167100 0.890142 -0.423940 0.803889 -0.371954 -0.464126 11.395201 1.847500 -6.579025 8.719800 6.946975 1.176675 87998.dat
9 0 0.500000 -0.000001 -0.866026 0.216577 0.968225 0.125040 0.838507 -0.250082 0.484112 12.297626 3.373650 7.100050 8.719800 8.488775 1.176675 87998.dat
10 0 -18.837225 -12.706625 -17.147499 19.482651 9.925925 18.635700 87998.dat
2 22 1.000000 0.000000 0.000000 0.000000 1.000000 0.000000 0.000000 0.000000 1.000000 -10.000000 0.000000 10.000000 2 2 29:0:0,29:0:0,29:0:0,29:0:0,15:4:33,29:0:0,29:0:0,29:0:0,29:0:0, 87998.dat
