9 0 -0.711042 0.148902 0.687203 0.126178 0.988477 -0.083626 -0.691736 0.027248 -0.721636 12.269700 8.108075 -10.769400 0.689325 4.317300 1.297500 87992.dat
9 0 -0.509939 0.064314 -0.857803 0.058270 0.997493 0.040147 0.858235 -0.029511 -0.512408 4.835050 -5.195450 12.162525 1.240925 3.374325 5.028525 87992.dat
9 0 -0.914562 0.069462 -0.398436 0.058271 0.997493 0.040147 0.400226 0.013500 -0.916317 10.851900 -5.273075 5.357850 1.240925 3.374325 4.971750 87992.dat
9 0 -0.278343 0.137897 0.950531 0.092541 0.988886 -0.116363 -0.956013 0.055574 -0.288011 5.086075 12.290125 -14.556400 2.232600 0.873200 4.981000 87992.dat
9 0 -0.278343 0.137896 0.950531 -0.018575 0.988682 -0.148870 -0.960302 -0.059094 -0.272632 5.564075 3.641575 -14.035175 0.689325 0.873200 5.684000 87992.dat
9 0 -0.284606 0.100304 0.953383 0.047363 0.994768 -0.090519 -0.957474 0.019393 -0.287867 5.238950 -5.724075 -9.708900 1.240925 3.374325 4.915350 87992.dat
9 0 -0.906366 0.124576 0.403711 0.105507 0.992005 -0.069238 -0.409109 -0.020160 -0.912263 10.952075 -5.662750 -4.549350 1.240925 3.374325 4.915350 87992.dat
9 0 -0.450221 0.155686 0.879240 0.074958 0.987797 -0.136525 -0.889765 0.004440 -0.456397 5.077525 -0.172100 -11.985350 1.240925 4.645500 4.915350 87992.dat
9 0 -0.165486 0.147334 0.975145 0.008373 0.988952 -0.148000 -0.986177 -0.016327 -0.164891 3.105800 16.260300 -14.882074 0.689325 4.317300 3.066650 87992.dat
9 0 -0.450221 0.155686 0.879240 0.074958 0.987797 -0.136525 -0.889765 0.004440 -0.456397 10.376375 15.980450 -12.075425 0.689325 4.645500 4.915350 87992.dat
9 0 -0.970854 0.118219 0.208488 0.114903 0.992982 -0.027988 -0.210333 -0.003217 -0.977624 14.752901 9.611450 -3.554850 0.914500 11.024050 6.485450 87992.dat
9 0 -0.950748 0.148380 -0.272141 0.131608 0.988150 0.078986 0.280636 0.039280 -0.959010 14.441400 9.503901 6.606275 0.914500 11.024050 5.320450 87992.dat
9 0 -0.420909 0.153256 -0.894063 0.027485 0.987327 0.156303 0.906686 0.041217 -0.419787 6.339700 9.207500 14.266326 0.914500 11.024050 6.829175 87992.dat
9 0 -1.000000 0.000000 -0.000000 0.000000 1.000000 0.000000 0.000000 0.000000 -1.000000 16.564650 -10.389375 1.079375 1.204900 9.050950 1.374350 87992.dat
9 0 -1.000000 0.000000 -0.000000 0.000000 1.000000 0.000000 0.000000 0.000000 -1.000000 21.229074 4.206175 0.934725 0.702675 3.070775 2.693475 87992.dat
9 0 -1.000000 0.000000 -0.000000 0.000000 1.000000 0.000000 0.000000 0.000000 -1.000000 17.488424 3.997950 1.201475 2.128675 5.235650 5.922475 87992.dat
9 0 0.976793 0.214185 0.000000 -0.214185 0.976793 0.000000 0.000000 0.000000 1.000000 -17.918350 14.490225 1.152175 0.702650 3.307700 1.313325 87992.dat
9 0 0.711042 0.148902 0.687203 -0.126178 0.988476 -0.083626 -0.691736 -0.027248 0.721636 -12.293575 8.108075 -10.769400 0.689325 4.317300 1.297500 87992.dat
9 0 0.509939 0.064314 -0.857803 -0.058270 0.997493 0.040147 0.858235 0.029511 0.512408 -4.858925 -5.195450 12.162525 1.240925 3.374325 5.028525 87992.dat
9 0 0.914562 0.069462 -0.398436 -0.058270 0.997493 0.040147 0.400226 -0.013501 0.916317 -10.875775 -5.273075 5.357850 1.240925 3.374325 4.971750 87992.dat
9 0 0.278344 0.137897 0.950531 -0.092540 0.988886 -0.116362 -0.956013 -0.055574 0.288011 -5.109950 12.290125 -14.556400 2.232600 0.873200 4.981000 87992.dat
9 0 0.278344 0.137897 0.950531 0.018575 0.988682 -0.148871 -0.960302 0.059094 0.272632 -5.587950 3.641575 -14.035175 0.689325 0.873200 5.684000 87992.dat
9 0 0.284605 0.100305 0.953383 -0.047364 0.994768 -0.090520 -0.957474 -0.019393 0.287867 -5.262825 -5.724075 -9.708900 1.240925 3.374325 4.915350 87992.dat
9 0 0.906366 0.124576 0.403711 -0.105507 0.992005 -0.069237 -0.409108 0.020160 0.912263 -10.975950 -5.662750 -4.549350 1.240925 3.374325 4.915350 87992.dat
9 0 0.450221 0.155685 0.879240 -0.074958 0.987797 -0.136524 -0.889765 -0.004440 0.456397 -5.101400 -0.172100 -11.985350 1.240925 4.645500 4.915350 87992.dat
9 0 0.165486 0.147334 0.975145 -0.008373 0.988952 -0.147999 -0.986177 0.016327 0.164891 -3.129675 16.260300 -14.882074 0.689325 4.317300 3.066650 87992.dat
9 0 0.450221 0.155685 0.879240 -0.074958 0.987797 -0.136524 -0.889765 -0.004440 0.456397 -10.400249 15.980450 -12.075425 0.689325 4.645500 4.915350 87992.dat
9 0 0.970854 0.118219 0.208488 -0.114903 0.992982 -0.027988 -0.210334 0.003216 0.977624 -14.776775 9.611450 -3.554850 0.914500 11.024050 6.485450 87992.dat
9 0 0.950749 0.148380 -0.272140 -0.131608 0.988150 0.078987 0.280635 -0.039281 0.959010 -14.465276 9.503901 6.606275 0.914500 11.024050 5.320450 87992.dat
9 0 0.420909 0.153256 -0.894062 -0.027485 0.987327 0.156304 0.906686 -0.041216 0.419787 -6.363575 9.207500 14.266326 0.914500 11.024050 6.829175 87992.dat
9 0 1.000000 0.000000 0.000000 0.000000 1.000000 0.000000 0.000000 0.000000 1.000000 0.532175 -8.064450 1.079375 9.465625 0.791400 11.395750 87992.dat
9 0 1.000000 0.000000 0.000000 0.000000 1.000000 0.000000 0.000000 0.000000 1.000000 0.060925 -10.128475 1.079375 4.389725 1.319450 4.342575 87992.dat
9 0 1.000000 0.000000 0.000000 0.000000 1.000000 0.000000 0.000000 0.000000 1.000000 -16.588526 -10.389375 1.079375 1.204900 9.050950 1.374350 87992.dat
9 0 1.000000 0.000000 0.000000 0.000000 1.000000 0.000000 0.000000 0.000000 1.000000 -21.252949 4.206175 0.934725 0.702675 3.070775 2.693475 87992.dat
9 0 1.000000 0.000000 0.000000 0.000000 1.000000 0.000000 0.000000 0.000000 1.000000 -17.512300 3.997950 1.201475 2.128675 5.235650 5.922475 87992.dat
10 0 -22.206202 -21.082050 -20.525650 22.182325 21.314175 18.395575 87992.dat
2 22 1.000000 0.000000 0.000000 0.000000 1.000000 0.000000 0.000000 0.000000 1.000000 -10.000000 0.000000 10.000000 2 2 29:0:0,29:0:0,29:0:0,29:0:0,15:4:33,29:0:0,29:0:0,29:0:0,29:0:0, 87992.dat
