9 0 1.000000 0.000000 0.000000 0.000000 1.000000 0.000000 0.000000 0.000000 1.000000 -0.021125 -4.367875 -1.631150 10.501750 4.117875 12.706950 87999.dat
9 0 -0.000000 0.136694 -0.990613 0.000000 0.990613 0.136694 1.000000 0.000000 -0.000000 0.000000 10.092300 14.239825 1.322550 13.784625 6.229000 87999.dat
9 0 -0.853875 0.166921 0.492985 0.144558 0.985970 -0.083460 -0.500000 0.000001 -0.866025 12.769400 10.053600 -7.372425 0.487050 11.223500 6.831125 87999.dat
9 0 -0.853875 0.166921 -0.492985 0.144558 0.985970 0.083460 0.500000 -0.000001 -0.866025 12.769400 10.053600 7.372425 0.487050 11.223500 6.831125 87999.dat
9 0 0.853875 0.166922 -0.492985 -0.144558 0.985970 0.083461 0.500000 -0.000000 0.866025 -12.769400 10.053600 7.372425 0.487050 10.250325 6.831125 87999.dat
9 0 0.853875 0.166922 0.492985 -0.144558 0.985970 -0.083461 -0.500000 0.000000 0.866025 -12.769400 10.053600 -7.372425 0.487050 11.223500 6.831125 87999.dat
9 0 -0.000000 0.016430 0.999865 0.000000 0.999865 -0.016430 -1.000000 -0.000000 -0.000000 0.000000 14.087226 -14.305450 0.880325 13.784625 11.438550 87999.dat
10 0 -20.341625 -30.702499 -18.342949 19.964426 9.329600 17.127874 87999.dat
2 22 1.000000 0.000000 0.000000 0.000000 1.000000 0.000000 0.000000 0.000000 1.000000 -10.000000 -0.018475 10.000000 2 2 29:0:0,29:0:0,29:0:0,29:0:0,15:4:33,29:0:0,29:0:0,29:0:0,29:0:0, 87999.dat
