9 0 -0.000000 0.000000 1.000000 -0.000000 -1.000000 0.000000 1.000000 0.000000 0.000000 0.000000 17.779123 9.918703 3.617775 0.125500 9.750000 88289.dat
9 0 0.000000 0.000000 -1.000000 0.000000 1.000000 0.000000 1.000000 0.000000 0.000000 0.000006 3.996850 -8.874997 10.875000 3.750000 9.750000 88289.dat
9 0 0.000000 0.000000 -1.000000 0.000000 1.000000 0.000000 1.000000 0.000000 0.000000 -0.000004 3.996850 25.422653 7.452350 3.750000 9.750000 88289.dat
9 0 0.000000 0.000000 -1.000000 0.000000 1.000000 0.000000 1.000000 0.000000 0.000000 0.000000 0.816200 10.062503 7.437500 0.569350 9.750000 88289.dat
9 0 0.000000 0.000000 -1.000000 0.000000 1.000000 0.000000 1.000000 0.000000 0.000000 -0.000007 6.871850 31.562504 1.312500 6.625000 18.500000 88289.dat
9 0 -0.000000 -1.000000 0.000000 0.000000 -0.000000 -1.000000 1.000000 0.000000 0.000000 -0.000010 17.184349 41.850502 1.312500 9.391400 18.500000 88289.dat
9 0 0.000000 -0.707107 -0.707107 0.000000 0.707107 -0.707107 1.000000 0.000000 0.000000 -0.000014 13.338700 54.690506 1.312500 5.835775 18.500000 88289.dat
9 0 0.000000 0.000000 -1.000000 0.000000 1.000000 0.000000 1.000000 0.000000 0.000000 -0.000015 4.975125 58.437504 1.312500 4.728275 18.500000 88289.dat
9 0 1.000000 0.000000 0.000000 0.000000 1.000000 0.000000 -0.000000 0.000000 1.000000 17.187489 7.270925 43.382256 1.312500 7.024075 12.003699 88289.dat
9 0 -1.000000 0.000000 -0.000000 0.000000 1.000000 0.000000 0.000000 0.000000 -1.000000 -17.187510 7.270925 43.382244 1.312500 7.024075 12.003699 88289.dat
9 0 -0.000000 -0.923880 0.382683 0.000000 -0.382683 -0.923880 1.000000 0.000000 0.000000 -0.000002 12.743400 17.617804 3.617775 0.125500 9.750000 88289.dat
9 0 -0.000000 0.923880 0.382683 -0.000000 -0.382683 0.923880 1.000000 0.000000 0.000000 0.000002 12.593176 2.319978 3.617775 0.125500 9.750000 88289.dat
10 0 -50.000000 -10.000000 -28.750000 30.000002 13.953150 8.750000 88289.dat
3 23 0.000000 0.000000 -1.000000 0.000000 1.000000 0.000000 1.000000 0.000000 0.000000 9.999997 -0.003150 20.000006 2 4 18:1:1,23:4:1,18:2:1,23:4:1,18:1:1,23:4:1,1:4:1,23:4:1,1:4:1,23:4:1,18:1:1,23:4:1,18:2:1,23:4:1,18:1:1, 88289.dat
0 2 -0.000000 1.000000 0.000000 -1.000000 -0.000000 -0.000000 -0.000000 0.000000 1.000000 -10.000000 9.500000 10.000000 0 0 0.800000 0 0 88289.dat
2 22 0.000000 0.000000 -1.000000 -1.000000 -0.000000 -0.000000 -0.000000 1.000000 -0.000000 -10.000003 19.500000 20.000000 2 2 22:1:1,22:2:1,22:1:1,22:2:1,16:4:64,22:2:1,22:1:1,22:2:1,22:1:1, 88289.dat
2 22 -0.000000 0.000000 1.000000 1.000000 0.000000 0.000000 0.000000 1.000000 -0.000000 10.000003 19.500000 0.000006 2 2 22:1:1,22:2:1,22:1:1,22:2:1,16:4:64,22:2:1,22:1:1,22:2:1,22:1:1, 88289.dat
2 22 0.000000 0.000000 -1.000000 0.000000 1.000000 0.000000 1.000000 0.000000 0.000000 10.000003 7.996850 0.000006 2 2 22:2:1,22:2:1,22:1:1,22:2:1,15:4:1,22:2:1,22:2:1,22:2:1,22:1:1, 88289.dat
