9 0 1.000000 0.000000 0.000000 0.000000 1.000000 0.000000 0.000000 0.000000 1.000000 0.000000 -6.117850 2.892625 10.571526 1.383900 7.011250 88286.dat
9 0 0.917314 -0.107563 -0.383360 0.372671 0.570920 0.731551 0.140180 -0.813929 0.563798 -5.041600 -1.042025 -8.856900 6.220225 0.417600 5.427225 88286.dat
9 0 1.000000 0.000000 0.000000 0.000000 -0.120306 0.992737 0.000000 -0.992737 -0.120306 0.000000 8.755950 15.863424 10.571526 1.704225 12.101975 88286.dat
9 0 0.983252 -0.181079 -0.020639 -0.000000 -0.113247 0.993567 -0.182251 -0.976927 -0.111350 1.032400 36.384750 19.250626 4.253700 2.204950 15.286450 88286.dat
9 0 0.350699 0.833428 -0.427092 -0.933798 0.345753 -0.092068 0.070936 0.431106 0.899509 13.919724 3.081975 3.167525 7.949700 0.756250 7.618775 88286.dat
9 0 -0.334469 0.660417 0.672295 0.892114 0.451811 0.000001 -0.303750 0.599764 -0.740283 -12.930300 2.304625 2.892625 8.789750 0.964900 8.211349 88286.dat
9 0 0.796657 0.062531 0.601188 -0.552490 0.478726 0.682332 -0.245137 -0.875735 0.415928 8.299575 -0.615850 -8.453225 6.220225 0.927025 5.427225 88286.dat
10 0 -19.225199 -53.741253 -25.606251 19.341400 9.864275 15.082601 88286.dat
2 22 1.000000 0.000000 0.000000 0.000000 1.000000 0.000000 0.000000 0.000000 1.000000 -10.000000 0.000000 10.000000 2 2 29:0:0,29:0:0,29:0:0,29:0:0,15:4:33,29:0:0,29:0:0,29:0:0,29:0:0, 88286.dat
