9 0 1.000000 0.000000 0.000000 0.000000 1.000000 0.000000 0.000000 0.000000 1.000000 -0.143975 -2.846150 0.000000 9.707749 2.605550 10.915925 88283.dat
9 0 -0.000000 -0.995107 -0.098801 -0.000000 0.098801 -0.995107 1.000000 -0.000000 -0.000000 0.000000 10.335450 14.185375 9.729875 0.638350 6.695700 88283.dat
9 0 0.041897 -0.988934 -0.142317 0.944129 0.085793 -0.318215 0.326903 -0.121033 0.937275 -12.600000 9.749701 4.830925 9.782949 0.638350 7.838875 88283.dat
9 0 0.361242 -0.751297 -0.552319 0.897716 0.120000 0.423916 -0.252209 -0.648962 0.717801 -12.377350 6.664975 -7.254150 9.275200 0.888225 3.223075 88283.dat
9 0 -0.041897 -0.988934 -0.142317 -0.944129 0.085792 -0.318215 0.326903 0.121033 -0.937276 12.600000 9.749701 4.830925 9.782949 0.638350 7.838875 88283.dat
9 0 -0.361242 -0.751298 -0.552319 -0.897717 0.120000 0.423916 -0.252209 0.648962 -0.717802 12.377350 6.664975 -7.254150 9.275200 0.888225 3.223075 88283.dat
10 0 -17.413225 -22.792450 -17.757324 17.563824 9.125125 15.759500 88283.dat
2 22 1.000000 0.000000 0.000000 0.000000 1.000000 0.000000 0.000000 0.000000 1.000000 -10.000000 0.009400 10.000000 2 2 29:0:0,29:0:0,29:0:0,29:0:0,15:4:33,29:0:0,29:0:0,29:0:0,29:0:0, 88283.dat
