9 0 0.707107 0.000000 -0.707107 0.000000 1.000000 0.000000 0.707107 0.000000 0.707107 0.000000 -12.271151 0.000000 2.539875 24.893724 1.722725 88288.dat
9 0 0.000000 -0.207344 -0.978268 0.000000 0.978268 -0.207344 1.000000 0.000000 0.000000 -0.000001 -43.681248 2.452375 4.230275 20.884775 1.104175 88288.dat
9 0 -0.000000 -1.000000 0.000000 0.000000 -0.000000 -1.000000 1.000000 0.000000 0.000000 0.000000 -10.149600 -0.972725 1.823650 7.893850 2.508275 88288.dat
9 0 0.000000 -0.742951 -0.669346 0.000000 0.669346 -0.742951 1.000000 0.000000 0.000000 0.002728 -8.025049 -10.678400 1.823650 3.720400 1.764925 88288.dat
9 0 0.000000 -0.742951 -0.669346 0.000000 0.669346 -0.742951 1.000000 0.000000 0.000000 0.053097 -12.912300 10.268850 1.480325 3.720400 1.764925 88288.dat
10 0 -14.026424 -4.028175 -4.000000 14.688550 76.786247 4.000000 88288.dat
0 7 -1.000000 -0.000000 -0.000000 0.000000 -1.000000 -0.000000 -0.000000 -0.000000 1.000000 0.000000 -7.074326 0.000000 1 0 0.686282 0 0 88288.dat
