9 0 1.000000 0.000000 0.000000 0.000000 1.000000 0.000000 0.000000 0.000000 1.000000 0.000000 -1.500000 9.400000 6.000000 1.250000 3.100000 88290.dat
9 0 1.000000 0.000000 0.000000 0.000000 1.000000 0.000000 0.000000 0.000000 1.000000 -7.547325 -1.500000 4.403325 1.047325 1.250000 8.096675 88290.dat
9 0 -0.000000 0.000000 1.000000 0.000000 1.000000 0.000000 -1.000000 0.000000 -0.000000 0.000000 -1.500000 -7.032575 0.332575 1.250000 5.802350 88290.dat
9 0 0.707107 -0.707107 0.000000 0.707107 0.707107 0.000000 0.000000 0.000000 1.000000 0.730375 15.644625 11.781250 16.409025 7.250000 1.531250 88290.dat
9 0 0.707107 0.707107 0.000000 -0.707107 0.707107 0.000000 0.000000 0.000000 1.000000 -0.634625 15.740376 22.687500 16.106976 7.250000 1.312500 88290.dat
9 0 -1.000000 0.000000 -0.000000 0.000000 1.000000 0.000000 0.000000 0.000000 -1.000000 7.547325 -1.500000 4.403325 1.047325 1.250000 8.096675 88290.dat
10 0 -18.522675 -33.628498 -24.250000 18.646900 3.000000 9.981850 88290.dat
2 22 1.000000 0.000000 0.000000 0.000000 1.000000 0.000000 0.000000 0.000000 1.000000 -10.000000 0.000000 10.000000 2 2 29:0:0,29:0:0,29:0:0,29:0:0,15:4:32,29:0:0,29:0:0,29:0:0,29:0:0, 88290.dat
2 22 1.000000 0.000000 0.000000 0.000000 -1.000000 -0.000000 0.000000 0.000000 -1.000000 -10.000000 -3.000000 -10.000000 2 2 29:0:0,29:0:0,29:0:0,29:0:0,15:4:32,29:0:0,29:0:0,29:0:0,29:0:0, 88290.dat
4 30 -1.000000 0.000000 -0.000000 0.000000 1.000000 0.000000 0.000000 0.000000 -1.000000 7.500000 0.000000 0.000000 2 88290.dat
4 92 0.707108 0.707106 0.000000 0.707106 -0.707108 -0.000000 -0.000000 0.000000 -1.000000 -15.311874 24.840801 14.942175 2 88290.dat
4 92 -0.707108 -0.707106 -0.000000 -0.707106 0.707108 -0.000000 0.000000 0.000000 -1.000000 16.860525 6.810525 14.942175 2 88290.dat
4 92 0.707108 -0.707106 -0.000000 -0.707106 -0.707108 -0.000000 0.000000 0.000000 -1.000000 8.239475 31.910500 19.175850 2 88290.dat
4 92 -0.707108 0.707106 -0.000000 0.707106 0.707108 0.000000 0.000000 -0.000000 -1.000000 -9.800150 -0.263600 19.175850 2 88290.dat
4 30 1.000000 0.000000 0.000000 0.000000 1.000000 0.000000 0.000000 0.000000 1.000000 -7.500000 0.000000 0.000000 2 88290.dat
4 92 -0.707107 -0.707107 0.000000 0.707107 -0.707107 0.000000 0.000000 0.000000 1.000000 -8.240800 31.911749 14.942175 2 88290.dat
4 92 0.707107 0.707107 0.000000 -0.707107 0.707107 0.000000 0.000000 0.000000 1.000000 9.789475 -0.260525 14.942175 2 88290.dat
4 92 -0.707107 0.707107 0.000000 -0.707107 -0.707107 0.000000 0.000000 0.000000 1.000000 15.310524 24.839474 19.175850 2 88290.dat
4 92 0.707107 -0.707107 0.000000 0.707107 0.707107 0.000000 0.000000 0.000000 1.000000 -16.871223 6.807475 19.175850 2 88290.dat
