9 0 -1.000000 0.000000 -0.000000 0.000000 1.000000 0.000000 0.000000 0.000000 -1.000000 -20.426153 -72.153000 9.436518 27.744749 15.597075 25.808748 88618.dat
9 0 -0.970801 -0.239887 -0.000000 -0.239887 0.970801 -0.000000 0.000000 0.000000 -1.000000 -38.635506 -35.042252 21.815012 5.124225 27.750000 5.187650 88618.dat
9 0 -0.975239 0.221069 -0.006130 0.221110 0.975223 -0.007085 0.004412 -0.008265 -0.999956 -11.560324 -33.814251 -3.676954 5.424400 26.948750 3.974825 88618.dat
9 0 -1.000000 0.000000 -0.000000 0.000000 1.000000 0.000000 0.000000 0.000000 -1.000000 -39.677006 -5.446225 21.179611 9.174175 5.197650 8.408175 88618.dat
9 0 -1.000000 0.000000 -0.000000 0.000000 1.000000 0.000000 0.000000 0.000000 -1.000000 1.748376 -4.656275 -1.912124 8.511850 4.359650 8.911825 88618.dat
9 0 -0.841150 -0.540803 -0.000000 -0.540803 0.841150 -0.000000 0.000000 0.000000 -1.000000 -56.121506 -70.222252 9.392856 6.999175 11.445925 9.581600 88618.dat
9 0 -1.000000 0.000000 -0.000000 0.000000 1.000000 0.000000 0.000000 0.000000 -1.000000 16.796997 -97.341248 9.764730 5.070625 26.593000 5.373400 88618.dat
9 0 -1.000000 0.000000 -0.000000 0.000000 1.000000 0.000000 0.000000 0.000000 -1.000000 22.477222 -125.147499 10.456733 8.784725 7.578675 10.019500 88618.dat
9 0 -1.000000 0.000000 -0.000000 0.000000 1.000000 0.000000 0.000000 0.000000 -1.000000 39.581997 -121.943748 10.231688 7.819925 2.209350 3.648175 88618.dat
9 0 0.820069 0.000000 -0.572265 0.000000 1.000000 0.000000 0.572265 0.000000 0.820069 14.360103 -3.081375 -8.918420 5.148850 2.784725 2.786300 88618.dat
9 0 0.806186 0.000000 0.591662 0.000000 1.000000 0.000000 -0.591662 0.000000 0.806186 14.750722 -3.081400 8.261154 5.148850 2.784725 3.299225 88618.dat
9 0 0.876745 0.000000 0.480955 0.000000 1.000000 0.000000 -0.480955 0.000000 0.876745 -26.468510 -3.076950 28.302490 6.809150 2.828375 2.956575 88618.dat
9 0 0.306851 0.000000 0.951758 0.000000 1.000000 0.000000 -0.951758 0.000000 0.306851 -27.159504 -2.572875 10.871216 2.377200 2.324025 7.094875 88618.dat
10 0 -48.138500 -0.001200 -17.520451 69.538750 135.215240 37.561249 88618.dat
3 23 -1.000000 0.000000 -0.000000 0.000000 1.000000 0.000000 0.000000 0.000000 -1.000000 0.000003 -88.000000 -9.801775 4 4 18:1:1,23:4:1,18:2:1,23:4:1,18:1:1,23:4:1,0:4:0,23:4:1,0:4:0,23:4:1,18:2:1,23:4:1,18:4:1,23:4:1,18:2:1,23:4:1,0:4:0,23:4:1,0:4:0,23:4:1,18:1:1,23:4:1,18:2:1,23:4:1,18:1:1, 88618.dat
2 22 -1.000000 0.000000 -0.000000 0.000000 1.000000 0.000000 0.000000 0.000000 -1.000000 30.000008 0.000000 -19.999990 6 10 29:0:1,29:0:1,29:0:1,29:0:1,29:0:1,29:0:1,29:0:1,29:0:1,29:0:1,29:0:1,29:0:1,29:0:1,22:2:1,22:2:1,9:4:1,22:2:1,29:0:1,29:0:1,29:0:1,29:0:1,29:0:1,29:0:1,29:0:1,29:0:1,9:4:1,15:4:0,9:4:1,29:0:1,29:0:1,29:0:1,29:0:1,29:0:1,29:0:1,29:0:1,22:2:1,22:2:1,9:4:1,22:2:1,22:2:1,22:2:1,9:4:1,22:2:1,29:0:1,29:0:1,29:0:1,29:0:1,29:0:1,29:0:1,29:0:1,29:0:1,9:4:1,15:4:0,9:4:1,29:0:1,29:0:1,29:0:1,29:0:1,29:0:1,29:0:1,29:0:1,22:2:1,22:2:1,9:4:1,22:2:1,29:0:1,29:0:1,29:0:1,29:0:1,29:0:1,29:0:1,29:0:1,29:0:1,29:0:1,29:0:1,29:0:1,29:0:1,29:0:1, 88618.dat
