9 0 -0.707107 0.000000 -0.707107 0.000000 1.000000 0.000000 0.707107 0.000000 -0.707107 0.000000 -17.169100 0.000000 2.577925 16.919100 2.577925 88704.dat
9 0 -0.695801 -0.139218 -0.704613 -0.214146 0.976626 0.018505 0.685567 0.163766 -0.709350 3.496800 -56.313503 0.128076 1.048150 23.413925 1.022975 88704.dat
9 0 -0.404104 0.290841 -0.867244 0.602000 0.798394 -0.012759 0.688692 -0.527237 -0.497720 3.482550 -86.070000 -0.154124 1.048150 6.611500 0.488475 88704.dat
9 0 -0.060500 0.422107 -0.904525 0.991599 0.129213 -0.006025 0.114333 -0.897290 -0.426378 -7.821350 -92.656250 0.019647 1.048150 6.611500 0.488475 88704.dat
9 0 0.205442 0.230799 -0.951065 0.780476 -0.624956 0.016933 -0.590466 -0.745763 -0.308525 -20.405050 -89.138756 0.016193 1.048150 6.611500 0.488475 88704.dat
9 0 0.229944 0.028389 -0.972790 0.127111 -0.991888 0.001100 -0.964867 -0.123905 -0.231687 -26.836500 -77.675995 -0.062609 1.048150 6.611500 0.488475 88704.dat
9 0 0.203305 -0.082409 -0.975641 -0.309207 -0.950862 0.015883 -0.929009 0.298446 -0.218797 -23.130424 -54.168999 -0.323733 1.048150 15.731075 0.488475 88704.dat
9 0 0.159362 0.030569 -0.986747 0.371378 -0.927956 0.031230 -0.914703 -0.371433 -0.159234 -19.868425 -35.940502 -0.037106 1.048150 3.245325 0.488475 88704.dat
9 0 -0.500000 -0.500000 -0.707107 -0.707107 0.707107 0.000000 0.500000 0.500000 -0.707107 -24.000526 -30.000500 -0.000008 2.577925 3.750000 2.577925 88704.dat
10 0 -9.941425 0.000000 -4.000000 29.808250 95.395248 4.000000 88704.dat
0 7 0.000000 0.000000 -1.000000 0.000000 1.000000 0.000000 1.000000 0.000000 0.000000 0.000000 0.000000 0.000000 0 0 0.960000 0 0 88704.dat
2 22 -1.000000 0.000000 -0.000000 0.000000 1.000000 0.000000 0.000000 0.000000 -1.000000 10.000003 0.000000 -9.999997 2 2 29:0:0,29:0:0,29:0:0,29:0:0,9:4:32,29:0:0,29:0:0,29:0:0,29:0:0, 88704.dat
0 7 0.000000 -0.000000 -1.000000 -0.707107 0.707106 -0.000000 0.707106 0.707107 -0.000000 -26.828501 -27.171499 -0.000009 0 0 0.320000 0 0 88704.dat
2 22 -0.707107 -0.707107 -0.000000 -0.707107 0.707107 -0.000000 0.000000 0.000000 -1.000000 -19.757372 -20.100525 -10.000007 2 2 29:0:0,29:0:0,29:0:0,29:0:0,9:4:32,29:0:0,29:0:0,29:0:0,29:0:0, 88704.dat
