9 0 -0.707107 0.000000 0.707107 0.000000 1.000000 0.000000 -0.707107 0.000000 -0.707107 0.000000 -8.125000 0.000000 2.578425 7.875000 2.578425 88812.dat
9 0 0.069459 0.000000 0.997585 0.000000 1.000000 0.000000 -0.997585 0.000000 0.069459 -1.494432 -13.800025 -20.943699 16.378250 1.300025 3.778000 88812.dat
9 0 0.000000 0.000000 1.000000 -0.677175 0.735822 0.000000 -0.735822 -0.677175 0.000000 5.881676 -12.961875 3.601198 7.101200 1.139875 2.561850 88812.dat
9 0 0.000000 0.000000 1.000000 0.677175 0.735822 -0.000000 -0.735822 0.677175 0.000000 -5.881674 -12.961875 3.601202 7.101200 1.139875 2.561850 88812.dat
9 0 0.000000 0.000000 1.000000 0.000000 1.000000 0.000000 -1.000000 0.000000 0.000000 0.000002 -14.250000 6.875000 12.875000 1.750000 4.257350 88812.dat
10 0 -39.387501 0.000000 -8.538650 20.000000 17.125000 8.538650 88812.dat
0 7 1.000000 -0.000000 -0.000000 -0.000000 -1.000000 0.000000 -0.000000 -0.000000 -1.000000 0.000000 -12.250000 0.000000 1 0 0.490000 0 0 88812.dat
2 22 0.000000 0.000000 1.000000 0.000000 1.000000 0.000000 -1.000000 0.000000 0.000000 -10.000003 0.000000 -9.999997 2 2 29:0:0,29:0:0,29:0:0,29:0:0,9:4:32,29:0:0,29:0:0,29:0:0,29:0:0, 88812.dat
