9 0 -0.707107 0.000000 -0.707107 0.000000 1.000000 0.000000 0.707107 0.000000 -0.707107 -0.025175 -4.627025 -0.025175 2.542825 4.378550 2.578425 89079.dat
9 0 -0.999124 0.041844 -0.000000 0.041844 0.999124 0.000000 0.000000 0.000000 -1.000000 -16.447100 -9.413700 0.651220 18.935200 0.318925 10.865775 89079.dat
9 0 -0.433273 0.020089 -0.901039 0.082607 0.996428 -0.017507 0.897469 -0.082017 -0.433385 -40.314499 -8.146999 -0.625413 5.238950 0.195400 7.637775 89079.dat
9 0 0.788510 0.024860 -0.614519 -0.012448 0.999623 0.024467 0.614896 -0.011643 0.788522 0.418026 -9.364400 -1.823750 5.238950 0.195400 9.060225 89079.dat
10 0 -10.456800 -0.001525 -12.549050 54.167004 14.131124 14.832451 89079.dat
0 7 -1.000000 0.000000 -0.000000 0.000000 1.000000 0.000000 0.000000 0.000000 -1.000000 0.000000 0.001525 0.000000 0 1 0.393392 0 0 89079.dat
2 22 -1.000000 0.000000 -0.000000 0.000000 1.000000 0.000000 0.000000 0.000000 -1.000000 10.000003 0.001525 -9.999997 2 2 29:0:0,29:0:0,29:0:0,29:0:0,9:4:32,29:0:0,29:0:0,29:0:0,29:0:0, 89079.dat
