9 0 -1.000000 -0.000383 -0.000033 -0.000383 0.985090 0.172041 -0.000033 0.172041 -0.985090 -16.023674 -0.979550 0.917325 0.184925 5.055000 4.712875 89159.dat
9 0 1.000000 0.000383 -0.000000 -0.000378 0.985090 0.172040 0.000066 -0.172040 0.985090 16.024426 -0.967250 0.917325 0.184925 5.055000 4.712875 89159.dat
9 0 0.859023 -0.504294 -0.088129 0.511936 0.846221 0.147753 0.000066 -0.172040 0.985090 13.529775 -10.536625 -0.753750 0.184925 5.055000 4.712875 89159.dat
9 0 0.369960 -0.915191 -0.159858 0.929048 0.364454 0.063588 0.000066 -0.172041 0.985090 5.566950 -17.344175 -1.386500 0.135675 5.601175 5.216275 89159.dat
9 0 -0.369258 -0.915475 -0.159858 -0.929327 0.363742 0.063587 -0.000065 0.172040 -0.985090 -5.553650 -17.348450 -1.386500 0.135675 5.601175 5.216275 89159.dat
9 0 -0.858636 -0.504952 -0.088129 -0.512585 0.845828 0.147754 -0.000066 0.172041 -0.985090 -13.521674 -10.547000 -0.753750 0.184925 5.055000 4.712875 89159.dat
9 0 -0.858804 -0.067921 0.507782 -0.512305 0.113125 -0.851320 0.000380 -0.991256 -0.131948 -13.524900 -2.181625 11.519225 0.184925 5.055000 4.712875 89159.dat
9 0 -0.369562 -0.122746 0.921063 -0.929206 0.048413 -0.366378 0.000380 -0.991257 -0.131948 -5.559150 -2.977875 18.284824 0.135675 5.601175 4.620525 89159.dat
9 0 0.369656 -0.122462 0.921063 0.929169 0.049125 -0.366377 -0.000380 0.991257 0.131948 5.561425 -2.973600 18.284824 0.135675 5.601175 4.620525 89159.dat
9 0 0.858856 -0.067263 0.507782 0.512217 0.113517 -0.851321 -0.000379 0.991257 0.131948 13.526550 -2.171250 11.519225 0.184925 5.055000 4.712875 89159.dat
9 0 -0.369418 -0.496189 0.785701 -0.929263 0.196959 -0.312533 0.000325 -0.845579 -0.533851 -5.018550 -9.077325 14.226425 0.135675 5.601175 4.620525 89159.dat
9 0 0.369799 -0.495906 0.785701 0.929112 0.197673 -0.312533 -0.000324 0.845578 0.533851 5.025525 -9.073475 14.226425 0.135675 5.601175 4.620525 89159.dat
9 0 -0.369291 -0.830747 0.416515 -0.929314 0.330039 -0.165680 0.000172 -0.448257 -0.893905 -5.334550 -15.158275 7.889200 0.135675 5.601175 4.620525 89159.dat
9 0 0.369927 -0.830464 0.416514 0.929061 0.330751 -0.165679 -0.000172 0.448256 0.893905 5.346175 -15.154176 7.889200 0.135675 5.601175 4.620525 89159.dat
9 0 -0.858691 -0.361591 0.363182 -0.512494 0.605476 -0.608892 0.000272 -0.708979 -0.705230 -13.028251 -7.698750 7.728100 0.184925 5.055000 4.712875 89159.dat
9 0 0.858968 -0.360932 0.363182 0.512028 0.605869 -0.608893 -0.000272 0.708979 0.705229 13.034150 -7.688750 7.728100 0.184925 5.055000 4.712875 89159.dat
10 0 -17.562500 -4.823250 -21.665575 17.562500 20.407450 7.547375 89159.dat
4 89 -1.000000 -0.000000 -0.000000 0.000000 0.173647 -0.984808 0.000000 -0.984808 -0.173647 0.000000 0.000000 0.000000 2 89159.dat
