9 0 1.000000 0.000000 0.000000 0.000000 1.000000 0.000000 0.000000 0.000000 1.000000 0.000000 -25.512499 -0.000075 8.079125 3.695800 17.250099 89201.dat
9 0 0.866025 0.500000 0.000000 -0.500000 0.866025 0.000000 0.000000 0.000000 1.000000 12.731449 -22.051525 -0.000075 8.079125 3.741725 17.250099 89201.dat
9 0 0.500000 0.866025 0.000000 -0.866025 0.500000 0.000000 0.000000 0.000000 1.000000 22.015751 -12.710799 -0.000075 8.079125 3.779950 17.250099 89201.dat
9 0 -0.000000 1.000000 0.000000 -1.000000 -0.000000 0.000000 0.000000 0.000000 1.000000 25.512499 0.000000 -0.000075 8.079125 3.695800 17.250099 89201.dat
9 0 -0.500000 0.866025 0.000000 -0.866025 -0.500000 0.000000 0.000000 0.000000 1.000000 22.015751 12.710799 -0.000075 8.079125 3.779950 17.250099 89201.dat
9 0 -0.866025 0.500000 0.000000 -0.500000 -0.866025 0.000000 0.000000 0.000000 1.000000 12.710799 22.015751 -0.000075 8.079125 3.779950 17.250099 89201.dat
9 0 -1.000000 0.000000 0.000000 -0.000000 -1.000000 0.000000 0.000000 0.000000 1.000000 0.000000 25.512499 -0.000075 8.079125 3.695800 17.250099 89201.dat
9 0 -0.866025 -0.500000 0.000000 0.500000 -0.866025 0.000000 0.000000 0.000000 1.000000 -12.710799 22.015751 -0.000075 8.079125 3.779950 17.250099 89201.dat
9 0 -0.500000 -0.866025 0.000000 0.866025 -0.500000 0.000000 0.000000 0.000000 1.000000 -22.015751 12.710799 -0.000075 8.079125 3.779950 17.250099 89201.dat
9 0 -0.000000 -1.000000 0.000000 1.000000 -0.000000 0.000000 0.000000 0.000000 1.000000 -25.512499 0.000000 -0.000075 8.079125 3.695800 17.250099 89201.dat
9 0 0.500000 -0.866025 0.000000 0.866025 0.500000 0.000000 0.000000 0.000000 1.000000 -22.015751 -12.710799 -0.000075 8.079125 3.779950 17.250099 89201.dat
9 0 0.866025 -0.500000 0.000000 0.500000 0.866025 0.000000 0.000000 0.000000 1.000000 -12.710799 -22.015751 -0.000075 8.079125 3.779950 17.250099 89201.dat
10 0 -29.911501 -29.911501 -35.000000 29.911501 29.911501 0.000000 89201.dat
4 32 1.000000 0.000000 0.000000 0.000000 -0.000000 1.000000 0.000000 -1.000000 -0.000000 0.000000 0.000000 0.000000 1 89201.dat
