9 0 -0.812193 -0.583389 -0.000000 -0.583389 0.812193 -0.000000 0.000000 0.000000 -1.000000 -73.607742 -129.215759 -10.000024 21.819775 0.348425 11.650049 89524.dat
9 0 -0.606137 0.795360 -0.000000 0.795360 0.606137 0.000000 0.000000 0.000000 -1.000000 -108.324005 -140.624496 -10.000035 1.976500 0.348400 10.596900 89524.dat
9 0 -0.766276 -0.641711 0.032067 -0.642418 0.766060 -0.021237 -0.010938 -0.036874 -0.999260 -86.278496 -122.498253 -20.809904 22.302151 10.097526 0.746150 89524.dat
9 0 -0.766276 -0.641711 0.032067 -0.642418 0.766060 -0.021237 -0.010938 -0.036874 -0.999260 -114.588989 -112.510750 -20.868587 12.216525 8.669801 0.746150 89524.dat
9 0 -0.766276 -0.641711 -0.032068 -0.642418 0.766060 0.021236 0.010938 0.036874 -0.999260 -86.278496 -122.498253 0.809847 22.302151 10.097526 0.746150 89524.dat
9 0 -0.766276 -0.641711 -0.032068 -0.642418 0.766060 0.021236 0.010938 0.036874 -0.999260 -114.588997 -112.510750 0.868513 12.216525 8.669801 0.746150 89524.dat
9 0 -0.606137 0.795360 -0.000000 0.795360 0.606137 0.000000 0.000000 0.000000 -1.000000 -122.180496 -122.441994 -10.000040 12.099525 0.348425 10.596900 89524.dat
9 0 -0.606137 0.795360 -0.000000 0.795360 0.606137 0.000000 0.000000 0.000000 -1.000000 -118.320251 -127.507492 -17.423489 18.468225 0.348425 3.173450 89524.dat
9 0 -0.606137 0.795360 -0.000000 0.795360 0.606137 0.000000 0.000000 0.000000 -1.000000 -118.320251 -127.507492 -2.576588 18.468225 0.348425 3.173450 89524.dat
10 0 54.482754 94.779999 -26.014999 133.204742 145.007751 6.014900 89524.dat
3 23 -0.759021 0.651066 -0.000000 0.651066 0.759021 0.000000 0.000000 0.000000 -1.000000 -106.468491 -144.064743 -20.000034 2 2 29:0:0,29:0:0,29:0:0,29:0:0,1:4:36,29:0:0,29:0:0,29:0:0,29:0:0, 89524.dat
4 58 -1.000000 0.000000 -0.000000 0.000000 1.000000 0.000000 0.000000 0.000000 -1.000000 -97.500000 -125.000000 -10.000032 2 89524.dat
0 6 0.000000 -0.000000 -1.000000 0.650824 0.759228 0.000000 0.759228 -0.650824 0.000000 -112.512001 -135.748505 -10.000036 0 0 0.277596 0 0 89524.dat
