9 0 -1.000000 -0.000000 -0.000000 0.000000 0.000000 -1.000000 0.000000 -1.000000 0.000000 -0.055675 10.053824 14.019975 7.666425 0.730025 8.986424 89520.dat
9 0 1.000000 0.000000 0.000000 0.000000 1.000000 0.000000 0.000000 0.000000 1.000000 0.000000 -4.103425 0.000000 12.250000 3.896575 12.250000 89520.dat
9 0 -0.500001 -0.000001 -0.866025 0.866025 0.000001 -0.500001 0.000001 -1.000000 0.000001 -12.169499 10.360100 6.961775 7.666425 0.730025 9.292725 89520.dat
9 0 0.500000 -0.000000 -0.866026 0.866026 0.000000 0.500000 0.000000 -1.000000 0.000000 -12.113800 10.847751 -7.058200 7.666425 0.730025 9.780375 89520.dat
9 0 1.000000 0.000000 0.000000 0.000000 -0.000000 1.000000 0.000000 -1.000000 -0.000000 0.055675 8.971800 -15.034824 7.666425 1.744875 13.434100 89520.dat
9 0 0.500000 0.000000 0.866026 -0.866026 0.000000 0.500000 -0.000000 -1.000000 0.000000 12.169499 10.847751 -6.961775 7.666425 0.730025 9.780375 89520.dat
9 0 -0.500001 0.000001 0.866025 -0.866025 0.000001 -0.500001 -0.000001 -1.000000 0.000001 12.113800 10.360100 7.058200 7.666425 0.730025 9.292725 89520.dat
9 0 1.000000 0.000000 0.000000 0.000000 1.000000 0.000000 0.000000 0.000000 1.000000 2.732050 -10.000000 0.000000 0.482050 4.750000 1.750000 89520.dat
9 0 1.000000 0.000000 0.000000 0.000000 1.000000 0.000000 0.000000 0.000000 1.000000 -2.732050 -10.000000 0.000000 0.482050 4.750000 1.750000 89520.dat
9 0 -0.000000 0.000000 1.000000 0.000000 1.000000 0.000000 -1.000000 0.000000 -0.000000 0.000000 -10.000000 2.732050 0.482050 4.750000 1.750000 89520.dat
9 0 -0.000000 0.000000 1.000000 0.000000 1.000000 0.000000 -1.000000 0.000000 -0.000000 0.000000 -10.000000 -2.732050 0.482050 4.750000 1.750000 89520.dat
10 0 -16.634924 -23.250000 -16.370726 16.634924 15.000001 19.049250 89520.dat
2 22 1.000000 0.000000 0.000000 0.000000 1.000000 0.000000 0.000000 0.000000 1.000000 -10.000000 0.000000 10.000000 2 2 29:0:0,29:0:0,29:0:0,29:0:0,15:4:33,29:0:0,29:0:0,29:0:0,29:0:0, 89520.dat
0 14 -0.000000 0.000000 1.000000 0.000000 1.000000 0.000000 -1.000000 0.000000 -0.000000 0.000000 -8.250000 0.000000 1 0 0.270000 0 0 89520.dat
