9 0 -1.000000 0.000000 -0.000000 0.000000 1.000000 0.000000 0.000000 0.000000 -1.000000 -6.115147 -7.519050 -10.446403 19.634674 7.269050 17.945126 89752.dat
9 0 -0.722225 -0.691659 -0.000000 -0.691659 0.722225 -0.000000 0.000000 0.000000 -1.000000 -0.758747 -25.950500 -9.252125 6.930901 24.378099 11.598225 89752.dat
9 0 -0.745726 0.665212 0.037227 0.641536 0.701861 0.309553 0.179790 0.254724 -0.950153 -4.349918 -63.302498 -21.926678 11.940800 31.263500 11.598225 89752.dat
9 0 -1.000000 0.000000 -0.000000 0.000000 1.000000 0.000000 0.000000 0.000000 -1.000000 10.445024 -7.519050 -69.849243 18.530525 7.269050 18.493826 89752.dat
9 0 -0.814384 -0.580326 -0.000000 -0.580326 0.814384 -0.000000 0.000000 0.000000 -1.000000 9.703723 -31.548000 -71.087494 6.930901 24.378099 11.598225 89752.dat
9 0 -0.669147 0.739927 -0.068920 0.730526 0.637955 -0.243609 -0.136285 -0.213358 -0.967422 -3.277730 -63.572002 -60.756248 11.940800 27.405251 11.598225 89752.dat
9 0 -0.983098 -0.183081 -0.000000 -0.183081 0.983098 -0.000000 0.000000 0.000000 -1.000000 -9.096038 -86.109001 -38.899006 26.388248 24.926399 27.233749 89752.dat
9 0 -0.887809 0.460213 -0.000000 0.460213 0.887809 0.000000 0.000000 0.000000 -1.000000 24.364313 -158.825256 -39.736240 20.901199 11.915774 30.859751 89752.dat
9 0 -0.625016 -0.780612 -0.000000 -0.780612 0.625016 -0.000000 0.000000 0.000000 -1.000000 55.025513 -153.450500 -39.995731 21.908625 7.079300 27.991501 89752.dat
9 0 -0.663339 0.748319 -0.000000 0.748319 0.663339 0.000000 0.000000 0.000000 -1.000000 26.851013 -106.436249 -39.644993 29.718000 16.486176 26.218250 89752.dat
9 0 -0.554509 -0.832178 -0.000000 -0.832178 0.554509 -0.000000 0.000000 0.000000 -1.000000 28.454512 -132.528000 -39.974491 22.498999 7.099051 31.597752 89752.dat
9 0 -0.625016 -0.780612 -0.000000 -0.780612 0.625016 -0.000000 0.000000 0.000000 -1.000000 55.028008 -127.658752 -40.000484 5.544950 10.330950 27.166250 89752.dat
9 0 -0.625016 -0.780612 -0.000000 -0.780612 0.625016 -0.000000 0.000000 0.000000 -1.000000 42.957012 -141.916245 -40.000488 12.626325 10.330950 16.724951 89752.dat
9 0 -0.882239 -0.470802 -0.000000 -0.460224 0.862416 0.210789 -0.099240 0.185967 -0.977532 -2.969385 -96.513245 -45.240250 14.538400 24.926399 29.559002 89752.dat
9 0 -0.663339 0.748319 -0.000000 0.748319 0.663339 0.000000 0.000000 0.000000 -1.000000 -5.527387 -135.137497 -39.645004 29.718000 9.379500 26.218250 89752.dat
9 0 -0.554509 -0.832178 -0.000000 -0.832178 0.554509 -0.000000 0.000000 0.000000 -1.000000 10.855288 -120.800995 -39.999996 22.498999 9.666300 19.718250 89752.dat
9 0 -0.882239 -0.470802 -0.000000 -0.467767 0.876553 -0.113355 0.053368 -0.100006 -0.993555 -3.058414 -96.346497 -32.523998 14.538400 24.926399 29.559002 89752.dat
9 0 -1.000000 0.000000 -0.000000 0.000000 1.000000 0.000000 0.000000 0.000000 -1.000000 33.578773 -3.351725 -71.283493 3.953675 3.101725 2.703750 89752.dat
9 0 -1.000000 0.000000 -0.000000 0.000000 1.000000 0.000000 0.000000 0.000000 -1.000000 27.748030 -3.656125 -87.272987 3.953675 3.406125 1.830125 89752.dat
9 0 -1.000000 0.000000 -0.000000 0.000000 1.000000 0.000000 0.000000 0.000000 -1.000000 30.750767 -3.351725 -54.373241 3.953675 3.101725 1.788625 89752.dat
9 0 -1.000000 0.000000 -0.000000 0.000000 1.000000 0.000000 0.000000 0.000000 -1.000000 15.204848 -3.351725 6.079679 3.953675 3.101725 1.788625 89752.dat
9 0 -1.000000 0.000000 -0.000000 0.000000 1.000000 0.000000 0.000000 0.000000 -1.000000 18.167253 -3.351725 -10.497719 3.953675 3.101725 2.237575 89752.dat
9 0 -1.000000 0.000000 -0.000000 0.000000 1.000000 0.000000 0.000000 0.000000 -1.000000 12.012534 -3.656125 -27.178747 3.953675 3.406125 1.830125 89752.dat
9 0 -0.692281 -0.721628 -0.000000 -0.721628 0.692281 -0.000000 0.000000 0.000000 -1.000000 61.364765 -160.667496 -39.995731 12.069025 5.063475 27.991501 89752.dat
10 0 -75.317001 0.000000 -90.831001 39.601749 179.023254 10.412200 89752.dat
2 22 -1.000000 0.000000 -0.000000 0.000000 1.000000 0.000000 0.000000 0.000000 -1.000000 50.000031 0.000000 -89.999977 10 8 29:0:1,29:0:1,22:2:1,22:2:1,22:2:1,22:2:1,29:0:1,29:0:1,29:0:1,29:0:1,29:0:1,22:2:1,15:4:0,23:4:1,15:4:0,22:2:1,29:0:1,29:0:1,29:0:1,29:0:1,22:2:1,23:4:1,7:4:2,23:4:1,22:2:1,29:0:1,29:0:1,29:0:1,29:0:1,22:2:1,15:4:0,23:4:1,15:4:0,22:2:1,29:0:1,29:0:1,29:0:1,29:0:1,22:2:1,22:2:1,22:2:1,22:2:1,29:0:1,29:0:1,29:0:1,29:0:1,29:0:1,29:0:1,29:0:1,29:0:1,29:0:1,29:0:1,29:0:1,29:0:1,29:0:1,29:0:1,29:0:1,29:0:1,22:2:1,22:2:1,22:2:1,22:2:1,29:0:1,29:0:1,29:0:1,29:0:1,29:0:1,22:2:1,15:4:0,23:4:1,15:4:0,22:2:1,29:0:1,29:0:1,29:0:1,22:2:1,29:0:1,23:4:1,7:4:2,23:4:1,22:2:1,29:0:1,29:0:1,29:0:1,29:0:1,22:2:1,15:4:0,23:4:1,15:4:0,22:2:1,29:0:1,29:0:1,29:0:1,22:2:1,22:2:1,22:2:1,22:2:1,22:2:1,29:0:1, 89752.dat
0 6 0.000000 1.000000 0.000000 -0.000000 -0.000000 1.000000 1.000000 0.000000 0.000000 43.500019 -143.250000 -57.499989 1 0 0.400000 0 0 89752.dat
0 6 0.000000 1.000000 -0.000000 0.000000 -0.000000 -1.000000 -1.000000 0.000000 -0.000000 43.500008 -143.250000 -22.499985 1 0 0.400000 0 0 89752.dat
0 2 0.000000 1.000000 0.000000 -0.000000 -0.000000 1.000000 1.000000 0.000000 0.000000 10.000000 -126.000000 0.000003 0 1 0.800000 0 0 89752.dat
0 2 0.000000 -1.000000 0.000000 0.000000 -0.000000 -1.000000 1.000000 0.000000 0.000000 10.000027 -126.000000 -79.999992 0 1 0.800000 0 0 89752.dat
