9 0 0.000000 0.000000 1.000000 0.000000 1.000000 0.000000 -1.000000 0.000000 0.000000 -0.000002 -4.125000 -27.346949 16.696949 3.625000 19.750000 89762.dat
9 0 0.000000 0.000000 1.000000 0.000000 1.000000 0.000000 -1.000000 0.000000 0.000000 -0.000008 -4.125000 -45.400002 4.750000 3.625000 12.787850 89762.dat
9 0 -0.318566 0.000000 0.947901 0.000000 1.000000 0.000000 -0.947901 0.000000 -0.318566 -31.213743 -3.875000 9.195511 2.982200 3.625000 1.625000 89762.dat
9 0 -0.318566 0.000000 0.947901 0.000000 1.000000 0.000000 -0.947901 0.000000 -0.318566 -37.172237 -3.875000 27.170013 2.954175 3.625000 1.656275 89762.dat
9 0 0.000000 0.000000 1.000000 -0.048850 0.998806 0.000000 -0.998806 -0.048850 0.000000 -37.696476 -6.632150 59.575272 29.774750 6.303575 1.518700 89762.dat
9 0 0.000000 0.000000 1.000000 -0.374607 0.927184 0.000000 -0.927184 -0.374607 0.000000 -33.928478 -21.709949 59.575264 29.774750 9.739650 1.109025 89762.dat
9 0 0.000000 0.000000 1.000000 -0.794864 0.606788 0.000000 -0.606788 -0.794864 0.000000 -22.250727 -37.022999 59.575264 29.774750 9.739650 1.266750 89762.dat
9 0 0.011630 -0.007547 0.999904 -0.972343 0.233191 0.013069 -0.233268 -0.972402 -0.004626 -7.175500 -44.171749 59.258759 29.774750 7.262325 0.997175 89762.dat
9 0 -0.318566 0.000000 0.947901 0.000000 1.000000 0.000000 -0.947901 0.000000 -0.318566 -22.206249 -3.875000 -17.752964 12.431726 3.625000 1.625000 89762.dat
9 0 -0.229746 -0.789585 0.569010 -0.925236 0.358562 0.123979 -0.301917 -0.497985 -0.812931 -5.533729 -13.489776 -35.708271 10.242226 7.262325 1.656275 89762.dat
9 0 -0.042404 -0.327010 0.944069 -0.982166 0.186881 0.020617 -0.183170 -0.926358 -0.329103 -6.665769 -34.026001 1.080781 29.774750 7.828351 1.310050 89762.dat
9 0 -0.192780 -0.267525 0.944069 -0.775206 0.631372 0.020617 -0.601575 -0.727873 -0.329102 -18.237995 -27.726999 1.080784 29.774750 7.828351 1.310050 89762.dat
9 0 -0.299521 -0.137916 0.944069 -0.363813 0.931244 0.020617 -0.882002 -0.337289 -0.329103 -25.587494 -16.188974 1.080786 29.774750 7.828351 1.310050 89762.dat
9 0 0.318566 0.000000 0.947901 0.000000 1.000000 0.000000 -0.947901 0.000000 0.318566 31.213659 -3.875000 9.195493 2.982200 3.625000 1.625000 89762.dat
9 0 0.318566 0.000000 0.947901 0.000000 1.000000 0.000000 -0.947901 0.000000 0.318566 37.172264 -3.875000 27.169991 2.954175 3.625000 1.656275 89762.dat
9 0 0.000000 0.000000 1.000000 0.048850 0.998806 -0.000000 -0.998806 0.048850 0.000000 37.696522 -6.632150 59.575249 29.774750 6.303575 1.518700 89762.dat
9 0 0.000000 0.000000 1.000000 0.374607 0.927184 -0.000000 -0.927184 0.374607 0.000000 33.928627 -21.709949 59.575249 29.774750 9.739650 1.109025 89762.dat
9 0 0.000000 0.000000 1.000000 0.794864 0.606788 -0.000000 -0.606788 0.794864 0.000000 22.250826 -37.022999 59.575249 29.774750 9.739650 1.266750 89762.dat
9 0 -0.011629 -0.007547 0.999904 0.972343 0.233191 0.013069 -0.233268 0.972402 0.004626 7.175550 -44.171749 59.258755 29.774750 7.262325 0.997175 89762.dat
9 0 0.318566 0.000000 0.947901 0.000000 1.000000 0.000000 -0.947901 0.000000 0.318566 22.206301 -3.875000 -17.752979 12.431726 3.625000 1.625000 89762.dat
9 0 0.229747 -0.789585 0.569010 0.925237 0.358562 0.123979 -0.301917 0.497985 0.812931 5.533720 -13.489776 -35.708271 10.242226 7.262325 1.656275 89762.dat
9 0 0.042404 -0.327010 0.944069 0.982166 0.186881 0.020617 -0.183170 0.926358 0.329103 6.665782 -34.026001 1.080777 29.774750 7.828351 1.310050 89762.dat
9 0 0.192780 -0.267525 0.944069 0.775206 0.631372 0.020616 -0.601575 0.727873 0.329103 18.238106 -27.726999 1.080772 29.774750 7.828351 1.310050 89762.dat
9 0 0.299522 -0.137916 0.944069 0.363813 0.931244 0.020617 -0.882002 0.337289 0.329103 25.587582 -16.188974 1.080771 29.774750 7.828351 1.310050 89762.dat
9 0 0.315400 0.000000 0.948959 0.000000 1.000000 0.000000 -0.948959 0.000000 0.315400 32.162285 -7.841150 11.955743 18.648151 2.158950 1.625000 89762.dat
9 0 -0.318566 0.000000 0.947901 0.000000 1.000000 0.000000 -0.947901 0.000000 -0.318566 -32.227741 -7.828175 12.066011 18.526276 2.171925 1.625000 89762.dat
10 0 -30.400000 0.000000 -50.000000 109.599998 48.000000 30.000002 89762.dat
2 22 0.000000 0.000000 1.000000 0.000000 1.000000 0.000000 -1.000000 0.000000 0.000000 -20.000011 0.000000 -49.999992 4 4 22:2:1,22:2:1,22:2:1,22:2:1,22:2:1,22:2:1,15:4:2,23:4:1,15:4:1,22:2:1,22:2:1,23:4:1,7:4:2,23:4:1,22:2:1,22:2:1,15:4:2,23:4:1,15:4:1,22:2:1,22:2:1,22:2:1,22:2:1,22:2:1,22:2:1, 89762.dat
