9 0 -0.000000 0.000000 1.000000 0.000000 1.000000 0.000000 -1.000000 0.000000 -0.000000 -0.190650 13.661575 14.167500 0.847550 9.784050 6.487150 89918.dat
9 0 -0.000000 0.000000 -1.000000 0.000000 1.000000 0.000000 1.000000 0.000000 -0.000000 0.212800 12.491575 -13.614149 0.326275 8.614025 7.270200 89918.dat
9 0 1.000000 0.000000 0.000000 0.000000 1.000000 0.000000 0.000000 0.000000 1.000000 0.000000 -2.304600 0.000000 8.151450 0.310475 8.088924 89918.dat
9 0 -0.000000 -1.000000 0.000000 -0.000000 -0.000000 -1.000000 1.000000 0.000000 -0.000000 0.000000 -7.935975 -1.374650 4.820875 10.958375 2.250025 89918.dat
9 0 -0.000000 -0.576351 0.817202 -0.000000 -0.817202 -0.576351 1.000000 -0.000000 -0.000000 0.000000 0.576825 14.548249 4.459475 13.937876 2.250025 89918.dat
9 0 1.000000 0.000000 0.000000 0.000000 1.000000 0.000000 0.000000 0.000000 1.000000 13.768450 13.642425 0.170425 0.480575 9.764874 5.772325 89918.dat
9 0 0.707107 0.000000 0.707107 0.000000 1.000000 0.000000 -0.707107 0.000000 0.707107 9.656350 13.761175 9.870675 1.109700 9.883625 5.105975 89918.dat
9 0 0.707107 0.000000 -0.707107 0.000000 1.000000 0.000000 0.707107 0.000000 0.707107 9.744326 13.428200 -9.503325 0.322275 9.550650 5.772325 89918.dat
9 0 -1.000000 0.000000 -0.000000 0.000000 1.000000 0.000000 0.000000 0.000000 -1.000000 -13.808949 13.642425 0.170425 0.521075 9.764874 5.772325 89918.dat
9 0 -0.707107 0.000000 0.707107 0.000000 1.000000 0.000000 -0.707107 0.000000 -0.707107 -9.605125 13.761175 9.819450 1.037250 9.883625 5.105975 89918.dat
9 0 -0.707107 0.000000 -0.707107 0.000000 1.000000 0.000000 0.707107 0.000000 -0.707107 -9.801700 13.428200 -9.560699 0.403400 9.550650 5.772325 89918.dat
10 0 -16.066351 -25.810999 -26.225748 16.066351 14.336226 17.911150 89918.dat
2 22 1.000000 0.000000 0.000000 0.000000 1.000000 0.000000 0.000000 0.000000 1.000000 -10.000000 0.000000 10.000000 2 2 29:0:0,29:0:0,29:0:0,29:0:0,15:4:33,29:0:0,29:0:0,29:0:0,29:0:0, 89918.dat
