9 0 1.000000 0.000000 0.000000 0.000000 1.000000 0.000000 0.000000 0.000000 1.000000 0.000000 4.000000 10.000000 19.750000 3.750000 9.750000 90201.dat
9 0 1.000000 0.000000 0.000000 0.000000 1.000000 0.000000 0.000000 0.000000 1.000000 0.000000 4.000000 -11.875001 59.750004 3.750000 11.625000 90201.dat
9 0 1.000000 0.000000 0.000000 0.000000 1.000000 0.000000 0.000000 0.000000 1.000000 0.000000 14.000000 -21.876202 59.750004 5.750000 1.623800 90201.dat
9 0 -0.712026 0.000000 -0.702153 0.000000 1.000000 0.000000 0.702153 0.000000 -0.712026 28.185499 59.999996 -65.417007 40.030251 3.750000 3.600000 90201.dat
9 0 1.000000 0.000000 0.000000 0.000000 0.640738 -0.767760 0.000000 0.767760 0.640738 -0.042501 30.547174 -53.262253 2.800950 40.420250 2.096450 90201.dat
9 0 0.999391 -0.034899 0.000000 0.025444 0.728620 -0.684445 0.023886 0.684028 0.729064 13.457251 31.559500 -47.344501 2.800950 37.027748 2.096450 90201.dat
9 0 0.998630 -0.052336 0.000000 0.043906 0.837777 -0.544244 0.028483 0.543498 0.838927 26.948250 31.263124 -39.498501 2.800950 32.688000 2.096450 90201.dat
9 0 0.996195 -0.087156 -0.000000 0.080786 0.923386 -0.375276 0.032708 0.373848 0.926913 40.061005 31.062099 -32.863052 2.800950 30.386999 2.096450 90201.dat
9 0 0.712026 0.000000 -0.702153 0.000000 1.000000 0.000000 0.702153 0.000000 0.712026 -28.185575 59.999996 -65.417007 40.030251 3.750000 3.600000 90201.dat
9 0 -0.996195 -0.087154 -0.000004 -0.080782 0.923386 -0.375276 0.032710 -0.373848 -0.926913 -40.060902 31.062099 -32.863052 2.800950 30.386999 2.096450 90201.dat
9 0 -0.998630 -0.052334 -0.000002 -0.043903 0.837777 -0.544244 0.028484 -0.543498 -0.838927 -26.948202 31.263124 -39.498501 2.800950 32.688000 2.096450 90201.dat
9 0 -0.999391 -0.034897 0.000002 -0.025444 0.728620 -0.684445 0.023884 -0.684028 -0.729065 -13.457251 31.559500 -47.344501 2.800950 37.027748 2.096450 90201.dat
9 0 0.992546 -0.121869 0.000000 0.119836 0.975986 -0.181906 0.022169 0.180550 0.983316 53.545250 32.401424 -29.154352 2.800950 28.132748 2.096450 90201.dat
9 0 -0.992546 -0.121869 -0.000004 -0.119835 0.975986 -0.181907 0.022173 -0.180550 -0.983316 -53.545223 32.401424 -29.154352 2.800950 28.132748 2.096450 90201.dat
10 0 -10.000000 -56.000000 -30.000002 110.000000 12.450000 87.573250 90201.dat
3 23 1.000000 0.000000 0.000000 0.000000 1.000000 0.000000 0.000000 0.000000 1.000000 -60.000004 0.000000 20.000002 4 12 29:0:1,29:0:1,29:0:1,29:0:1,18:2:1,23:4:1,18:2:1,23:4:1,18:2:1,29:0:1,29:0:1,29:0:1,29:0:1,29:0:1,29:0:1,29:0:1,29:0:1,23:4:1,0:4:1,23:4:1,0:4:1,23:4:1,29:0:1,29:0:1,29:0:1,29:0:1,18:2:1,23:4:1,18:4:1,23:4:1,18:4:1,23:4:1,18:4:1,23:4:1,18:4:1,23:4:1,18:4:1,23:4:1,18:2:1,23:4:1,0:4:1,23:4:1,0:4:1,23:4:1,0:4:1,23:4:1,0:4:1,23:4:1,0:4:1,23:4:1,0:4:1,23:4:1,18:1:1,23:4:1,18:2:1,23:4:1,18:2:1,23:4:1,18:2:1,23:4:1,18:2:1,23:4:1,18:2:1,23:4:1,18:1:1, 90201.dat
2 22 1.000000 0.000000 0.000000 0.000000 1.000000 0.000000 0.000000 0.000000 1.000000 -60.000004 8.000000 20.000002 4 12 29:0:1,29:0:1,29:0:1,29:0:1,22:1:1,22:2:1,22:2:1,22:2:1,22:1:1,29:0:1,29:0:1,29:0:1,29:0:1,29:0:1,29:0:1,29:0:1,29:0:1,22:2:1,15:4:1,23:4:1,15:4:1,22:2:1,29:0:1,29:0:1,29:0:1,29:0:1,22:1:1,22:2:1,22:2:1,22:2:1,22:1:1,23:4:1,7:4:2,23:4:1,22:1:1,22:2:1,22:2:1,22:2:1,22:1:1,22:2:1,15:4:1,9:4:1,15:4:1,9:4:1,15:4:1,23:4:1,15:4:1,9:4:1,15:4:1,9:4:1,15:4:1,22:2:1,22:1:1,22:2:1,22:2:1,22:2:1,22:2:1,22:2:1,22:2:1,22:2:1,22:2:1,22:2:1,22:2:1,22:2:1,22:1:1, 90201.dat
0 7 -0.001689 0.188541 0.982064 -0.110857 0.975977 -0.187563 -0.993835 -0.109186 0.019252 -56.062973 55.903000 -33.865528 1 1 1.439090 0 1 90201.dat
0 7 -0.004451 0.360303 0.932825 -0.081857 0.929572 -0.359438 -0.996634 -0.077958 0.025356 -42.248375 55.731998 -42.908497 1 1 1.542500 0 1 90201.dat
0 7 -0.003989 0.549485 0.835494 -0.057809 0.833977 -0.548763 -0.998320 -0.050488 0.028439 -28.304676 55.237503 -55.720001 1 1 1.672790 0 1 90201.dat
0 7 -0.012797 0.681960 0.731277 -0.023536 0.730929 -0.682048 -0.999641 -0.025939 0.006697 -14.323500 55.504250 -69.563499 1 1 2.003160 0 1 90201.dat
0 7 -0.034790 0.764155 0.644094 0.003772 0.644580 -0.764527 -0.999388 -0.024168 -0.025308 0.170249 54.685001 -82.163002 1 1 2.220460 0 1 90201.dat
0 7 0.001690 0.188542 0.982064 0.110857 0.975977 -0.187564 -0.993835 0.109186 -0.019252 56.062996 55.903000 -33.865528 1 1 1.439090 0 1 90201.dat
0 7 0.004450 0.360304 0.932824 0.081856 0.929572 -0.359438 -0.996634 0.077957 -0.025356 42.248501 55.731998 -42.908497 1 1 1.542500 0 1 90201.dat
0 7 0.003989 0.549485 0.835494 0.057810 0.833977 -0.548763 -0.998320 0.050489 -0.028439 28.304750 55.237503 -55.720001 1 1 1.672790 0 1 90201.dat
0 7 0.012796 0.681960 0.731277 0.023535 0.730929 -0.682047 -0.999641 0.025938 -0.006697 14.323503 55.504250 -69.563499 1 1 2.003160 0 1 90201.dat
