9 0 1.000000 0.000000 0.000000 0.000000 0.000000 1.000000 0.000000 -1.000000 0.000000 0.009650 -0.000002 -8.137497 3.105025 0.137500 9.750000 90202.dat
9 0 -0.000000 0.000000 1.000000 -1.000000 -0.000000 -0.000000 0.000000 -1.000000 0.000000 12.089100 0.000000 0.000003 3.750000 3.660900 3.750000 90202.dat
9 0 0.000000 0.000000 1.000000 1.000000 0.000000 -0.000000 -0.000000 1.000000 -0.000000 -12.089100 0.000000 0.000003 3.750000 3.660900 3.750000 90202.dat
9 0 -1.000000 0.000000 -0.000000 0.000000 0.000000 1.000000 0.000000 1.000000 -0.000000 0.000000 -0.000004 -12.089097 3.750000 3.660900 3.750000 90202.dat
9 0 1.000000 0.000000 0.000000 0.000000 -0.000000 -1.000000 0.000000 1.000000 -0.000000 0.000000 0.000004 12.089103 3.750000 3.660900 3.750000 90202.dat
9 0 1.000000 0.000000 0.000000 0.000000 0.998596 -0.052973 0.000000 0.052973 0.998596 0.000000 5.463419 -20.421274 3.750000 0.962725 2.695050 90202.dat
9 0 1.000000 0.000000 0.000000 0.000000 -0.998596 -0.052972 0.000000 0.052972 -0.998596 0.000000 -5.463431 -20.421270 3.750000 0.962725 2.695050 90202.dat
9 0 0.000000 -0.000000 -1.000000 -0.052973 0.998596 -0.000000 0.998596 0.052973 0.000000 -20.421276 5.463425 0.000001 3.750000 0.962725 2.695050 90202.dat
9 0 0.000000 -0.000000 -1.000000 -0.052973 -0.998596 0.000000 -0.998596 0.052973 -0.000000 -20.421276 -5.463425 0.000005 3.750000 0.962725 2.695050 90202.dat
9 0 -1.000000 0.000000 -0.000000 0.000000 0.998596 0.052973 0.000000 0.052973 -0.998596 0.000000 5.463431 20.421276 3.750000 0.962725 2.695050 90202.dat
9 0 -1.000000 0.000000 0.000000 -0.000000 -0.998596 0.052974 0.000000 0.052974 0.998596 0.000000 -5.463419 20.421280 3.750000 0.962725 2.695050 90202.dat
9 0 0.000000 0.000000 1.000000 0.052973 0.998596 -0.000000 -0.998596 0.052973 0.000000 20.421276 5.463425 0.000001 3.750000 0.962725 2.695050 90202.dat
9 0 0.000000 0.000000 1.000000 0.052973 -0.998596 0.000000 0.998596 0.052973 -0.000000 20.421276 -5.463425 0.000005 3.750000 0.962725 2.695050 90202.dat
9 0 0.707107 0.000000 0.707107 -0.707107 0.000000 0.707107 0.000000 -1.000000 0.000000 5.760900 -0.000001 -5.747247 3.105025 0.137500 9.750000 90202.dat
9 0 -0.000000 0.000000 1.000000 -1.000000 -0.000000 -0.000000 0.000000 -1.000000 0.000000 8.137501 0.000000 0.009653 3.105025 0.137500 9.750000 90202.dat
9 0 0.707107 -0.000000 -0.707107 0.707107 0.000000 0.707107 0.000000 -1.000000 0.000000 -5.747250 -0.000001 -5.760897 3.105025 0.137500 9.750000 90202.dat
9 0 -0.000000 -0.000000 -1.000000 1.000000 -0.000000 -0.000000 0.000000 -1.000000 0.000000 -8.137501 0.000000 -0.009647 3.105025 0.137500 9.750000 90202.dat
9 0 -0.707107 -0.000000 -0.707107 0.707107 -0.000000 -0.707107 0.000000 -1.000000 0.000000 -5.760900 0.000001 5.747253 3.105025 0.137500 9.750000 90202.dat
9 0 -0.707107 0.000000 0.707107 -0.707107 -0.000000 -0.707107 0.000000 -1.000000 0.000000 5.747250 0.000001 5.760903 3.105025 0.137500 9.750000 90202.dat
9 0 -1.000000 0.000000 0.000000 -0.000000 -0.000000 -1.000000 0.000000 -1.000000 0.000000 -0.009650 0.000002 8.137504 3.105025 0.137500 9.750000 90202.dat
10 0 -24.200874 -24.200874 -20.000000 24.200874 24.200874 0.000000 90202.dat
0 6 0.000000 0.000000 1.000000 1.000000 -0.000000 0.000000 0.000000 1.000000 -0.000000 4.000000 -0.000006 -19.999998 0 0 0.320000 1 0 90202.dat
0 6 1.000000 0.000000 0.000000 0.000000 -0.000000 -1.000000 0.000000 1.000000 -0.000000 20.000000 -0.000001 -3.999997 0 0 0.320000 1 0 90202.dat
0 6 0.000000 0.000000 1.000000 1.000000 -0.000000 0.000000 0.000000 1.000000 -0.000000 4.000000 0.000006 20.000004 0 0 0.320000 1 0 90202.dat
0 6 -1.000000 0.000000 -0.000000 0.000000 0.000000 1.000000 0.000000 1.000000 -0.000000 -20.000000 0.000001 4.000003 0 0 0.320000 1 0 90202.dat
0 2 -0.000000 0.000000 1.000000 0.000000 1.000000 -0.000000 -1.000000 0.000000 -0.000000 0.000000 10.000000 0.000000 0 0 0.800000 0 0 90202.dat
2 22 1.000000 0.000000 0.000000 0.000000 1.000000 -0.000000 0.000000 0.000000 1.000000 -10.000000 10.000003 10.000000 2 2 22:1:1,22:2:1,22:1:1,22:2:1,16:4:64,22:2:1,22:1:1,22:2:1,22:1:1, 90202.dat
2 22 -1.000000 0.000000 0.000000 -0.000000 -1.000000 0.000000 0.000000 0.000000 1.000000 10.000000 -9.999997 10.000006 2 2 22:1:1,22:2:1,22:1:1,22:2:1,16:4:64,22:2:1,22:1:1,22:2:1,22:1:1, 90202.dat
