9 0 -1.000000 0.000000 -0.000000 0.000000 1.000000 0.000000 0.000000 0.000000 -1.000000 0.000000 -44.438999 -0.064475 2.832725 44.253750 3.135975 90390.dat
9 0 -1.000000 0.000000 -0.000000 0.000000 0.953869 -0.300223 0.000000 -0.300223 -0.953869 0.048425 -91.994247 0.407975 5.161050 7.340250 3.405750 90390.dat
9 0 -0.957897 0.266695 0.106335 0.287084 0.884599 0.367515 0.003951 0.382568 -0.923919 -2.115475 -104.716003 -0.885176 5.146300 10.281950 3.353375 90390.dat
9 0 -1.000000 0.000000 -0.000000 0.000000 -0.217968 -0.975956 -0.000000 -0.975956 0.217968 0.048424 -114.991501 1.802450 6.613825 7.306175 3.674525 90390.dat
9 0 0.957898 0.266693 0.106336 -0.287083 0.884600 0.367514 0.003948 -0.382568 0.923919 2.115475 -104.716003 -0.885174 5.146300 10.281950 3.353375 90390.dat
10 0 -10.010125 -0.064800 -8.309424 10.010125 120.170250 10.114025 90390.dat
0 7 0.000000 0.000000 -1.000000 0.000000 1.000000 0.000000 1.000000 0.000000 0.000000 0.000000 0.064800 -0.064475 0 1 2.590450 0 0 90390.dat
2 22 -1.000000 0.000000 -0.000000 0.000000 1.000000 0.000000 0.000000 0.000000 -1.000000 10.000003 0.000000 -9.999997 2 2 29:0:0,29:0:0,29:0:0,29:0:0,9:4:32,29:0:0,29:0:0,29:0:0,29:0:0, 90390.dat
