9 0 0.000000 0.000000 1.000000 0.000000 1.000000 0.000000 -1.000000 0.000000 0.000000 -0.000574 1.300150 -5.653525 52.480000 1.125000 10.021726 90397.dat
9 0 0.000000 0.000000 1.000000 0.000000 1.000000 0.000000 -1.000000 0.000000 0.000000 -7.500601 3.912650 -12.101048 36.562500 3.737500 1.000000 90397.dat
9 0 0.000000 0.000000 1.000000 0.000000 1.000000 0.000000 -1.000000 0.000000 0.000000 7.499424 3.912650 -12.101052 36.562500 3.737500 1.000000 90397.dat
9 0 1.000000 0.000000 -0.000000 0.000000 1.000000 0.000000 0.000000 0.000000 1.000000 -14.907977 3.747475 -15.165445 2.476875 2.476875 19.363276 90397.dat
9 0 0.984808 0.000000 0.173648 0.000000 1.000000 0.000000 -0.173648 0.000000 0.984808 -13.265136 3.747475 -44.095745 2.476875 2.476875 9.210799 90397.dat
9 0 -0.993054 0.000000 0.117661 0.000000 1.000000 0.000000 -0.117661 0.000000 -0.993054 -12.314989 3.747475 25.978502 2.476875 2.476875 21.531124 90397.dat
9 0 -1.000000 0.000000 0.000000 0.000000 1.000000 0.000000 -0.000000 0.000000 -1.000000 14.906798 3.747475 -15.165454 2.476875 2.476875 19.363276 90397.dat
9 0 -0.984808 0.000000 0.173649 0.000000 1.000000 0.000000 -0.173649 0.000000 -0.984808 13.022115 3.747475 -44.053253 2.476875 2.476875 9.210799 90397.dat
9 0 0.992424 0.000000 0.122860 0.000000 1.000000 0.000000 -0.122860 0.000000 0.992424 12.202312 3.747475 25.950748 2.476875 2.476875 21.531124 90397.dat
9 0 0.000000 0.000000 1.000000 0.000000 1.000000 0.000000 -1.000000 0.000000 0.000000 -0.000556 3.931975 49.138752 1.552575 3.182375 10.021726 90397.dat
9 0 0.000000 0.000000 1.000000 0.000000 1.000000 0.000000 -1.000000 0.000000 0.000000 -0.000556 3.877750 49.938755 2.352400 1.474600 5.746525 90397.dat
9 0 -0.925829 0.000000 0.377942 0.000000 1.000000 0.000000 -0.377942 0.000000 -0.925829 7.890059 3.747475 -61.548252 2.476875 2.476875 9.210799 90397.dat
9 0 -0.806906 0.000000 0.590680 0.000000 1.000000 0.000000 -0.590680 0.000000 -0.806906 2.027330 3.747475 -73.959999 1.888275 2.476875 4.545950 90397.dat
9 0 0.396703 0.000000 0.917947 0.000000 1.000000 0.000000 -0.917947 0.000000 0.396703 2.715783 1.300150 -63.867252 8.849500 1.125000 3.095650 90397.dat
9 0 0.806906 0.000000 0.590680 0.000000 1.000000 0.000000 -0.590680 0.000000 0.806906 -2.028545 3.747475 -73.959999 1.888275 2.476875 4.545950 90397.dat
9 0 0.925829 0.000000 0.377942 0.000000 1.000000 0.000000 -0.377942 0.000000 0.925829 -7.891266 3.747475 -61.548252 2.476875 2.476875 9.210799 90397.dat
9 0 -0.396703 0.000000 0.917947 0.000000 1.000000 0.000000 -0.917947 0.000000 -0.396703 -2.716992 1.300150 -63.867252 8.849500 1.125000 3.095650 90397.dat
10 0 -70.284996 -8.000000 -18.576200 63.580750 4.450000 18.575024 90397.dat
3 23 0.000000 0.000000 1.000000 0.000000 1.000000 0.000000 -1.000000 0.000000 0.000000 -10.000003 0.000000 -19.999998 2 4 18:1:1,23:4:1,18:2:1,23:4:1,18:1:1,23:4:1,0:4:1,23:4:1,0:4:1,23:4:1,18:1:1,23:4:1,18:2:1,23:4:1,18:1:1, 90397.dat
2 22 0.000000 0.000000 1.000000 0.000000 1.000000 0.000000 -1.000000 0.000000 0.000000 -10.000016 8.000000 -59.999996 2 10 29:0:1,22:2:1,22:2:1,22:2:1,22:2:1,22:2:1,22:2:1,22:2:1,22:2:1,22:2:1,29:0:1,29:0:1,29:0:1,9:4:1,15:4:0,9:4:1,15:4:1,9:4:1,15:4:0,9:4:1,29:0:1,29:0:1,29:0:1,22:2:1,22:2:1,22:2:1,22:2:1,22:2:1,22:2:1,22:2:1,22:2:1,22:2:1,29:0:1, 90397.dat
0 7 -0.984808 0.000001 -0.173647 -0.173647 -0.000000 0.984808 0.000000 1.000000 0.000000 -14.907958 3.747475 -34.778721 0 0 0.756863 0 1 90397.dat
0 7 -1.000000 -0.000000 0.000001 0.000001 0.000000 1.000000 -0.000000 1.000000 -0.000000 -14.907946 3.747475 4.447829 0 0 1.569060 0 1 90397.dat
0 7 0.994083 -0.000000 -0.108624 -0.108624 -0.000000 -0.994083 0.000000 1.000000 -0.000000 -14.874996 3.747475 4.373429 0 0 1.742490 0 1 90397.dat
0 7 0.994083 0.000000 0.108624 0.108624 0.000000 -0.994083 -0.000000 1.000000 0.000000 14.873830 3.747475 4.373420 0 0 1.742490 0 1 90397.dat
0 7 -1.000000 -0.000000 0.000001 0.000001 0.000000 1.000000 -0.000000 1.000000 -0.000000 14.873830 3.747475 4.447795 0 0 1.569060 0 1 90397.dat
0 7 -0.984808 -0.000000 0.173648 0.173648 0.000000 0.984808 -0.000000 1.000000 -0.000000 14.906767 3.747475 -34.778728 0 0 0.756863 0 1 90397.dat
