9 0 -0.000173 -0.000000 -1.000000 0.000000 -1.000000 0.000000 -1.000000 0.000000 0.000173 0.397450 7.212227 14.923676 1.668300 11.607975 8.352000 90462.dat
9 0 1.000000 0.000000 0.000000 0.000000 -1.000000 0.000000 0.000000 -0.000000 -1.000000 0.023051 -5.060400 -0.895225 9.594925 2.905950 8.685400 90462.dat
9 0 1.000000 0.000000 0.000000 0.000000 -1.000000 0.000000 0.000000 -0.000000 -1.000000 0.000000 35.545750 15.404847 3.338150 4.757375 2.071300 90462.dat
9 0 0.972307 -0.000000 -0.233707 0.000000 -1.000000 0.000000 -0.233707 -0.000000 -0.972307 13.105474 -0.335550 -3.159500 0.608050 2.901500 4.196925 90462.dat
9 0 -1.000000 -0.000000 -0.000000 -0.000000 -0.342021 0.939692 -0.000000 0.939692 0.342021 18.489901 20.727100 -5.251402 4.577250 6.275950 0.773000 90462.dat
9 0 -1.000000 0.000000 -0.000000 0.000000 -0.999717 -0.023782 -0.000000 -0.023782 0.999717 11.790276 29.686749 -12.815678 4.577250 5.525175 1.093975 90462.dat
9 0 0.829019 0.000000 0.559220 0.000000 -1.000000 0.000000 0.559220 -0.000000 -0.829019 8.017725 0.252699 -10.607750 4.871725 2.905950 0.534325 90462.dat
9 0 0.972307 -0.000000 -0.233707 0.000000 -1.000000 0.000000 -0.233707 -0.000000 -0.972307 14.100775 11.419525 0.981349 0.608050 7.786875 3.757050 90462.dat
9 0 1.000000 0.000000 0.000000 0.000000 -0.827352 0.561684 0.000000 -0.561684 -0.827352 0.023051 -4.702624 10.047651 7.183850 1.506425 4.372300 90462.dat
9 0 1.000000 0.000000 0.000000 0.000000 -1.000000 0.000000 0.000000 -0.000000 -1.000000 0.000000 -5.062576 -6.891399 3.197050 2.903750 8.685400 90462.dat
9 0 -1.000000 -0.000000 -0.000000 -0.000000 -0.342021 0.939692 -0.000000 0.939692 0.342021 13.094300 23.462099 -12.765800 5.937225 1.173625 0.773000 90462.dat
9 0 1.000000 0.000000 0.000000 0.000000 -1.000000 0.000000 0.000000 -0.000000 -1.000000 0.000000 24.804228 14.815924 4.928625 5.484025 1.876825 90462.dat
9 0 0.874847 -0.436377 -0.210281 -0.424292 -0.899764 0.101985 -0.233707 -0.000000 -0.972307 11.270300 -3.891650 -1.505450 0.608050 2.901500 4.827500 90462.dat
9 0 0.398902 0.228520 -0.888063 0.890160 -0.329065 0.315168 -0.220209 -0.916239 -0.334684 -13.786951 21.512800 -7.159977 4.305725 2.180400 0.982125 90462.dat
9 0 -0.874847 -0.436377 -0.210281 0.424293 -0.899764 0.101984 -0.233707 -0.000000 0.972307 -11.270300 -3.891650 -1.505450 0.608050 2.901500 4.827500 90462.dat
9 0 1.000000 0.000000 0.000000 0.000000 -0.342020 0.939693 0.000000 -0.939693 -0.342020 -13.094300 23.462099 -12.765800 5.937225 1.173625 0.773000 90462.dat
9 0 -0.972307 -0.000000 -0.233707 0.000000 -1.000000 0.000000 -0.233707 0.000000 0.972307 -14.100775 11.419525 0.981349 0.608050 7.786875 3.757050 90462.dat
9 0 -0.829019 0.000000 0.559220 0.000000 -1.000000 0.000000 0.559220 0.000000 0.829019 -8.017725 0.252699 -10.607750 4.871725 2.905950 0.534325 90462.dat
9 0 1.000000 0.000000 0.000000 0.000000 -0.999717 -0.023782 0.000000 0.023782 -0.999717 -11.790276 29.686749 -12.815678 4.577250 5.525175 1.093975 90462.dat
9 0 1.000000 0.000000 0.000000 0.000000 -0.342020 0.939693 0.000000 -0.939693 -0.342020 -18.489901 20.727100 -5.251402 4.577250 6.275950 0.773000 90462.dat
9 0 0.836530 0.084338 -0.541391 0.045920 -0.995398 -0.084109 -0.545993 0.045499 -0.836553 -12.494549 8.151701 6.692299 1.310050 9.917575 7.346175 90462.dat
9 0 -0.972307 -0.000000 -0.233707 0.000000 -1.000000 0.000000 -0.233707 0.000000 0.972307 -13.105476 -0.335550 -3.159500 0.608050 2.901500 4.196925 90462.dat
9 0 1.000000 0.000000 0.000000 0.000000 -1.000000 0.000000 0.000000 -0.000000 -1.000000 0.000000 -3.787951 -6.920275 5.936450 1.629100 8.685400 90462.dat
9 0 -0.836531 0.084338 -0.541391 -0.045920 -0.995398 -0.084109 -0.545993 -0.045499 0.836554 12.494549 8.151701 6.692299 1.310050 9.917575 7.346175 90462.dat
9 0 -0.398903 0.228520 -0.888063 -0.890160 -0.329066 0.315168 -0.220209 0.916239 0.334685 13.786951 21.512800 -7.159977 4.305725 2.180400 0.982125 90462.dat
9 0 1.000000 0.000000 0.000000 0.000000 -1.000000 0.000000 0.000000 -0.000000 -1.000000 -0.090399 0.510499 -14.125175 4.871725 2.905950 0.534325 90462.dat
10 0 -25.745001 -41.796249 -18.635550 25.745001 11.860900 22.081400 90462.dat
3 23 1.000000 0.000000 0.000000 0.000000 -0.000000 -1.000000 0.000000 1.000000 -0.000000 -9.999999 -15.654002 -17.076797 2 2 29:0:0,29:0:0,29:0:0,29:0:0,1:4:32,29:0:0,29:0:0,29:0:0,29:0:0, 90462.dat
2 22 1.000000 0.000000 0.000000 0.000000 -1.000000 0.000000 0.000000 -0.000000 -1.000000 -9.999999 0.000001 10.000000 2 2 29:0:0,29:0:0,29:0:0,29:0:0,15:4:32,29:0:0,29:0:0,29:0:0,29:0:0, 90462.dat
