9 0 1.000000 0.000000 0.000000 0.000000 0.982194 -0.187867 0.000000 0.187867 0.982194 0.000000 -6.163725 1.030150 7.500850 4.907075 12.250000 90538.dat
9 0 1.000000 0.000000 0.000000 0.000000 0.947540 0.319638 0.000000 -0.319638 0.947540 -0.280850 2.587575 -19.314251 12.250000 0.705525 7.160000 90538.dat
9 0 0.010807 -0.215636 -0.976414 0.221379 0.952756 -0.207960 0.975128 -0.213910 0.058034 -22.173574 4.249300 1.807925 14.376600 0.705525 10.044950 90538.dat
9 0 -0.999974 0.006862 -0.001979 0.006862 0.846426 -0.532463 -0.001979 -0.532463 -0.846451 0.199150 6.907050 19.593500 12.250000 0.705525 7.160000 90538.dat
9 0 0.785446 0.000000 -0.618930 0.163217 0.964602 0.207130 0.597021 -0.263709 0.757643 -17.438824 2.574275 -13.641524 12.250000 0.705525 7.160000 90538.dat
9 0 0.897016 0.051655 0.438970 0.160530 0.887256 -0.432442 -0.411816 0.458375 0.787591 -15.268850 6.233275 15.512225 12.250000 0.705525 7.160000 90538.dat
9 0 -0.010807 -0.215636 -0.976414 -0.221380 0.952756 -0.207960 0.975128 0.213911 -0.058034 22.173574 4.249300 1.807925 14.376600 0.705525 10.044950 90538.dat
9 0 -0.785446 -0.000000 -0.618930 -0.163218 0.964602 0.207129 0.597021 0.263709 -0.757643 17.438824 2.574275 -13.641524 12.250000 0.705525 7.160000 90538.dat
9 0 -0.897016 0.051654 0.438970 -0.160531 0.887256 -0.432442 -0.411816 -0.458376 -0.787591 15.268850 6.233275 15.512225 12.250000 0.705525 7.160000 90538.dat
10 0 -35.575752 -13.098849 -27.486500 35.575752 14.249974 27.466499 90538.dat
2 22 1.000000 0.000000 0.000000 0.000000 1.000000 0.000000 0.000000 0.000000 1.000000 -10.000000 0.000000 10.000000 2 2 29:0:0,29:0:0,29:0:0,29:0:0,15:4:32,29:0:0,29:0:0,29:0:0,29:0:0, 90538.dat
