9 0 -0.707107 0.000000 -0.707107 0.000000 1.000000 0.000000 0.707107 0.000000 -0.707107 0.000000 1.294799 0.000000 6.821075 1.044800 6.821075 91049.dat
9 0 -1.000000 0.000000 -0.000000 0.000000 1.000000 0.000000 0.000000 0.000000 -1.000000 9.757700 6.999999 0.000003 2.982700 3.500000 7.250000 91049.dat
9 0 -0.500000 0.000000 -0.866026 0.000000 1.000000 0.000000 0.866026 0.000000 -0.500000 4.878847 6.999999 8.450401 2.982700 3.500000 7.250000 91049.dat
9 0 0.500000 0.000000 -0.866025 0.000000 1.000000 0.000000 0.866025 0.000000 0.500000 -4.878852 6.999999 8.450398 2.982700 3.500000 7.250000 91049.dat
9 0 1.000000 0.000000 0.000000 0.000000 1.000000 0.000000 -0.000000 0.000000 1.000000 -9.757700 6.999999 -0.000003 2.982700 3.500000 7.250000 91049.dat
9 0 0.500000 0.000000 0.866026 0.000000 1.000000 0.000000 -0.866026 0.000000 0.500000 -4.878847 6.999999 -8.450401 2.982700 3.500000 7.250000 91049.dat
9 0 -0.500000 0.000000 0.866025 0.000000 1.000000 0.000000 -0.866025 0.000000 -0.500000 4.878852 6.999999 -8.450398 2.982700 3.500000 7.250000 91049.dat
9 0 -1.000000 0.000000 -0.000000 0.000000 1.000000 0.000000 0.000000 0.000000 -1.000000 4.041826 6.669800 -4.041823 1.541825 3.830200 1.541825 91049.dat
9 0 0.000000 0.000000 -1.000000 0.000000 1.000000 0.000000 1.000000 0.000000 0.000000 4.041823 6.669800 4.041826 1.541825 3.830200 1.541825 91049.dat
9 0 1.000000 0.000000 0.000000 0.000000 1.000000 0.000000 -0.000000 0.000000 1.000000 -4.041826 6.669800 4.041823 1.541825 3.830200 1.541825 91049.dat
9 0 -0.000000 0.000000 1.000000 0.000000 1.000000 0.000000 -1.000000 0.000000 -0.000000 -4.041823 6.669800 -4.041826 1.541825 3.830200 1.541825 91049.dat
9 0 -1.000000 0.000000 -0.000000 0.000000 1.000000 0.000000 0.000000 0.000000 -1.000000 6.834850 9.625000 0.000002 0.417800 6.125000 3.094550 91049.dat
9 0 0.000000 0.000000 -1.000000 0.000000 1.000000 0.000000 1.000000 0.000000 0.000000 -0.000002 9.625000 6.834850 0.417800 6.125000 3.094550 91049.dat
9 0 1.000000 0.000000 0.000000 0.000000 1.000000 0.000000 -0.000000 0.000000 1.000000 -6.834850 9.625000 -0.000002 0.417800 6.125000 3.094550 91049.dat
9 0 -0.000000 0.000000 1.000000 0.000000 1.000000 0.000000 -1.000000 0.000000 -0.000000 0.000002 9.625000 -6.834850 0.417800 6.125000 3.094550 91049.dat
10 0 -15.000001 0.000000 -15.000001 15.000001 20.450001 15.000001 91049.dat
3 23 -1.000000 0.000000 -0.000000 0.000000 1.000000 0.000000 0.000000 0.000000 -1.000000 10.000003 0.000000 -9.999997 2 2 29:0:0,29:0:0,29:0:0,29:0:0,0:4:34,29:0:0,29:0:0,29:0:0,29:0:0, 91049.dat
2 22 -1.000000 0.000000 -0.000000 0.000000 1.000000 0.000000 0.000000 0.000000 -1.000000 10.000003 16.000000 -9.999997 2 2 29:0:0,29:0:0,29:0:0,29:0:0,5:4:34,29:0:0,29:0:0,29:0:0,29:0:0, 91049.dat
0 4 0.000000 0.000000 -1.000000 0.000000 1.000000 0.000000 1.000000 0.000000 0.000000 0.000000 10.750000 0.000000 0 1 0.326416 0 0 91049.dat
