9 0 0.000000 0.000000 -1.000000 0.000000 1.000000 0.000000 1.000000 0.000000 0.000000 -59.999996 -94.500000 -10.000019 1.687500 5.375000 29.750002 92026.dat
9 0 0.000000 0.000000 -1.000000 0.000000 1.000000 0.000000 1.000000 0.000000 0.000000 -59.999996 -94.500000 -10.000019 5.375000 1.687500 29.750002 92026.dat
9 0 -1.000000 0.000000 -0.000000 0.000000 1.000000 0.000000 0.000000 0.000000 -1.000000 -59.498245 -80.097504 -10.000019 14.248151 7.937500 8.296925 92026.dat
9 0 -1.000000 0.000000 -0.000000 0.000000 0.707107 -0.707107 0.000000 -0.707107 -0.707107 -49.700996 -79.728500 -10.151591 11.364124 3.132300 3.132300 92026.dat
9 0 -1.000000 0.000000 -0.000000 0.000000 1.000000 0.000000 0.000000 0.000000 -1.000000 -32.112495 -35.955002 -10.000010 41.387501 35.705002 19.443850 92026.dat
9 0 -1.000000 0.000000 -0.000000 0.000000 1.000000 0.000000 0.000000 0.000000 -1.000000 -32.112495 -35.955002 -10.000010 41.387501 17.112499 39.512501 92026.dat
9 0 -1.000000 0.000000 -0.000000 0.000000 1.000000 0.000000 0.000000 0.000000 -1.000000 36.772751 -2.455000 -9.999989 26.997751 2.205000 8.298599 92026.dat
9 0 -1.000000 0.000000 -0.000000 -0.000000 -0.703322 0.710872 -0.000000 0.710872 0.703322 25.586760 -16.429575 -31.148239 15.811700 2.205000 4.166250 92026.dat
9 0 -1.000000 0.000000 -0.000000 0.000000 1.000000 0.000000 0.000000 0.000000 -1.000000 36.772751 -2.455000 -9.999989 26.997751 2.205000 8.298599 92026.dat
9 0 -0.992073 0.125664 -0.000000 0.125664 0.992073 0.000000 0.000000 0.000000 -1.000000 17.789053 -3.346850 -9.999994 8.014074 2.205000 19.537500 92026.dat
9 0 -0.826886 0.562370 -0.000000 0.562370 0.826886 0.000000 0.000000 0.000000 -1.000000 33.893253 -9.438325 -9.999989 8.014074 2.205000 19.537500 92026.dat
9 0 -0.693562 0.720397 -0.000000 0.720397 0.693562 0.000000 0.000000 0.000000 -1.000000 44.432251 -17.859224 -9.999986 4.533650 2.205000 19.537500 92026.dat
9 0 -1.000000 0.000000 -0.000000 -0.000000 -1.000000 0.000000 -0.000000 0.000000 1.000000 41.398506 -64.406250 -9.999987 8.014074 7.253750 1.625000 92026.dat
9 0 -1.000000 0.000000 -0.000000 0.000000 -0.749804 -0.661660 -0.000000 -0.661660 0.749804 17.789045 -58.440502 14.082706 8.014050 7.747650 1.079025 92026.dat
9 0 -0.894772 0.000000 0.446524 0.000000 1.000000 0.000000 -0.446524 0.000000 -0.894772 26.723993 -35.955002 13.954083 22.198074 17.112499 6.215150 92026.dat
9 0 -1.000000 0.000000 -0.000000 0.000000 1.000000 0.000000 0.000000 0.000000 -1.000000 22.414879 -35.468750 -10.036092 26.997751 16.626175 19.501400 92026.dat
9 0 -1.000000 0.000000 -0.000000 0.000000 0.699206 -0.714920 0.000000 -0.714920 -0.699206 -30.237488 -60.055000 -36.690758 39.512501 12.856226 3.143925 92026.dat
9 0 -1.000000 0.000000 -0.000000 -0.000000 0.699206 0.714920 0.000000 0.714920 -0.699206 -32.112507 -60.206501 16.838690 41.387501 12.856226 2.932275 92026.dat
9 0 -1.000000 0.000000 -0.000000 0.000000 -0.699206 -0.714920 -0.000000 -0.714920 0.699206 -32.112488 -11.854950 -36.690762 41.387501 12.856226 3.143925 92026.dat
9 0 -1.000000 0.000000 -0.000000 -0.000000 -0.699206 0.714920 -0.000000 0.714920 0.699206 -32.112507 -11.703626 16.838690 41.387501 12.856226 2.932275 92026.dat
9 0 -0.693562 -0.720397 -0.000000 0.720397 -0.693562 0.000000 -0.000000 0.000000 1.000000 44.432251 -54.088253 -9.999986 4.533650 2.205000 19.537500 92026.dat
9 0 -0.826886 -0.562370 -0.000000 0.562370 -0.826886 0.000000 -0.000000 0.000000 1.000000 33.893253 -62.588249 -9.999989 8.014074 2.205000 19.537500 92026.dat
9 0 -0.992073 -0.125664 -0.000000 0.125664 -0.992073 0.000000 -0.000000 0.000000 1.000000 17.789053 -68.436005 -9.999994 8.014074 2.205000 19.537500 92026.dat
9 0 -1.000000 0.000000 -0.000000 -0.000000 -1.000000 0.000000 -0.000000 0.000000 1.000000 36.772751 -74.365005 -9.999989 26.997751 2.205000 8.298599 92026.dat
9 0 -0.900033 0.000000 -0.435821 0.000000 1.000000 0.000000 0.435821 0.000000 -0.900033 26.586512 -35.955002 -34.078743 22.198074 17.112499 6.215150 92026.dat
9 0 -1.000000 0.000000 -0.000000 0.000000 1.000000 0.000000 0.000000 0.000000 -1.000000 41.398506 -12.413750 -9.999987 8.014074 7.253750 1.625000 92026.dat
9 0 -1.000000 0.000000 -0.000000 -0.000000 -0.749804 0.661660 -0.000000 0.661660 0.749804 17.789061 -58.440502 -34.082745 8.014050 7.747650 1.079025 92026.dat
9 0 -1.000000 0.000000 -0.000000 0.000000 -0.703322 -0.710872 -0.000000 -0.710872 0.703322 25.586748 -16.630100 11.437159 15.811700 2.205000 4.939475 92026.dat
9 0 -0.736965 -0.000000 -0.675931 -0.000000 -1.000000 0.000000 -0.675931 0.000000 0.736965 71.105507 -74.365005 -13.701450 4.784825 2.205000 0.658475 92026.dat
9 0 -0.736966 0.000000 0.675930 0.000000 -1.000000 0.000000 0.675930 0.000000 0.736966 71.105499 -74.365005 -6.510977 4.784825 2.205000 0.658475 92026.dat
9 0 -0.736965 -0.000000 -0.675931 -0.000000 -1.000000 0.000000 -0.675931 0.000000 0.736965 71.105507 -2.455000 -13.701450 4.784825 2.205000 0.658475 92026.dat
9 0 -0.736966 0.000000 0.675930 0.000000 -1.000000 0.000000 0.675930 0.000000 0.736966 71.105499 -2.455000 -6.510977 4.784825 2.205000 0.658475 92026.dat
9 0 -1.000000 0.000000 -0.000000 0.000000 -0.000000 -1.000000 -0.000000 -1.000000 0.000000 -84.374992 -35.752251 -9.506827 10.375000 37.093498 16.839651 92026.dat
9 0 -1.000000 0.000000 -0.000000 0.000000 -0.000000 -1.000000 -0.000000 -1.000000 0.000000 -164.071747 -36.037498 -10.005379 25.340752 19.542799 15.787500 92026.dat
9 0 -1.000000 0.000000 -0.000000 0.000000 -0.000000 -1.000000 -0.000000 -1.000000 0.000000 -96.357498 -61.871498 7.912469 22.357450 1.625000 8.209000 92026.dat
9 0 -1.000000 0.000000 -0.000000 0.000000 -0.000000 -1.000000 -0.000000 -1.000000 0.000000 -96.357491 -61.871498 -27.912533 22.357450 1.625000 8.209000 92026.dat
9 0 -0.972607 -0.232456 -0.000000 0.000000 0.000000 -1.000000 0.232456 -0.972607 -0.000000 -155.027252 -16.378000 7.912449 34.278500 1.625000 4.278400 92026.dat
9 0 -1.000000 0.000000 -0.000000 0.000000 -0.000000 -1.000000 -0.000000 -1.000000 0.000000 -96.357498 -10.203500 7.912469 22.357450 1.625000 8.209000 92026.dat
9 0 -1.000000 0.000000 -0.000000 0.000000 -0.000000 -1.000000 -0.000000 -1.000000 0.000000 -96.357491 -10.203500 -27.912533 22.357450 1.625000 8.209000 92026.dat
9 0 -1.000000 0.000000 -0.000000 0.000000 -0.000000 -1.000000 -0.000000 -1.000000 0.000000 -118.192253 -37.525497 -10.000039 44.192249 19.537500 24.693874 92026.dat
9 0 -0.986482 0.000000 0.163870 -0.163870 0.000000 -0.986482 0.000000 -1.000000 0.000000 -128.950241 -35.398998 -19.003641 57.874500 20.337025 16.486626 92026.dat
9 0 -0.986488 0.000000 -0.163833 0.163833 0.000000 -0.986488 0.000000 -1.000000 -0.000000 -128.950500 -35.398998 -0.998692 57.874500 20.337025 16.486626 92026.dat
9 0 -0.972607 -0.232456 -0.000000 0.000000 0.000000 -1.000000 0.232456 -0.972607 -0.000000 -155.027237 -16.378000 -27.912552 34.278500 1.625000 4.278400 92026.dat
10 0 -76.444504 0.000000 -49.762501 189.662506 100.534996 29.762501 92026.dat
2 22 -1.000000 0.000000 -0.000000 0.000000 1.000000 0.000000 0.000000 0.000000 -1.000000 10.000010 0.000000 -29.999998 4 8 22:1:1,22:2:1,22:2:1,22:2:1,22:2:1,22:2:1,22:2:1,22:2:1,22:1:1,22:2:1,15:4:0,23:4:1,15:4:0,23:4:1,15:4:0,23:4:1,15:4:0,22:2:1,22:2:1,23:4:1,7:4:2,23:4:1,7:4:2,23:4:1,7:4:2,23:4:1,22:2:1,22:2:1,15:4:0,23:4:1,15:4:0,23:4:1,15:4:0,23:4:1,15:4:0,22:2:1,22:1:1,22:2:1,22:2:1,22:2:1,22:2:1,22:2:1,22:2:1,22:2:1,22:1:1, 92026.dat
0 5 0.000000 1.000000 0.000000 1.000000 -0.000000 0.000000 0.000000 0.000000 -1.000000 -29.999998 -94.400002 -9.996685 0 0 2.400000 0 0 92026.dat
6 144 0.000000 1.000000 0.000000 1.000000 -0.000000 0.000000 0.000000 0.000000 -1.000000 50.000008 -38.000000 -9.999984 0.000000 0.000000 0.000000 0.000000 1 92026.dat
6 146 -1.000000 0.000000 -0.000000 0.000000 1.000000 0.000000 0.000000 0.000000 -1.000000 68.020256 -38.500000 -9.999978 0.000000 0.000000 0.000000 0.000000 0 92026.dat
