9 0 1.000000 0.000000 0.000000 0.000000 1.000000 0.000000 0.000000 0.000000 1.000000 0.000000 -3.561375 0.000000 11.000000 2.492925 11.000000 92081.dat
9 0 1.000000 0.000000 0.000000 0.000000 1.000000 0.000000 0.000000 0.000000 1.000000 13.698900 4.241225 0.000000 0.948900 4.809675 5.139350 92081.dat
9 0 0.707107 0.000000 0.707107 0.000000 1.000000 0.000000 -0.707107 0.000000 0.707107 9.686600 8.368225 9.686600 0.948900 8.936700 5.139350 92081.dat
9 0 -0.000000 0.000000 1.000000 0.000000 1.000000 0.000000 -1.000000 0.000000 -0.000000 0.000000 8.900749 13.698900 0.948900 9.469225 5.139350 92081.dat
9 0 -0.707107 0.000000 0.707107 0.000000 1.000000 0.000000 -0.707107 0.000000 -0.707107 -9.686600 8.368225 9.686600 0.948900 8.936700 5.139350 92081.dat
9 0 -1.000000 0.000000 -0.000000 0.000000 1.000000 0.000000 0.000000 0.000000 -1.000000 -13.698900 4.241225 0.000000 0.948900 4.809675 5.139350 92081.dat
9 0 -0.707107 0.000000 -0.707107 0.000000 1.000000 0.000000 0.707107 0.000000 -0.707107 -9.686600 2.705150 -9.686600 0.948900 3.273625 5.139350 92081.dat
9 0 -0.000000 0.000000 -1.000000 0.000000 1.000000 0.000000 1.000000 0.000000 -0.000000 0.000000 2.705150 -13.698900 0.948900 3.273625 5.139350 92081.dat
9 0 0.707107 0.000000 -0.707107 0.000000 1.000000 0.000000 0.707107 0.000000 0.707107 9.686600 2.705150 -9.686600 0.948900 3.273625 5.139350 92081.dat
10 0 -14.813050 -19.125626 -17.511999 15.139675 9.418776 14.647825 92081.dat
2 22 1.000000 0.000000 0.000000 0.000000 1.000000 0.000000 0.000000 0.000000 1.000000 -10.000000 0.000000 10.000000 2 2 29:0:0,29:0:0,29:0:0,29:0:0,15:4:33,29:0:0,29:0:0,29:0:0,29:0:0, 92081.dat
