9 0 0.000000 0.000000 1.000000 0.000000 1.000000 0.000000 -1.000000 0.000000 0.000000 0.000000 -6.000000 -40.000000 2.444700 2.444700 14.125000 92279.dat
9 0 0.000000 -0.707107 0.707107 0.000000 0.707107 0.707107 -1.000000 0.000000 0.000000 17.187500 -6.000000 -40.000008 4.108925 4.108925 2.562500 92279.dat
9 0 0.000000 0.000000 1.000000 0.000000 1.000000 0.000000 -1.000000 0.000000 0.000000 17.187502 -5.979350 -33.125031 6.625000 5.935100 2.562500 92279.dat
9 0 0.312408 0.000000 0.949948 0.000000 1.000000 0.000000 -0.949948 0.000000 0.312408 22.371758 -5.979350 -17.109432 11.837425 5.935100 1.624975 92279.dat
9 0 0.312408 0.000000 0.949948 0.000000 1.000000 0.000000 -0.949948 0.000000 0.312408 31.304514 -5.979350 9.800741 3.016750 5.935100 1.624975 92279.dat
9 0 0.000000 0.000000 1.000000 0.000000 1.000000 0.000000 -1.000000 0.000000 0.000000 38.125031 -5.979350 59.999992 29.750002 5.935100 1.624975 92279.dat
9 0 0.000000 0.000000 1.000000 0.405284 0.914191 -0.000000 -0.914191 0.405284 0.000000 33.024284 -23.702900 59.999992 29.750002 12.732574 1.624975 92279.dat
9 0 0.000000 0.000000 1.000000 0.940122 0.340838 -0.000000 -0.340838 0.940122 0.000000 13.336781 -40.964748 59.999992 29.750002 14.615950 1.624975 92279.dat
9 0 0.000000 -0.707107 0.707107 0.000000 0.707107 0.707107 -1.000000 0.000000 0.000000 -17.187500 -6.000000 -39.999996 4.108925 4.108925 2.562500 92279.dat
9 0 0.000000 0.000000 1.000000 0.000000 1.000000 0.000000 -1.000000 0.000000 0.000000 -17.187498 -5.979350 -33.125019 6.625000 5.935100 2.562500 92279.dat
9 0 -0.312408 0.000000 0.949948 0.000000 1.000000 0.000000 -0.949948 0.000000 -0.312408 -22.371742 -5.979350 -17.109417 11.837425 5.935100 1.624975 92279.dat
9 0 -0.312408 0.000000 0.949948 0.000000 1.000000 0.000000 -0.949948 0.000000 -0.312408 -31.304485 -5.979350 9.800759 3.016750 5.935100 1.624975 92279.dat
9 0 0.000000 0.000000 1.000000 0.000000 1.000000 0.000000 -1.000000 0.000000 0.000000 -38.124966 -5.979350 60.000015 29.750002 5.935100 1.624975 92279.dat
9 0 0.000000 0.000000 1.000000 -0.405284 0.914191 0.000000 -0.914191 -0.405284 0.000000 -33.024220 -23.702900 60.000015 29.750002 12.732574 1.624975 92279.dat
9 0 0.000000 0.000000 1.000000 -0.940122 0.340838 0.000000 -0.340838 -0.940122 0.000000 -13.336718 -40.964748 60.000004 29.750002 14.615950 1.624975 92279.dat
9 0 0.000000 0.000000 1.000000 0.000000 1.000000 0.000000 -1.000000 0.000000 0.000000 0.000004 -9.045025 -28.125023 1.625000 9.000750 13.279501 92279.dat
9 0 -0.313874 -0.131936 0.940253 -0.418139 0.908302 -0.012130 -0.852433 -0.396964 -0.340260 -25.081488 -15.353724 0.855008 31.714499 7.015975 1.624975 92279.dat
9 0 -0.230133 -0.277525 0.932748 -0.796672 0.604179 -0.016795 -0.558885 -0.746959 -0.360138 -17.012062 -26.495823 0.973004 31.714499 7.389600 1.624975 92279.dat
9 0 -0.000145 -0.382658 0.923890 -0.955990 0.271122 0.112143 -0.293400 -0.883213 -0.365857 -5.856262 -31.614500 1.071253 31.279501 6.630575 1.624975 92279.dat
9 0 0.313875 -0.131936 0.940253 0.418139 0.908302 -0.012130 -0.852433 0.396964 0.340261 25.081512 -15.353724 0.854990 31.714499 7.015975 1.624975 92279.dat
9 0 0.230134 -0.277525 0.932748 0.796672 0.604179 -0.016796 -0.558885 0.746959 0.360138 17.012089 -26.495823 0.972992 31.714499 7.103225 1.624975 92279.dat
9 0 0.000146 -0.382658 0.923890 0.955990 0.271122 0.112143 -0.293399 0.883213 0.365857 5.856288 -31.614500 1.071247 31.279501 6.630575 1.624975 92279.dat
10 0 -6.190050 -6.205750 -40.000000 130.000000 41.794250 40.000000 92279.dat
0 7 0.000000 1.000000 -0.000000 1.000000 -0.000000 -0.000000 -0.000000 0.000000 -1.000000 14.375000 -6.000000 -40.000008 1 1 1.150000 0 1 92279.dat
