9 0 -0.000000 0.000000 -1.000000 1.000000 0.000000 -0.000000 -0.000000 -1.000000 -0.000000 -7.787497 0.000000 -19.109375 10.640625 1.250000 3.743800 924.dat
9 0 -0.000000 -0.000000 -1.000000 1.000000 0.000000 -0.000000 0.000000 -1.000000 0.000000 7.750004 0.000000 -19.109379 10.640625 1.250000 3.743775 924.dat
9 0 0.000000 0.000000 1.000000 0.000000 -1.000000 -0.000000 1.000000 0.000000 -0.000000 0.000005 -7.750000 -15.000001 14.749999 1.250000 3.743800 924.dat
9 0 0.000000 0.000000 1.000000 0.000000 -1.000000 -0.000000 1.000000 0.000000 -0.000000 0.000005 7.750000 -15.000001 14.749999 1.250000 3.743800 924.dat
9 0 -0.000000 0.708340 -0.705871 1.000000 -0.000000 -0.000000 -0.000000 -0.705871 -0.708340 7.750013 -13.503875 13.530746 10.640625 1.250000 3.743800 924.dat
9 0 -0.000000 0.708340 -0.705871 1.000000 -0.000000 -0.000000 -0.000000 -0.705871 -0.708340 -7.749987 -13.503875 13.530752 10.640625 1.250000 3.743800 924.dat
9 0 -0.000000 0.708340 -0.705872 -0.000000 -0.705872 -0.708340 -1.000000 0.000000 0.000000 0.000014 -5.106200 16.103500 14.749975 1.250000 3.743800 924.dat
9 0 -0.000000 0.708340 -0.705872 -0.000000 -0.705872 -0.708340 -1.000000 0.000000 0.000000 0.000011 -16.088524 5.128500 14.749975 1.223825 3.743800 924.dat
9 0 -0.000000 0.382683 -0.923880 -0.000000 -0.923880 -0.382683 -1.000000 0.000000 0.000000 0.000010 7.571250 3.081748 3.423375 0.158875 9.750000 924.dat
9 0 -0.000000 0.708340 -0.705871 1.000000 -0.000000 -0.000000 -0.000000 -0.705871 -0.708340 -0.012489 -5.400375 5.455500 1.117200 7.737500 3.743800 924.dat
9 0 0.000000 0.000000 1.000000 1.000000 -0.000000 -0.000000 0.000000 1.000000 -0.000000 -0.012493 0.000000 -7.684301 1.184325 7.737500 3.743800 924.dat
9 0 0.000000 0.000000 1.000000 1.000000 -0.000000 -0.000000 0.000000 1.000000 -0.000000 4.168653 -4.260575 -19.041803 10.708200 1.442050 1.457900 924.dat
9 0 0.000000 0.000000 1.000000 1.000000 -0.000000 -0.000000 0.000000 1.000000 -0.000000 -4.176072 4.224950 -19.041801 10.708200 1.442050 1.457900 924.dat
9 0 0.000000 0.707107 -0.707106 1.000000 -0.000000 0.000000 0.000000 -0.707106 -0.707107 -4.159587 -16.470425 10.458750 10.708200 1.442050 1.457900 924.dat
9 0 0.000000 0.707107 -0.707106 1.000000 -0.000000 0.000000 0.000000 -0.707106 -0.707107 4.209815 -10.481150 16.448000 10.708200 1.442050 1.457900 924.dat
10 0 0.000000 -10.000000 -10.000000 57.753998 27.754000 10.000000 924.dat
0 2 0.000000 0.000000 1.000000 1.000000 -0.000000 -0.000000 0.000000 1.000000 -0.000000 10.000010 0.000000 -0.000003 0 0 0.800000 0 0 924.dat
0 4 1.000000 -0.000000 -0.000000 -0.000000 -0.000000 -1.000000 0.000000 1.000000 -0.000000 0.000000 0.000000 -30.000002 0 1 0.800000 0 0 924.dat
0 4 1.000000 0.000001 -0.000001 0.000001 -0.707106 0.707107 0.000000 -0.707107 -0.707106 0.000016 -21.338100 21.088249 0 1 0.800000 0 0 924.dat
2 22 -0.000000 1.000000 -0.000000 -0.000000 -0.000000 -1.000000 -1.000000 0.000000 0.000000 -10.000000 -10.000000 -29.999998 2 2 29:0:0,29:0:0,29:0:0,29:0:0,13:4:33,29:0:0,29:0:0,29:0:0,29:0:0, 924.dat
2 22 -0.000000 -0.707107 -0.707107 0.000000 -0.707107 0.707107 -1.000000 0.000000 0.000000 -9.999982 -14.267024 28.159506 2 2 29:0:0,29:0:0,29:0:0,29:0:0,13:4:33,29:0:0,29:0:0,29:0:0,29:0:0, 924.dat
2 22 0.000000 0.000000 1.000000 1.000000 -0.000000 -0.000000 0.000000 1.000000 -0.000000 10.000006 10.000000 -10.000004 2 2 22:1:1,22:2:1,22:1:1,22:2:1,16:4:64,22:2:1,22:1:1,22:2:1,22:1:1, 924.dat
2 22 -0.000000 0.000000 -1.000000 -1.000000 0.000000 0.000000 0.000000 1.000000 0.000000 -9.999988 10.000000 10.000002 2 2 22:1:1,22:2:1,22:1:1,22:2:1,16:4:64,22:2:1,22:1:1,22:2:1,22:1:1, 924.dat
