9 0 0.000000 -0.707107 -0.707107 0.000000 0.707107 -0.707107 1.000000 0.000000 0.000000 -0.000006 0.060001 0.000003 2.578425 2.578425 14.107500 92474.dat
9 0 0.000000 0.000000 -1.000000 0.000000 1.000000 0.000000 1.000000 0.000000 0.000000 0.000000 0.125000 -19.999998 9.750000 1.625000 19.750000 92474.dat
9 0 0.000000 0.182251 -0.983252 -0.000000 0.983252 0.182251 1.000000 0.000000 0.000000 0.000008 3.197500 -46.404499 16.781401 1.625000 19.750000 92474.dat
9 0 0.000000 0.593616 -0.804749 -0.000000 0.804749 0.593616 1.000000 0.000000 0.000000 0.000020 21.057999 -83.168999 25.466251 1.625000 19.750000 92474.dat
9 0 0.000000 0.000000 -1.000000 0.000000 1.000000 0.000000 1.000000 0.000000 0.000000 -0.000003 4.125002 -11.499997 1.250000 1.875000 19.750000 92474.dat
9 0 0.000000 -0.707107 -0.707107 0.000000 0.707107 -0.707107 1.000000 0.000000 0.000000 -17.178757 0.048500 -0.000003 4.127000 4.127000 2.571250 92474.dat
9 0 0.000000 0.000000 -1.000000 0.000000 1.000000 0.000000 1.000000 0.000000 0.000000 -17.178751 0.125000 -15.000002 14.749999 1.625000 2.571250 92474.dat
9 0 0.000000 0.117312 -0.993095 -0.000000 0.993095 0.117312 1.000000 0.000000 0.000000 -18.124994 7.944000 -37.259430 25.466251 6.473725 1.625000 92474.dat
9 0 0.000000 0.593615 -0.804749 -0.000000 0.804749 0.593615 1.000000 0.000000 0.000000 -18.124981 24.656300 -80.514748 25.466251 6.096225 1.625000 92474.dat
9 0 0.000000 -0.707107 -0.707107 0.000000 0.707107 -0.707107 1.000000 0.000000 0.000000 17.178743 0.048500 0.000009 4.127000 4.127000 2.571250 92474.dat
9 0 0.000000 0.000000 -1.000000 0.000000 1.000000 0.000000 1.000000 0.000000 0.000000 17.178747 0.125000 -14.999991 14.749999 1.625000 2.571250 92474.dat
9 0 0.000000 0.117312 -0.993095 -0.000000 0.993095 0.117312 1.000000 0.000000 0.000000 18.125006 7.944000 -37.259418 25.466251 6.473725 1.625000 92474.dat
9 0 0.000000 0.593615 -0.804749 -0.000000 0.804749 0.593615 1.000000 0.000000 0.000000 18.125019 24.599100 -80.556992 25.466251 6.025150 1.625000 92474.dat
9 0 0.000000 0.000000 -1.000000 0.000000 1.000000 0.000000 1.000000 0.000000 0.000000 0.000028 43.850002 -108.499992 1.250000 2.150000 19.750000 92474.dat
9 0 0.000000 0.000000 -1.000000 0.000000 1.000000 0.000000 1.000000 0.000000 0.000000 -18.124973 43.850002 -101.250008 8.500000 2.150000 1.625000 92474.dat
9 0 0.000000 0.000000 -1.000000 0.000000 1.000000 0.000000 1.000000 0.000000 0.000000 18.125027 43.850002 -101.249992 8.500000 2.150000 1.625000 92474.dat
9 0 0.000000 -0.604092 -0.796914 0.000000 0.796914 -0.604092 1.000000 0.000000 0.000000 0.000027 37.431725 -105.516991 0.895225 5.660425 19.750000 92474.dat
10 0 -26.190001 0.000000 -30.000002 90.000000 52.450001 10.000000 92474.dat
3 23 0.000000 0.000000 -1.000000 0.000000 1.000000 0.000000 1.000000 0.000000 0.000000 19.999998 -1.749998 -9.999990 4 2 18:1:1,23:4:1,18:1:1,23:4:1,0:4:1,23:4:1,18:2:1,23:4:1,18:2:1,23:4:1,0:4:1,23:4:1,18:1:1,23:4:1,18:1:1, 92474.dat
2 22 0.000000 0.000000 -1.000000 0.000000 1.000000 0.000000 1.000000 0.000000 0.000000 20.000023 46.250000 -89.999985 4 2 22:1:1,22:2:1,22:1:1,29:0:1,15:4:0,22:2:1,29:0:1,29:0:1,22:2:1,29:0:1,15:4:0,22:2:1,22:1:1,22:2:1,22:1:1, 92474.dat
0 7 -0.000000 1.000000 0.000000 -1.000000 -0.000000 -0.000000 -0.000000 0.000000 1.000000 -14.357508 0.048500 -0.000001 1 1 1.148600 0 1 92474.dat
