9 0 0.000000 0.000000 -1.000000 0.000000 1.000000 0.000000 1.000000 0.000000 0.000000 0.500000 -0.125000 -30.000002 19.750000 1.625000 19.750000 92579.dat
9 0 0.000000 0.000000 -1.000000 0.000000 1.000000 0.000000 1.000000 0.000000 0.000000 0.500002 43.600002 -168.125015 1.625000 2.150000 19.750000 92579.dat
9 0 0.000000 0.118774 -0.992921 -0.000000 0.992921 0.118774 1.000000 0.000000 0.000000 0.500001 2.237251 -69.635750 19.750000 1.625000 19.750000 92579.dat
9 0 0.000000 0.311031 -0.950400 -0.000000 0.950400 0.311031 1.000000 0.000000 0.000000 0.500001 10.753500 -108.141754 19.750000 1.625000 19.750000 92579.dat
9 0 0.000000 0.521609 -0.853185 -0.000000 0.853185 0.521609 1.000000 0.000000 0.000000 0.500002 29.296076 -147.877502 24.293800 1.275600 19.750000 92579.dat
9 0 1.000000 -0.000001 0.000000 -0.000001 -0.707106 0.707107 -0.000000 -0.707107 -0.707106 -16.687500 -0.250000 0.000000 2.562500 4.169425 4.169425 92579.dat
9 0 1.000000 -0.000001 0.000000 -0.000001 -0.707106 0.707107 -0.000000 -0.707107 -0.707106 17.687500 -0.250000 0.000000 2.562500 4.169425 4.169425 92579.dat
9 0 1.000000 -0.000000 0.000000 -0.000000 -0.000000 1.000000 -0.000000 -1.000000 -0.000000 0.500000 -0.250000 0.000000 14.125000 2.390550 2.390550 92579.dat
9 0 1.000000 -0.000000 0.000000 -0.000000 -0.000000 1.000000 -0.000000 -1.000000 -0.000000 -16.687500 2.000001 -6.875001 2.562500 6.625000 3.750000 92579.dat
9 0 1.000000 -0.000000 0.000000 -0.000000 -0.000000 1.000000 -0.000000 -1.000000 -0.000000 17.687500 2.000001 -6.875001 2.562500 6.625000 3.750000 92579.dat
9 0 0.000000 0.000000 -1.000000 0.000000 1.000000 0.000000 1.000000 0.000000 0.000000 0.500000 2.000001 -11.875001 1.625000 3.750000 19.750000 92579.dat
9 0 0.000000 0.000000 -1.000000 0.000000 1.000000 0.000000 1.000000 0.000000 0.000000 38.625000 31.600002 -30.000002 19.750000 14.150000 1.625000 92579.dat
9 0 -0.164400 0.000000 -0.986394 0.000000 1.000000 0.000000 0.986394 0.000000 -0.164400 37.627750 32.181274 -62.118252 12.175475 13.568725 0.591025 92579.dat
9 0 -0.164400 0.000000 -0.986394 0.000000 1.000000 0.000000 0.986394 0.000000 -0.164400 31.903250 43.375000 -90.175499 3.171500 2.375000 1.624975 92579.dat
9 0 -0.164400 0.000000 -0.986394 0.000000 1.000000 0.000000 0.986394 0.000000 -0.164400 28.632000 43.375000 -109.802498 3.226325 2.375000 1.624975 92579.dat
9 0 -0.164400 0.000000 -0.986394 0.000000 1.000000 0.000000 0.986394 0.000000 -0.164400 25.242250 43.375000 -130.139999 4.341100 2.375000 1.624975 92579.dat
9 0 -0.164400 0.000000 -0.986394 0.000000 1.000000 0.000000 0.986394 0.000000 -0.164400 23.017002 43.600002 -138.759003 4.026575 2.150000 0.846975 92579.dat
9 0 -0.164400 0.000000 -0.986394 0.000000 1.000000 0.000000 0.986394 0.000000 -0.164400 20.866003 43.600002 -156.398499 13.226525 2.150000 1.624975 92579.dat
9 0 -0.164400 0.000000 -0.986394 0.000000 1.000000 0.000000 0.986394 0.000000 -0.164400 33.542252 30.860901 -86.630997 12.175475 9.639100 0.591025 92579.dat
9 0 -0.164400 0.000000 -0.986394 0.000000 1.000000 0.000000 0.986394 0.000000 -0.164400 29.456749 33.420528 -111.143753 12.175475 7.079474 0.591025 92579.dat
9 0 -0.164400 0.000000 -0.986394 0.000000 1.000000 0.000000 0.986394 0.000000 -0.164400 25.371250 36.658703 -135.656494 12.175475 3.841300 0.591025 92579.dat
9 0 -0.164401 0.000000 -0.986394 0.000000 1.000000 0.000000 0.986394 0.000000 -0.164401 22.449001 38.511726 -153.189499 5.099425 1.988275 0.591025 92579.dat
9 0 0.000000 0.000000 -1.000000 0.722224 0.691660 0.000000 0.691660 -0.722224 0.000000 29.191500 8.966252 -30.000002 19.750000 13.612175 1.625000 92579.dat
9 0 -0.107817 0.064835 -0.992054 0.664362 0.747045 -0.023380 0.739594 -0.661604 -0.123618 26.980749 10.680252 -65.892250 16.936100 11.390475 1.625000 92579.dat
9 0 -0.097718 0.217320 -0.971197 0.626050 0.772019 0.109761 0.773636 -0.597292 -0.211494 24.206251 14.611501 -99.751495 16.936100 8.232300 1.625000 92579.dat
9 0 -0.034168 0.405880 -0.913287 0.552237 0.769313 0.321235 0.832986 -0.493375 -0.250428 22.085249 21.782551 -126.839508 11.036051 5.003225 1.625000 92579.dat
9 0 -0.097439 0.424178 -0.900322 0.489074 0.808271 0.327878 0.866783 -0.408376 -0.286211 20.640505 31.217876 -148.361511 12.039050 1.951075 1.625000 92579.dat
9 0 0.000000 0.000000 -1.000000 0.000000 1.000000 0.000000 1.000000 0.000000 0.000000 -37.625000 31.600002 -30.000002 19.750000 14.150000 1.625000 92579.dat
9 0 0.164400 0.000000 -0.986394 0.000000 1.000000 0.000000 0.986394 0.000000 0.164400 -36.627750 32.181274 -62.118252 12.175475 13.568725 0.591025 92579.dat
9 0 0.164400 0.000000 -0.986394 0.000000 1.000000 0.000000 0.986394 0.000000 0.164400 -30.903172 43.375000 -90.175499 3.171500 2.375000 1.624975 92579.dat
9 0 0.164400 0.000000 -0.986394 0.000000 1.000000 0.000000 0.986394 0.000000 0.164400 -27.631973 43.375000 -109.802498 3.226325 2.375000 1.624975 92579.dat
9 0 0.164400 0.000000 -0.986394 0.000000 1.000000 0.000000 0.986394 0.000000 0.164400 -24.242373 43.375000 -130.139999 4.341100 2.375000 1.624975 92579.dat
9 0 0.164400 0.000000 -0.986394 0.000000 1.000000 0.000000 0.986394 0.000000 0.164400 -22.017099 43.600002 -138.759003 4.026575 2.150000 0.846975 92579.dat
9 0 0.164400 0.000000 -0.986394 0.000000 1.000000 0.000000 0.986394 0.000000 0.164400 -19.865898 43.600002 -156.398499 13.226525 2.150000 1.624975 92579.dat
9 0 0.164400 0.000000 -0.986394 0.000000 1.000000 0.000000 0.986394 0.000000 0.164400 -32.542149 30.860901 -86.630997 12.175475 9.639100 0.591025 92579.dat
9 0 0.164400 0.000000 -0.986394 0.000000 1.000000 0.000000 0.986394 0.000000 0.164400 -28.456646 33.420528 -111.143753 12.175475 7.079474 0.591025 92579.dat
9 0 0.164400 0.000000 -0.986394 0.000000 1.000000 0.000000 0.986394 0.000000 0.164400 -24.371124 36.658703 -135.656494 12.175475 3.841300 0.591025 92579.dat
9 0 0.164401 0.000000 -0.986394 0.000000 1.000000 0.000000 0.986394 0.000000 0.164401 -21.448923 38.511726 -153.189499 5.099425 1.988275 0.591025 92579.dat
9 0 0.000000 0.000000 -1.000000 -0.722224 0.691660 -0.000000 0.691660 0.722224 0.000000 -28.191549 8.966252 -30.000002 19.750000 13.612175 1.625000 92579.dat
9 0 0.107817 0.064835 -0.992054 -0.664362 0.747045 -0.023380 0.739594 0.661604 0.123618 -25.980700 10.680252 -65.892250 16.936100 11.390475 1.625000 92579.dat
9 0 0.097718 0.217320 -0.971197 -0.626050 0.772019 0.109761 0.773636 0.597292 0.211494 -23.206173 14.611501 -99.751495 16.936100 8.232300 1.625000 92579.dat
9 0 0.034168 0.405880 -0.913287 -0.552237 0.769313 0.321235 0.832986 0.493375 0.250428 -21.085299 21.782551 -126.839508 11.036051 5.003225 1.625000 92579.dat
9 0 0.097439 0.424178 -0.900322 -0.489074 0.808271 0.327878 0.866783 0.408376 0.286211 -19.640499 31.217876 -148.361511 12.039050 1.951075 1.625000 92579.dat
10 0 -26.199999 0.000000 -50.000000 150.000000 52.450001 30.000002 92579.dat
0 7 0.000000 1.000000 0.000000 1.000000 -0.000000 -0.000000 -0.000000 0.000000 -1.000000 14.875001 -0.200000 0.000000 1 1 1.150000 0 1 92579.dat
3 23 0.000000 0.000000 -1.000000 0.000000 1.000000 0.000000 1.000000 0.000000 0.000000 20.500002 -1.999998 -10.000000 4 4 29:0:1,23:4:1,29:0:1,23:4:1,29:0:1,23:4:1,0:4:1,23:4:1,0:4:1,23:4:1,29:0:1,23:4:1,18:4:1,23:4:1,29:0:1,23:4:1,0:4:1,23:4:1,0:4:1,23:4:1,29:0:1,23:4:1,29:0:1,23:4:1,29:0:1, 92579.dat
