9 0 1.000000 0.000000 0.000000 0.000000 1.000000 0.000000 0.000000 0.000000 1.000000 30.000002 -4.000000 -16.995174 19.000000 3.750000 6.745175 92591.dat
9 0 1.000000 0.000000 0.000000 0.000000 1.000000 0.000000 0.000000 0.000000 1.000000 30.000002 -238.124985 -18.477575 15.057325 1.625000 8.227600 92591.dat
9 0 -1.000000 0.000000 -0.000000 0.000000 1.000000 0.000000 0.000000 0.000000 -1.000000 1.522400 -238.124985 2.346325 8.227600 1.625000 7.403675 92591.dat
9 0 0.707107 -0.000000 -0.707107 0.291727 0.910929 0.291726 0.644124 -0.412564 0.644124 -1.688775 -25.468250 -21.955051 18.854549 21.510126 0.616025 92591.dat
9 0 0.707107 -0.000000 -0.707107 -0.289431 0.912392 -0.289431 0.645159 0.409317 0.645158 -1.533625 -216.563507 -21.359076 18.423124 23.063225 0.616025 92591.dat
9 0 1.000000 0.000000 0.000000 0.000000 0.896504 0.443036 0.000000 -0.443036 0.896504 29.999001 -25.201750 -35.260998 20.031275 21.627850 0.616025 92591.dat
9 0 1.000000 0.000000 0.000000 0.000000 0.912392 -0.409318 0.000000 0.409318 0.912392 30.680748 -216.563507 -34.471748 18.591850 23.063225 0.616025 92591.dat
9 0 1.000000 0.000000 0.000000 0.000000 1.000000 0.000000 0.000000 0.000000 1.000000 30.000002 -121.162750 -43.759998 23.743500 75.387253 0.616025 92591.dat
9 0 -0.749406 0.000000 0.662111 0.000000 1.000000 0.000000 -0.662111 0.000000 -0.749406 -5.759000 -121.162750 -31.879499 18.633326 75.387253 0.616025 92591.dat
9 0 0.167089 -0.075813 -0.983023 0.410902 0.911679 -0.000467 0.896237 -0.403848 0.183484 -17.224751 -22.475424 1.808850 7.782600 23.063225 0.616025 92591.dat
9 0 0.159291 0.071056 -0.984671 -0.415819 0.909446 -0.001640 0.895388 0.409706 0.174414 -17.211525 -217.760986 1.750850 7.782600 23.063225 0.616025 92591.dat
9 0 -0.373555 0.000000 0.927608 0.000000 1.000000 0.000000 -0.927608 0.000000 -0.373555 -22.660349 -121.162750 -4.489325 14.301175 75.387253 0.616025 92591.dat
9 0 -0.710850 0.000000 -0.703343 0.000000 1.000000 0.000000 0.703343 0.000000 -0.710850 6.979425 -238.124985 -13.053399 4.044775 1.625000 15.057126 92591.dat
9 0 -0.873561 0.000000 -0.486714 0.000000 1.000000 0.000000 0.486714 0.000000 -0.873561 -3.777525 -4.000000 -8.842150 0.767225 3.750000 4.384500 92591.dat
9 0 -0.503517 0.000000 -0.863985 0.000000 1.000000 0.000000 0.863985 0.000000 -0.503517 11.200700 -4.000000 -23.742775 0.767225 3.750000 4.384500 92591.dat
9 0 -1.000000 0.000000 -0.000000 0.000000 1.000000 0.000000 0.000000 0.000000 -1.000000 8.125000 -4.000000 -1.875000 1.625000 3.750000 11.625000 92591.dat
9 0 -1.000000 0.000000 -0.000000 0.000000 1.000000 0.000000 0.000000 0.000000 -1.000000 0.417525 -4.000000 8.125000 9.332475 3.750000 1.625000 92591.dat
9 0 -0.980899 0.000000 -0.194518 0.000000 1.000000 0.000000 0.194518 0.000000 -0.980899 -7.593175 -4.000000 2.303100 0.568225 3.750000 7.327400 92591.dat
9 0 -0.204064 0.000000 -0.978957 0.000000 1.000000 0.000000 0.978957 0.000000 -0.204064 22.517849 -4.000000 -27.654749 0.519100 3.750000 7.553300 92591.dat
9 0 -1.000000 0.000000 -0.000000 0.000000 1.000000 0.000000 0.000000 0.000000 -1.000000 2.624800 -4.000000 -7.750000 7.125200 3.750000 1.250000 92591.dat
9 0 -1.000000 0.000000 -0.000000 0.000000 1.000000 0.000000 0.000000 0.000000 -1.000000 1.815475 -6.625000 -0.528925 7.934525 1.125000 10.278925 92591.dat
9 0 -0.711932 0.000000 -0.702249 0.000000 1.000000 0.000000 0.702249 0.000000 -0.711932 5.193025 -6.625000 -14.656501 6.442250 1.125000 6.781625 92591.dat
9 0 1.000000 0.000000 0.000000 0.000000 1.000000 0.000000 0.000000 0.000000 1.000000 58.477497 -238.124985 2.346325 8.227600 1.625000 7.403675 92591.dat
9 0 -0.707107 0.000001 -0.707107 -0.291726 0.910929 0.291727 0.644124 0.412564 -0.644124 61.688751 -25.468250 -21.955051 18.854549 21.510126 0.616025 92591.dat
9 0 -0.707107 0.000001 -0.707107 0.289432 0.912392 -0.289431 0.645158 -0.409318 -0.645159 61.533501 -216.563507 -21.359076 18.423124 23.063225 0.616025 92591.dat
9 0 0.749406 0.000000 0.662111 0.000000 1.000000 0.000000 -0.662111 0.000000 0.749406 65.758995 -121.162750 -31.879499 18.633326 75.387253 0.616025 92591.dat
9 0 -0.167089 -0.075813 -0.983023 -0.410903 0.911679 -0.000468 0.896237 0.403849 -0.183483 77.224747 -22.475424 1.808850 7.782600 23.063225 0.616025 92591.dat
9 0 -0.159291 0.071056 -0.984671 0.415819 0.909446 -0.001640 0.895389 -0.409706 -0.174413 77.211502 -217.760986 1.750850 7.782600 23.063225 0.616025 92591.dat
9 0 0.373555 0.000000 0.927608 0.000000 1.000000 0.000000 -0.927608 0.000000 0.373555 82.660255 -121.162750 -4.489325 14.301175 75.387253 0.616025 92591.dat
9 0 0.710850 0.000000 -0.703343 0.000000 1.000000 0.000000 0.703343 0.000000 0.710850 53.020500 -238.124985 -13.053399 4.044775 1.625000 15.057126 92591.dat
9 0 0.873561 0.000000 -0.486714 0.000000 1.000000 0.000000 0.486714 0.000000 0.873561 63.777500 -4.000000 -8.842150 0.767225 3.750000 4.384500 92591.dat
9 0 0.503517 0.000000 -0.863985 0.000000 1.000000 0.000000 0.863985 0.000000 0.503517 48.799248 -4.000000 -23.742775 0.767225 3.750000 4.384500 92591.dat
9 0 1.000000 0.000000 0.000000 0.000000 1.000000 0.000000 0.000000 0.000000 1.000000 51.875000 -4.000000 -1.875000 1.625000 3.750000 11.625000 92591.dat
9 0 1.000000 0.000000 0.000000 0.000000 1.000000 0.000000 0.000000 0.000000 1.000000 59.582500 -4.000000 8.125000 9.332475 3.750000 1.625000 92591.dat
9 0 0.980899 0.000000 -0.194518 0.000000 1.000000 0.000000 0.194518 0.000000 0.980899 67.593254 -4.000000 2.303100 0.568225 3.750000 7.327400 92591.dat
9 0 0.204064 0.000000 -0.978958 0.000000 1.000000 0.000000 0.978958 0.000000 0.204064 37.482250 -4.000000 -27.654749 0.519100 3.750000 7.553300 92591.dat
9 0 1.000000 0.000000 0.000000 0.000000 1.000000 0.000000 0.000000 0.000000 1.000000 57.375252 -4.000000 -7.750000 7.125200 3.750000 1.250000 92591.dat
9 0 1.000000 0.000000 0.000000 0.000000 1.000000 0.000000 0.000000 0.000000 1.000000 58.184498 -6.625000 -0.528925 7.934525 1.125000 10.278925 92591.dat
9 0 0.711932 0.000000 -0.702249 0.000000 1.000000 0.000000 0.702249 0.000000 0.711932 54.807003 -6.625000 -14.656501 6.442250 1.125000 6.781625 92591.dat
10 0 -30.000002 0.000000 -10.000000 90.000000 244.425018 50.000000 92591.dat
3 23 1.000000 0.000000 0.000000 0.000000 1.000000 0.000000 0.000000 0.000000 1.000000 -10.000000 -240.000015 10.000000 4 8 18:1:1,23:4:1,18:1:1,29:0:1,29:0:1,29:0:1,18:1:1,23:4:1,18:1:1,23:4:1,1:4:0,23:4:1,29:0:1,29:0:1,29:0:1,23:4:1,1:4:0,23:4:1,18:2:1,23:4:1,18:3:1,23:4:1,18:2:1,23:4:1,18:3:1,23:4:1,18:2:1,29:0:1,18:2:1,23:4:1,1:4:0,23:4:1,1:4:0,23:4:1,18:2:1,29:0:1,29:0:1,29:0:1,18:2:1,23:4:1,18:2:1,23:4:1,18:2:1,29:0:1,29:0:1, 92591.dat
2 22 1.000000 0.000000 0.000000 0.000000 1.000000 0.000000 0.000000 0.000000 1.000000 -10.000000 0.000000 10.000000 4 8 22:1:1,22:2:1,22:1:1,29:0:1,29:0:1,29:0:1,22:1:1,22:2:1,22:1:1,22:2:1,15:4:0,22:2:1,29:0:1,29:0:1,29:0:1,22:2:1,15:4:0,22:2:1,22:2:1,22:2:1,22:3:1,22:2:1,22:2:1,22:2:1,22:3:1,22:2:1,22:2:1,29:0:1,15:4:0,22:2:1,15:4:0,9:4:1,15:4:0,22:2:1,15:4:0,29:0:1,29:0:1,29:0:1,22:2:1,22:2:1,22:2:1,22:2:1,22:2:1,29:0:1,29:0:1, 92591.dat
