9 0 0.000000 0.000000 1.000000 0.000000 1.000000 0.000000 -1.000000 0.000000 0.000000 0.000053 -8.149199 -0.001752 2.412175 0.145250 9.750000 92696.dat
9 0 -0.000000 -1.000000 -0.000000 0.000000 -0.000000 1.000000 -1.000000 0.000000 0.000000 0.000051 0.003075 -6.839001 4.265800 0.350375 7.750000 92696.dat
9 0 0.000000 0.000000 1.000000 -0.500000 0.866025 0.000000 -0.866025 -0.500000 0.000000 2.331114 -4.071925 -45.237507 38.112499 0.433250 2.939725 92696.dat
9 0 0.000000 0.000000 1.000000 -1.000000 -0.000000 0.000000 0.000000 -1.000000 -0.000000 4.691964 -0.017200 -45.237507 38.112499 0.433250 2.939725 92696.dat
9 0 0.000000 0.000000 1.000000 -0.500000 -0.866025 0.000000 0.866025 -0.500000 -0.000000 2.360914 4.054725 -45.237507 38.112499 0.433250 2.939725 92696.dat
9 0 0.000000 0.000000 1.000000 0.500000 -0.866025 -0.000000 0.866025 0.500000 -0.000000 -2.331036 4.071925 -45.237507 38.112499 0.433250 2.939725 92696.dat
9 0 0.000000 0.000000 1.000000 1.000000 -0.000000 -0.000000 0.000000 1.000000 -0.000000 -4.691886 0.017200 -45.237507 38.112499 0.433250 2.939725 92696.dat
9 0 0.000000 0.000000 1.000000 0.500000 0.866025 -0.000000 -0.866025 0.500000 0.000000 -2.360836 -4.054725 -45.237507 38.112499 0.433250 2.939725 92696.dat
9 0 0.000000 0.000000 1.000000 0.000000 1.000000 0.000000 -1.000000 0.000000 0.000000 0.000028 -6.290874 -79.223999 1.886475 0.460600 2.250000 92696.dat
9 0 0.000000 0.000000 1.000000 0.000000 1.000000 0.000000 -1.000000 0.000000 0.000000 0.000028 6.290725 -79.223999 1.886475 0.460600 2.250000 92696.dat
9 0 0.000000 -0.707107 0.707107 0.000000 0.707107 0.707107 -1.000000 0.000000 0.000000 0.000052 -5.761075 -5.763757 2.412175 0.145250 9.750000 92696.dat
9 0 0.000000 0.707107 0.707107 -0.000000 0.707107 -0.707107 -1.000000 0.000000 0.000000 0.000055 -5.763625 5.760992 2.412175 0.145250 9.750000 92696.dat
9 0 -0.000000 1.000000 -0.000000 -0.000000 -0.000000 -1.000000 -1.000000 0.000000 0.000000 0.000056 -0.001800 8.149242 2.412175 0.145250 9.750000 92696.dat
9 0 -0.000000 0.707107 -0.707107 -0.000000 -0.707107 -0.707107 -1.000000 0.000000 0.000000 0.000055 5.761100 5.763745 2.412175 0.145250 9.750000 92696.dat
9 0 -0.000000 0.000000 -1.000000 -0.000000 -1.000000 -0.000000 -1.000000 0.000000 0.000000 0.000053 8.149225 0.001740 2.412175 0.145250 9.750000 92696.dat
9 0 -0.000000 -0.707107 -0.707107 0.000000 -0.707107 0.707107 -1.000000 0.000000 0.000000 0.000052 5.763650 -5.761003 2.412175 0.145250 9.750000 92696.dat
10 0 86.400002 -9.250000 -10.000000 179.250000 9.250000 10.000000 92696.dat
0 2 0.000000 1.000000 -0.000000 1.000000 -0.000000 -0.000000 -0.000000 0.000000 -1.000000 10.000053 0.000000 0.000250 0 0 0.800000 0 0 92696.dat
6 215 -0.000000 1.000000 -0.000000 -0.000000 -0.000000 -1.000000 -1.000000 0.000000 0.000000 0.000038 0.000000 -47.500004 0.000000 0.000000 0.000000 0.000000 1 92696.dat
