9 0 -0.978148 -0.207912 -0.000000 -0.207912 0.978148 -0.000000 0.000000 0.000000 -1.000000 -3.644325 -20.749626 -0.000001 9.611000 3.812500 3.812500 92738.dat
9 0 -0.978148 -0.207912 -0.000000 -0.207912 0.978148 -0.000000 0.000000 0.000000 -1.000000 -4.892400 -14.233700 -0.000002 4.966025 2.320525 1.625000 92738.dat
9 0 -0.707107 0.000000 -0.707107 0.000000 1.000000 0.000000 0.707107 0.000000 -0.707107 0.000000 -8.335975 0.000000 2.065100 8.085975 2.065100 92738.dat
9 0 -0.147016 0.691655 -0.707107 0.978148 0.207912 0.000000 0.147016 -0.691655 -0.707107 -6.293150 -21.312649 -0.000002 2.138475 18.066250 2.138475 92738.dat
9 0 -0.147016 0.691655 -0.707107 0.978148 0.207912 0.000000 0.147016 -0.691655 -0.707107 -1.732700 -28.777500 -0.000001 1.517775 9.775000 1.517775 92738.dat
9 0 -0.147016 0.691655 -0.707107 0.978148 0.207912 0.000000 0.147016 -0.691655 -0.707107 6.638550 -26.998249 0.000002 2.539350 1.216750 2.539350 92738.dat
10 0 -12.454500 0.000000 -4.250000 25.040749 33.307251 4.250000 92738.dat
0 7 -0.207912 0.978147 -0.000000 -0.978147 -0.207912 -0.000000 -0.000000 -0.000000 1.000000 6.001175 -18.699400 0.000002 1 0 0.229890 0 0 92738.dat
0 7 0.207912 -0.978147 -0.000000 0.978147 0.207912 0.000000 -0.000000 -0.000000 1.000000 -13.289849 -22.799850 -0.000004 1 0 0.446530 0 0 92738.dat
0 7 -1.000000 0.000000 -0.000000 0.000000 1.000000 0.000000 0.000000 0.000000 -1.000000 0.000000 0.000000 0.000000 0 1 0.598861 0 0 92738.dat
2 22 -1.000000 0.000000 -0.000000 0.000000 1.000000 0.000000 0.000000 0.000000 -1.000000 10.000003 0.000000 -9.999997 2 2 29:0:0,29:0:0,29:0:0,29:0:0,9:4:32,29:0:0,29:0:0,29:0:0,29:0:0, 92738.dat
2 22 0.207912 -0.978148 0.000000 -0.978148 -0.207912 -0.000000 0.000000 0.000000 -1.000000 -26.288246 -15.339325 -10.000009 2 2 29:0:0,29:0:0,29:0:0,29:0:0,9:4:32,29:0:0,29:0:0,29:0:0,29:0:0, 92738.dat
