9 0 1.000000 0.000000 0.000000 0.000000 1.000000 0.000000 0.000000 0.000000 1.000000 0.000000 -3.920725 0.781550 10.720400 3.670725 12.976700 92756.dat
9 0 1.000000 0.000000 0.000000 0.000000 -0.000000 1.000000 0.000000 -1.000000 -0.000000 0.587350 18.004801 18.296200 10.646925 3.016350 17.374874 92756.dat
9 0 -0.000000 -1.000000 0.000000 1.000000 -0.000000 0.000000 0.000000 0.000000 1.000000 -14.321449 8.808675 2.606200 11.577425 1.008875 10.601575 92756.dat
9 0 0.000000 -1.000000 -0.000000 -1.000000 0.000000 -0.000000 0.000000 0.000000 -1.000000 14.256875 8.808675 2.624350 11.577425 1.063800 10.556400 92756.dat
9 0 -0.000000 -1.000000 0.000000 0.692125 -0.000000 -0.721777 0.721777 -0.000000 0.692125 -7.905025 8.808675 11.990376 11.577425 1.008875 8.353351 92756.dat
9 0 -0.000000 -1.000000 -0.000000 0.692131 -0.000000 0.721772 -0.721772 0.000000 0.692131 10.131926 8.808675 10.173175 11.577425 1.008875 8.353351 92756.dat
9 0 -0.722713 -0.640833 -0.258881 -0.691148 0.670669 0.269291 0.001053 0.373545 -0.927611 15.557951 19.005249 -4.750875 2.374650 0.605250 6.479975 92756.dat
9 0 0.722713 -0.640833 -0.258882 0.690536 0.653737 0.309497 -0.029095 -0.402445 0.914982 -15.996949 19.534349 -4.592225 2.374650 0.367700 6.479975 92756.dat
10 0 -18.747650 -38.000999 -25.198000 18.203300 9.946200 14.059575 92756.dat
2 22 1.000000 0.000000 0.000000 0.000000 1.000000 0.000000 0.000000 0.000000 1.000000 -10.000000 -0.468400 10.000000 2 2 29:0:0,29:0:0,29:0:0,29:0:0,15:4:34,29:0:0,29:0:0,29:0:0,29:0:0, 92756.dat
