9 0 1.000000 0.000000 0.000000 0.000000 0.955081 0.296344 0.000000 -0.296344 0.955081 0.000000 5.435200 -16.601500 9.536400 0.288475 3.536125 92762.dat
9 0 1.000000 0.000000 0.000000 0.000000 1.000000 0.000000 0.000000 0.000000 1.000000 0.000000 -4.372400 0.000000 12.250000 4.136775 12.250000 92762.dat
9 0 -1.000000 0.000000 -0.000000 0.000000 1.000000 0.000000 0.000000 0.000000 -1.000000 -13.331975 -0.050075 0.000000 0.719650 6.372325 9.589175 92762.dat
9 0 1.000000 0.000000 0.000000 0.000000 1.000000 0.000000 0.000000 0.000000 1.000000 13.331975 -0.050075 0.000000 0.719650 6.372325 9.589175 92762.dat
9 0 0.955295 0.086180 -0.282816 0.053477 0.890431 0.451965 0.290779 -0.446884 0.846016 5.522800 20.421951 18.078924 5.282275 10.090626 0.240925 92762.dat
9 0 0.706693 0.214580 -0.674196 0.191179 0.859539 0.473964 0.681201 -0.463840 0.566407 13.175400 15.674850 10.509575 5.282275 7.555925 0.240925 92762.dat
9 0 -0.955295 0.086180 -0.282816 -0.053476 0.890431 0.451965 0.290778 0.446884 -0.846016 -5.522800 20.421951 18.078924 5.282275 10.090626 0.240925 92762.dat
9 0 -0.706693 0.214580 -0.674196 -0.191179 0.859539 0.473965 0.681201 0.463840 -0.566407 -13.175400 15.674850 10.509575 5.282275 7.555925 0.240925 92762.dat
10 0 -19.140100 -30.802500 -25.473000 19.140100 13.205050 22.077625 92762.dat
2 22 1.000000 0.000000 0.000000 0.000000 1.000000 0.000000 0.000000 0.000000 1.000000 -10.000000 0.000000 10.000000 2 2 29:0:0,29:0:0,29:0:0,29:0:0,15:4:33,29:0:0,29:0:0,29:0:0,29:0:0, 92762.dat
