9 0 1.000000 0.000000 0.000000 0.000000 1.000000 0.000000 0.000000 0.000000 1.000000 -8.221525 -2.425000 0.000000 1.721525 2.175000 6.767475 92761.dat
9 0 1.000000 0.000000 0.000000 0.000000 1.000000 0.000000 0.000000 0.000000 1.000000 -12.007575 -1.401725 0.000000 0.537225 3.448825 4.779575 92761.dat
9 0 -0.000000 0.000000 1.000000 0.000000 1.000000 0.000000 -1.000000 0.000000 -0.000000 0.000000 -1.401725 -12.007575 0.537225 3.448825 4.779575 92761.dat
9 0 -0.000000 0.000000 1.000000 0.000000 1.000000 0.000000 -1.000000 0.000000 -0.000000 0.000000 -2.425000 -8.221525 1.721525 2.175000 6.767475 92761.dat
9 0 -1.000000 0.000000 -0.000000 0.000000 1.000000 0.000000 0.000000 0.000000 -1.000000 12.007575 -1.401725 0.000000 0.537225 3.448825 4.779575 92761.dat
9 0 -1.000000 0.000000 -0.000000 0.000000 1.000000 0.000000 0.000000 0.000000 -1.000000 8.221525 -2.425000 0.000000 1.721525 2.175000 6.767475 92761.dat
9 0 -0.000000 0.000000 -1.000000 0.000000 1.000000 0.000000 1.000000 0.000000 -0.000000 0.000000 -1.401725 12.007575 0.537225 3.448825 4.779575 92761.dat
9 0 -0.000000 0.000000 -1.000000 0.000000 1.000000 0.000000 1.000000 0.000000 -0.000000 0.000000 -2.425000 8.221525 1.721525 2.175000 6.767475 92761.dat
9 0 0.707107 0.000000 0.707107 0.000000 1.000000 0.000000 -0.707107 0.000000 0.707107 -8.490650 -1.401725 -8.490650 0.537225 3.448825 4.779575 92761.dat
9 0 -0.707107 0.000000 0.707107 0.000000 1.000000 0.000000 -0.707107 0.000000 -0.707107 8.490650 -1.401725 -8.490650 0.537225 3.448825 4.779575 92761.dat
9 0 -0.707107 0.000000 -0.707107 0.000000 1.000000 0.000000 0.707107 0.000000 -0.707107 8.490650 -1.401725 8.490650 0.537225 3.448825 4.779575 92761.dat
9 0 0.707107 0.000000 -0.707107 0.000000 1.000000 0.000000 0.707107 0.000000 0.707107 -8.490650 -1.401725 8.490650 0.537225 3.448825 4.779575 92761.dat
10 0 -13.965199 -2.315925 -14.118851 13.965199 7.551475 14.429701 92761.dat
2 22 1.000000 0.000000 0.000000 0.000000 1.000000 0.000000 0.000000 0.000000 1.000000 -10.000000 0.000000 10.000000 2 2 29:0:0,29:0:0,29:0:0,29:0:0,15:4:32,29:0:0,29:0:0,29:0:0,29:0:0, 92761.dat
