9 0 1.000000 0.000000 0.000000 0.000000 -1.000000 0.000001 0.000000 -0.000001 -1.000000 17.313400 10.004217 -17.100010 3.689775 3.689775 11.958425 92909.dat
9 0 1.000000 0.000000 0.000000 0.000000 -1.000000 0.000001 0.000000 -0.000001 -1.000000 -17.313400 10.004217 -17.100010 3.814750 3.814750 12.238375 92909.dat
9 0 1.000000 0.000000 0.000000 0.000000 -1.000000 0.000001 0.000000 -0.000001 -1.000000 0.000000 -19.904182 -17.065235 3.784325 3.784325 12.170224 92909.dat
9 0 1.000000 0.000000 0.000000 0.000000 -1.000000 0.000001 0.000000 -0.000001 -1.000000 -17.674250 -0.000023 -2.375752 7.482475 10.273800 2.125775 92909.dat
9 0 -0.000000 -1.000000 0.000001 -1.000000 0.000000 -0.000000 0.000000 -0.000001 -1.000000 0.000000 17.674225 -2.375764 7.482475 10.273800 2.125775 92909.dat
9 0 -0.000000 1.000000 -0.000001 1.000000 0.000000 -0.000000 0.000000 -0.000001 -1.000000 0.000000 -17.674273 -2.375740 7.482475 10.273800 2.125775 92909.dat
9 0 -1.000000 -0.000000 0.000000 -0.000000 1.000000 -0.000001 0.000000 -0.000001 -1.000000 17.674250 -0.000023 -2.375752 7.482475 10.273800 2.125775 92909.dat
9 0 -0.707107 0.707107 -0.000000 0.707107 0.707107 -0.000000 0.000000 -0.000001 -1.000000 12.497700 -12.497499 -2.375743 7.482475 10.273800 2.125775 92909.dat
9 0 0.707107 0.707107 -0.000000 0.707107 -0.707107 0.000000 0.000000 -0.000001 -1.000000 -12.497475 -12.497723 -2.375743 7.482475 10.273800 2.125775 92909.dat
9 0 -0.707107 -0.707107 0.000000 -0.707107 0.707107 -0.000000 0.000000 -0.000001 -1.000000 12.497475 12.497677 -2.375761 7.482475 10.273800 2.125775 92909.dat
9 0 0.707107 -0.707107 0.000000 -0.707107 -0.707107 0.000000 0.000000 -0.000001 -1.000000 -12.497700 12.497452 -2.375761 7.482475 10.273800 2.125775 92909.dat
9 0 -0.000000 1.000000 -0.000001 1.000000 0.000000 -0.000000 0.000000 -0.000001 -1.000000 0.026075 10.949505 3.523493 0.708325 6.598925 3.025000 92909.dat
9 0 1.000000 0.000000 0.000000 0.000000 -1.000000 0.000001 0.000000 -0.000001 -1.000000 10.949525 -0.026095 3.523499 0.708325 6.598925 3.025000 92909.dat
9 0 -1.000000 -0.000000 0.000000 -0.000000 1.000000 -0.000001 0.000000 -0.000001 -1.000000 -10.949525 0.026055 3.523499 0.708325 6.598925 3.025000 92909.dat
9 0 1.000000 0.000000 0.000000 0.000000 -1.000000 0.000001 0.000000 -0.000001 -1.000000 6.646350 -0.000011 17.032049 0.672300 5.323950 10.483624 92909.dat
9 0 -1.000000 -0.000000 0.000000 -0.000000 1.000000 -0.000001 0.000000 -0.000001 -1.000000 -6.646350 -0.000011 17.032049 0.672300 5.323950 10.483624 92909.dat
9 0 0.866025 -0.500000 0.000000 -0.500000 -0.866025 0.000001 0.000000 -0.000001 -1.000000 3.819150 6.614942 20.899220 4.750000 0.771975 13.850776 92909.dat
9 0 -0.866026 -0.500000 0.000000 0.500000 -0.866026 0.000001 0.000000 0.000001 1.000000 -3.819150 6.614942 20.899220 4.750000 0.771975 13.850776 92909.dat
9 0 0.866026 0.500000 -0.000000 -0.500000 0.866026 -0.000000 0.000000 0.000001 1.000000 3.819150 -6.614959 20.899229 4.750000 0.771975 13.850776 92909.dat
9 0 -0.866025 0.500000 -0.000000 0.500000 0.866025 -0.000001 0.000000 -0.000001 -1.000000 -3.819150 -6.614959 20.899229 4.750000 0.771975 13.850776 92909.dat
9 0 -0.000000 -1.000000 0.000001 -1.000000 0.000000 -0.000000 0.000000 -0.000001 -1.000000 -0.026075 -10.949545 3.523505 0.708325 6.598925 3.025000 92909.dat
10 0 -27.500000 -27.500000 -64.751503 27.552250 27.499750 0.000000 92909.dat
6 188 -0.000000 -0.000001 -1.000000 1.000000 0.000000 -0.000000 0.000000 -1.000000 0.000001 0.000000 -0.000003 30.270975 0.000000 0.000000 0.000000 0.000000 0 92909.dat
0 3 -0.000000 -1.000000 0.000001 0.000000 0.000001 1.000000 -1.000000 0.000000 0.000000 17.371149 9.999971 -9.751508 1 0 0.800000 0 0 92909.dat
0 3 -0.000000 -1.000000 0.000001 0.000000 0.000001 1.000000 -1.000000 0.000000 0.000000 -17.371149 9.999971 -9.751508 1 0 0.800000 0 0 92909.dat
0 3 -0.000000 -1.000000 0.000001 0.000000 0.000001 1.000000 -1.000000 0.000000 0.000000 0.000000 -20.000029 -9.751490 1 0 0.800000 0 0 92909.dat
6 185 -0.000000 -1.000000 0.000001 0.000000 0.000001 1.000000 -1.000000 0.000000 0.000000 0.000000 -0.000003 29.999998 0.000000 0.000000 0.000000 0.000000 1 92909.dat
0 4 -0.000000 -1.000000 0.000001 0.000000 0.000001 1.000000 -1.000000 0.000000 0.000000 0.000000 -0.000012 16.298424 0 0 0.400000 0 0 92909.dat
