9 0 1.000000 -0.000000 0.000000 -0.000000 0.000000 1.000000 -0.000000 -1.000000 -0.000000 -0.000001 9.775000 12.325522 7.198874 5.441125 9.525001 92947.dat
9 0 1.000000 -0.000000 0.000000 -0.000000 0.000000 1.000000 -0.000000 -1.000000 -0.000000 -12.324496 9.775000 0.007018 5.441125 7.200150 9.525001 92947.dat
9 0 1.000000 -0.000000 0.000000 -0.000000 0.000000 1.000000 -0.000000 -1.000000 -0.000000 0.000007 9.775000 -12.311478 7.257975 5.441125 9.525001 92947.dat
9 0 1.000000 -0.000000 0.000000 -0.000000 0.000000 1.000000 -0.000000 -1.000000 -0.000000 12.318503 9.775000 0.007026 5.441125 7.107950 9.525001 92947.dat
9 0 0.705097 -0.000000 -0.709110 0.709110 -0.000000 0.705097 -0.000000 -1.000000 0.000000 9.714057 9.775000 -9.691600 5.338525 4.926350 9.525001 92947.dat
9 0 -0.707106 0.000000 -0.707107 0.707107 0.000000 -0.707106 0.000000 -1.000000 -0.000000 -9.663994 9.775000 -9.741530 5.338525 4.926350 9.525001 92947.dat
9 0 -0.707107 -0.000000 0.707107 -0.707107 0.000000 -0.707107 -0.000000 -1.000000 -0.000000 -9.741525 9.775000 9.663994 5.338525 4.926350 9.525001 92947.dat
9 0 0.707106 0.000001 0.707107 -0.707107 -0.000000 0.707106 0.000001 -1.000000 0.000000 9.664001 9.775000 9.741526 5.338525 4.926350 9.525001 92947.dat
9 0 -0.966066 0.000000 0.258297 -0.258297 0.000000 -0.966066 0.000000 -1.000000 0.000000 4.861022 19.999998 18.140474 4.926375 0.285250 3.750000 92947.dat
9 0 -0.965786 0.000000 -0.259340 0.259340 -0.000000 -0.965786 -0.000000 -1.000000 0.000000 -4.860453 19.999998 18.140619 4.926375 0.285250 3.750000 92947.dat
9 0 -0.258298 -0.000000 -0.966065 0.966065 -0.000000 -0.258298 -0.000000 -1.000000 0.000000 -18.140497 19.999998 4.861016 4.926375 0.285250 3.750000 92947.dat
9 0 0.259341 0.000000 -0.965786 0.965786 0.000000 0.259341 0.000000 -1.000000 -0.000000 -18.140495 19.999998 -4.860484 4.926375 0.285250 3.750000 92947.dat
9 0 0.966065 0.000000 -0.258298 0.258298 0.000000 0.966065 -0.000000 -1.000000 -0.000000 -4.861016 19.999998 -18.140507 4.926375 0.285250 3.750000 92947.dat
9 0 0.965786 -0.000000 0.259340 -0.259340 0.000000 0.965786 -0.000000 -1.000000 -0.000000 4.860485 19.999998 -18.140503 4.926375 0.285250 3.750000 92947.dat
9 0 0.258297 -0.000000 0.966065 -0.966065 0.000000 0.258297 -0.000000 -1.000000 -0.000000 18.140480 19.999998 -4.861022 4.926375 0.285250 3.750000 92947.dat
9 0 -0.259341 0.000000 0.965786 -0.965786 0.000000 -0.259341 -0.000000 -1.000000 -0.000000 18.140625 19.999998 4.860478 4.926375 0.285250 3.750000 92947.dat
10 0 -10.000000 0.000000 -30.000002 30.000002 28.450001 10.000000 92947.dat
3 23 -1.000000 0.000000 -0.000000 0.000000 1.000000 0.000000 0.000000 0.000000 -1.000000 20.000011 0.000000 -19.999998 4 4 29:0:1,23:4:1,18:2:1,23:4:1,29:0:1,23:4:1,0:4:0,23:4:1,0:4:0,23:4:1,18:2:1,23:4:1,18:4:0,23:4:1,18:2:1,23:4:1,0:4:0,23:4:1,0:4:0,23:4:1,29:0:1,23:4:1,18:2:1,23:4:1,29:0:1, 92947.dat
2 22 -1.000000 0.000000 -0.000000 0.000000 1.000000 0.000000 0.000000 0.000000 -1.000000 20.000011 24.000000 -19.999998 4 4 29:0:1,22:2:1,22:2:1,22:2:1,29:0:1,22:2:1,15:4:0,23:4:1,15:4:0,22:2:1,22:2:1,23:4:1,7:4:0,23:4:1,22:2:1,22:2:1,15:4:0,23:4:1,15:4:0,22:2:1,29:0:1,22:2:1,22:2:1,22:2:1,29:0:1, 92947.dat
0 4 -1.000000 0.000000 -0.000000 0.000000 1.000000 0.000000 0.000000 0.000000 -1.000000 0.000028 15.500000 0.000022 0 0 0.620000 0 0 92947.dat
