9 0 -0.707107 0.000000 -0.707107 0.000000 1.000000 0.000000 0.707107 0.000000 -0.707107 0.000000 -15.212750 0.000000 2.578425 14.955175 2.578425 93055.dat
9 0 -0.997883 0.065033 -0.000000 0.065033 0.997883 0.000000 0.000000 0.000000 -1.000000 -3.493300 -76.800003 -0.000001 7.867850 47.805752 1.974475 93055.dat
9 0 -0.821159 0.570700 -0.000000 0.570700 0.821159 0.000000 0.000000 0.000000 -1.000000 7.018125 -30.028502 0.000002 1.213600 2.992175 1.974475 93055.dat
10 0 -9.722325 0.000000 -6.089450 14.453450 129.024994 6.089450 93055.dat
0 7 -1.000000 0.000000 -0.000000 0.000000 1.000000 0.000000 0.000000 0.000000 -1.000000 0.000000 0.000000 0.000000 0 1 1.060000 0 0 93055.dat
2 22 -1.000000 0.000000 -0.000000 0.000000 1.000000 0.000000 0.000000 0.000000 -1.000000 10.000003 0.000000 -9.999997 2 2 29:0:0,29:0:0,29:0:0,29:0:0,9:4:32,29:0:0,29:0:0,29:0:0,29:0:0, 93055.dat
