9 0 0.500000 0.000000 -0.866025 0.000000 1.000000 0.000000 0.866025 0.000000 0.500000 -5.502697 0.000000 -8.677001 5.375000 1.962500 2.119175 93058.dat
9 0 -0.500000 0.000000 -0.866026 0.000000 1.000000 0.000000 0.866026 0.000000 -0.500000 0.334505 0.000000 -15.464676 5.169450 2.397875 2.463325 93058.dat
9 0 -0.500000 0.000000 -0.866026 0.000000 1.000000 0.000000 0.866026 0.000000 -0.500000 -5.315243 0.000000 -23.325777 4.656525 0.513375 0.532250 93058.dat
9 0 0.500000 0.000000 0.866026 0.000000 1.000000 0.000000 -0.866026 0.000000 0.500000 5.502703 0.000000 -8.676998 5.375000 1.962500 2.119175 93058.dat
9 0 1.000000 0.000000 0.000000 0.000000 1.000000 0.000000 -0.000000 0.000000 1.000000 8.438175 0.000000 -0.227972 4.649975 2.144075 2.203250 93058.dat
9 0 1.000000 0.000000 0.000000 0.000000 1.000000 0.000000 -0.000000 0.000000 1.000000 18.095200 0.000000 -1.190244 4.656525 0.513375 0.532250 93058.dat
9 0 -1.000000 0.000000 -0.000000 0.000000 1.000000 0.000000 0.000000 0.000000 -1.000000 -0.000000 0.000000 0.853975 5.375000 1.962500 2.119175 93058.dat
9 0 -0.500000 0.000000 0.866025 0.000000 1.000000 0.000000 -0.866025 0.000000 -0.500000 -8.796900 0.000000 -0.807353 5.169450 2.397875 2.463325 93058.dat
9 0 -0.500000 0.000000 0.866025 0.000000 1.000000 0.000000 -0.866025 0.000000 -0.500000 -12.779953 0.000000 8.016021 4.656525 0.513375 0.532250 93058.dat
10 0 -23.004324 -3.987250 -27.624500 15.569151 3.987250 12.314825 93058.dat
0 6 0.000000 0.000000 -1.000000 0.000000 1.000000 0.000000 1.000000 0.000000 0.000000 0.000002 1.869400 -5.500000 0 0 0.149551 0 0 93058.dat
0 7 0.000000 1.000000 0.000000 1.000000 -0.000000 0.000000 0.000000 0.000000 -1.000000 5.625000 0.000000 0.000002 1 1 0.450146 0 1 93058.dat
0 7 -0.000000 1.000000 -0.000001 -0.500001 0.000001 0.866025 0.866025 0.000001 0.500001 -7.575649 0.000000 -3.378603 1 1 0.450146 0 1 93058.dat
0 7 -0.000000 1.000000 0.000001 -0.500000 0.000001 -0.866025 -0.866025 -0.000001 0.500000 1.950654 0.000000 -13.121399 1 1 0.450146 0 1 93058.dat
