9 0 -1.000000 -0.000000 -0.000000 0.000000 0.629413 -0.777071 0.000000 -0.777071 -0.629413 0.029923 23.706106 -6.099896 2.613575 6.088800 2.451750 93061.dat
9 0 -1.000000 -0.000000 -0.000000 0.000000 -0.998660 0.051755 -0.000000 0.051755 0.998660 0.029923 12.966761 -0.725747 2.613575 7.628775 2.451750 93061.dat
9 0 -1.000000 -0.000000 -0.000000 0.000000 0.629413 -0.777071 0.000000 -0.777071 -0.629413 0.029924 27.314949 -10.312281 3.679975 0.514225 3.750000 93061.dat
9 0 -0.000000 -0.629413 0.777071 -1.000000 -0.000000 -0.000000 0.000000 -0.777071 -0.629413 4.764425 30.269569 -13.960046 3.679975 0.514225 3.750000 93061.dat
9 0 -0.000000 -0.629413 0.777071 -1.000000 -0.000000 -0.000000 0.000000 -0.777071 -0.629413 -4.664276 30.269569 -13.960049 3.679975 0.514225 3.750000 93061.dat
9 0 -0.000000 0.993090 -0.117353 -1.000000 -0.000000 -0.000000 -0.000000 0.117353 0.993090 0.000001 -0.591837 -4.614263 4.096950 3.750000 0.456700 93061.dat
9 0 -0.000000 0.993090 -0.117353 -1.000000 -0.000000 -0.000000 -0.000000 0.117353 0.993090 -0.000002 0.377112 4.985174 3.932675 3.750000 0.456700 93061.dat
9 0 -0.000000 0.040568 0.999177 -1.000000 -0.000000 -0.000000 0.000000 -0.999177 0.040568 -0.000001 4.753734 -0.243980 3.679975 3.750000 0.456700 93061.dat
10 0 -6.604025 -35.205002 -6.613625 6.604025 6.771975 19.314251 93061.dat
0 6 0.000000 -0.994534 0.104410 1.000000 0.000001 0.000001 -0.000001 0.104410 0.994534 4.000000 0.000001 0.000001 0 0 0.320000 1 0 93061.dat
0 6 0.000000 0.629413 -0.777071 0.000000 -0.777071 -0.629413 -1.000000 -0.000000 -0.000000 0.000001 27.224541 -16.555796 0 0 0.320000 1 0 93061.dat
0 7 -0.000000 0.020351 0.999793 -0.000000 -0.999793 0.020351 1.000000 -0.000000 0.000000 -0.000001 6.391470 -0.365382 1 1 0.463201 0 1 93061.dat
0 7 0.000000 -0.777071 -0.629413 0.000000 0.629413 -0.777071 1.000000 0.000000 0.000000 -0.000001 26.129406 -8.944221 0 1 0.332507 0 0 93061.dat
