9 0 -0.258819 0.000000 0.965926 0.000000 1.000000 0.000000 -0.965926 0.000000 -0.258819 98.246758 18.597475 -31.363716 3.045050 13.142050 37.689251 93071.dat
9 0 -0.000000 0.000000 1.000000 0.000000 1.000000 0.000000 -1.000000 0.000000 -0.000000 30.143515 18.597475 -43.450241 3.045050 13.142050 32.062252 93071.dat
9 0 -1.000000 0.000000 -0.000000 0.000000 1.000000 0.000000 0.000000 0.000000 -1.000000 0.040632 -12.582150 -21.520201 1.959375 12.332150 15.145225 93071.dat
9 0 -1.000000 0.000000 -0.000000 0.000000 1.000000 0.000000 0.000000 0.000000 -1.000000 0.040618 -12.582150 21.520201 1.959375 12.332150 15.145225 93071.dat
9 0 -1.000000 0.000000 -0.000000 0.000000 1.000000 0.000000 0.000000 0.000000 -1.000000 0.040615 16.058050 32.008247 1.959375 15.808050 7.896850 93071.dat
9 0 0.000000 0.000000 -1.000000 0.000000 1.000000 0.000000 1.000000 0.000000 0.000000 30.143484 18.597475 43.450260 3.045050 13.142050 32.062252 93071.dat
9 0 -0.258819 0.000000 -0.965926 0.000000 1.000000 0.000000 0.965926 0.000000 -0.258819 98.246735 18.597475 31.363783 3.045050 13.142050 37.689251 93071.dat
9 0 0.000000 -0.000000 -1.000000 -0.450064 0.892996 -0.000000 0.892996 0.450064 0.000000 125.182495 -1.882475 -0.493334 14.537875 3.388050 22.633924 93071.dat
9 0 0.000000 0.000000 -1.000000 0.000000 1.000000 0.000000 1.000000 0.000000 0.000000 1.915560 40.575748 45.251751 3.045050 11.016275 3.834325 93071.dat
9 0 -1.000000 0.000000 -0.000000 0.000000 1.000000 0.000000 0.000000 0.000000 -1.000000 4.459373 -16.546301 5.430876 1.959375 16.296301 2.930875 93071.dat
9 0 -1.000000 0.000000 -0.000000 0.000000 1.000000 0.000000 0.000000 0.000000 -1.000000 -4.459377 -16.546301 5.430873 1.959375 16.296301 2.930875 93071.dat
9 0 -1.000000 0.000000 -0.000000 0.000000 1.000000 0.000000 0.000000 0.000000 -1.000000 -4.459373 -16.546301 -5.430876 1.959375 16.296301 2.930875 93071.dat
9 0 -1.000000 0.000000 -0.000000 0.000000 1.000000 0.000000 0.000000 0.000000 -1.000000 4.459377 -16.546301 -5.430873 1.959375 16.296301 2.930875 93071.dat
9 0 -1.000000 0.000000 -0.000000 0.000000 1.000000 0.000000 0.000000 0.000000 -1.000000 87.914253 7.433525 -0.429196 1.959375 13.575800 28.827250 93071.dat
9 0 0.000000 0.000000 -1.000000 0.000000 1.000000 0.000000 1.000000 0.000000 0.000000 69.649498 -23.211876 0.000023 12.108875 6.824575 11.643275 93071.dat
9 0 0.000000 0.000000 -1.000000 0.000000 1.000000 0.000000 1.000000 0.000000 0.000000 35.018250 -23.211876 0.000011 13.864650 6.824575 13.994500 93071.dat
9 0 0.000000 0.000000 -1.000000 0.000000 1.000000 0.000000 1.000000 0.000000 0.000000 -19.273224 -38.742752 -0.000006 5.123900 5.400275 21.975550 93071.dat
9 0 0.000000 0.000000 -1.000000 0.000000 1.000000 0.000000 1.000000 0.000000 0.000000 121.354736 39.946999 25.611288 3.903800 11.397400 5.947950 93071.dat
9 0 -0.000000 0.000000 1.000000 0.000000 1.000000 0.000000 -1.000000 0.000000 -0.000000 121.354759 39.946999 -25.611210 3.903800 11.397400 5.947950 93071.dat
9 0 -1.000000 0.000000 -0.000000 0.000000 1.000000 0.000000 0.000000 0.000000 -1.000000 0.040635 16.058050 -32.008247 1.959375 15.808050 7.896850 93071.dat
9 0 0.000000 0.000000 -1.000000 0.000000 1.000000 0.000000 1.000000 0.000000 0.000000 93.517502 -15.402800 8.703381 4.206600 6.824575 11.643275 93071.dat
9 0 0.000000 0.000000 -1.000000 0.000000 1.000000 0.000000 1.000000 0.000000 0.000000 93.517502 -15.402800 -8.703320 4.206600 6.824575 11.643275 93071.dat
9 0 0.000000 0.000000 -1.000000 0.000000 1.000000 0.000000 1.000000 0.000000 0.000000 12.939053 -29.688501 -8.703346 4.206600 6.824575 10.001550 93071.dat
9 0 0.000000 0.000000 -1.000000 0.000000 1.000000 0.000000 1.000000 0.000000 0.000000 12.939046 -29.688501 8.703355 4.206600 6.824575 10.001550 93071.dat
9 0 0.000000 0.500000 -0.866026 1.000000 0.000000 0.000000 0.000000 -0.866026 -0.500000 29.108990 -2.694925 34.861507 1.846150 45.455502 8.775375 93071.dat
9 0 -0.000000 0.500000 0.866026 1.000000 0.000000 0.000000 0.000000 0.866026 -0.500000 29.109013 -2.694925 -34.861488 1.846150 45.455502 8.775375 93071.dat
9 0 0.000000 0.500000 -0.866026 1.000000 0.000000 0.000000 0.000000 -0.866026 -0.500000 2.582165 -16.248999 30.927500 1.846150 45.455502 6.415425 93071.dat
9 0 -0.000000 0.500000 0.866026 1.000000 0.000000 0.000000 0.000000 0.866026 -0.500000 2.582185 -16.248999 -30.927500 1.846150 45.455502 6.415425 93071.dat
9 0 -0.182026 0.983294 -0.000000 0.983294 0.182026 0.000000 0.000000 0.000000 -1.000000 54.148506 -15.755699 -14.634257 1.846150 70.731003 8.759275 93071.dat
9 0 -0.182026 0.983294 -0.000000 0.983294 0.182026 0.000000 0.000000 0.000000 -1.000000 54.148495 -15.755699 14.634294 1.846150 70.731003 8.759275 93071.dat
9 0 0.000000 0.000000 -1.000000 0.000000 1.000000 0.000000 1.000000 0.000000 0.000000 19.818810 47.809750 45.251759 3.045050 7.570125 14.214075 93071.dat
9 0 0.000000 0.000000 -1.000000 0.000000 1.000000 0.000000 1.000000 0.000000 0.000000 19.984011 40.575748 45.251759 3.045050 11.016275 5.734150 93071.dat
9 0 0.000000 0.000000 -1.000000 0.000000 1.000000 0.000000 1.000000 0.000000 0.000000 42.060986 38.551250 45.251766 3.045050 8.991825 7.842675 93071.dat
9 0 0.000000 0.000000 -1.000000 0.000000 1.000000 0.000000 1.000000 0.000000 0.000000 19.818840 47.809750 -45.630245 3.045050 7.570125 14.214075 93071.dat
9 0 0.000000 0.000000 -1.000000 0.000000 1.000000 0.000000 1.000000 0.000000 0.000000 42.061016 38.551250 -45.630234 3.045050 8.991825 7.842675 93071.dat
9 0 0.000000 0.000000 -1.000000 0.000000 1.000000 0.000000 1.000000 0.000000 0.000000 19.984039 40.575748 -45.630245 3.045050 11.016275 5.734150 93071.dat
9 0 -0.000000 0.746276 0.665636 1.000000 0.000000 0.000000 0.000000 0.665636 -0.746276 -7.090585 8.728300 -44.702755 4.474350 28.783249 2.380225 93071.dat
9 0 0.000000 0.746276 -0.665636 1.000000 0.000000 0.000000 0.000000 -0.665636 -0.746276 -7.090615 8.728300 44.702747 4.474350 28.783249 2.380225 93071.dat
9 0 0.000000 0.000000 -1.000000 0.000000 1.000000 0.000000 1.000000 0.000000 0.000000 1.915590 40.575748 -45.630249 3.045050 11.016275 3.834325 93071.dat
10 0 -147.445755 -60.166752 -50.119503 44.520500 46.639000 50.119503 93071.dat
0 4 -1.000000 0.000000 -0.000000 0.000000 1.000000 0.000000 0.000000 0.000000 -1.000000 0.000000 0.000000 0.000000 0 0 1.323700 0 0 93071.dat
0 6 -1.000000 0.000000 -0.000000 0.000000 1.000000 0.000000 0.000000 0.000000 -1.000000 53.509499 -19.118925 0.000017 1 0 0.458478 0 0 93071.dat
0 6 -1.000000 0.000000 -0.000000 0.000000 1.000000 0.000000 0.000000 0.000000 -1.000000 93.517502 -10.445075 0.000030 1 0 0.481292 0 0 93071.dat
0 6 -1.000000 0.000000 -0.000000 0.000000 1.000000 0.000000 0.000000 0.000000 -1.000000 13.537974 -25.529999 0.000004 1 0 0.462531 0 0 93071.dat
0 6 -1.000000 0.000000 -0.000000 0.000000 -0.000000 -1.000000 -0.000000 -1.000000 0.000000 9.999862 35.989498 40.376751 0 0 0.331367 0 0 93071.dat
0 6 -1.000000 0.000000 -0.000000 0.000000 -0.000000 -1.000000 -0.000000 -1.000000 0.000000 29.968239 35.989498 40.249508 0 0 0.331188 0 0 93071.dat
0 6 -1.000000 0.000000 -0.000000 0.000000 -0.000000 -1.000000 -0.000000 -1.000000 0.000000 9.999890 35.989498 -48.660995 0 0 0.331367 0 0 93071.dat
0 6 -1.000000 0.000000 -0.000000 0.000000 -0.000000 -1.000000 -0.000000 -1.000000 0.000000 29.968266 35.989498 -48.529240 0 0 0.331188 0 0 93071.dat
