9 0 -1.000000 0.000000 -0.000000 0.000000 1.000000 0.000000 0.000000 0.000000 -1.000000 70.804504 7.220475 0.000023 61.598003 5.029525 21.219326 93072.dat
9 0 -0.299522 0.954089 -0.000000 0.000000 0.000000 -1.000000 -0.954089 -0.299522 -0.000000 132.385498 26.594252 0.000043 15.895250 4.271850 26.788500 93072.dat
9 0 -0.838946 -0.518647 0.164849 -0.534688 0.841965 -0.072139 -0.101383 -0.148664 -0.983677 53.118740 -9.176900 23.043142 16.412001 8.270025 1.540775 93072.dat
9 0 -0.888094 0.459604 0.007326 0.451117 0.874531 -0.178015 -0.088224 -0.154789 -0.984001 18.218491 -11.282325 26.892258 16.412001 3.556300 1.540775 93072.dat
9 0 -0.995642 -0.016263 0.091825 -0.030216 0.987814 -0.152679 -0.088224 -0.154789 -0.984000 31.813740 -4.297200 24.034735 23.383675 7.269050 1.540775 93072.dat
9 0 0.117826 0.993034 0.000000 0.000001 0.000000 -1.000000 -0.993034 0.117826 -0.000000 60.507751 16.503975 0.000020 6.249150 4.271850 18.269224 93072.dat
9 0 -0.259767 0.965494 -0.018508 -0.134098 -0.055046 -0.989438 -0.956315 -0.254541 0.143770 98.497993 -2.349650 16.616709 7.947125 2.483600 26.509499 93072.dat
9 0 -0.076351 0.990847 -0.111326 -0.133384 -0.120798 -0.983675 -0.988119 -0.060256 0.141386 121.908745 -4.630200 14.130939 15.634200 2.483600 4.005450 93072.dat
9 0 -1.000000 0.000000 -0.000000 0.000000 1.000000 0.000000 0.000000 0.000000 -1.000000 -6.996775 8.079325 -0.000002 0.768250 7.829325 5.018500 93072.dat
9 0 0.000000 0.000000 -1.000000 0.000000 1.000000 0.000000 1.000000 0.000000 0.000000 0.000002 8.079325 -6.996775 0.768250 7.829325 5.018500 93072.dat
9 0 1.000000 0.000000 0.000000 0.000000 1.000000 0.000000 -0.000000 0.000000 1.000000 6.996775 8.079325 0.000002 0.768250 7.829325 5.018500 93072.dat
9 0 -0.000000 0.000000 1.000000 0.000000 1.000000 0.000000 -1.000000 0.000000 -0.000000 -0.000002 8.079325 6.996775 0.768250 7.829325 5.018500 93072.dat
9 0 -0.377729 0.292150 -0.878618 0.781979 0.608784 -0.133756 0.495812 -0.737584 -0.458411 1.413643 -1.461600 20.444176 7.409825 3.556300 1.540775 93072.dat
9 0 -0.722317 0.638888 -0.264726 0.691129 0.680426 -0.243643 0.024466 -0.358947 -0.933037 -1.920303 6.883725 11.141475 4.094875 8.083699 1.540775 93072.dat
9 0 -0.439376 0.172625 -0.881561 0.620006 0.768411 -0.158547 0.650032 -0.616235 -0.444650 -8.280377 9.679575 8.041847 4.094875 6.437075 0.666625 93072.dat
9 0 -0.026933 -0.041068 -0.998793 0.459096 0.887043 -0.048853 0.887979 -0.459857 -0.005036 -11.247900 11.009000 -0.106929 4.094875 5.935050 0.666625 93072.dat
9 0 -0.838946 -0.518647 -0.164850 -0.534688 0.841965 0.072139 0.101383 0.148664 -0.983677 53.118752 -9.176900 -23.043106 16.412001 8.270025 1.540775 93072.dat
9 0 -0.888094 0.459604 -0.007327 0.451117 0.874531 0.178015 0.088224 0.154789 -0.984001 18.218508 -11.282325 -26.892244 16.412001 3.556300 1.540775 93072.dat
9 0 -0.995642 -0.016263 -0.091826 -0.030216 0.987814 0.152679 0.088224 0.154789 -0.984000 31.813759 -4.297200 -24.034714 23.383675 7.269050 1.540775 93072.dat
9 0 -0.259767 0.965494 0.018508 -0.134098 -0.055046 0.989438 0.956315 0.254541 0.143770 98.498001 -2.349650 -16.616642 7.947125 2.483600 26.509499 93072.dat
9 0 -0.076351 0.990847 0.111326 -0.133385 -0.120798 0.983675 0.988119 0.060256 0.141387 121.908745 -4.630200 -14.130859 15.634200 2.483600 4.005450 93072.dat
9 0 0.000000 0.000000 -1.000000 0.000000 1.000000 0.000000 1.000000 0.000000 0.000000 0.000002 8.079325 -6.996775 0.768250 7.829325 5.018500 93072.dat
9 0 -0.377730 0.292150 0.878617 0.781979 0.608784 0.133756 -0.495811 0.737584 -0.458411 1.413657 -1.461600 -20.444176 7.409825 3.556300 1.540775 93072.dat
9 0 -0.722317 0.638888 0.264725 0.691129 0.680426 0.243643 -0.024465 0.358947 -0.933037 -1.920296 6.883725 -11.141476 4.094875 8.083699 1.540775 93072.dat
9 0 -0.439377 0.172625 0.881560 0.620006 0.768411 0.158547 -0.650031 0.616235 -0.444650 -8.280372 9.679575 -8.041853 4.094875 6.437075 0.666625 93072.dat
10 0 -162.975006 -49.783501 -29.857502 15.012075 25.392250 29.857502 93072.dat
0 4 -0.000000 0.000000 1.000000 0.000000 -1.000000 0.000000 1.000000 0.000000 0.000000 0.000000 0.000000 0.000000 0 0 0.800000 0 0 93072.dat
