9 0 -0.792186 -0.610279 -0.000000 -0.610279 0.792186 -0.000000 0.000000 0.000000 -1.000000 137.380005 -2.312475 0.000045 11.209149 7.291350 16.125000 93070.dat
9 0 -1.000000 0.000000 -0.000000 0.000000 0.941164 -0.337949 0.000000 -0.337949 -0.941164 99.478508 18.299749 -17.237343 42.024750 19.627750 1.071100 93070.dat
9 0 -1.000000 0.000000 -0.000000 0.000000 1.000000 0.000000 0.000000 0.000000 -1.000000 5.375151 -9.094225 -4.863348 2.875150 8.930775 2.313000 93070.dat
9 0 -1.000000 0.000000 -0.000000 0.000000 1.000000 0.000000 0.000000 0.000000 -1.000000 5.375148 -9.094225 4.813002 2.875150 8.930775 2.313000 93070.dat
9 0 -1.000000 0.000000 -0.000000 0.000000 1.000000 0.000000 0.000000 0.000000 -1.000000 -5.375151 -9.095100 4.812998 2.875150 8.930775 2.313000 93070.dat
9 0 -1.000000 0.000000 -0.000000 0.000000 1.000000 0.000000 0.000000 0.000000 -1.000000 -5.375148 -9.095100 -4.863352 2.875150 8.930775 2.313000 93070.dat
9 0 -1.000000 0.000000 -0.000000 0.000000 0.941164 -0.337949 0.000000 -0.337949 -0.941164 40.378510 40.506248 -26.498487 5.643250 14.342324 1.071100 93070.dat
9 0 -1.000000 0.000000 -0.000000 -0.000000 0.941164 0.337949 0.000000 0.337949 -0.941164 99.400497 18.796900 17.415909 42.102753 20.155975 1.071100 93070.dat
9 0 -1.000000 0.000000 -0.000000 -0.000000 0.941164 0.337949 0.000000 0.337949 -0.941164 40.403740 40.506248 26.498512 5.906925 14.342324 1.071100 93070.dat
9 0 -1.000000 0.000000 -0.000000 -0.000000 0.906308 0.422618 0.000000 0.422618 -0.906308 18.804867 6.346225 23.083607 43.057999 16.525251 4.304125 93070.dat
9 0 -1.000000 0.000000 -0.000000 0.000000 1.000000 0.000000 0.000000 0.000000 -1.000000 -19.629862 41.685249 34.563995 41.207001 22.514225 4.304125 93070.dat
9 0 -1.000000 0.000000 -0.000000 0.000000 0.906308 -0.422618 0.000000 -0.422618 -0.906308 18.804882 6.346225 -23.083595 43.057999 16.525251 4.304125 93070.dat
9 0 -1.000000 0.000000 -0.000000 0.000000 1.000000 0.000000 0.000000 0.000000 -1.000000 -19.629837 41.685249 -34.564007 41.207001 22.514225 4.304125 93070.dat
9 0 -0.977764 -0.209710 -0.000000 -0.209710 0.977764 -0.000000 0.000000 0.000000 -1.000000 18.157700 -17.453325 0.000006 43.057999 4.164925 8.030475 93070.dat
9 0 -1.000000 0.000000 -0.000000 0.000000 1.000000 0.000000 0.000000 0.000000 -1.000000 105.267502 2.190150 0.000034 42.340000 2.047150 18.842424 93070.dat
10 0 -151.326248 -64.996750 -43.386997 62.084000 32.515999 43.336750 93070.dat
0 6 1.000000 -0.000000 0.000000 -0.000000 0.000000 1.000000 -0.000000 -1.000000 -0.000000 52.432995 33.686752 25.062519 0 0 0.231602 0 0 93070.dat
0 4 -1.000000 0.000000 -0.000000 0.000000 1.000000 0.000000 0.000000 0.000000 -1.000000 0.000000 0.174725 0.000000 0 1 0.624896 0 0 93070.dat
0 6 1.000000 -0.000000 0.000000 -0.000000 0.000000 1.000000 -0.000000 -1.000000 -0.000000 28.544989 48.711750 32.214756 0 0 0.245994 0 0 93070.dat
0 6 1.000000 -0.000000 0.000000 0.000000 0.000000 -1.000000 0.000000 1.000000 0.000000 28.545013 48.711750 -32.265240 0 0 0.245994 0 0 93070.dat
0 6 1.000000 -0.000000 0.000000 0.000000 0.000000 -1.000000 0.000000 1.000000 0.000000 52.433006 33.686752 -25.112734 0 0 0.231602 0 0 93070.dat
