9 0 -1.000000 0.000000 -0.000000 0.000000 0.707107 -0.707107 0.000000 -0.707107 -0.707107 -10.000005 -28.435251 14.450897 7.250000 2.553300 2.553300 93092.dat
9 0 -0.246755 -0.945836 0.210963 -0.967613 0.252437 -0.000000 -0.053254 -0.204131 -0.977494 -2.358429 -24.412827 13.869123 4.374575 1.277800 1.449775 93092.dat
9 0 0.247177 -0.947457 0.203049 0.967614 0.252436 -0.000000 -0.051257 0.196473 0.979169 -17.671404 -24.395851 13.888720 4.374575 1.321800 1.449775 93092.dat
9 0 -1.000000 0.000000 -0.000000 -0.000000 0.707107 0.707107 0.000000 0.707107 -0.707107 -9.999995 -28.435251 -14.450903 7.250000 2.553300 2.553300 93092.dat
9 0 0.247177 -0.947457 -0.203048 0.967614 0.252436 0.000001 0.051256 -0.196473 0.979169 -17.671396 -24.395851 -13.888732 4.374575 1.321800 1.449775 93092.dat
9 0 -0.246755 -0.945836 -0.210963 -0.967613 0.252437 -0.000000 0.053255 0.204131 -0.977494 -2.358421 -24.412827 -13.869126 4.374575 1.277800 1.449775 93092.dat
9 0 -1.000000 0.000000 -0.000000 0.000000 1.000000 0.000000 0.000000 0.000000 -1.000000 -10.000000 -3.887500 -0.000003 12.089375 3.637500 9.529550 93092.dat
9 0 -0.999782 0.018686 0.009354 0.017539 0.993720 -0.110511 -0.011361 -0.110323 -0.993831 -10.000004 -9.896700 10.971247 9.064600 9.646700 0.941700 93092.dat
9 0 0.000000 0.000000 -1.000000 0.225559 0.974229 0.000000 0.974229 -0.225559 0.000000 -25.624498 -10.386476 -0.000008 6.004175 9.646700 0.941700 93092.dat
9 0 -0.707107 0.000000 -0.707107 0.087517 0.992311 -0.087517 0.701670 -0.123767 -0.701670 -23.195929 -10.191250 7.293993 6.004175 9.646700 0.941700 93092.dat
9 0 -1.000000 0.000000 -0.000000 0.000000 1.000000 0.000000 0.000000 0.000000 -1.000000 -10.000000 -3.887500 0.179647 16.085300 3.637500 5.512325 93092.dat
9 0 -0.707107 0.000000 0.707107 0.087517 0.992311 0.087517 -0.701670 0.123767 -0.701670 -23.195923 -10.191250 -7.294007 6.004175 9.646700 0.941700 93092.dat
9 0 0.707107 0.000000 -0.707107 -0.087516 0.992311 -0.087516 0.701670 0.123766 0.701670 3.195923 -10.191250 7.294001 6.004175 9.646700 0.941700 93092.dat
9 0 0.000000 -0.000000 -1.000000 -0.225559 0.974229 -0.000000 0.974229 0.225559 0.000000 5.624475 -10.386476 0.000002 6.004175 9.646700 0.941700 93092.dat
9 0 0.707106 0.000000 0.707107 -0.087516 0.992311 0.087516 -0.701670 -0.123766 0.701670 3.195927 -10.191250 -7.293999 6.004175 9.646700 0.941700 93092.dat
9 0 -0.999782 0.018686 -0.009355 0.017539 0.993720 0.110511 0.011361 0.110323 -0.993831 -9.999996 -9.896700 -10.971252 9.064600 9.646700 0.941700 93092.dat
10 0 -10.000000 0.000000 -18.449900 30.000002 32.434250 18.449900 93092.dat
2 22 -1.000000 0.000000 -0.000000 0.000000 1.000000 0.000000 0.000000 0.000000 -1.000000 10.000003 0.000000 -9.999997 2 4 29:0:1,22:2:1,22:2:1,22:2:1,29:0:1,22:2:1,15:4:1,9:4:1,15:4:1,22:2:1,29:0:1,22:2:1,22:2:1,22:2:1,29:0:1, 93092.dat
0 7 0.000000 -1.000000 0.000000 -1.000000 -0.000000 -0.000000 0.000000 0.000000 -1.000000 -17.499996 -28.601751 -14.450906 1 1 0.600000 0 1 93092.dat
0 7 0.000000 -1.000000 0.000000 -1.000000 -0.000000 -0.000000 0.000000 0.000000 -1.000000 -17.500004 -28.601751 14.450894 1 1 0.600000 0 1 93092.dat
