9 0 -0.000000 -0.000000 -1.000000 1.000000 0.000000 -0.000000 0.000000 -1.000000 0.000000 0.000007 -0.270000 -28.000000 7.750000 19.409250 5.679275 93168.dat
9 0 -0.000000 0.000000 -1.000000 0.000000 1.000000 0.000000 1.000000 0.000000 -0.000000 0.000007 -0.340751 -28.000000 7.750000 19.409250 5.750000 93168.dat
9 0 -0.000000 -0.000000 -1.000000 0.258819 0.965926 -0.000000 0.965926 -0.258819 -0.000000 -7.147322 -26.674250 -39.999996 19.750000 0.859925 7.944850 93168.dat
9 0 -0.000000 -0.000000 -1.000000 0.707106 0.707108 -0.000000 0.707108 -0.707106 -0.000000 -19.526873 -19.526747 -39.999996 19.750000 0.859925 7.944850 93168.dat
9 0 -0.000000 -0.000000 -1.000000 0.965926 0.258819 -0.000000 0.258819 -0.965926 -0.000000 -26.674248 -7.147250 -39.999992 19.750000 0.859925 7.944850 93168.dat
9 0 -0.000000 0.000000 -1.000000 0.965926 -0.258819 -0.000000 -0.258819 -0.965926 0.000000 -26.674248 7.147250 -39.999992 19.750000 0.859925 7.944850 93168.dat
9 0 -0.000000 0.000000 -1.000000 0.707106 -0.707108 -0.000000 -0.707108 -0.707106 0.000000 -19.526873 19.526875 -39.999996 19.750000 0.859925 7.944850 93168.dat
9 0 -0.000000 0.000000 -1.000000 0.258819 -0.965926 -0.000000 -0.965926 -0.258819 0.000000 -7.147322 26.674198 -39.999996 19.750000 0.859925 7.944850 93168.dat
9 0 -0.000000 0.000000 -1.000000 -0.258819 -0.965926 -0.000000 -0.965926 0.258819 0.000000 7.147328 26.674198 -40.000004 19.750000 0.859925 7.944850 93168.dat
9 0 -0.000000 0.000000 -1.000000 -0.707106 -0.707108 0.000000 -0.707108 0.707106 0.000000 19.526878 19.526875 -40.000008 19.750000 0.859925 7.944850 93168.dat
9 0 -0.000000 0.000000 -1.000000 -0.965926 -0.258819 0.000000 -0.258819 0.965926 0.000000 26.674253 7.147250 -40.000008 19.750000 0.859925 7.944850 93168.dat
9 0 -0.000000 0.000000 -1.000000 -0.965926 0.258819 0.000000 0.258819 0.965926 -0.000000 26.674253 -7.147250 -40.000008 19.750000 0.859925 7.944850 93168.dat
9 0 -0.000000 0.000000 -1.000000 -0.707106 0.707108 0.000000 0.707108 0.707106 -0.000000 19.526878 -19.526747 -40.000008 19.750000 0.859925 7.944850 93168.dat
9 0 -0.000000 0.000000 -1.000000 -0.258819 0.965926 0.000000 0.965926 0.258819 -0.000000 7.147328 -26.674250 -40.000004 19.750000 0.859925 7.944850 93168.dat
9 0 -0.000000 -0.000000 -1.000000 0.258819 0.965926 -0.000000 0.965926 -0.258819 -0.000000 -7.147296 -26.674250 39.999996 19.750000 0.859925 7.944850 93168.dat
9 0 -0.000000 -0.000000 -1.000000 0.707106 0.707108 -0.000000 0.707108 -0.707106 -0.000000 -19.526848 -19.526747 37.375004 17.125000 0.859925 7.944850 93168.dat
9 0 -0.000000 -0.000000 -1.000000 0.965926 0.258819 -0.000000 0.258819 -0.965926 -0.000000 -26.674223 -7.147250 40.000004 19.750000 0.859925 7.944850 93168.dat
9 0 -0.000000 0.000000 -1.000000 0.965926 -0.258819 -0.000000 -0.258819 -0.965926 0.000000 -26.674223 7.147250 40.000004 19.750000 0.859925 7.944850 93168.dat
9 0 -0.000000 0.000000 -1.000000 0.707106 -0.707108 -0.000000 -0.707108 -0.707106 0.000000 -19.526848 19.526875 37.375004 17.125000 0.859925 7.944850 93168.dat
9 0 -0.000000 0.000000 -1.000000 0.258819 -0.965926 -0.000000 -0.965926 -0.258819 0.000000 -7.147296 26.674198 39.999996 19.750000 0.859925 7.944850 93168.dat
9 0 -0.000000 0.000000 -1.000000 -0.258819 -0.965926 -0.000000 -0.965926 0.258819 0.000000 7.147353 26.674198 39.999996 19.750000 0.859925 7.944850 93168.dat
9 0 -0.000000 0.000000 -1.000000 -0.707106 -0.707108 0.000000 -0.707108 0.707106 0.000000 19.526901 19.526875 37.374992 17.125000 0.859925 7.944850 93168.dat
9 0 -0.000000 0.000000 -1.000000 -0.965926 -0.258819 0.000000 -0.258819 0.965926 0.000000 26.674276 7.147250 39.999992 19.750000 0.859925 7.944850 93168.dat
9 0 -0.000000 0.000000 -1.000000 -0.965926 0.258819 0.000000 0.258819 0.965926 -0.000000 26.674276 -7.147250 39.999992 19.750000 0.859925 7.944850 93168.dat
9 0 -0.000000 0.000000 -1.000000 -0.707106 0.707108 0.000000 0.707108 0.707106 -0.000000 19.526901 -19.526747 37.374992 17.125000 0.859925 7.944850 93168.dat
9 0 -0.000000 0.000000 -1.000000 -0.258819 0.965926 0.000000 0.965926 0.258819 -0.000000 7.147353 -26.674250 39.999996 19.750000 0.859925 7.944850 93168.dat
9 0 -0.000000 0.000000 -1.000000 0.000000 1.000000 0.000000 1.000000 0.000000 -0.000000 -0.090991 6.149501 -21.875000 1.625000 11.247225 19.683775 93168.dat
9 0 -0.000000 0.000000 -1.000000 0.000000 1.000000 0.000000 1.000000 0.000000 -0.000000 -9.999971 16.627975 41.875004 17.875000 0.266725 3.875000 93168.dat
9 0 -0.000000 0.000000 -1.000000 -0.866025 0.500001 0.000000 0.500001 0.866025 -0.000000 -15.739971 13.314000 41.875004 17.875000 0.266725 3.875000 93168.dat
9 0 -0.000000 0.000000 -1.000000 -0.866025 -0.500001 0.000000 -0.500001 0.866025 0.000000 -15.739971 6.685999 41.875004 17.875000 0.266725 3.875000 93168.dat
9 0 -0.000000 0.000000 -1.000000 -0.000000 -1.000000 -0.000000 -1.000000 0.000000 0.000000 -9.999971 3.372002 41.875004 17.875000 0.266725 3.875000 93168.dat
9 0 -0.000000 0.000000 -1.000000 0.866025 -0.500001 -0.000000 -0.500001 -0.866025 0.000000 -4.259971 6.685999 41.875000 17.875000 0.266725 3.875000 93168.dat
9 0 -0.000000 -0.000000 -1.000000 0.866025 0.500001 -0.000000 0.500001 -0.866025 -0.000000 -4.259971 13.314000 41.875000 17.875000 0.266725 3.875000 93168.dat
9 0 -0.000000 0.000000 -1.000000 0.000000 1.000000 0.000000 1.000000 0.000000 -0.000000 10.000030 16.627975 41.874992 17.875000 0.266725 3.875000 93168.dat
9 0 -0.000000 0.000000 -1.000000 -0.866025 0.500001 0.000000 0.500001 0.866025 -0.000000 4.260028 13.314000 41.875000 17.875000 0.266725 3.875000 93168.dat
9 0 -0.000000 0.000000 -1.000000 -0.866025 -0.500001 0.000000 -0.500001 0.866025 0.000000 4.260028 6.685999 41.875000 17.875000 0.266725 3.875000 93168.dat
9 0 -0.000000 0.000000 -1.000000 -0.000000 -1.000000 -0.000000 -1.000000 0.000000 0.000000 10.000030 3.372002 41.874992 17.875000 0.266725 3.875000 93168.dat
9 0 -0.000000 0.000000 -1.000000 0.866025 -0.500001 -0.000000 -0.500001 -0.866025 0.000000 15.740028 6.685999 41.874992 17.875000 0.266725 3.875000 93168.dat
9 0 -0.000000 -0.000000 -1.000000 0.866025 0.500001 -0.000000 0.500001 -0.866025 -0.000000 15.740028 13.314000 41.874992 17.875000 0.266725 3.875000 93168.dat
9 0 -0.000000 0.000000 -1.000000 0.000000 1.000000 0.000000 1.000000 0.000000 -0.000000 -9.999971 -3.371999 41.875004 17.875000 0.266725 3.875000 93168.dat
9 0 -0.000000 0.000000 -1.000000 -0.866025 0.500001 0.000000 0.500001 0.866025 -0.000000 -15.739971 -6.685999 41.875004 17.875000 0.266725 3.875000 93168.dat
9 0 -0.000000 0.000000 -1.000000 -0.866025 -0.500001 0.000000 -0.500001 0.866025 0.000000 -15.739971 -13.314000 41.875004 17.875000 0.266725 3.875000 93168.dat
9 0 -0.000000 0.000000 -1.000000 -0.000000 -1.000000 -0.000000 -1.000000 0.000000 0.000000 -9.999971 -16.628000 41.875004 17.875000 0.266725 3.875000 93168.dat
9 0 -0.000000 0.000000 -1.000000 0.866025 -0.500001 -0.000000 -0.500001 -0.866025 0.000000 -4.259971 -13.314000 41.875000 17.875000 0.266725 3.875000 93168.dat
9 0 -0.000000 -0.000000 -1.000000 0.866025 0.500001 -0.000000 0.500001 -0.866025 -0.000000 -4.259971 -6.685999 41.875000 17.875000 0.266725 3.875000 93168.dat
9 0 -0.000000 0.000000 -1.000000 0.000000 1.000000 0.000000 1.000000 0.000000 -0.000000 10.000030 -3.371999 41.874992 17.875000 0.266725 3.875000 93168.dat
9 0 -0.000000 0.000000 -1.000000 -0.866025 0.500001 0.000000 0.500001 0.866025 -0.000000 4.260028 -6.685999 41.875000 17.875000 0.266725 3.875000 93168.dat
9 0 -0.000000 0.000000 -1.000000 -0.866025 -0.500001 0.000000 -0.500001 0.866025 0.000000 4.260028 -13.314000 41.875000 17.875000 0.266725 3.875000 93168.dat
9 0 -0.000000 0.000000 -1.000000 -0.000000 -1.000000 -0.000000 -1.000000 0.000000 0.000000 10.000030 -16.628000 41.874992 17.875000 0.266725 3.875000 93168.dat
9 0 -0.000000 0.000000 -1.000000 0.866025 -0.500001 -0.000000 -0.500001 -0.866025 0.000000 15.740028 -13.314000 41.874992 17.875000 0.266725 3.875000 93168.dat
9 0 -0.000000 -0.000000 -1.000000 0.866025 0.500001 -0.000000 0.500001 -0.866025 -0.000000 15.740028 -6.685999 41.874992 17.875000 0.266725 3.875000 93168.dat
9 0 -0.000000 0.000000 -1.000000 0.000000 1.000000 0.000000 1.000000 0.000000 -0.000000 -1.216677 -19.729498 21.875000 1.625000 3.368325 17.091700 93168.dat
9 0 -0.000000 0.000000 -1.000000 0.000000 1.000000 0.000000 1.000000 0.000000 -0.000000 -1.216691 -18.181250 -21.875000 1.625000 3.278975 17.091700 93168.dat
9 0 -0.000000 0.000000 -1.000000 0.000000 1.000000 0.000000 1.000000 0.000000 -0.000000 0.000006 -29.067501 -30.000002 9.750000 0.682450 9.750000 93168.dat
9 0 -0.000000 0.000000 -1.000000 0.000000 1.000000 0.000000 1.000000 0.000000 -0.000000 0.000025 -29.067501 30.000002 9.750000 0.682450 9.750000 93168.dat
9 0 -0.000000 0.000000 -1.000000 0.000000 1.000000 0.000000 1.000000 0.000000 -0.000000 0.045691 0.638500 0.000000 19.750000 6.388400 29.063002 93168.dat
9 0 0.000000 -1.000000 -0.000000 -0.000000 0.000000 -1.000000 1.000000 0.000000 -0.000000 0.000028 31.142124 39.999996 2.607850 19.750000 9.750000 93168.dat
9 0 0.000000 -1.000000 -0.000000 -0.000000 0.000000 -1.000000 1.000000 0.000000 -0.000000 0.000003 31.142124 -40.000000 2.607850 19.750000 9.750000 93168.dat
9 0 -0.000000 0.000000 -1.000000 0.000000 1.000000 0.000000 1.000000 0.000000 -0.000000 -0.071577 6.878999 21.875000 1.625000 10.517700 23.951075 93168.dat
10 0 -10.000025 0.000000 -30.000002 110.000000 68.449997 30.000002 93168.dat
3 23 -0.000000 0.000000 -1.000000 0.000000 1.000000 0.000000 1.000000 0.000000 -0.000000 30.000023 -6.024999 19.999987 6 4 29:0:1,23:4:1,18:2:1,23:4:1,29:0:1,29:0:1,1:4:0,23:4:1,1:4:0,23:4:1,29:0:1,23:4:1,18:4:1,23:4:1,29:0:1,23:4:1,1:4:1,23:4:1,1:4:1,23:4:1,29:0:1,23:4:1,18:4:1,23:4:1,29:0:1,23:4:1,1:4:0,23:4:1,1:4:0,23:4:1,29:0:1,23:4:1,18:2:1,23:4:1,29:0:1, 93168.dat
3 23 -0.000000 0.000000 -1.000000 0.000000 1.000000 0.000000 1.000000 0.000000 -0.000000 10.000029 -29.999998 39.999992 2 8 29:0:1,23:4:1,29:0:1,29:0:1,29:0:1,29:0:1,29:0:1,23:4:1,29:0:1,23:4:1,1:4:1,23:4:1,29:0:1,29:0:1,29:0:1,23:4:1,1:4:1,23:4:1,29:0:1,23:4:1,29:0:1,29:0:1,29:0:1,29:0:1,29:0:1,23:4:1,29:0:1, 93168.dat
2 22 -0.000000 0.000000 -1.000000 0.000000 1.000000 0.000000 1.000000 0.000000 -0.000000 10.000034 34.000000 60.000004 2 12 22:1:1,22:2:1,22:2:1,22:2:1,22:1:1,29:0:1,29:0:1,29:0:1,22:1:1,22:2:1,22:2:1,22:2:1,22:1:1,22:2:1,15:4:1,9:4:1,15:4:1,22:2:1,29:0:1,29:0:1,29:0:1,22:2:1,15:4:1,9:4:1,15:4:1,22:2:1,22:1:1,22:2:1,22:2:1,22:2:1,22:1:1,29:0:1,29:0:1,29:0:1,22:1:1,22:2:1,22:2:1,22:2:1,22:1:1, 93168.dat
2 22 -0.000000 0.000000 -1.000000 0.000000 1.000000 0.000000 1.000000 0.000000 -0.000000 30.000023 10.000001 19.999987 6 4 22:1:1,22:2:1,22:2:1,22:2:1,22:1:1,22:2:1,15:4:2,23:4:1,15:4:2,22:2:1,22:2:1,23:4:1,7:4:2,23:4:1,22:2:1,22:2:1,15:4:1,23:4:1,15:4:1,22:2:1,22:2:1,23:4:1,7:4:2,23:4:1,22:2:1,22:2:1,15:4:2,23:4:1,15:4:2,22:2:1,22:1:1,22:2:1,22:2:1,22:2:1,22:1:1, 93168.dat
2 22 0.000000 1.000000 -0.000000 0.000000 0.000000 1.000000 1.000000 -0.000000 -0.000000 30.000036 -30.200001 59.999992 6 6 29:0:1,29:0:1,22:2:1,22:2:1,22:2:1,29:0:1,29:0:1,29:0:1,29:0:1,23:4:1,15:4:0,23:4:1,29:0:1,29:0:1,22:2:1,23:4:1,7:4:2,23:4:1,7:4:2,23:4:1,22:2:1,22:2:1,15:4:0,23:4:1,15:4:0,23:4:1,15:4:0,22:2:1,22:2:1,23:4:1,7:4:2,23:4:1,7:4:2,23:4:1,22:2:1,29:0:1,29:0:1,23:4:1,15:4:0,23:4:1,29:0:1,29:0:1,29:0:1,29:0:1,22:2:1,22:2:1,22:2:1,29:0:1,29:0:1, 93168.dat
0 6 0.000000 1.000000 -0.000000 0.000000 0.000000 1.000000 1.000000 -0.000000 -0.000000 -9.999977 -9.999999 23.750008 0 0 0.150000 0 0 93168.dat
0 6 0.000000 1.000000 -0.000000 0.000000 0.000000 1.000000 1.000000 -0.000000 -0.000000 10.000023 -9.999999 23.749996 0 0 0.150000 0 0 93168.dat
0 6 -0.000000 1.000000 -0.000000 -0.000000 -0.000000 -1.000000 -1.000000 0.000000 0.000000 -9.999997 -9.999999 -39.999996 0 0 0.800000 0 0 93168.dat
0 6 -0.000000 1.000000 -0.000000 -0.000000 -0.000000 -1.000000 -1.000000 0.000000 0.000000 10.000003 -9.999999 -40.000004 0 0 0.800000 0 0 93168.dat
0 6 -0.000000 1.000000 -0.000000 -0.000000 -0.000000 -1.000000 -1.000000 0.000000 0.000000 -9.999997 10.000001 -40.449997 0 1 0.668000 0 0 93168.dat
0 6 -0.000000 1.000000 -0.000000 -0.000000 -0.000000 -1.000000 -1.000000 0.000000 0.000000 10.000003 10.000001 -40.450005 0 1 0.668000 0 0 93168.dat
3 23 0.000000 1.000000 -0.000000 0.000000 0.000000 1.000000 1.000000 -0.000000 -0.000000 20.000004 0.000000 -36.000008 2 2 29:0:0,29:0:0,29:0:0,29:0:0,1:4:36,29:0:0,29:0:0,29:0:0,29:0:0, 93168.dat
3 23 0.000000 1.000000 -0.000000 0.000000 0.000000 1.000000 1.000000 -0.000000 -0.000000 0.000004 0.000000 -36.000000 2 2 29:0:0,29:0:0,29:0:0,29:0:0,1:4:36,29:0:0,29:0:0,29:0:0,29:0:0, 93168.dat
3 23 0.000000 1.000000 -0.000000 0.000000 0.000000 1.000000 1.000000 -0.000000 -0.000000 0.000004 -20.000002 -36.000000 2 2 29:0:0,29:0:0,29:0:0,29:0:0,1:4:36,29:0:0,29:0:0,29:0:0,29:0:0, 93168.dat
3 23 0.000000 1.000000 -0.000000 0.000000 0.000000 1.000000 1.000000 -0.000000 -0.000000 20.000004 -20.000002 -36.000008 2 2 29:0:0,29:0:0,29:0:0,29:0:0,1:4:36,29:0:0,29:0:0,29:0:0,29:0:0, 93168.dat
