9 0 -0.707107 0.000000 -0.707107 0.000000 1.000000 0.000000 0.707107 0.000000 -0.707107 -0.001325 -98.945251 0.003950 1.344650 53.905998 1.342800 93222.dat
9 0 -0.992648 -0.121041 -0.000000 -0.121041 0.992648 -0.000000 0.000000 0.000000 -1.000000 2.502575 -155.403748 0.005151 0.512250 2.937350 1.954625 93222.dat
9 0 0.992648 -0.121041 0.000000 0.121041 0.992648 0.000000 -0.000000 0.000000 1.000000 -2.502575 -155.403748 0.005149 0.512250 2.937350 1.954625 93222.dat
9 0 -1.000000 0.000000 -0.000000 0.000000 1.000000 0.000000 0.000000 0.000000 -1.000000 -0.000327 -29.935751 7.184575 2.577375 4.839275 4.297500 93222.dat
9 0 -1.000000 0.000000 -0.000000 0.000000 -0.000000 -1.000000 -0.000000 -1.000000 0.000000 -0.001130 -24.517950 15.832500 3.630500 3.573475 1.131625 93222.dat
9 0 -1.000000 0.000000 -0.000000 0.000000 1.000000 0.000000 0.000000 0.000000 -1.000000 -0.001132 -30.000002 21.314548 3.630500 3.573475 1.131625 93222.dat
9 0 -1.000000 0.000000 -0.000000 -0.000000 -0.000000 1.000000 -0.000000 1.000000 0.000000 -0.001130 -35.482002 15.832500 3.630500 3.573475 1.131625 93222.dat
9 0 -0.707107 0.000000 -0.707107 0.000000 1.000000 0.000000 0.707107 0.000000 -0.707107 0.000000 -22.394575 0.000000 2.578425 22.144575 2.578425 93222.dat
10 0 -8.397625 0.000000 -4.000000 8.396726 159.087753 23.757975 93222.dat
0 7 -1.000000 0.000000 -0.000000 0.000000 1.000000 0.000000 0.000000 0.000000 -1.000000 0.000000 0.000000 0.000000 0 0 1.791570 0 0 93222.dat
2 22 -1.000000 0.000000 -0.000000 0.000000 1.000000 0.000000 0.000000 0.000000 -1.000000 10.000003 0.000000 -9.999997 2 2 29:0:0,29:0:0,29:0:0,29:0:0,9:4:32,29:0:0,29:0:0,29:0:0,29:0:0, 93222.dat
3 23 0.000000 -1.000000 0.000000 -1.000000 -0.000000 -0.000000 0.000000 0.000000 -1.000000 3.885723 -20.000000 5.832501 2 2 29:0:0,29:0:0,29:0:0,29:0:0,1:4:36,29:0:0,29:0:0,29:0:0,29:0:0, 93222.dat
3 23 0.000000 1.000000 0.000000 1.000000 -0.000000 0.000000 0.000000 0.000000 -1.000000 -3.881627 -40.000000 5.832499 2 2 29:0:0,29:0:0,29:0:0,29:0:0,1:4:36,29:0:0,29:0:0,29:0:0,29:0:0, 93222.dat
0 6 0.000000 1.000000 0.000000 1.000000 -0.000000 0.000000 0.000000 0.000000 -1.000000 8.397619 -30.000002 15.832503 0 0 0.671774 0 0 93222.dat
