9 0 0.000000 -0.006282 0.999980 0.000000 0.999980 0.006282 -1.000000 0.000000 0.000000 0.000000 -2.170475 0.191725 9.569551 1.853725 3.722000 93247.dat
9 0 0.000000 -0.179393 0.983777 0.000000 0.983777 0.179393 -1.000000 0.000000 0.000000 -0.000001 -25.347000 -3.867975 6.744575 22.612099 1.239600 93247.dat
9 0 0.000000 0.521362 0.853336 -0.000000 0.853336 -0.521362 -1.000000 0.000000 0.000000 0.000000 -60.656250 0.506125 6.008425 17.071150 1.239600 93247.dat
9 0 -0.707107 0.000000 0.707107 0.000000 1.000000 0.000000 -0.707107 0.000000 -0.707107 0.000000 9.151951 0.000000 2.452050 10.595550 2.452050 93247.dat
9 0 0.000000 0.000000 1.000000 0.000000 1.000000 0.000000 -1.000000 0.000000 0.000000 -0.000003 -0.725324 -8.240625 1.699825 2.037975 3.722000 93247.dat
10 0 -14.559574 0.000000 -4.015575 15.410625 98.899498 4.015575 93247.dat
0 7 0.000000 0.000000 1.000000 0.000000 1.000000 0.000000 -1.000000 0.000000 0.000000 0.000000 20.000000 0.000000 0 1 0.796646 0 0 93247.dat
