9 0 1.000000 0.000000 0.000000 0.000000 -0.000000 1.000000 0.000000 -1.000000 -0.000000 0.000000 11.556100 15.083125 9.917075 1.754400 12.034425 93249.dat
9 0 1.000000 0.000000 0.000000 0.000000 1.000000 0.000000 0.000000 0.000000 1.000000 0.023050 -5.060400 -0.895225 12.377151 2.905950 12.947750 93249.dat
9 0 1.000000 0.000000 0.000000 0.000000 1.000000 0.000000 0.000000 0.000000 1.000000 15.426500 11.863100 -0.018800 1.868125 8.259525 8.885426 93249.dat
9 0 -1.000000 0.000000 -0.000000 -0.000000 0.999717 0.023782 0.000000 0.023782 -0.999717 11.790275 29.686749 -12.815675 4.577250 5.525175 1.093975 93249.dat
9 0 0.707107 0.000000 0.707107 0.000000 1.000000 0.000000 -0.707107 0.000000 0.707107 9.728925 0.252700 -9.728925 4.871725 2.905950 0.534325 93249.dat
9 0 0.398902 0.228520 -0.888063 -0.890160 0.329065 -0.315168 0.220209 0.916239 0.334684 -14.826650 21.897125 -7.528100 4.305725 2.951025 0.982125 93249.dat
9 0 1.000000 0.000000 0.000000 0.000000 0.999717 0.023782 0.000000 -0.023782 0.999717 -11.790275 29.686749 -12.815675 4.577250 5.525175 1.093975 93249.dat
9 0 -1.000000 0.000000 -0.000000 0.000000 1.000000 0.000000 0.000000 0.000000 -1.000000 -15.426500 11.863100 -0.018800 1.868125 8.259525 8.885426 93249.dat
9 0 1.000000 0.000000 0.000000 0.000000 1.000000 0.000000 0.000000 0.000000 1.000000 0.000000 2.167250 -19.606199 3.556500 3.810225 6.204450 93249.dat
9 0 -0.398903 0.228520 -0.888063 0.890160 0.329066 -0.315168 0.220209 -0.916239 -0.334685 14.826650 21.897125 -7.528100 4.305725 2.951025 0.982125 93249.dat
9 0 1.000000 0.000000 0.000000 0.000000 1.000000 0.000000 0.000000 0.000000 1.000000 -0.090400 0.510500 -14.125175 4.871725 2.905950 0.534325 93249.dat
9 0 -0.707106 0.000864 0.707107 0.001222 0.999999 -0.000000 -0.707106 0.000864 -0.707107 10.264825 11.584350 10.250675 4.871725 11.705775 1.188975 93249.dat
9 0 0.707106 -0.001246 -0.707107 0.001762 0.999998 -0.000000 0.707106 -0.001246 0.707107 -9.728475 0.269850 -9.728925 4.871725 2.905950 0.534300 93249.dat
9 0 -0.707106 0.001246 -0.707107 0.001762 0.999998 -0.000000 0.707106 -0.001246 -0.707107 -10.230226 11.614924 10.250675 4.871725 11.705775 1.188975 93249.dat
10 0 -21.107925 -35.236500 -19.565350 21.107925 9.882675 26.633999 93249.dat
2 22 1.000000 0.000000 0.000000 0.000000 1.000000 0.000000 0.000000 0.000000 1.000000 -10.000000 0.000000 10.000000 2 2 29:0:0,29:0:0,29:0:0,29:0:0,15:4:32,29:0:0,29:0:0,29:0:0,29:0:0, 93249.dat
