9 0 0.000000 0.000000 -1.000000 0.000000 1.000000 0.000000 1.000000 0.000000 0.000000 0.000000 -11.375250 0.000000 13.850625 3.125250 9.750000 93273.dat
9 0 0.000000 0.000000 -1.000000 0.000000 1.000000 0.000000 1.000000 0.000000 0.000000 0.000000 -2.400000 30.000002 9.750000 2.150000 9.750000 93273.dat
9 0 0.000000 0.000000 -1.000000 0.000000 1.000000 0.000000 1.000000 0.000000 0.000000 0.000000 -5.476425 23.711950 3.461950 5.226425 9.750000 93273.dat
9 0 -0.000000 0.000000 1.000000 0.000000 1.000000 0.000000 -1.000000 0.000000 -0.000000 0.000001 -2.400000 -30.000002 9.750000 2.150000 9.750000 93273.dat
9 0 -0.000000 0.000000 1.000000 0.000000 1.000000 0.000000 -1.000000 0.000000 -0.000000 0.000001 -5.476425 -23.711998 3.461950 5.226425 9.750000 93273.dat
9 0 -0.000000 0.139716 0.990192 0.000000 0.990192 -0.139716 -1.000000 -0.000000 -0.000000 0.000000 -11.931725 10.411226 10.576600 2.263775 9.750000 93273.dat
9 0 0.000000 0.139715 -0.990192 -0.000000 0.990192 0.139715 1.000000 0.000000 0.000000 0.000000 -11.931725 -10.411247 10.576600 2.263775 9.750000 93273.dat
9 0 0.000000 0.401107 -0.916031 -0.000000 0.916031 0.401107 1.000000 0.000000 0.000000 0.000001 -6.551400 -29.733246 9.857275 2.263775 9.750000 93273.dat
9 0 -0.000000 0.401107 0.916031 0.000000 0.916031 -0.401107 -1.000000 -0.000000 -0.000000 0.000000 -6.551400 29.733128 9.857275 2.263775 9.750000 93273.dat
10 0 -10.000000 0.000000 -10.000000 70.000000 16.000000 10.000000 93273.dat
2 22 0.000000 0.000000 -1.000000 0.000000 1.000000 0.000000 1.000000 0.000000 0.000000 10.000000 0.000000 40.000000 2 2 22:1:1,22:2:1,22:1:1,22:2:1,15:4:1,22:2:1,22:1:1,22:2:1,22:1:1, 93273.dat
2 22 0.000000 0.000000 -1.000000 0.000000 1.000000 0.000000 1.000000 0.000000 0.000000 10.000001 0.000000 -19.999998 2 2 22:1:1,22:2:1,22:1:1,22:2:1,15:4:1,22:2:1,22:1:1,22:2:1,22:1:1, 93273.dat
2 22 0.000000 0.000000 -1.000000 0.000000 1.000000 0.000000 1.000000 0.000000 0.000000 10.000000 -8.000000 20.000002 2 4 29:0:1,22:2:1,22:2:1,22:2:1,29:0:1,29:0:1,15:4:1,15:4:1,15:4:1,29:0:1,29:0:1,22:2:1,22:2:1,22:2:1,29:0:1, 93273.dat
