9 0 0.350523 -0.936554 0.000000 0.936554 0.350523 0.000000 0.000000 0.000000 1.000000 -9.096787 26.500998 0.000000 21.052826 3.042700 2.250000 93564.dat
9 0 0.339252 -0.940696 0.000000 0.940696 0.339252 0.000000 0.000000 0.000000 1.000000 -2.537066 -40.228001 0.375000 7.832100 1.254450 2.625000 93564.dat
9 0 0.000000 -1.000000 0.000000 0.707107 0.000000 0.707107 -0.707107 -0.000000 0.707107 -0.005275 -12.510475 -0.005325 19.857901 2.475900 2.483100 93564.dat
9 0 0.000000 -1.000000 0.000000 1.000000 0.000000 0.000000 0.000000 0.000000 1.000000 -0.012710 18.768002 0.000000 13.222549 4.145050 2.250000 93564.dat
9 0 0.688125 -0.725592 0.000000 0.725592 0.688125 0.000000 0.000000 0.000000 1.000000 -5.608889 31.078497 0.000000 13.222549 3.041825 2.250000 93564.dat
9 0 0.000000 -1.000000 0.000000 1.000000 0.000000 0.000000 0.000000 0.000000 1.000000 -0.012692 -36.959301 0.000000 4.210100 2.598975 2.250000 93564.dat
9 0 -0.350522 -0.936555 -0.000000 -0.936555 0.350522 -0.000000 0.000000 -0.000000 -1.000000 9.096764 26.501003 0.000000 21.052826 3.042700 2.250000 93564.dat
9 0 -0.339251 -0.940696 -0.000000 -0.940696 0.339251 -0.000000 0.000000 -0.000000 -1.000000 2.537084 -40.228001 0.375000 7.832100 1.254450 2.625000 93564.dat
9 0 -0.688126 -0.725592 -0.000000 -0.725592 0.688126 -0.000000 0.000000 -0.000000 -1.000000 5.608861 31.078503 0.000000 13.222549 3.041825 2.250000 93564.dat
10 0 -59.784752 -19.354374 -3.999950 36.033249 19.354374 4.000050 93564.dat
0 7 -1.000000 -0.000000 0.000000 0.000000 -1.000000 0.000000 0.000000 0.000000 1.000000 0.000006 -32.076099 0.000000 0 0 1.449870 0 0 93564.dat
