9 0 1.000000 0.000000 0.000000 0.000000 1.000000 0.000000 0.000000 0.000000 1.000000 0.000000 4.000000 -14.383825 19.750000 3.750000 24.133850 93587.dat
9 0 1.000000 0.000000 0.000000 0.000000 1.000000 0.000000 0.000000 0.000000 1.000000 0.000000 0.000000 -11.002050 19.750000 7.750000 0.752050 93587.dat
9 0 1.000000 0.000000 0.000000 0.000000 0.199325 -0.979934 0.000000 0.979934 0.199325 0.000000 -4.705200 -23.175026 19.750000 11.353500 0.752050 93587.dat
9 0 1.000000 0.000000 0.000000 0.000000 0.785213 -0.619226 0.000000 0.619226 0.785213 0.000000 6.251350 -41.060127 19.750000 11.218400 0.752050 93587.dat
9 0 1.000000 0.000000 0.000000 0.000000 0.972252 -0.233938 0.000000 0.233938 0.972252 0.025050 16.938150 -45.073746 19.750000 13.499825 0.752050 93587.dat
9 0 1.000000 0.000000 0.000000 0.000000 1.000000 0.000000 0.000000 0.000000 1.000000 0.000000 22.932375 -39.299999 19.750000 8.767625 9.049999 93587.dat
9 0 1.000000 0.000000 0.000000 0.000000 1.000000 0.000000 0.000000 0.000000 1.000000 0.000000 8.215300 -36.052425 19.750000 5.449450 5.802425 93587.dat
9 0 1.000000 0.000000 0.000000 0.000000 1.000000 0.000000 0.000000 0.000000 1.000000 -21.862501 -2.625000 -1.875000 1.637500 5.125000 11.625000 93587.dat
9 0 1.000000 0.000000 0.000000 0.000000 1.000000 0.000000 0.000000 0.000000 1.000000 -29.987499 -6.125000 -1.875000 9.762500 1.625000 11.625000 93587.dat
9 0 1.000000 0.000000 0.000000 0.000000 1.000000 0.000000 0.000000 0.000000 1.000000 -38.125000 -3.575026 -1.875000 1.625000 4.174975 11.625000 93587.dat
9 0 1.000000 0.000000 0.000000 0.000000 1.000000 0.000000 0.000000 0.000000 1.000000 -38.125000 -0.010000 7.800500 1.625000 7.740000 1.949400 93587.dat
9 0 1.000000 0.000000 0.000000 0.000000 0.872872 0.487950 0.000000 -0.487950 0.872872 -38.125000 0.690200 -21.890800 1.625000 3.363125 11.096225 93587.dat
9 0 1.000000 0.000000 0.000000 0.000000 0.189997 0.981785 0.000000 -0.981785 0.189997 -38.125000 13.614676 -32.460224 1.625000 2.830350 9.891399 93587.dat
9 0 1.000000 0.000000 0.000000 0.000000 0.964532 0.263964 0.000000 -0.263964 0.964532 -30.075602 -4.064375 -23.533825 9.674400 0.758775 9.891399 93587.dat
9 0 0.978655 -0.137137 -0.153059 0.205509 0.653060 0.728888 -0.000000 -0.744785 0.667304 -29.649452 5.859150 -39.605499 9.674400 0.758775 9.891399 93587.dat
9 0 0.788830 -0.000000 -0.614611 0.614611 0.000000 0.788830 0.000000 -1.000000 0.000000 -29.630825 20.407299 -42.934650 9.674400 0.758775 6.042725 93587.dat
9 0 -1.000000 0.000000 -0.000000 0.000000 1.000000 0.000000 0.000000 0.000000 -1.000000 21.862501 -2.625000 -1.875000 1.637500 5.125000 11.625000 93587.dat
9 0 -1.000000 0.000000 -0.000000 0.000000 1.000000 0.000000 0.000000 0.000000 -1.000000 29.987499 -6.125000 -1.875000 9.762500 1.625000 11.625000 93587.dat
9 0 -1.000000 0.000000 -0.000000 0.000000 1.000000 0.000000 0.000000 0.000000 -1.000000 38.125000 -3.575026 -1.875000 1.625000 4.174975 11.625000 93587.dat
9 0 -1.000000 0.000000 -0.000000 0.000000 1.000000 0.000000 0.000000 0.000000 -1.000000 38.125000 -0.010000 7.800500 1.625000 7.740000 1.949400 93587.dat
9 0 -1.000000 0.000000 -0.000000 -0.000000 0.872872 0.487949 0.000000 0.487949 -0.872872 38.125000 0.690200 -21.890800 1.625000 3.363125 11.096225 93587.dat
9 0 -1.000000 0.000000 -0.000000 -0.000000 0.189998 0.981784 0.000000 0.981784 -0.189998 38.125000 13.614676 -32.460224 1.625000 2.830350 9.891399 93587.dat
9 0 -1.000000 0.000000 -0.000000 -0.000000 0.964533 0.263964 0.000000 0.263964 -0.964533 30.075499 -4.064375 -23.533825 9.674400 0.758775 9.891399 93587.dat
9 0 -0.978655 -0.137137 -0.153060 -0.205509 0.653060 0.728888 0.000000 0.744785 -0.667304 29.649502 5.859150 -39.605499 9.674400 0.758775 9.891399 93587.dat
9 0 -0.788831 -0.000000 -0.614611 -0.614611 -0.000000 0.788831 -0.000000 1.000000 -0.000000 29.630751 20.407299 -42.934650 9.674400 0.758775 6.042725 93587.dat
9 0 1.000000 0.000000 0.000000 0.000000 1.000000 0.000000 0.000000 0.000000 1.000000 0.000000 25.279301 -46.708752 25.240749 6.420675 1.683250 93587.dat
9 0 -0.179223 0.000000 -0.983808 0.000000 1.000000 0.000000 0.983808 0.000000 -0.179223 37.452499 24.421700 -34.510700 1.735875 7.278300 1.533350 93587.dat
9 0 0.179223 0.000000 -0.983808 0.000000 1.000000 0.000000 0.983808 0.000000 0.179223 -37.452499 24.421700 -34.510700 1.735875 7.278300 1.533350 93587.dat
10 0 -30.000002 -23.950001 -30.000002 50.000000 16.020350 30.000002 93587.dat
3 23 1.000000 0.000000 0.000000 0.000000 1.000000 0.000000 0.000000 0.000000 1.000000 -20.000000 0.000000 10.000001 2 4 18:1:1,23:4:1,18:2:1,23:4:1,18:1:1,23:4:1,0:4:1,23:4:1,0:4:1,23:4:1,18:1:1,23:4:1,18:2:1,23:4:1,18:1:1, 93587.dat
2 22 1.000000 0.000000 0.000000 0.000000 1.000000 0.000000 0.000000 0.000000 1.000000 -20.000000 8.000000 10.000001 4 4 22:1:1,22:2:1,22:2:1,22:2:1,22:1:1,22:2:1,15:4:1,23:4:1,15:4:1,22:2:1,22:2:1,23:4:1,7:4:2,23:4:1,22:2:1,22:2:1,15:4:1,23:4:1,15:4:1,22:2:1,22:1:1,22:2:1,22:2:1,22:2:1,22:1:1, 93587.dat
2 22 1.000000 0.000000 0.000000 0.000000 1.000000 0.000000 0.000000 0.000000 1.000000 -20.000000 31.950001 -30.000002 2 4 22:1:1,22:2:1,22:2:1,22:2:1,22:1:1,22:2:1,15:4:0,9:4:1,15:4:0,22:2:1,22:1:1,22:2:1,22:2:1,22:2:1,22:1:1, 93587.dat
