9 0 1.000000 0.000000 0.000000 0.000000 1.000000 0.000000 0.000000 0.000000 1.000000 0.000000 3.999999 -16.479450 19.750000 3.750000 26.229500 93597.dat
9 0 1.000000 0.000000 0.000000 0.000000 1.000000 0.000000 0.000000 0.000000 1.000000 0.000000 1.375000 -1.875001 23.500000 1.125000 11.625000 93597.dat
9 0 1.000000 0.000000 0.000000 0.000000 1.000000 0.000000 0.000000 0.000000 1.000000 0.000000 15.826225 -39.937500 19.750000 7.923775 9.187500 93597.dat
9 0 1.000000 0.000000 0.000000 0.000000 -0.000000 1.000000 0.000000 -1.000000 -0.000000 0.000000 -4.000000 -10.578001 23.500000 0.328125 3.750000 93597.dat
9 0 1.000000 0.000000 0.000000 0.000000 -0.100237 0.994964 0.000000 -0.994964 -0.100237 0.000000 -3.028502 -19.883499 19.750000 9.050550 3.750000 93597.dat
9 0 1.000000 0.000000 0.000000 0.000000 -0.555247 0.831685 0.000000 -0.831685 -0.555247 0.000000 3.302249 -37.305553 19.750000 10.793925 3.750000 93597.dat
9 0 1.000000 0.000000 0.000000 0.000000 -0.000000 1.000000 0.000000 -1.000000 -0.000000 30.000002 -6.125001 8.086499 9.750000 1.663550 1.625000 93597.dat
9 0 1.000000 0.000000 0.000000 0.000000 -0.000000 1.000000 0.000000 -1.000000 -0.000000 21.875000 -6.125001 0.000000 1.625000 9.750000 1.625000 93597.dat
9 0 1.000000 0.000000 0.000000 0.000000 -0.000000 1.000000 0.000000 -1.000000 -0.000000 38.500004 0.000000 8.086499 1.250000 1.663550 7.750000 93597.dat
9 0 1.000000 0.000000 0.000000 0.000000 -0.000000 1.000000 0.000000 -1.000000 -0.000000 29.569000 -6.125001 -1.288000 7.686325 7.210999 1.625000 93597.dat
9 0 1.000000 0.000000 0.000000 0.000000 -0.000000 1.000000 0.000000 -1.000000 -0.000000 30.233999 -5.925749 -26.772875 3.781150 17.773651 1.425775 93597.dat
9 0 0.707106 0.707107 -0.000000 -0.000000 0.000000 1.000000 0.707107 -0.707106 0.000000 30.250000 1.750000 -47.398125 6.644300 2.351800 6.644300 93597.dat
9 0 0.707106 -0.707107 0.000000 0.000000 0.000000 1.000000 -0.707107 -0.707106 0.000000 24.384752 -4.092752 -37.725224 3.781150 6.821200 0.637925 93597.dat
9 0 -0.000000 -1.000000 0.000000 1.000000 -0.000000 0.000000 0.000000 0.000000 1.000000 23.911751 10.310451 -47.234676 13.439549 1.855525 0.959675 93597.dat
9 0 0.000000 -1.000000 -0.000000 0.866025 0.000000 0.500000 -0.500000 0.000000 0.866025 29.525501 6.580949 -45.518375 11.919075 4.259275 0.959675 93597.dat
9 0 -0.000000 -1.000000 -0.000000 0.604914 -0.000000 0.796291 -0.796291 0.000000 0.604914 35.237999 6.580949 -40.615623 11.919075 4.259275 0.959675 93597.dat
9 0 0.707106 0.707107 -0.000000 -0.000000 0.000000 1.000000 0.707107 -0.707106 0.000000 35.666252 -3.688751 -26.772875 3.781150 17.773651 1.425775 93597.dat
9 0 1.000000 0.000000 0.000000 0.000000 0.516869 0.856065 0.000000 -0.856065 0.516869 38.500004 0.691724 1.172501 1.250000 7.808125 3.421775 93597.dat
9 0 1.000000 0.000000 0.000000 0.000000 -0.380168 0.924917 0.000000 -0.924917 -0.380168 38.500004 4.026949 -25.814026 1.250000 10.626699 2.022625 93597.dat
9 0 1.000000 0.000000 0.000000 0.000000 -0.885638 0.464377 0.000000 -0.464377 -0.885638 38.500004 13.838199 -30.871252 1.250000 5.781875 2.022625 93597.dat
9 0 1.000000 0.000000 0.000000 0.000000 -1.000000 -0.000000 0.000000 0.000000 -1.000000 38.500004 15.102725 -32.773273 1.250100 8.647249 2.351725 93597.dat
9 0 0.907419 0.000000 -0.420226 -0.000000 -1.000000 -0.000000 -0.420226 0.000000 -0.907419 37.967251 15.102725 -36.215401 1.241450 8.647249 1.366825 93597.dat
9 0 -1.000000 0.000000 -0.000000 -0.000000 0.000000 1.000000 0.000000 1.000000 0.000000 -30.000002 -6.125001 8.086499 9.750000 1.663550 1.625000 93597.dat
9 0 -1.000000 0.000000 -0.000000 -0.000000 0.000000 1.000000 0.000000 1.000000 0.000000 -21.875000 -6.125001 0.000000 1.625000 9.750000 1.625000 93597.dat
9 0 -1.000000 0.000000 -0.000000 -0.000000 0.000000 1.000000 0.000000 1.000000 0.000000 -38.500000 0.000000 8.086499 1.250000 1.663550 7.750000 93597.dat
9 0 -1.000000 0.000000 -0.000000 -0.000000 0.000000 1.000000 0.000000 1.000000 0.000000 -29.568975 -6.125001 -1.288000 7.686325 7.210999 1.625000 93597.dat
9 0 -1.000000 0.000000 -0.000000 -0.000000 0.000000 1.000000 0.000000 1.000000 0.000000 -30.234102 -5.925749 -26.772875 3.781150 17.773651 1.425775 93597.dat
9 0 -0.707106 0.707107 0.000001 0.000001 -0.000000 1.000000 0.707107 0.707106 -0.000000 -30.250000 1.750000 -47.398125 6.644300 2.351800 6.644300 93597.dat
9 0 -0.707106 -0.707107 -0.000001 -0.000001 -0.000000 1.000000 -0.707107 0.707106 -0.000000 -24.384726 -4.092752 -37.725224 3.781150 6.821200 0.637925 93597.dat
9 0 0.000000 -1.000000 -0.000000 -1.000000 0.000000 -0.000000 0.000000 0.000000 -1.000000 -23.911774 10.310451 -47.234676 13.439549 1.855525 0.959675 93597.dat
9 0 -0.000000 -1.000000 0.000000 -0.866025 0.000000 0.500000 -0.500000 0.000000 -0.866025 -29.525450 6.580949 -45.518375 11.919075 4.259275 0.959675 93597.dat
9 0 -0.000000 -1.000000 -0.000000 -0.604913 -0.000000 0.796291 -0.796291 0.000000 -0.604913 -35.237999 6.580949 -40.615623 11.919075 4.259275 0.959675 93597.dat
9 0 -0.707106 0.707107 0.000001 0.000001 -0.000000 1.000000 0.707107 0.707106 -0.000000 -35.666248 -3.688751 -26.772875 3.781150 17.773651 1.425775 93597.dat
9 0 -1.000000 0.000000 -0.000000 -0.000000 0.516869 0.856065 0.000000 0.856065 -0.516869 -38.500000 0.691724 1.172501 1.250000 7.808125 3.421775 93597.dat
9 0 -1.000000 0.000000 -0.000000 -0.000000 -0.380168 0.924918 0.000000 0.924918 0.380168 -38.500000 4.026949 -25.814026 1.250000 10.626699 2.022625 93597.dat
9 0 -1.000000 0.000000 -0.000000 -0.000000 -0.885638 0.464377 0.000000 0.464377 0.885638 -38.500000 13.838199 -30.871252 1.250000 5.781875 2.022625 93597.dat
9 0 -1.000000 0.000000 0.000000 -0.000000 -1.000000 0.000000 0.000000 0.000000 1.000000 -38.500000 15.102725 -32.773273 1.250100 8.647249 2.351725 93597.dat
9 0 -0.907419 0.000000 -0.420226 -0.000000 -1.000000 -0.000000 -0.420226 0.000000 0.907419 -37.967251 15.102725 -36.215401 1.241450 8.647249 1.366825 93597.dat
10 0 -30.000002 0.000000 -50.000000 50.000000 32.000000 14.425000 93597.dat
3 23 1.000000 0.000000 0.000000 0.000000 1.000000 0.000000 0.000000 0.000000 1.000000 -20.000000 0.000000 9.999999 2 4 18:1:1,23:4:1,18:2:1,23:4:1,18:1:1,23:4:1,0:4:1,23:4:1,0:4:1,23:4:1,18:1:1,23:4:1,18:2:1,23:4:1,18:1:1, 93597.dat
2 22 1.000000 0.000000 0.000000 0.000000 1.000000 0.000000 0.000000 0.000000 1.000000 -20.000000 24.000000 -30.000002 2 4 22:1:1,22:2:1,22:2:1,22:2:1,22:1:1,22:2:1,15:4:0,9:4:1,15:4:0,22:2:1,22:1:1,22:2:1,22:2:1,22:2:1,22:1:1, 93597.dat
2 22 1.000000 0.000000 0.000000 0.000000 1.000000 0.000000 0.000000 0.000000 1.000000 -20.000000 8.000000 9.999999 4 4 22:1:1,22:2:1,22:2:1,22:2:1,22:1:1,22:2:1,15:4:1,23:4:1,15:4:1,22:2:1,22:2:1,23:4:1,7:4:2,23:4:1,22:2:1,22:2:1,15:4:1,23:4:1,15:4:1,22:2:1,22:1:1,22:2:1,22:2:1,22:2:1,22:1:1, 93597.dat
3 23 1.000000 0.000000 0.000000 0.000000 -0.000000 1.000000 0.000000 -1.000000 -0.000000 -40.000000 -8.000000 -50.000000 2 2 29:0:0,29:0:0,29:0:0,29:0:0,1:4:34,29:0:0,29:0:0,29:0:0,29:0:0, 93597.dat
3 23 1.000000 0.000000 0.000000 0.000000 -0.000000 1.000000 0.000000 -1.000000 -0.000000 20.000002 -8.000000 -50.000000 2 2 29:0:0,29:0:0,29:0:0,29:0:0,1:4:34,29:0:0,29:0:0,29:0:0,29:0:0, 93597.dat
