9 0 1.000000 0.000000 0.000000 0.000000 1.000000 0.000000 0.000000 0.000000 1.000000 0.000000 4.000000 0.000000 19.500000 3.750000 19.750000 93590.dat
9 0 1.000000 0.000000 0.000000 0.000000 0.881257 0.472637 0.000000 -0.472637 0.881257 -39.049500 -0.383525 -9.225925 0.700375 2.557200 10.387075 93590.dat
9 0 1.000000 0.000000 0.000000 0.000000 0.881257 -0.472637 0.000000 0.472637 0.881257 -39.049500 -0.383525 9.225925 0.700375 2.557200 10.387075 93590.dat
9 0 1.000000 0.000000 0.000000 0.000000 1.000000 0.000000 0.000000 0.000000 1.000000 -30.000002 1.375000 -18.400000 9.750000 6.375000 1.350000 93590.dat
9 0 1.000000 0.000000 0.000000 0.000000 1.000000 0.000000 0.000000 0.000000 1.000000 -30.000002 1.375000 18.400002 9.750000 6.375000 1.350000 93590.dat
9 0 -1.000000 0.000000 -0.000000 0.000000 1.000000 0.000000 0.000000 0.000000 -1.000000 30.000002 1.375000 -18.400000 9.750000 6.375000 1.350000 93590.dat
9 0 -1.000000 0.000000 -0.000000 0.000000 1.000000 0.000000 0.000000 0.000000 -1.000000 30.000002 1.375000 18.400002 9.750000 6.375000 1.350000 93590.dat
9 0 1.000000 0.000000 0.000000 0.000000 0.881257 0.472637 0.000000 -0.472637 0.881257 39.049500 -0.383525 -9.225925 0.700375 2.557200 10.387075 93590.dat
9 0 1.000000 0.000000 0.000000 0.000000 0.881257 -0.472637 0.000000 0.472637 0.881257 39.049500 -0.383525 9.225925 0.700375 2.557200 10.387075 93590.dat
9 0 -0.766259 0.626872 0.140991 0.596181 0.775486 -0.207822 -0.239614 -0.075189 -0.967952 29.755249 -9.744300 -2.366150 2.223950 1.713675 16.055424 93590.dat
9 0 1.000000 0.000000 0.000000 0.000000 1.000000 0.000000 0.000000 0.000000 1.000000 29.750002 -6.625000 0.000000 9.750000 1.125000 19.750000 93590.dat
9 0 -1.000000 0.000000 -0.000000 0.000000 1.000000 0.000000 0.000000 0.000000 -1.000000 32.840500 -10.026950 -10.201051 3.262575 4.526950 9.548950 93590.dat
9 0 0.766259 0.626872 0.140991 -0.596181 0.775485 -0.207823 -0.239615 0.075190 0.967952 -30.005301 -9.744300 -2.366150 2.223950 1.713675 16.055424 93590.dat
9 0 -1.000000 0.000000 -0.000000 0.000000 1.000000 0.000000 0.000000 0.000000 -1.000000 -30.000002 -6.625000 0.000000 9.750000 1.125000 19.750000 93590.dat
9 0 1.000000 0.000000 0.000000 0.000000 1.000000 0.000000 0.000000 0.000000 1.000000 -33.090549 -10.026950 -10.201051 3.262575 4.526950 9.548950 93590.dat
10 0 -30.000002 0.000000 -30.000002 50.000000 24.000000 14.425000 93590.dat
3 23 1.000000 0.000000 0.000000 0.000000 1.000000 0.000000 0.000000 0.000000 1.000000 -20.000000 0.000000 20.000002 4 4 18:1:1,23:4:1,18:2:1,23:4:1,18:1:1,23:4:1,0:4:1,23:4:1,0:4:1,23:4:1,18:2:1,23:4:1,18:4:1,23:4:1,18:2:1,23:4:1,0:4:1,23:4:1,0:4:1,23:4:1,18:1:1,23:4:1,18:2:1,23:4:1,18:1:1, 93590.dat
2 22 1.000000 0.000000 0.000000 0.000000 1.000000 0.000000 0.000000 0.000000 1.000000 -40.000000 8.000000 20.000002 4 8 22:1:1,22:2:1,22:2:1,22:2:1,22:2:1,22:2:1,22:2:1,22:2:1,22:1:1,29:0:1,15:4:0,22:2:1,15:4:1,23:4:1,15:4:1,22:2:1,15:4:0,29:0:1,29:0:1,23:4:1,22:2:1,23:4:1,7:4:2,23:4:1,22:2:1,23:4:1,29:0:1,29:0:1,15:4:0,22:2:1,15:4:1,23:4:1,15:4:1,22:2:1,15:4:0,29:0:1,22:1:1,22:2:1,22:2:1,22:2:1,22:2:1,22:2:1,22:2:1,22:2:1,22:1:1, 93590.dat
3 23 1.000000 0.000000 0.000000 0.000000 -0.000000 1.000000 0.000000 -1.000000 -0.000000 -40.000000 -16.000000 -20.000000 2 8 18:1:1,23:4:1,18:1:1,29:0:1,29:0:1,29:0:1,18:1:1,23:4:1,18:1:1,23:4:1,1:4:0,23:4:1,29:0:1,29:0:1,29:0:1,23:4:1,1:4:0,23:4:1,18:1:1,23:4:1,18:1:1,29:0:1,29:0:1,29:0:1,18:1:1,23:4:1,18:1:1, 93590.dat
