9 0 0.000000 0.000000 -1.000000 0.000000 1.000000 0.000000 1.000000 0.000000 0.000000 -0.000003 5.600000 8.125010 1.625000 2.150000 39.750000 93604.dat
9 0 0.000000 0.000000 -1.000000 0.000000 1.000000 0.000000 1.000000 0.000000 0.000000 -0.167498 5.589950 -7.744990 1.254975 2.139950 39.407001 93604.dat
9 0 1.000000 0.000000 0.000000 0.000000 1.000000 0.000000 -0.000000 0.000000 1.000000 -22.163816 5.364950 -27.536747 1.163825 2.364950 17.796925 93604.dat
9 0 1.000000 0.000000 0.000000 0.000000 1.000000 0.000000 -0.000000 0.000000 1.000000 38.125004 5.568325 -14.399979 1.625000 2.118325 24.150000 93604.dat
9 0 1.000000 0.000000 0.000000 0.000000 1.000000 0.000000 -0.000000 0.000000 1.000000 -38.452549 5.568325 -14.400002 1.297450 2.118325 24.150000 93604.dat
9 0 0.000000 0.000000 -1.000000 0.000000 1.000000 0.000000 1.000000 0.000000 0.000000 0.531006 -4.806401 -19.352291 9.102300 1.461200 21.605999 93604.dat
9 0 0.000000 0.000000 -1.000000 0.000000 1.000000 0.000000 1.000000 0.000000 0.000000 0.000003 5.600000 -7.749990 1.250000 2.150000 39.750000 93604.dat
9 0 0.000000 0.000000 -1.000000 0.000000 1.000000 0.000000 1.000000 0.000000 0.000000 0.000000 1.362500 -1.499991 11.250000 1.112500 33.151253 93604.dat
9 0 0.000000 0.415793 -0.909459 -0.000000 0.909459 0.415793 1.000000 0.000000 0.000000 0.061512 -1.613200 -37.235741 9.780700 1.171975 20.191475 93604.dat
9 0 0.193266 0.000000 -0.981146 0.000000 1.000000 0.000000 0.981146 0.000000 0.193266 13.402513 5.610050 -46.797985 0.669175 2.139950 10.587874 93604.dat
9 0 0.000000 0.000000 -1.000000 0.000000 1.000000 0.000000 1.000000 0.000000 0.000000 0.000015 5.523025 -47.840240 1.250000 2.226975 6.897475 93604.dat
9 0 -0.193265 0.000000 -0.981147 0.000000 1.000000 0.000000 0.981147 0.000000 -0.193265 -13.402586 5.610050 -46.797993 0.669175 2.139950 10.587874 93604.dat
9 0 0.917772 -0.397108 0.000000 0.397108 0.917772 0.000000 -0.000000 -0.000000 1.000000 -30.378172 0.929600 -14.400000 9.482225 1.487175 24.150000 93604.dat
9 0 -1.000000 0.000000 -0.000000 0.000000 1.000000 0.000000 0.000000 0.000000 -1.000000 22.163755 5.364950 -27.536736 1.163825 2.364950 17.796925 93604.dat
9 0 -0.917772 -0.397108 -0.000000 -0.397108 0.917772 -0.000000 0.000000 0.000000 -1.000000 30.395502 0.889300 -14.399980 9.482225 1.443275 24.150000 93604.dat
10 0 -10.000000 0.000000 -70.000000 50.000000 16.000000 10.000000 93604.dat
3 23 0.000000 0.000000 -1.000000 0.000000 1.000000 0.000000 1.000000 0.000000 0.000000 19.999996 0.000000 10.000016 4 2 18:1:1,23:4:1,18:1:1,23:4:1,0:4:1,23:4:1,18:2:1,23:4:1,18:2:1,23:4:1,0:4:1,23:4:1,18:1:1,23:4:1,18:1:1, 93604.dat
2 22 0.000000 0.000000 -1.000000 0.000000 1.000000 0.000000 1.000000 0.000000 0.000000 39.999992 8.000000 10.000022 8 6 22:1:1,22:2:1,22:2:1,22:2:1,22:2:1,22:2:1,22:1:1,22:2:1,15:4:1,22:2:1,15:4:1,9:4:1,15:4:0,22:2:1,22:2:1,9:4:1,22:2:1,22:2:1,22:2:1,22:2:1,22:2:1,22:2:1,15:4:1,22:2:1,15:4:0,23:4:1,15:4:0,22:2:1,22:2:1,9:4:1,22:2:1,23:4:1,12:4:1,23:4:1,22:2:1,22:2:1,15:4:1,22:2:1,15:4:0,23:4:1,15:4:0,22:2:1,22:2:1,9:4:1,22:2:1,22:2:1,22:2:1,22:2:1,22:2:1,22:2:1,15:4:1,22:2:1,15:4:1,9:4:1,15:4:0,22:2:1,22:1:1,22:2:1,22:2:1,22:2:1,22:2:1,22:2:1,22:1:1, 93604.dat
