9 0 -1.000000 0.000000 -0.000000 0.000000 1.000000 0.000000 0.000000 0.000000 -1.000000 0.000000 6.222375 0.000000 15.749550 5.749575 1.629775 94723.dat
9 0 -1.000000 0.000000 -0.000000 0.000000 0.707107 -0.707107 0.000000 -0.707107 -0.707107 0.000000 0.222800 0.000000 10.537500 2.578425 2.578425 94723.dat
9 0 -1.000000 0.000000 -0.000000 0.000000 0.707107 -0.707107 0.000000 -0.707107 -0.707107 0.000000 12.221951 0.000000 10.537500 2.578425 2.578425 94723.dat
9 0 -0.000000 1.000000 0.000000 0.707107 0.000000 -0.707107 -0.707107 -0.000000 -0.707107 15.999550 6.222375 0.000005 0.962475 2.578425 2.578425 94723.dat
9 0 -0.000000 1.000000 0.000000 0.707107 0.000000 -0.707107 -0.707107 -0.000000 -0.707107 -15.999550 6.222375 -0.000005 0.962475 2.578425 2.578425 94723.dat
9 0 -0.737277 -0.675590 -0.000000 -0.477714 0.521334 -0.707107 0.477715 -0.521333 -0.707107 -13.396300 9.831425 -0.000004 3.288425 2.285425 2.285425 94723.dat
9 0 0.737278 -0.675590 -0.000000 0.477714 0.521334 -0.707107 0.477714 0.521334 0.707107 13.396300 9.831425 0.000004 3.288425 2.285425 2.285425 94723.dat
9 0 -0.737277 0.675591 0.000000 -0.477715 -0.521333 -0.707107 -0.477715 -0.521334 0.707107 -13.396300 2.613325 -0.000004 3.288425 2.285425 2.285425 94723.dat
9 0 0.737277 0.675590 0.000001 0.477715 -0.521334 -0.707106 -0.477714 0.521334 -0.707107 13.396300 2.613325 0.000004 3.288425 2.285425 2.285425 94723.dat
10 0 -19.999550 -16.221949 -4.004775 19.999550 3.777200 4.004775 94723.dat
0 7 0.000000 1.000000 0.000000 1.000000 -0.000000 0.000000 0.000000 0.000000 -1.000000 10.787499 0.000000 0.000004 0 0 0.863000 0 0 94723.dat
0 7 0.000000 1.000000 0.000000 1.000000 -0.000000 0.000000 0.000000 0.000000 -1.000000 10.787499 12.221951 0.000004 0 0 0.863000 0 0 94723.dat
0 7 1.000000 -0.000000 0.000000 -0.000000 -1.000000 -0.000000 0.000000 0.000000 -1.000000 15.999550 5.009900 0.000005 0 0 0.096998 0 0 94723.dat
0 7 1.000000 -0.000000 0.000000 -0.000000 -1.000000 -0.000000 0.000000 0.000000 -1.000000 -15.999550 5.009900 -0.000005 0 0 0.096998 0 0 94723.dat
