9 0 1.000000 0.000000 0.000000 0.000000 0.954067 0.299595 0.000000 -0.299595 0.954067 1.875000 13.334224 -86.900223 1.625000 6.304775 13.964801 95188.dat
9 0 1.000000 0.000000 0.000000 0.000000 1.000000 0.000000 0.000000 0.000000 1.000000 31.875000 12.000000 -51.874996 11.625000 11.750000 11.625000 95188.dat
9 0 0.994820 0.000000 0.101657 0.000000 1.000000 0.000000 -0.101657 0.000000 0.994820 12.052925 21.499998 -117.166245 12.028575 2.250000 1.343925 95188.dat
9 0 0.857575 0.000000 0.514358 0.000000 1.000000 0.000000 -0.514358 0.000000 0.857575 60.926003 21.499998 -101.267746 7.229125 2.250000 1.343925 95188.dat
9 0 0.707107 0.000000 0.707107 0.000000 1.000000 0.000000 -0.707107 0.000000 0.707107 83.405754 21.499998 -83.570572 7.944900 2.250000 1.343925 95188.dat
9 0 0.507535 0.000000 0.861631 0.000000 1.000000 0.000000 -0.861631 0.000000 0.507535 100.916252 21.499998 -61.231647 7.704625 2.250000 1.343925 95188.dat
9 0 0.335235 0.000000 0.942135 0.000000 1.000000 0.000000 -0.942135 0.000000 0.335235 111.059998 21.499998 -40.407501 2.907075 2.250000 1.504000 95188.dat
9 0 0.111625 0.000000 0.993750 0.000000 1.000000 0.000000 -0.993750 0.000000 0.111625 116.850754 21.499998 -13.134498 12.303750 2.250000 1.504000 95188.dat
9 0 1.000000 0.000000 0.000000 0.000000 1.000000 0.000000 0.000000 0.000000 1.000000 10.004925 12.000000 -68.590370 9.754925 11.750000 8.340350 95188.dat
9 0 0.938190 0.000000 0.346120 0.000000 1.000000 0.000000 -0.346120 0.000000 0.938190 40.152500 21.499998 -111.090759 2.907075 2.250000 1.504000 95188.dat
9 0 0.307361 -0.900588 -0.307361 0.707107 0.000000 0.707107 -0.636812 -0.434674 0.636812 69.549004 9.916924 -69.548920 0.701750 10.472775 20.592751 95188.dat
9 0 0.166343 -0.900588 -0.401586 0.923879 -0.000000 0.382684 -0.344640 -0.434674 0.832035 37.639500 9.916924 -90.870049 0.701750 10.472775 20.592751 95188.dat
9 0 0.241492 -0.900588 -0.361418 0.831469 0.000000 0.555571 -0.500340 -0.434674 0.748811 54.644249 9.916924 -81.780899 0.701750 10.472775 20.592751 95188.dat
9 0 0.084801 -0.900588 -0.426322 0.980785 0.000000 0.195090 -0.175696 -0.434674 0.883283 19.188499 9.916924 -96.467247 0.701750 10.472775 20.592751 95188.dat
9 0 0.401587 -0.900588 -0.166343 0.382684 -0.000000 0.923880 -0.832035 -0.434674 0.344640 90.870003 9.916924 -37.639500 0.701750 10.472775 20.592751 95188.dat
9 0 0.426321 -0.900588 -0.084800 0.195090 0.000000 0.980785 -0.883284 -0.434673 0.175696 96.467247 9.916924 -19.188499 0.701750 10.472775 20.592751 95188.dat
9 0 0.361418 -0.900588 -0.241492 0.555571 0.000000 0.831469 -0.748811 -0.434673 0.500340 81.780998 9.916924 -54.644249 0.701750 10.472775 20.592751 95188.dat
9 0 1.000000 0.000000 0.000000 0.000000 1.000000 0.000000 0.000000 0.000000 1.000000 51.875000 12.000000 -31.875000 11.625000 11.750000 11.625000 95188.dat
9 0 0.432892 -0.901446 -0.000000 -0.000000 -0.000000 1.000000 -0.901446 -0.432892 -0.000000 98.162254 11.163874 -6.663001 1.951375 6.413025 20.955000 95188.dat
9 0 1.000000 0.000000 0.000000 0.000000 1.000000 0.000000 0.000000 0.000000 1.000000 22.958651 20.591125 -82.897125 22.708651 3.158875 22.647125 95188.dat
9 0 0.000000 -0.901446 -0.432892 1.000000 0.000000 0.000000 0.000000 -0.432892 0.901446 6.663025 11.163874 -98.162247 1.951375 6.413025 20.955000 95188.dat
9 0 0.707107 0.000000 0.707107 0.000000 1.000000 0.000000 -0.707107 0.000000 0.707107 60.034252 21.803099 -59.980202 42.132999 1.946900 22.142126 95188.dat
9 0 -0.000000 0.000000 -1.000000 0.000000 1.000000 0.000000 1.000000 0.000000 -0.000000 82.897255 20.591125 -22.958750 22.708651 3.158875 22.647125 95188.dat
9 0 -0.000000 0.000000 -1.000000 -0.299595 0.954066 0.000000 0.954066 0.299595 -0.000000 86.900253 13.334224 -1.875001 1.625000 6.304775 13.964801 95188.dat
9 0 -0.000000 0.000000 -1.000000 0.000000 1.000000 0.000000 1.000000 0.000000 -0.000000 68.590256 12.000000 -10.004997 9.754925 11.750000 8.340350 95188.dat
9 0 -0.000000 0.000000 -1.000000 0.000000 1.000000 0.000000 1.000000 0.000000 -0.000000 88.551254 21.803099 -9.392250 9.142349 1.946900 28.301250 95188.dat
9 0 1.000000 0.000000 0.000000 0.000000 1.000000 0.000000 0.000000 0.000000 1.000000 9.392350 21.803099 -88.551300 9.142349 1.946900 28.301250 95188.dat
9 0 0.707107 0.000000 0.707107 0.000000 1.000000 0.000000 -0.707107 0.000000 0.707107 45.884998 12.000000 -45.884899 32.448502 11.750000 7.961300 95188.dat
9 0 0.707107 0.000000 0.707107 0.000000 1.000000 0.000000 -0.707107 0.000000 0.707107 50.552750 12.000000 -50.552853 15.034249 11.750000 5.910700 95188.dat
10 0 -10.049951 0.000000 -70.061501 110.066750 28.450001 50.000000 95188.dat
3 23 1.000000 0.000000 0.000000 0.000000 1.000000 0.000000 0.000000 0.000000 1.000000 0.000000 0.000000 0.000000 8 8 29:0:1,29:0:1,29:0:1,29:0:1,29:0:1,29:0:1,18:4:1,23:4:1,18:1:1,29:0:1,29:0:1,29:0:1,29:0:1,29:0:1,29:0:1,23:4:1,0:4:0,23:4:1,29:0:1,29:0:1,29:0:1,29:0:1,18:4:1,23:4:1,18:4:1,23:4:1,18:2:1,29:0:1,29:0:1,29:0:1,29:0:1,23:4:1,0:4:1,23:4:1,18:4:1,29:0:1,29:0:1,29:0:1,18:4:1,23:4:1,18:4:1,23:4:1,18:4:1,23:4:1,29:0:1,29:0:1,29:0:1,23:4:1,0:4:1,23:4:1,0:4:0,23:4:1,29:0:1,29:0:1,18:4:1,23:4:1,18:4:1,23:4:1,18:4:1,23:4:1,18:4:1,29:0:1,29:0:1,23:4:1,0:4:0,23:4:1,18:4:1,23:4:1,29:0:1,29:0:1,29:0:1,29:0:1,18:1:1,23:4:1,18:2:1,23:4:1,29:0:1,29:0:1,29:0:1,29:0:1,29:0:1, 95188.dat
2 22 1.000000 0.000000 0.000000 0.000000 1.000000 0.000000 0.000000 0.000000 1.000000 0.066850 24.000000 0.061500 12 12 29:0:1,29:0:1,29:0:1,29:0:1,29:0:1,29:0:1,22:2:1,22:2:1,22:2:1,22:2:1,22:2:1,22:2:1,22:2:1,29:0:1,29:0:1,29:0:1,29:0:1,29:0:1,29:0:1,22:2:1,15:4:1,23:4:1,15:4:1,23:4:1,15:4:1,22:2:1,29:0:1,29:0:1,29:0:1,29:0:1,22:2:1,22:2:1,22:2:1,23:4:1,7:4:2,23:4:1,7:4:2,23:4:1,22:2:1,29:0:1,29:0:1,29:0:1,29:0:1,22:2:1,15:4:1,23:4:1,15:4:1,23:4:1,15:4:1,23:4:1,15:4:0,29:0:1,29:0:1,29:0:1,22:2:1,22:2:1,22:2:1,23:4:1,7:4:2,23:4:1,7:4:2,23:4:1,7:4:2,22:2:1,29:0:1,29:0:1,29:0:1,22:2:1,15:4:1,23:4:1,15:4:1,23:4:1,15:4:1,23:4:1,15:4:1,23:4:1,29:0:1,29:0:1,22:2:1,22:2:1,22:2:1,23:4:1,7:4:2,23:4:1,7:4:2,23:4:1,7:4:2,23:4:1,22:2:1,29:0:1,29:0:1,22:2:1,15:4:1,23:4:1,15:4:1,23:4:1,15:4:1,23:4:1,15:4:1,23:4:1,15:4:0,29:0:1,29:0:1,29:0:1,22:2:1,23:4:1,7:4:2,23:4:1,7:4:2,23:4:1,7:4:2,23:4:1,22:2:1,22:2:1,29:0:1,29:0:1,29:0:1,22:2:1,15:4:1,23:4:1,15:4:1,23:4:1,15:4:1,23:4:1,15:4:0,22:2:1,29:0:1,29:0:1,29:0:1,29:0:1,22:2:1,23:4:1,7:4:2,23:4:1,7:4:2,23:4:1,22:2:1,29:0:1,29:0:1,29:0:1,29:0:1,29:0:1,29:0:1,22:2:1,15:4:1,23:4:1,15:4:0,22:2:1,29:0:1,29:0:1,29:0:1,29:0:1,29:0:1,29:0:1,29:0:1,29:0:1,22:2:1,22:2:1,22:2:1,29:0:1,29:0:1,29:0:1,29:0:1,29:0:1,29:0:1,29:0:1,29:0:1,29:0:1,29:0:1, 95188.dat
