9 0 -1.000000 0.000000 -0.000000 0.000000 1.000000 0.000000 0.000000 0.000000 -1.000000 -0.000004 -6.224425 12.404325 12.250000 20.704500 1.340050 95204.dat
9 0 0.500000 0.000000 -0.866025 0.000000 1.000000 0.000000 0.866025 0.000000 0.500000 -12.649872 -16.483225 -7.303405 9.002725 11.954400 1.340050 95204.dat
9 0 -1.000000 0.000000 -0.000000 0.000000 1.000000 0.000000 0.000000 0.000000 -1.000000 0.000005 -10.145200 -14.797375 18.406425 20.704500 1.340050 95204.dat
9 0 0.000000 0.037896 -0.999282 -0.000000 0.999282 0.037896 1.000000 0.000000 0.000000 26.788748 1.141025 7.683684 3.550150 6.669150 4.727875 95204.dat
9 0 0.000000 0.037896 -0.999282 -0.000000 0.999282 0.037896 1.000000 0.000000 0.000000 -26.719004 1.141025 7.683666 3.550150 6.669150 4.727875 95204.dat
9 0 -1.000000 0.000000 -0.000000 0.000000 1.000000 0.000000 0.000000 0.000000 -1.000000 0.121025 -29.004999 1.022675 12.493600 3.333250 12.003775 95204.dat
9 0 -1.000000 0.000000 -0.000000 0.000000 1.000000 0.000000 0.000000 0.000000 -1.000000 -0.000003 -38.864750 10.281225 4.156375 8.534699 9.026250 95204.dat
9 0 -0.500000 0.000000 -0.866026 0.000000 1.000000 0.000000 0.866026 0.000000 -0.500000 -12.649878 -16.483225 7.303396 9.002725 11.954400 1.340050 95204.dat
9 0 0.382683 0.000000 0.923880 0.000000 1.000000 0.000000 -0.923880 0.000000 0.382683 13.494952 -16.483225 -5.589796 9.002725 11.954400 1.340050 95204.dat
9 0 -0.382684 0.000000 0.923879 0.000000 1.000000 0.000000 -0.923879 0.000000 -0.382684 13.494949 -16.483225 5.589805 9.002725 11.954400 1.340050 95204.dat
10 0 -31.766998 -15.776324 -24.105900 31.762999 47.668999 19.307474 95204.dat
2 22 -1.000000 0.000000 -0.000000 0.000000 1.000000 0.000000 0.000000 0.000000 -1.000000 10.000003 -24.000000 -9.999997 2 2 29:0:0,29:0:0,29:0:0,29:0:0,15:4:33,29:0:0,29:0:0,29:0:0,29:0:0, 95204.dat
