9 0 1.000000 0.000000 0.000000 0.000000 1.000000 0.000000 0.000000 0.000000 1.000000 0.000000 -5.247125 4.644700 12.250000 3.251575 15.252950 95200.dat
9 0 1.000000 0.000000 0.000000 0.000000 0.974037 -0.226390 0.000000 0.226390 0.974037 0.000000 10.397824 17.589701 5.848375 12.736724 1.280375 95200.dat
9 0 0.991200 -0.004872 0.132284 0.096026 0.714310 -0.693210 -0.091115 0.699813 0.708492 13.377699 7.661400 6.012350 0.817100 5.391225 10.817451 95200.dat
9 0 1.000000 0.000000 0.000000 0.000000 0.876596 -0.481227 0.000000 0.481227 0.876596 0.000000 1.666000 -13.497549 3.662950 7.894275 1.461500 95200.dat
9 0 0.791076 -0.138487 -0.595835 0.006961 0.976012 -0.217608 0.611678 0.167997 0.773064 7.038325 9.622875 15.497451 5.848375 10.608425 1.280375 95200.dat
9 0 0.357824 0.933705 -0.012525 -0.547642 0.198971 -0.812710 -0.756339 0.297667 0.582533 9.259501 1.031200 -9.701625 3.662950 8.044275 1.159575 95200.dat
9 0 -0.791076 -0.138487 -0.595835 -0.006962 0.976012 -0.217607 0.611678 -0.167996 -0.773064 -7.056050 9.622875 15.497451 5.848375 10.608425 1.280375 95200.dat
9 0 -0.991200 -0.004872 0.132285 -0.096027 0.714310 -0.693210 -0.091115 -0.699813 -0.708492 -13.395426 7.661400 6.012350 0.817100 5.391225 10.817451 95200.dat
9 0 -0.357824 0.933705 -0.012526 0.547643 0.198971 -0.812710 -0.756339 -0.297667 -0.582534 -9.277225 1.031200 -9.701625 3.662950 8.044275 1.159575 95200.dat
10 0 -16.145050 -23.669350 -22.687649 16.127325 10.993450 19.008450 95200.dat
2 22 1.000000 0.000000 0.000000 0.000000 1.000000 0.000000 0.000000 0.000000 1.000000 -10.000000 0.000000 10.000000 2 2 29:0:0,29:0:0,29:0:0,29:0:0,15:4:33,29:0:0,29:0:0,29:0:0,29:0:0, 95200.dat
