9 0 1.000000 0.000000 0.000000 0.000000 1.000000 0.000000 0.000000 0.000000 1.000000 0.000000 1.249999 0.000000 4.868325 1.250000 4.868325 95228.dat
9 0 1.000000 0.000000 0.000000 0.000000 1.000000 0.000000 0.000000 0.000000 1.000000 0.000000 9.953249 0.000000 2.478400 9.953375 2.478400 95228.dat
9 0 1.000000 0.000000 0.000000 0.000000 1.000000 0.000000 0.000000 0.000000 1.000000 0.000000 31.328375 -6.494950 4.771950 10.921625 1.869950 95228.dat
9 0 0.707107 0.000000 0.707107 0.000000 1.000000 0.000000 -0.707107 0.000000 0.707107 4.270125 39.073975 -4.270125 3.316775 8.176025 0.469350 95228.dat
9 0 -0.500000 0.000611 0.866025 0.001222 0.999999 0.000000 -0.866025 0.001059 -0.500000 5.611150 31.321499 3.247475 4.771950 10.921625 1.869950 95228.dat
9 0 -0.999999 0.001222 -0.000000 0.001222 0.999999 0.000000 0.000000 -0.000000 -1.000000 -0.013650 31.328375 6.494950 4.771950 10.921625 1.869950 95228.dat
9 0 -0.707107 0.000000 0.707107 0.000000 1.000000 0.000000 -0.707107 0.000000 -0.707107 4.270125 39.073975 4.270125 3.316775 8.176025 0.469350 95228.dat
9 0 -0.707107 0.000000 -0.707107 0.000000 1.000000 0.000000 0.707107 0.000000 -0.707107 -4.270125 39.073975 4.270125 3.316775 8.176025 0.469350 95228.dat
9 0 0.707107 0.000000 -0.707107 0.000000 1.000000 0.000000 0.707107 0.000000 0.707107 -4.270125 39.073975 -4.270125 3.316775 8.176025 0.469350 95228.dat
9 0 0.500000 -0.000611 0.866025 0.001222 0.999999 -0.000000 -0.866025 0.001058 0.500000 5.611150 31.321499 -3.247475 4.771950 10.921625 1.869950 95228.dat
9 0 -0.500000 0.000611 -0.866025 0.001222 0.999999 -0.000000 0.866025 -0.001059 -0.500000 -5.638450 31.335249 3.247475 4.771950 10.921625 1.869950 95228.dat
9 0 0.500000 -0.000611 -0.866025 0.001222 0.999999 0.000000 0.866025 -0.001058 0.500000 -5.638450 31.335249 -3.247475 4.771950 10.921625 1.869950 95228.dat
10 0 -10.000000 0.000000 -10.000000 10.000000 52.174995 10.000000 95228.dat
0 7 1.000000 0.000000 0.000000 0.000000 1.000000 0.000000 0.000000 0.000000 1.000000 0.000000 16.250000 0.000000 1 1 0.470000 0 1 95228.dat
2 22 1.000000 0.000000 0.000000 0.000000 1.000000 0.000000 0.000000 0.000000 1.000000 -10.000000 47.500000 10.000000 2 2 29:0:0,29:0:0,29:0:0,29:0:0,5:4:34,29:0:0,29:0:0,29:0:0,29:0:0, 95228.dat
3 23 1.000000 0.000000 0.000000 0.000000 1.000000 0.000000 0.000000 0.000000 1.000000 -10.000000 -0.250000 10.000000 2 2 29:0:0,29:0:0,29:0:0,29:0:0,1:4:34,29:0:0,29:0:0,29:0:0,29:0:0, 95228.dat
0 6 -0.000000 0.000000 1.000000 0.000000 1.000000 0.000000 -1.000000 0.000000 -0.000000 0.000000 42.500000 0.000000 0 1 0.800000 0 0 95228.dat
