9 0 -0.707107 0.000000 0.707107 0.000000 1.000000 0.000000 -0.707107 0.000000 -0.707107 0.000000 -6.237700 0.000000 5.572900 6.012300 5.572900 95342.dat
9 0 0.000000 0.000000 1.000000 0.000000 1.000000 0.000000 -1.000000 0.000000 0.000000 0.000000 -24.494324 0.000000 11.414525 7.534000 7.804575 95342.dat
9 0 -0.707107 0.000000 0.707107 0.000000 1.000000 0.000000 -0.707107 0.000000 -0.707107 0.000000 -11.700200 0.000000 6.350000 6.012300 6.350000 95342.dat
9 0 0.000000 -0.535578 0.844486 0.000000 0.844486 0.535578 -1.000000 0.000000 0.000000 0.000002 -27.664000 7.839225 11.414525 5.537200 2.977350 95342.dat
9 0 -0.000000 -0.956363 -0.292181 0.000000 -0.292181 0.956363 -1.000000 0.000000 0.000000 -0.000004 -32.120247 -11.398275 11.414525 5.537200 2.977350 95342.dat
10 0 -20.028950 -0.024625 -9.816175 20.444225 45.067001 9.816175 95342.dat
2 22 0.000000 0.000000 1.000000 0.000000 1.000000 0.000000 -1.000000 0.000000 0.000000 -10.000003 0.000000 -9.999997 2 2 29:0:0,29:0:0,29:0:0,29:0:0,5:4:34,29:0:0,29:0:0,29:0:0,29:0:0, 95342.dat
