9 0 0.000000 0.000000 -1.000000 -0.000000 -1.000000 -0.000000 -1.000000 0.000000 -0.000000 -19.262465 -39.250000 -15.031253 44.031250 24.250000 6.512500 95652.dat
9 0 0.000000 0.000000 -1.000000 -0.000000 -1.000000 -0.000000 -1.000000 0.000000 -0.000000 20.887512 -35.106251 -15.031240 44.031250 20.106224 4.887525 95652.dat
9 0 0.000000 0.000000 -1.000000 -1.000000 -0.000000 -0.000000 -0.000000 1.000000 -0.000000 0.000036 -66.462502 -16.116495 45.116501 25.775000 2.462500 95652.dat
9 0 1.000000 -0.000000 0.000000 -0.000000 -1.000000 -0.000000 0.000000 0.000000 -1.000000 0.250005 -22.237549 2.723178 15.250000 5.212500 26.276749 95652.dat
9 0 0.000000 0.000000 -1.000000 0.000000 1.000000 0.000000 1.000000 0.000000 0.000000 0.000006 8.541125 0.100753 19.750000 0.469350 9.750000 95652.dat
9 0 0.000000 0.000000 -1.000000 0.000000 1.000000 0.000000 1.000000 0.000000 0.000000 0.000007 -12.318450 -4.625022 24.375025 4.206600 9.750000 95652.dat
9 0 0.000000 0.000000 -1.000000 0.000000 1.000000 0.000000 1.000000 0.000000 0.000000 0.000015 -6.745125 -28.499996 0.500025 6.494400 9.750000 95652.dat
9 0 0.000000 0.707107 -0.707107 -0.000000 0.707107 0.707107 1.000000 0.000000 0.000000 0.000014 5.819225 -25.773746 0.151900 2.517750 9.750000 95652.dat
9 0 0.000000 -0.941597 -0.336741 0.000000 0.336741 -0.941597 1.000000 0.000000 0.000000 -0.000001 7.907375 22.289679 0.173600 2.445150 9.750000 95652.dat
9 0 -0.000000 -1.000000 0.000000 0.000000 -0.000000 -1.000000 1.000000 0.000000 0.000000 0.000003 0.699300 9.950078 8.311174 1.950125 9.750000 95652.dat
9 0 -0.000000 -1.000000 0.000000 0.000000 -0.000000 -1.000000 1.000000 0.000000 0.000000 0.000010 0.774775 -9.995248 8.235700 2.004850 9.750000 95652.dat
9 0 0.000000 -0.304778 -0.952423 0.000000 0.952423 -0.304778 1.000000 0.000000 0.000000 -0.000002 2.176000 27.910805 0.197700 2.333875 9.750000 95652.dat
9 0 0.000000 0.000000 -1.000000 0.000000 1.000000 0.000000 1.000000 0.000000 0.000000 0.000076 -40.731251 -64.231247 4.668775 25.731251 25.775000 95652.dat
9 0 0.000000 0.000000 -1.000000 -1.000000 -0.000000 -0.000000 -0.000000 1.000000 -0.000000 22.762512 -51.689499 -20.099991 38.962502 6.762500 11.590650 95652.dat
9 0 0.000000 0.000000 -1.000000 -1.000000 -0.000000 -0.000000 -0.000000 1.000000 -0.000000 -21.137487 -41.962502 -20.100002 38.962502 8.387500 17.712502 95652.dat
9 0 0.000000 0.000000 -1.000000 0.000000 1.000000 0.000000 1.000000 0.000000 0.000000 0.100005 -5.199200 5.218728 2.281225 2.261700 9.650001 95652.dat
9 0 0.000000 0.000000 -1.000000 0.000000 1.000000 0.000000 1.000000 0.000000 0.000000 0.100005 5.216600 5.218728 2.281225 2.261700 9.650001 95652.dat
9 0 0.000000 0.000000 -1.000000 0.000000 1.000000 0.000000 1.000000 0.000000 0.000000 0.100008 5.216600 -5.211247 2.281225 2.261700 9.650001 95652.dat
9 0 0.000000 0.000000 -1.000000 0.000000 1.000000 0.000000 1.000000 0.000000 0.000000 0.100008 -5.272275 -5.211247 2.281225 2.261700 9.650001 95652.dat
9 0 0.000000 0.000000 -1.000000 -1.000000 -0.000000 -0.000000 -0.000000 1.000000 -0.000000 13.637537 -62.462502 -16.116493 45.116501 12.137500 6.462500 95652.dat
9 0 0.000000 0.532103 -0.846679 -0.000000 0.846679 0.532103 1.000000 0.000000 0.000000 -0.000002 -3.922500 27.217054 0.196750 2.445150 9.750000 95652.dat
9 0 0.000000 0.976755 -0.214358 -0.000000 0.214358 0.976755 1.000000 0.000000 0.000000 -0.000001 -7.928275 22.275229 0.157475 2.445150 9.750000 95652.dat
9 0 0.000000 0.000000 -1.000000 -1.000000 -0.000000 -0.000000 -0.000000 1.000000 -0.000000 0.000049 -41.962502 -58.393745 28.018749 69.000000 26.962502 95652.dat
10 0 -10.000000 -10.000000 -79.500504 109.784744 69.750000 59.500004 95652.dat
0 2 0.000000 0.000000 -1.000000 -1.000000 -0.000000 -0.000000 -0.000000 1.000000 -0.000000 -10.000000 0.000000 20.000000 0 0 0.800000 0 0 95652.dat
4 28 0.000000 -1.000000 0.000000 -0.000000 0.000000 1.000000 -1.000000 -0.000000 -0.000000 1.369482 -52.192997 -0.750022 2 Port0 95652.dat
0 4 0.000000 0.000000 -1.000000 -1.000000 -0.000000 -0.000000 -0.000000 1.000000 -0.000000 -9.999994 0.000000 0.000000 0 0 0.800000 0 0 95652.dat
0 2 0.000000 0.000000 -1.000000 -1.000000 -0.000000 -0.000000 -0.000000 1.000000 -0.000000 -9.999988 0.000000 -20.000000 0 0 0.800000 0 0 95652.dat
2 22 0.000000 0.000000 -1.000000 -1.000000 -0.000000 -0.000000 -0.000000 1.000000 -0.000000 -10.000003 10.000000 30.000002 2 6 22:1:1,22:2:1,22:2:1,22:2:1,22:2:1,22:2:1,22:1:1,22:2:1,16:4:64,22:2:1,29:0:1,22:2:1,16:4:64,22:2:1,22:1:1,22:2:1,22:2:1,22:2:1,22:2:1,22:2:1,22:1:1, 95652.dat
2 22 0.000000 0.000000 -1.000000 1.000000 -0.000000 0.000000 -0.000000 -1.000000 -0.000000 9.999997 -10.000000 30.000008 2 6 22:1:1,22:2:1,22:2:1,22:2:1,22:2:1,22:2:1,22:1:1,22:2:1,16:4:64,22:2:1,29:0:1,22:2:1,16:4:64,22:2:1,22:1:1,22:2:1,22:2:1,22:2:1,22:2:1,22:2:1,22:1:1, 95652.dat
0 2 -1.000000 -0.000000 -0.000000 -0.000000 -0.000000 1.000000 -0.000000 1.000000 0.000000 40.000011 -40.000000 -9.999986 0 0 0.800000 0 0 95652.dat
0 2 -1.000000 -0.000000 -0.000000 -0.000000 -0.000000 1.000000 -0.000000 1.000000 0.000000 -39.999992 -40.000000 -10.000010 0 0 0.800000 0 0 95652.dat
2 22 -1.000000 -0.000000 -0.000000 -0.000000 -0.000000 1.000000 -0.000000 1.000000 0.000000 50.000011 -30.000002 -9.999983 2 10 22:1:1,22:2:1,22:2:1,29:0:1,29:0:1,29:0:1,29:0:1,29:0:1,22:2:1,22:2:1,22:1:1,22:2:1,16:4:64,22:2:1,29:0:1,29:0:1,29:0:1,29:0:1,29:0:1,22:2:1,16:4:64,22:2:1,22:1:1,22:2:1,22:2:1,29:0:1,29:0:1,29:0:1,29:0:1,29:0:1,22:2:1,22:2:1,22:1:1, 95652.dat
