9 0 -0.195287 -0.979970 -0.039005 0.708341 -0.168441 0.685478 -0.678318 0.106236 0.727048 11.018476 4.966375 11.001150 0.245200 1.675850 7.535749 95674.dat
9 0 0.195286 -0.979970 -0.039005 -0.708341 -0.168440 0.685479 -0.678319 -0.106236 -0.727047 -11.018476 4.966375 11.001150 0.245200 1.675850 7.535749 95674.dat
9 0 0.195286 -0.979970 0.039005 -0.708341 -0.168440 -0.685479 0.678319 0.106236 -0.727047 -11.018476 4.966375 -11.001150 0.245200 1.675850 7.535749 95674.dat
9 0 -0.195287 -0.979970 0.039005 0.708341 -0.168441 -0.685478 0.678318 -0.106236 0.727048 11.018476 4.966375 -11.001150 0.245200 1.675850 7.535749 95674.dat
9 0 1.000000 0.000000 0.000000 0.000000 1.000000 0.000000 0.000000 0.000000 1.000000 0.000000 -6.250000 0.000000 6.546225 6.000000 6.546225 95674.dat
9 0 -0.685900 -0.243069 -0.685900 -0.171876 0.970009 -0.171876 0.707107 -0.000000 -0.707107 -7.999424 -2.619950 -7.999424 0.245200 8.653625 6.448475 95674.dat
9 0 -0.685900 -0.243069 0.685900 -0.171876 0.970009 0.171876 -0.707107 0.000000 -0.707107 -7.999424 -2.619950 7.999424 0.245200 8.653625 6.448475 95674.dat
9 0 0.685900 -0.243069 -0.685900 0.171876 0.970009 -0.171876 0.707107 -0.000000 0.707107 7.999424 -2.619950 -7.999424 0.245200 8.653625 6.448475 95674.dat
9 0 0.685900 -0.243069 0.685900 0.171876 0.970009 0.171876 -0.707107 0.000000 0.707107 7.999424 -2.619950 7.999424 0.245200 8.653625 6.448475 95674.dat
9 0 0.000000 -0.243069 -0.970009 0.000000 0.970009 -0.243069 1.000000 0.000000 0.000000 0.000000 -2.619950 -11.312875 0.245200 8.653625 6.448475 95674.dat
9 0 -0.970009 -0.243069 -0.000000 -0.243069 0.970009 -0.000000 0.000000 0.000000 -1.000000 -11.312875 -2.619950 0.000000 0.245200 8.653625 6.448475 95674.dat
9 0 0.970009 -0.243070 0.000000 0.243070 0.970009 0.000000 0.000000 0.000000 1.000000 11.312875 -2.619950 0.000000 0.245200 8.653625 6.448475 95674.dat
9 0 0.000000 -0.243069 0.970009 0.000000 0.970009 0.243069 -1.000000 -0.000000 0.000000 0.000000 -2.619950 11.312875 0.245200 8.653625 6.448475 95674.dat
9 0 0.460257 -0.887726 0.010331 -0.887502 -0.460373 -0.019922 0.022441 -0.000000 -0.999748 -15.355275 4.551825 -0.007425 0.245200 1.675850 8.316350 95674.dat
9 0 -0.002923 -0.991476 0.130258 0.022246 -0.130291 -0.991226 0.999748 0.000001 0.022437 0.042900 5.916275 -16.935024 0.245200 1.675850 8.316350 95674.dat
9 0 0.002923 -0.991476 -0.130258 -0.022245 -0.130290 0.991226 -0.999748 0.000000 -0.022437 -0.042900 5.916275 16.935024 0.245200 1.675850 8.316350 95674.dat
9 0 -0.459173 -0.888287 -0.010329 0.888064 -0.459289 0.019917 -0.022436 -0.000028 0.999748 15.349725 4.570575 0.007425 0.245200 1.675850 8.316350 95674.dat
10 0 -18.333475 -8.077850 -20.422874 18.333475 13.453650 20.422874 95674.dat
2 22 1.000000 0.000000 0.000000 0.000000 1.000000 0.000000 0.000000 0.000000 1.000000 -10.000000 0.000000 10.000000 2 2 29:0:0,29:0:0,29:0:0,29:0:0,5:4:34,29:0:0,29:0:0,29:0:0,29:0:0, 95674.dat
