9 0 -1.000000 0.000000 -0.000000 0.000000 1.000000 0.000000 0.000000 0.000000 -1.000000 -1.897706 18.180975 17.426725 7.610175 11.168924 19.684801 96207.dat
9 0 -1.000000 0.000000 -0.000000 0.000000 1.000000 0.000000 0.000000 0.000000 -1.000000 -1.897694 17.762449 -19.442051 7.610175 7.798625 16.684000 96207.dat
9 0 -1.000000 0.000000 -0.000000 0.000000 1.000000 0.000000 0.000000 0.000000 -1.000000 -1.897700 26.790501 0.049599 3.261925 4.182275 14.747900 96207.dat
9 0 -1.000000 0.000000 -0.000000 -0.000000 0.998042 0.062545 0.000000 0.062545 -0.998042 -1.912918 8.484675 -19.799126 2.417150 1.495025 3.690825 96207.dat
9 0 -1.000000 0.000000 -0.000000 -0.000000 0.987839 0.155481 0.000000 0.155481 -0.987839 -1.912931 4.483675 19.197149 2.417150 1.495025 3.690825 96207.dat
9 0 -1.000000 0.000000 -0.000000 -0.000000 0.974458 0.224568 0.000000 0.224568 -0.974458 -1.914678 3.711425 7.943899 2.252275 2.595800 1.269750 96207.dat
9 0 -1.000000 0.000000 -0.000000 0.000000 0.981466 -0.191637 0.000000 -0.191637 -0.981466 -1.914672 5.259225 -8.125801 2.252275 3.787300 1.269750 96207.dat
9 0 -1.000000 0.000000 -0.000000 0.000000 -0.000000 -1.000000 -0.000000 -1.000000 0.000000 -1.914675 0.111325 -0.122051 2.758900 8.226075 1.467400 96207.dat
10 0 -6.021250 -32.265499 -39.818748 9.816650 3.245850 40.007000 96207.dat
0 7 0.000000 1.000000 0.000000 -0.000000 -0.000000 1.000000 1.000000 0.000000 0.000000 -1.897702 0.000000 6.165899 1 1 0.488307 0 1 96207.dat
