9 0 1.000000 0.000000 0.000000 0.000000 1.000000 0.000000 -0.000000 0.000000 1.000000 0.000000 -0.028775 -0.003900 9.603925 2.665075 2.290900 97927.dat
9 0 0.866025 0.000000 0.500000 0.000000 1.000000 0.000000 -0.500000 0.000000 0.866025 -13.859399 0.001175 -3.015204 9.442924 2.247950 1.000000 97927.dat
9 0 0.342020 0.000000 0.939693 0.000000 1.000000 0.000000 -0.939693 0.000000 0.342020 -17.222624 0.000000 -5.653556 4.211300 1.000000 3.475300 97927.dat
9 0 0.994491 0.000000 0.104820 0.000000 1.000000 0.000000 -0.104820 0.000000 0.994491 -15.204096 0.000000 -14.658329 2.135375 2.250000 1.566925 97927.dat
9 0 -0.994491 0.000000 0.104820 0.000000 1.000000 0.000000 -0.104820 0.000000 -0.994491 15.204104 0.000000 -14.658319 2.135400 2.250000 1.566925 97927.dat
9 0 -0.553708 0.000000 0.832711 0.000000 1.000000 0.000000 -0.832711 0.000000 -0.553708 17.201576 0.000000 -6.326219 4.286525 1.000000 3.475300 97927.dat
9 0 -0.819152 0.000000 0.573576 0.000000 1.000000 0.000000 -0.573576 0.000000 -0.819152 12.748676 0.001175 -3.015196 8.519025 2.247950 1.000000 97927.dat
9 0 -0.640610 0.000000 0.767867 0.000000 1.000000 0.000000 -0.767867 0.000000 -0.640610 -27.206245 0.000000 -18.147984 3.734625 3.750000 0.538125 97927.dat
9 0 -0.911859 0.000000 -0.410504 0.000000 1.000000 0.000000 0.410504 0.000000 -0.911859 -19.951218 0.000000 -19.463482 4.135475 3.750000 0.314675 97927.dat
9 0 -0.692755 0.000000 -0.721173 0.000000 1.000000 0.000000 0.721173 0.000000 -0.692755 26.882505 0.000000 -18.064842 4.135475 3.750000 0.314675 97927.dat
9 0 -0.880910 0.000000 0.473285 0.000000 1.000000 0.000000 -0.473285 0.000000 -0.880910 19.430355 0.000000 -19.428270 3.472850 3.750000 0.538125 97927.dat
10 0 -30.564001 -4.000000 -22.018000 30.564001 4.000000 3.993600 97927.dat
0 7 -0.000000 1.000000 0.000000 -1.000000 0.000000 -0.000000 -0.000000 -0.000000 1.000000 -5.000000 0.000000 -0.000002 0 0 0.400001 0 0 97927.dat
6 140 0.707108 0.000000 -0.707106 0.000000 -1.000000 -0.000000 -0.707106 -0.000000 -0.707108 -22.756969 0.000000 -14.428232 0.000000 0.000000 0.000000 0.000000 0 97927.dat
6 140 -0.707107 -0.000000 -0.707106 -0.000000 -1.000000 0.000000 -0.707106 0.000000 0.707107 22.756979 0.000000 -14.428218 0.000000 0.000000 0.000000 0.000000 0 97927.dat
