9 0 -0.758989 -0.651103 -0.000000 -0.651103 0.758989 -0.000000 0.000000 0.000000 -1.000000 48.272751 34.297001 0.013716 10.230000 8.132650 1.604875 98057.dat
9 0 -0.938687 -0.344770 -0.000000 -0.344770 0.938687 -0.000000 0.000000 0.000000 -1.000000 32.827751 39.306252 1.307861 26.380751 2.934075 14.789001 98057.dat
9 0 -0.907137 -0.420835 -0.000000 -0.420835 0.907137 -0.000000 0.000000 0.000000 -1.000000 70.060501 55.083752 0.584698 17.302525 1.456250 4.560725 98057.dat
9 0 -0.715711 -0.698396 -0.000000 -0.698396 0.715711 -0.000000 0.000000 0.000000 -1.000000 90.120750 57.639248 0.655829 1.187425 7.677850 6.224275 98057.dat
9 0 -0.961342 -0.275072 -0.012556 -0.275311 0.961022 0.025300 0.005107 0.027779 -0.999601 35.318748 25.874748 0.214637 11.111626 8.132650 1.776900 98057.dat
9 0 -0.902162 -0.431078 -0.016589 -0.431367 0.901887 0.022860 0.005107 0.027779 -0.999601 17.252075 28.269499 0.133681 5.160525 0.618050 1.776900 98057.dat
9 0 -0.649539 -0.759936 -0.024437 -0.760311 0.649405 0.014163 0.005107 0.027779 -0.999601 24.278200 23.530050 0.080683 5.160525 7.367225 1.776900 98057.dat
9 0 -0.758989 -0.651103 -0.000000 -0.651103 0.758989 -0.000000 0.000000 0.000000 -1.000000 63.778503 42.974751 0.013721 6.688900 4.623200 1.604875 98057.dat
9 0 -1.000000 0.000000 -0.000000 0.000000 1.000000 0.000000 0.000000 0.000000 -1.000000 -0.286362 0.102175 -39.362999 2.255050 8.631949 3.911800 98057.dat
9 0 -0.894873 -0.280786 -0.346932 -0.259675 0.959754 -0.106964 0.363004 -0.005630 -0.931771 28.756512 11.852175 -32.932991 13.457126 3.199900 1.805325 98057.dat
9 0 -0.698144 -0.686912 -0.201860 -0.701350 0.712817 -0.000000 0.143890 0.141575 -0.979414 66.579010 37.886501 -15.464478 26.098499 3.105200 3.110450 98057.dat
9 0 -0.732700 -0.652470 -0.193478 -0.665036 0.746811 -0.000001 0.144492 0.128670 -0.981105 69.952003 34.898750 -14.494352 23.467424 1.668425 1.621650 98057.dat
9 0 -1.000000 0.000000 -0.000000 0.000000 1.000000 0.000000 0.000000 0.000000 -1.000000 -5.175587 1.094725 -39.613255 1.899950 6.765075 4.162175 98057.dat
9 0 -1.000000 0.000000 -0.000000 -0.000000 0.980819 0.194921 0.000000 0.194921 -0.980819 0.790937 19.900450 -36.950748 3.332375 11.497600 2.696125 98057.dat
9 0 -1.000000 0.000000 -0.000000 0.000000 1.000000 0.000000 0.000000 0.000000 -1.000000 6.286138 2.065750 -38.904747 3.494100 6.668375 3.280575 98057.dat
9 0 -1.000000 0.000000 -0.000000 0.000000 1.000000 0.000000 0.000000 0.000000 -1.000000 13.340862 6.230975 -37.976498 3.494100 2.503150 2.525250 98057.dat
9 0 -0.894873 -0.280786 -0.346933 -0.368721 0.903090 0.220169 0.251491 0.324944 -0.911682 18.924986 22.674700 -30.632492 19.318325 9.137525 1.805325 98057.dat
9 0 -0.894873 -0.280786 -0.346933 -0.375175 0.894279 0.243946 0.241758 0.348461 -0.905609 44.503258 19.425449 -25.248735 4.565075 3.199900 1.805325 98057.dat
9 0 -0.698143 -0.686912 -0.201860 -0.715805 0.663848 0.216633 -0.014803 0.295733 -0.955156 61.542503 40.093750 -17.230806 20.360249 3.105200 1.004875 98057.dat
9 0 -0.891041 -0.413367 -0.187544 -0.420834 0.907138 0.000000 0.170128 0.078925 -0.982256 66.672501 53.512001 -7.442129 12.898726 1.456225 4.560725 98057.dat
9 0 -0.941619 -0.240849 -0.235256 -0.247804 0.968810 -0.000000 0.227919 0.058298 -0.971933 11.207933 33.663498 -26.564747 12.250000 4.270225 3.713100 98057.dat
9 0 -0.941619 -0.240849 -0.235256 -0.247804 0.968810 -0.000000 0.227919 0.058298 -0.971933 41.685257 41.459251 -17.293636 20.006750 4.270225 2.103150 98057.dat
9 0 -0.689781 -0.675534 -0.260491 -0.708634 0.703688 0.051583 0.148458 0.220174 -0.964097 45.784004 30.451752 -17.869434 6.338225 11.917300 2.103150 98057.dat
9 0 -0.685056 -0.438868 -0.581458 -0.594240 0.798351 0.097542 0.421400 0.412347 -0.807708 85.875496 55.222000 -6.828072 4.539875 7.412850 1.855475 98057.dat
9 0 -1.000000 0.000000 -0.000000 0.000000 1.000000 0.000000 0.000000 0.000000 -1.000000 -0.286388 0.102175 39.362999 2.255050 8.631949 3.911800 98057.dat
9 0 -0.894873 -0.280786 0.346932 -0.259675 0.959754 0.106964 -0.363003 0.005630 -0.931771 28.756487 11.852175 32.933010 13.457126 3.199900 1.805325 98057.dat
9 0 -0.698144 -0.686912 0.201860 -0.701350 0.712817 -0.000000 -0.143889 -0.141575 -0.979415 66.578995 37.886501 15.464522 26.098499 3.105200 3.110450 98057.dat
9 0 -0.732700 -0.652470 0.193478 -0.665036 0.746811 0.000000 -0.144492 -0.128670 -0.981105 69.951996 34.898750 14.494397 23.467424 1.668425 1.621650 98057.dat
9 0 -1.000000 0.000000 -0.000000 0.000000 1.000000 0.000000 0.000000 0.000000 -1.000000 -5.175613 1.094725 39.613247 1.899950 6.765075 4.162175 98057.dat
9 0 -1.000000 0.000000 -0.000000 0.000000 0.980819 -0.194921 0.000000 -0.194921 -0.980819 0.790913 19.900450 36.950748 3.332375 11.497600 2.696125 98057.dat
9 0 -1.000000 0.000000 -0.000000 0.000000 1.000000 0.000000 0.000000 0.000000 -1.000000 6.286112 2.065750 38.904755 3.494100 6.668375 3.280575 98057.dat
9 0 -1.000000 0.000000 -0.000000 0.000000 1.000000 0.000000 0.000000 0.000000 -1.000000 13.340838 6.230975 37.976501 3.494100 2.503150 2.525250 98057.dat
9 0 -0.894873 -0.280786 0.346932 -0.368721 0.903090 -0.220169 -0.251490 -0.324944 -0.911682 18.924965 22.674700 30.632505 19.318325 9.137525 1.805325 98057.dat
9 0 -0.894873 -0.280786 0.346932 -0.375174 0.894279 -0.243947 -0.241757 -0.348461 -0.905610 44.503242 19.425449 25.248766 4.565075 3.199900 1.805325 98057.dat
9 0 -0.698144 -0.686912 0.201859 -0.715805 0.663848 -0.216633 0.014804 -0.295733 -0.955156 61.542492 40.093750 17.230844 20.360249 3.105200 1.004875 98057.dat
9 0 -0.891041 -0.413367 0.187544 -0.420834 0.907138 -0.000000 -0.170128 -0.078925 -0.982256 66.672501 53.512001 7.442172 12.898726 1.456225 4.560725 98057.dat
9 0 -0.941619 -0.240849 0.235256 -0.247804 0.968810 -0.000000 -0.227918 -0.058298 -0.971933 11.207916 33.663498 26.564753 12.250000 4.270225 3.713100 98057.dat
9 0 -0.941619 -0.240849 0.235256 -0.247804 0.968810 -0.000000 -0.227918 -0.058298 -0.971933 41.685246 41.459251 17.293663 20.006750 4.270225 2.103150 98057.dat
9 0 -0.689781 -0.675534 0.260490 -0.708634 0.703688 -0.051583 -0.148458 -0.220174 -0.964097 45.783993 30.451752 17.869465 6.338225 11.917300 2.103150 98057.dat
9 0 -0.685057 -0.438868 0.581457 -0.594239 0.798351 -0.097542 -0.421399 -0.412347 -0.807709 85.875496 55.222000 6.828128 4.539875 7.412850 1.855475 98057.dat
10 0 -100.751495 -65.733749 -45.695999 10.399550 10.256275 45.695999 98057.dat
6 207 0.707106 0.707107 0.000001 -0.000001 -0.000000 1.000000 0.707107 -0.707106 0.000000 0.000000 0.000000 0.000000 0.000000 0.000000 0.000000 0.000000 0 98057.dat
