9 0 -1.000000 0.000000 -0.000000 -0.000000 0.999225 0.039362 0.000000 0.039362 -0.999225 1.341492 11.647550 24.697001 5.212275 15.825451 3.616425 98068.dat
9 0 -0.998505 0.054654 -0.000000 0.054594 0.997405 0.046940 0.002566 0.046869 -0.998898 2.005942 13.268625 23.890348 6.379475 20.864374 2.644225 98068.dat
9 0 -0.999575 0.029135 -0.000000 0.029135 0.999575 0.000000 0.000000 0.000000 -1.000000 0.510943 2.537225 22.902475 8.190825 6.892400 2.644225 98068.dat
9 0 0.133052 0.990985 -0.015666 0.989336 -0.133743 -0.057678 -0.059253 -0.007825 -0.998212 17.251667 30.000248 25.077757 3.935400 19.140850 3.693525 98068.dat
9 0 0.719363 0.693999 0.029694 0.693619 -0.715346 -0.084693 -0.037535 0.081522 -0.995965 40.423740 21.206575 23.740139 2.784375 8.066649 4.756675 98068.dat
9 0 -0.950635 -0.310313 -0.000000 -0.310313 0.950635 -0.000000 0.000000 0.000000 -1.000000 55.671745 24.618126 21.169468 0.516675 5.170675 5.206000 98068.dat
9 0 -0.923974 0.382454 -0.000000 0.382454 0.923974 0.000000 0.000000 0.000000 -1.000000 -4.230853 1.741050 8.831649 0.196625 2.983550 8.581650 98068.dat
9 0 -0.923974 0.382454 -0.000000 0.382454 0.923974 0.000000 0.000000 0.000000 -1.000000 4.194222 -1.746300 8.831652 0.166950 2.983550 8.581650 98068.dat
9 0 -0.923974 0.382454 -0.000000 0.382454 0.923974 0.000000 0.000000 0.000000 -1.000000 -1.727979 -4.171800 13.397825 2.983000 0.128700 4.015450 98068.dat
9 0 -0.923974 0.382454 -0.000000 0.382454 0.923974 0.000000 0.000000 0.000000 -1.000000 1.748871 4.227950 13.397825 2.983000 0.207425 4.015450 98068.dat
9 0 -0.923974 0.382454 -0.000000 0.382454 0.923974 0.000000 0.000000 0.000000 -1.000000 0.038844 -0.027000 18.961849 4.656550 5.050125 0.684800 98068.dat
9 0 -0.742323 0.670042 -0.000000 0.670042 0.742323 0.000000 0.000000 0.000000 -1.000000 53.395241 18.341326 22.055218 2.317350 5.170675 7.587875 98068.dat
9 0 0.918795 0.394736 0.000000 0.394736 -0.918795 0.000000 0.000000 0.000000 -1.000000 42.797489 19.161474 23.260239 3.908600 5.170675 5.618225 98068.dat
10 0 -59.840500 -37.777500 0.000000 9.956625 10.270226 31.817999 98068.dat
0 3 0.000000 1.000000 -0.000000 0.000000 -0.000000 -1.000000 -1.000000 0.000000 -0.000000 0.000000 0.000000 0.000000 0 1 0.800000 0 0 98068.dat
0 6 0.000000 1.000000 -0.000000 0.000000 -0.000000 -1.000000 -1.000000 0.000000 -0.000000 49.999992 24.549999 16.354641 0 0 0.439715 1 0 98068.dat
