9 0 0.000000 -1.000000 0.000000 -1.000000 -0.000000 -0.000000 0.000000 0.000000 -1.000000 0.000003 -4.559275 -9.000000 0.181900 2.999525 8.750000 98072.dat
9 0 1.000000 0.000000 0.000000 0.000000 -1.000000 0.000000 0.000000 0.000000 -1.000000 4.620354 0.000000 -12.749998 0.242975 2.906150 5.000000 98072.dat
9 0 0.000000 1.000000 0.000000 1.000000 -0.000000 0.000000 0.000000 0.000000 -1.000000 0.000003 4.559275 -9.000000 0.181925 2.999525 8.750000 98072.dat
9 0 -1.000000 0.000000 -0.000000 0.000000 1.000000 0.000000 0.000000 0.000000 -1.000000 -4.620346 0.000000 -12.750001 0.242975 2.906150 5.000000 98072.dat
9 0 0.707107 -0.707107 0.000000 -0.707107 -0.707107 -0.000000 0.000000 0.000000 -1.000000 0.000008 0.000000 -23.894150 4.767175 4.767175 5.644150 98072.dat
9 0 -0.971361 -0.237468 -0.008185 -0.233606 0.960725 -0.149785 0.043433 -0.143583 -0.988685 2.205735 -0.962875 -29.695002 9.831725 10.882625 1.240275 98072.dat
9 0 -0.796048 0.592996 -0.121089 0.596141 0.802786 0.012321 0.104515 -0.062378 -0.992565 8.592385 10.951575 -30.381498 12.017350 8.626275 1.493850 98072.dat
9 0 -0.796049 0.592996 -0.121089 0.590181 0.804898 0.061841 0.134136 -0.022236 -0.990713 16.055534 25.456501 -30.009493 8.322450 11.555150 1.962200 98072.dat
9 0 -0.557292 -0.830315 0.001398 -0.828040 0.555889 0.073053 -0.061435 0.039554 -0.997327 7.571835 43.634750 -29.337248 4.524875 11.555150 2.086000 98072.dat
9 0 -0.975633 -0.186915 -0.114905 -0.209507 0.949185 0.234849 0.065170 0.253200 -0.965216 -1.942017 59.032501 -25.536001 4.524875 9.204676 1.983125 98072.dat
9 0 -0.899829 0.433031 0.052840 0.436078 0.896190 0.081719 -0.011968 0.096576 -0.995254 -0.364192 70.086250 -24.358774 4.524875 8.684899 1.983125 98072.dat
9 0 -0.876519 -0.480616 0.026873 -0.481140 0.873027 -0.079557 0.014776 -0.082663 -0.996468 8.782982 -13.881350 -23.150421 9.831725 1.282750 1.987625 98072.dat
9 0 -0.812234 0.580977 -0.052360 0.580718 0.813818 0.021587 0.055153 -0.012872 -0.998395 -8.332518 -12.123899 -23.125502 10.571100 1.282750 1.987625 98072.dat
9 0 0.626130 0.776897 -0.066277 0.779717 -0.624041 0.051120 -0.001645 -0.083685 -0.996491 -10.352192 14.174400 -24.085302 12.370700 1.282750 2.636700 98072.dat
9 0 -0.055187 0.991715 -0.116001 0.586178 0.126230 0.800289 0.808301 -0.023831 -0.588288 -12.418041 -0.778150 -27.419254 8.098425 1.282750 4.651675 98072.dat
9 0 -0.485581 0.869588 0.089596 0.871790 0.489289 -0.024056 -0.064757 0.066428 -0.995688 -4.830018 45.893749 -22.740128 17.038925 1.282750 4.201175 98072.dat
9 0 -0.630198 0.758175 -0.167394 0.624038 0.622872 0.471813 0.461981 0.192876 -0.865663 3.932484 34.938751 -27.303499 5.745675 1.282750 4.679575 98072.dat
9 0 0.622273 0.782617 -0.016925 0.446895 -0.337416 0.828514 0.642699 -0.523126 -0.559712 -1.905541 19.326675 -29.120001 13.127125 1.282750 4.679575 98072.dat
9 0 -0.284258 -0.958748 -0.000098 -0.958290 0.284119 0.030941 -0.029637 0.008889 -0.999521 23.843407 11.119125 -22.882767 19.655050 1.282750 1.987625 98072.dat
9 0 0.769193 -0.638381 -0.028485 -0.638328 -0.769669 0.012082 -0.029637 0.008890 -0.999521 17.116632 44.657249 -23.406294 14.872324 1.282750 2.982825 98072.dat
9 0 0.445187 -0.895187 -0.021162 -0.894947 -0.445601 0.022574 -0.029638 0.008889 -0.999521 4.830906 57.917751 -20.559448 4.889125 1.282750 5.454875 98072.dat
9 0 0.108957 0.994030 0.005693 0.992676 -0.109106 0.051863 0.052175 0.000000 -0.998638 0.635981 83.187752 -19.035301 11.423175 1.133825 4.501825 98072.dat
9 0 0.513425 0.857715 0.026824 0.856547 -0.514125 0.044751 0.052174 0.000000 -0.998638 -5.628393 71.059753 -20.088701 11.423175 1.133825 4.398900 98072.dat
9 0 -0.782801 -0.596335 -0.177785 -0.617183 0.780502 0.099504 0.079424 0.187618 -0.979026 11.818605 72.419250 -17.340370 7.837750 1.282750 4.758925 98072.dat
9 0 -0.961144 -0.206595 0.183087 -0.175695 0.969388 0.171518 -0.212917 0.132686 -0.968019 29.927507 81.964752 -20.685289 7.837750 1.282750 5.947225 98072.dat
9 0 -0.829140 0.006555 0.559003 0.557821 -0.056328 0.828047 0.036915 0.998391 0.043048 27.095512 90.333000 -37.139740 10.584675 0.795200 4.293825 98072.dat
9 0 -0.999824 0.000000 -0.018784 0.000000 1.000000 0.000000 0.018784 0.000000 -0.999824 22.522381 88.680496 -18.215017 0.959325 6.071775 11.549725 98072.dat
9 0 -0.707107 0.000000 -0.707107 0.000000 1.000000 0.000000 0.707107 0.000000 -0.707107 30.000008 87.834251 -20.072065 2.506775 6.915699 2.506775 98072.dat
9 0 -0.652720 -0.734592 0.185288 -0.367504 0.520882 0.770469 -0.662493 0.434807 -0.609956 8.141133 73.951248 -24.401197 6.154050 1.282750 3.150000 98072.dat
9 0 -0.810446 -0.184991 0.555837 -0.015012 0.955077 0.295976 -0.585621 0.231528 -0.776816 29.759512 85.400497 -33.965988 10.657724 1.282750 4.430850 98072.dat
9 0 -0.761215 -0.572705 -0.304238 0.252648 0.170174 -0.952476 0.597261 -0.801904 0.015154 9.304805 78.305504 -13.105747 7.837750 1.282750 7.682050 98072.dat
9 0 -0.874412 -0.474781 -0.099934 0.073644 0.073706 -0.994557 0.479562 -0.877012 -0.029485 26.807499 82.771751 -4.366617 6.378075 0.637375 9.404750 98072.dat
9 0 0.801598 -0.597533 0.019851 -0.024378 -0.065843 -0.997532 0.597366 0.799136 -0.067346 46.620754 72.058250 -10.370185 0.796475 1.315300 5.460800 98072.dat
9 0 -0.487272 -0.870191 -0.073036 -0.031128 0.100892 -0.994410 0.872695 -0.482275 -0.076250 34.830006 71.427498 -9.775014 3.932775 2.887450 6.798275 98072.dat
9 0 -0.890718 0.011963 -0.454399 -0.453677 -0.085521 0.887053 -0.028249 0.996265 0.081602 23.689152 90.304749 -5.332492 6.267251 0.795200 4.293825 98072.dat
9 0 -0.891165 0.044279 -0.451512 -0.453678 -0.085520 0.887053 0.000664 0.995352 0.096301 10.210829 85.434502 -11.817547 7.936900 1.564200 4.293825 98072.dat
9 0 -0.923180 0.048902 0.381244 0.382740 0.025777 0.923496 0.035333 0.998471 -0.042514 11.661184 86.189003 -28.238747 7.936900 1.564200 3.508050 98072.dat
9 0 -0.756631 -0.498341 0.423280 0.510415 -0.045585 0.858719 -0.408639 0.865782 0.288852 15.432482 77.603500 -20.311871 7.936900 5.903900 1.426725 98072.dat
9 0 0.034272 -0.999413 0.000000 0.000000 0.000000 -1.000000 0.999413 0.034272 0.000000 42.716255 88.391754 -20.119862 6.146525 4.119775 6.240650 98072.dat
9 0 0.666390 -0.745603 0.000001 0.035536 0.031759 -0.998864 0.744756 0.665633 0.047660 52.894257 88.242249 -20.288082 1.233025 1.379875 6.240650 98072.dat
9 0 0.426347 -0.778606 -0.460436 -0.652039 0.088269 -0.753030 0.626956 0.621274 -0.470048 41.950016 88.957748 -42.200233 1.233025 1.629150 2.931000 98072.dat
9 0 0.034273 -0.999413 -0.000001 -0.631474 -0.021655 -0.775095 0.774639 0.026565 -0.631845 38.255264 90.309753 -40.067738 4.325225 3.380450 1.444925 98072.dat
9 0 0.034273 -0.999413 -0.000000 0.199061 0.006827 -0.979963 0.979388 0.033586 0.199178 36.868004 86.283249 -8.147013 8.444575 4.119775 0.840525 98072.dat
9 0 0.034272 -0.999413 0.000000 0.009125 0.000313 -0.999958 0.999371 0.034271 0.009131 37.949760 90.074249 -32.952988 4.740050 4.943250 0.840525 98072.dat
10 0 -58.685249 -95.068756 -45.643501 19.102375 19.925524 0.000000 98072.dat
0 3 0.000000 -1.000000 -0.000000 -0.000000 -0.000000 1.000000 -1.000000 0.000000 -0.000000 0.000000 0.000000 0.000000 0 1 0.800000 0 0 98072.dat
2 22 -1.000000 0.000000 -0.000000 0.000000 1.000000 0.000000 0.000000 0.000000 -1.000000 40.000011 95.000000 -39.999989 4 4 22:2:1,22:2:1,22:2:1,29:0:1,29:0:1,22:2:1,15:4:0,22:2:1,29:0:1,22:2:1,22:2:1,9:4:1,22:2:1,22:2:1,22:2:1,22:2:1,15:4:0,22:2:1,29:0:1,22:2:1,22:2:1,22:2:1,22:2:1,29:0:1,29:0:1, 98072.dat
