9 0 -1.000000 0.000000 -0.000000 0.000000 0.707107 -0.707107 0.000000 -0.707107 -0.707107 -21.562500 0.000000 -0.000007 8.187500 2.564000 2.564000 98088.dat
9 0 -1.000000 0.000000 -0.000000 0.000000 0.707107 -0.707107 0.000000 -0.707107 -0.707107 1.539625 0.000000 0.000001 8.164600 2.564000 2.564000 98088.dat
9 0 -1.000000 0.000000 -0.000000 0.000000 0.707107 -0.707107 0.000000 -0.707107 -0.707107 -27.000002 -0.225175 -0.022309 2.750000 3.993950 3.983450 98088.dat
9 0 -1.000000 0.000000 -0.000000 0.000000 0.707107 -0.707107 0.000000 -0.707107 -0.707107 6.980525 -0.225175 -0.022298 2.730500 3.993950 3.983450 98088.dat
9 0 -1.000000 0.000000 -0.000000 -0.000000 0.979530 0.201299 0.000000 0.201299 -0.979530 6.980524 -0.903175 3.546777 2.730500 5.674525 2.168550 98088.dat
9 0 -1.000000 0.000000 -0.000000 -0.000000 0.979530 0.201299 0.000000 0.201299 -0.979530 -10.000002 -4.576925 5.757896 5.750000 2.521100 5.073950 98088.dat
9 0 -1.000000 0.000000 -0.000000 -0.000000 0.979530 0.201299 0.000000 0.201299 -0.979530 -26.712254 -1.466350 6.247891 2.462150 5.666625 4.927750 98088.dat
9 0 -1.000000 0.000000 -0.000000 -0.000000 0.979530 0.201299 0.000000 0.201299 -0.979530 -5.437502 -1.495775 6.391098 1.187500 5.666625 5.073950 98088.dat
9 0 -1.000000 0.000000 -0.000000 -0.000000 0.979530 0.201299 0.000000 0.201299 -0.979530 -14.562501 -1.495775 6.391095 1.187500 5.666625 5.073950 98088.dat
9 0 -1.000000 0.000000 -0.000000 0.000000 0.707107 -0.707107 0.000000 -0.707107 -0.707107 -10.000000 -0.225175 -0.022303 5.750000 3.993950 3.983450 98088.dat
9 0 -1.000000 0.000000 -0.000000 0.000000 0.707107 -0.707107 0.000000 -0.707107 -0.707107 -9.999999 -1.855150 -1.652303 5.750000 3.993950 1.678300 98088.dat
9 0 -1.000000 0.000000 -0.000000 0.000000 1.000000 0.000000 0.000000 0.000000 -1.000000 -20.661579 -2.325500 12.021019 7.286575 5.742550 1.677700 98088.dat
9 0 -1.000000 0.000000 -0.000000 0.000000 1.000000 0.000000 0.000000 0.000000 -1.000000 0.305446 -2.325500 12.021026 6.705750 5.742550 1.677700 98088.dat
9 0 -0.838568 0.013517 0.544629 0.102222 0.985841 0.132924 -0.535120 0.167139 -0.828076 -18.548758 -3.772650 20.758369 3.516400 4.583800 9.034124 98088.dat
9 0 -0.982216 0.076179 -0.171608 0.055027 0.990653 0.124812 0.179512 0.113150 -0.977227 0.043443 -4.121150 21.432100 3.516400 5.087650 9.343825 98088.dat
9 0 -0.798592 -0.010545 0.601780 -0.045584 0.998035 -0.043003 -0.600143 -0.061774 -0.797504 1.943434 -4.397900 47.852501 4.057000 4.457225 23.253424 98088.dat
9 0 -0.853162 -0.013356 0.521475 -0.071036 0.993334 -0.090778 -0.516787 -0.114492 -0.848424 18.863052 -2.665675 69.310257 4.107250 4.394775 16.693850 98088.dat
9 0 -0.995677 -0.065154 0.066201 -0.073078 0.989417 -0.125352 -0.057333 -0.129648 -0.989901 29.179222 0.750125 91.528008 2.909225 4.109150 20.258675 98088.dat
9 0 -0.994974 -0.079672 -0.060660 -0.072434 0.990908 -0.113383 0.069142 -0.108419 -0.991698 30.816460 6.501200 128.431763 0.691800 2.419800 20.258675 98088.dat
9 0 0.418944 -0.072938 -0.905078 -0.072435 0.990907 -0.113384 0.905119 0.113060 0.409851 36.376225 -1.196225 86.552010 1.487800 2.602900 4.483575 98088.dat
9 0 0.366230 -0.067880 -0.928045 0.108382 0.993659 -0.029909 0.924191 -0.089630 0.371265 37.433224 -1.801550 79.671265 1.487800 2.602900 6.789050 98088.dat
9 0 0.197834 -0.051044 -0.978906 0.055931 0.997604 -0.040715 0.978638 -0.046696 0.200215 35.978977 -3.399200 71.855255 1.487800 2.602900 5.326775 98088.dat
9 0 -0.997813 0.054411 -0.037536 0.058858 0.989784 -0.129859 0.030086 -0.131785 -0.990822 33.515972 -1.927550 78.719017 1.487800 1.833975 5.326775 98088.dat
9 0 -0.857969 -0.011796 0.513565 -0.067571 0.993641 -0.090062 -0.509237 -0.111972 -0.853311 20.139179 -3.728925 57.585007 2.465825 1.985500 15.442850 98088.dat
9 0 -0.976311 -0.038693 0.212885 -0.027617 0.998118 0.054761 -0.214603 0.047584 -0.975542 6.407640 -4.422100 29.059252 5.052400 1.985500 18.054899 98088.dat
9 0 -0.960220 0.000000 0.279244 0.000000 1.000000 0.000000 -0.279244 0.000000 -0.960220 -5.203761 -7.787200 32.718746 5.436275 2.219700 7.839400 98088.dat
9 0 0.119187 -0.113728 0.986337 0.013643 0.993512 0.112907 -0.992778 0.000000 0.119966 -8.285831 -7.094450 21.504372 8.956475 2.219700 8.815575 98088.dat
9 0 0.923194 0.099936 0.371114 -0.056107 0.990302 -0.127101 -0.380217 0.096517 0.919848 17.640165 2.221300 106.392502 1.439425 3.363900 16.693850 98088.dat
9 0 0.681973 0.130990 0.719552 -0.012242 0.985738 -0.167844 -0.731275 0.105656 0.673850 -5.769745 -7.538850 60.445248 1.439425 0.419775 8.243975 98088.dat
9 0 -0.988626 0.148560 -0.023416 0.139405 0.963636 0.227972 0.056432 0.222115 -0.973386 -49.226749 1.878325 0.983484 19.683226 1.842350 5.385775 98088.dat
9 0 -0.897114 0.082749 0.433981 0.138917 0.985314 0.099291 -0.419391 0.149363 -0.895434 -44.206257 -1.248625 17.210110 17.650425 1.202600 15.300925 98088.dat
9 0 -0.890423 0.178432 0.418698 0.135926 0.982217 -0.129515 -0.434362 -0.058412 -0.898842 -24.995192 -4.147575 48.140240 17.650425 0.662375 21.457775 98088.dat
9 0 -0.981223 0.142426 0.130060 0.119351 0.978077 -0.170647 -0.151513 -0.151920 -0.976711 -2.112507 1.094900 97.069756 21.695299 0.515675 37.611000 98088.dat
9 0 -0.989340 0.064610 0.130503 0.048764 0.991434 -0.121167 -0.137213 -0.113511 -0.984016 0.760326 9.942750 150.731750 15.867400 0.662375 37.611000 98088.dat
9 0 -0.998312 0.052210 0.025429 0.046289 0.979815 -0.194476 -0.035069 -0.192970 -0.980578 14.801216 0.735475 103.558754 15.867400 0.662375 35.299500 98088.dat
9 0 -0.990509 0.023726 0.135382 0.007979 0.993253 -0.115690 -0.137213 -0.113511 -0.984016 0.993834 15.738726 202.359741 8.953151 0.662375 12.956326 98088.dat
9 0 -0.999956 0.008491 0.003933 0.008060 0.995044 -0.099103 -0.004755 -0.099067 -0.995069 1.079082 16.614750 209.685760 4.964775 0.662375 12.956326 98088.dat
9 0 -0.956184 -0.041112 -0.289866 -0.005553 0.992460 -0.122444 0.292715 -0.115469 -0.949202 16.823616 13.623124 180.327255 4.964775 0.662375 28.156752 98088.dat
9 0 -0.997681 -0.013805 -0.066648 -0.001750 0.984094 -0.177640 0.068041 -0.177112 -0.981836 25.698952 8.462350 143.320267 4.964775 0.662375 11.215750 98088.dat
10 0 -46.026001 -19.079000 -6.281225 70.002251 10.865325 225.000000 98088.dat
0 7 0.000000 -1.000000 0.000000 -1.000000 -0.000000 -0.000000 0.000000 0.000000 -1.000000 -23.996550 0.000000 -0.000008 1 1 0.319862 0 1 98088.dat
0 7 0.000000 -1.000000 0.000000 -1.000000 -0.000000 -0.000000 0.000000 0.000000 -1.000000 -3.996550 0.000000 -0.000001 1 1 0.319862 0 1 98088.dat
