9 0 -0.707107 0.000000 -0.707107 0.000000 1.000000 0.000000 0.707107 0.000000 -0.707107 0.000000 -13.606550 0.000000 2.578425 13.356550 2.578425 98087.dat
9 0 -0.944313 0.308466 0.114549 0.318800 0.943880 0.086358 -0.081482 0.118067 -0.989657 39.606747 -28.646002 5.423363 36.954998 1.361575 1.447150 98087.dat
9 0 -0.963143 0.249928 0.099460 0.263328 0.800570 0.538281 0.054907 0.544632 -0.836876 40.522499 -31.390249 3.175063 29.972500 1.771700 1.536300 98087.dat
9 0 -0.827770 -0.404598 -0.388712 -0.508403 0.833943 0.214630 0.237324 0.375286 -0.896012 1.669098 -21.365801 6.743226 5.583475 3.317100 0.551250 98087.dat
9 0 -0.707107 0.000000 -0.707107 0.000000 1.000000 0.000000 0.707107 0.000000 -0.707107 -1.768350 -23.293175 -0.000001 4.032400 1.539800 4.032400 98087.dat
9 0 -0.982596 0.185753 -0.000000 0.185753 0.982596 0.000000 0.000000 0.000000 -1.000000 15.924475 -28.973999 0.000005 17.237675 1.551075 3.565325 98087.dat
9 0 -0.821533 0.531943 0.205233 0.512801 0.532006 0.673798 0.249237 0.658791 -0.709842 8.142222 -24.685850 7.267078 4.542125 3.025000 0.551250 98087.dat
9 0 -0.963143 0.249928 0.099460 0.263328 0.800570 0.538281 0.054907 0.544632 -0.836876 40.522499 -31.390249 3.175063 29.972500 1.771700 1.536300 98087.dat
9 0 -0.944313 0.308466 0.114549 0.318800 0.943880 0.086358 -0.081482 0.118067 -0.989657 39.606747 -28.646002 5.423363 36.954998 1.361575 1.447150 98087.dat
9 0 -0.821533 0.531943 0.205233 0.512801 0.532006 0.673798 0.249237 0.658791 -0.709842 8.142222 -24.685850 7.267078 4.542125 3.025000 0.551250 98087.dat
9 0 -0.827770 -0.404598 -0.388712 -0.508403 0.833943 0.214630 0.237324 0.375286 -0.896012 1.669098 -21.365801 6.743226 5.583475 3.317100 0.551250 98087.dat
9 0 -0.963143 0.249928 -0.099460 0.263328 0.800570 -0.538281 -0.054907 -0.544632 -0.836876 40.522499 -31.390249 -3.175037 29.972500 1.771700 1.536300 98087.dat
9 0 -0.944313 0.308466 -0.114549 0.318800 0.943880 -0.086358 0.081482 -0.118067 -0.989657 39.606754 -28.646002 -5.423337 36.954998 1.361575 1.447150 98087.dat
9 0 -0.821532 0.531943 -0.205234 0.512802 0.532006 -0.673798 -0.249237 -0.658791 -0.709842 8.142227 -24.685850 -7.267072 4.542125 3.025000 0.551250 98087.dat
9 0 -0.827771 -0.404598 0.388711 -0.508403 0.833943 -0.214630 -0.237324 -0.375286 -0.896012 1.669102 -21.365801 -6.743224 5.583475 3.317100 0.551250 98087.dat
10 0 -76.289749 0.000000 -11.789425 9.014150 41.501503 11.789425 98087.dat
0 7 0.000000 0.000000 -1.000000 0.000000 1.000000 0.000000 1.000000 0.000000 0.000000 0.000000 0.000000 0.000000 0 1 0.692669 0 0 98087.dat
2 22 -1.000000 0.000000 -0.000000 0.000000 1.000000 0.000000 0.000000 0.000000 -1.000000 10.000003 0.000000 -9.999997 2 2 29:0:0,29:0:0,29:0:0,29:0:0,9:4:32,29:0:0,29:0:0,29:0:0,29:0:0, 98087.dat
