9 0 -0.996333 -0.085555 -0.000000 -0.085555 0.996333 -0.000000 0.000000 0.000000 -1.000000 -64.133247 -118.285500 -10.000021 21.620800 2.285775 2.285775 98090.dat
9 0 -0.864996 -0.501779 -0.000000 -0.501779 0.864996 -0.000000 0.000000 0.000000 -1.000000 -25.483995 -103.978004 -10.000009 21.620800 4.692300 4.692300 98090.dat
9 0 -0.864996 -0.501779 -0.000000 -0.501779 0.864996 -0.000000 0.000000 0.000000 -1.000000 9.757953 -79.989746 -9.999997 21.620800 7.320050 7.454725 98090.dat
9 0 -1.000000 0.000000 -0.000000 0.000000 1.000000 0.000000 0.000000 0.000000 -1.000000 26.010504 -80.419998 -9.999791 15.895399 7.320050 9.689500 98090.dat
9 0 -0.988038 0.154209 -0.000000 0.154209 0.988038 0.000000 0.000000 0.000000 -1.000000 34.820755 -64.425247 -9.999788 26.452000 7.320050 9.689500 98090.dat
9 0 -0.974535 -0.224237 -0.000000 -0.224237 0.974535 -0.000000 0.000000 0.000000 -1.000000 51.348259 -77.047005 -9.999784 12.598499 7.320050 9.689500 98090.dat
9 0 -0.592260 0.805747 -0.000000 0.805747 0.592260 0.000000 0.000000 0.000000 -1.000000 68.182503 -85.598999 -9.999852 18.664099 6.240425 6.385150 98090.dat
9 0 -0.979321 0.202311 -0.000000 0.202311 0.979321 0.000000 0.000000 0.000000 -1.000000 91.304001 -104.063751 -9.999820 14.477900 6.240425 7.725750 98090.dat
9 0 -0.987446 -0.157958 -0.000000 -0.157958 0.987446 -0.000000 0.000000 0.000000 -1.000000 98.480255 -101.405502 -9.999743 7.595125 11.221550 11.489500 98090.dat
9 0 -0.963701 -0.266983 -0.000000 -0.266983 0.963701 -0.000000 0.000000 0.000000 -1.000000 115.774750 -104.478752 -9.999863 13.332174 4.652450 4.825600 98090.dat
9 0 -0.963701 -0.266983 -0.000000 -0.266983 0.963701 -0.000000 0.000000 0.000000 -1.000000 111.413750 -88.737999 -9.999839 13.332174 2.777775 5.754750 98090.dat
9 0 -0.994425 0.000000 0.105448 0.000000 -1.000000 0.000000 0.105448 0.000000 0.994425 58.803761 -3.402225 -27.733480 7.125700 3.152225 1.019050 98090.dat
9 0 -0.081818 -0.000000 -0.996647 -0.000000 -1.000000 0.000000 -0.996647 0.000000 0.081818 67.463509 -3.402225 -23.749952 5.629475 3.152225 1.049225 98090.dat
9 0 0.184191 0.000000 -0.982890 0.000000 -1.000000 -0.000000 -0.982890 -0.000000 -0.184191 66.577003 -3.402225 -12.650852 5.574325 3.152225 1.049225 98090.dat
9 0 0.950487 0.000000 0.310765 0.000000 -1.000000 0.000000 0.310765 0.000000 -0.950487 57.320255 -3.402225 -10.244181 8.774725 3.152225 1.049225 98090.dat
9 0 -0.086438 0.000000 0.996257 0.000000 -1.000000 0.000000 0.996257 0.000000 0.086438 49.610256 -5.822525 -19.869160 7.406400 5.572525 1.258100 98090.dat
9 0 1.000000 0.000000 0.000000 0.000000 -1.000000 0.000000 0.000000 0.000000 -1.000000 51.344006 -3.771475 -19.952534 2.281025 3.521475 1.258100 98090.dat
9 0 1.000000 0.000000 0.000000 0.000000 -1.000000 0.000000 0.000000 0.000000 -1.000000 60.110504 -3.771475 -11.548330 1.246100 3.521475 2.076650 98090.dat
9 0 0.680632 -0.566048 0.465112 -0.462493 -0.824342 -0.326435 0.568190 0.007071 -0.822867 72.028252 -4.355275 -8.656001 0.412850 4.452600 2.076650 98090.dat
9 0 0.456787 -0.885752 0.082393 -0.885995 -0.461294 -0.047114 0.079739 -0.051479 -0.995486 76.033257 -8.498725 -17.049351 0.412850 4.141125 2.303150 98090.dat
9 0 0.778340 -0.548050 -0.306315 -0.506778 -0.836414 0.208776 -0.370625 -0.007265 -0.928754 72.801758 -4.099350 -26.249477 1.315025 3.418475 1.702500 98090.dat
9 0 0.130988 -0.991384 0.000000 -0.985630 -0.130228 -0.107584 0.106657 0.014092 -0.994196 58.776253 -11.205775 -18.688055 1.001000 10.372225 7.363075 98090.dat
9 0 -0.253994 -0.966680 0.031892 -0.966921 0.252982 -0.032608 0.023454 -0.039119 -0.998959 43.046005 -24.858025 -19.294136 14.325775 4.670825 4.435375 98090.dat
9 0 -0.026476 -0.998908 0.038495 -0.999374 0.025546 -0.024463 0.023453 -0.039119 -0.998959 47.371506 -30.474001 -20.046360 19.159199 4.670825 6.072550 98090.dat
9 0 0.111940 -0.993486 -0.021311 -0.993581 -0.112251 0.013994 -0.016295 0.019608 -0.999675 23.727530 -70.861000 -18.586792 10.440950 8.781225 4.453100 98090.dat
9 0 -0.643626 -0.761171 -0.079786 -0.764660 0.643946 0.025094 0.032277 0.077160 -0.996496 37.354504 -55.009251 -19.991564 12.321899 7.954325 6.072550 98090.dat
9 0 -0.644228 -0.764820 -0.004501 -0.764660 0.643946 0.025094 -0.016295 0.019608 -0.999675 24.826433 -70.011002 -22.674267 7.857825 9.586551 4.453100 98090.dat
9 0 0.638998 -0.759249 -0.123377 -0.753656 -0.650063 0.097059 -0.153895 0.030963 -0.987602 78.894257 -44.335251 -18.347700 3.714175 0.451200 3.384625 98090.dat
9 0 -0.571306 -0.818287 0.063370 -0.806180 0.573976 0.143619 -0.153894 0.030963 -0.987602 78.623009 -50.676502 -19.128975 4.173775 1.848400 4.485600 98090.dat
9 0 -0.454849 -0.888825 -0.055696 -0.890207 0.455556 -0.000000 0.025373 0.049581 -0.998448 56.299255 -63.936752 -19.213282 8.449175 2.642850 3.796450 98090.dat
9 0 -0.965158 -0.261668 -0.000698 -0.259825 0.958035 0.121075 -0.031012 0.117038 -0.992643 67.802505 -54.040497 -19.019003 8.449175 2.642850 3.313575 98090.dat
9 0 0.747731 -0.662575 -0.043501 -0.663587 -0.747973 -0.013712 -0.023452 0.039119 -0.998959 11.683650 -33.003250 -0.471621 14.325775 4.670825 4.435375 98090.dat
9 0 0.743858 -0.666915 -0.043579 -0.667926 -0.744107 -0.013459 -0.023452 0.039119 -0.998959 8.793150 -32.616501 0.147778 16.103651 4.670825 6.072550 98090.dat
9 0 -0.096251 -0.995195 0.017951 -0.995224 0.095927 -0.018104 0.016295 -0.019608 -0.999675 20.518625 -68.332001 -1.720368 10.440950 8.781225 4.453100 98090.dat
9 0 0.068761 -0.994825 0.074804 -0.997111 -0.066106 0.037413 -0.032275 -0.077160 -0.996496 19.411600 -55.612499 1.374981 12.321899 7.954325 6.072550 98090.dat
9 0 -0.795956 -0.604504 -0.032079 -0.604827 0.796357 0.000430 0.025286 0.019745 -0.999485 20.258823 -64.708252 2.922107 7.857825 9.586551 4.453100 98090.dat
9 0 -0.984061 -0.174054 0.036459 -0.174304 0.984685 -0.003768 -0.035245 -0.010063 -0.999328 59.338997 -67.049751 -0.695956 8.449175 2.642850 3.796450 98090.dat
9 0 -0.994425 -0.000000 -0.105449 -0.000000 -1.000000 0.000000 -0.105449 0.000000 0.994425 1.385347 -3.402225 7.733401 7.125700 3.152225 1.019050 98090.dat
9 0 -0.081819 0.000000 0.996647 0.000000 -1.000000 0.000000 0.996647 0.000000 0.081819 9.666073 -3.402225 3.749978 5.629475 3.152225 1.049225 98090.dat
9 0 0.184190 0.000000 0.982891 0.000000 -1.000000 0.000000 0.982891 0.000000 -0.184190 9.158728 -3.402225 -7.349123 5.574325 3.152225 1.049225 98090.dat
9 0 0.950487 0.000000 -0.310764 0.000000 -1.000000 -0.000000 -0.310764 -0.000000 -0.950487 -0.051247 -3.402225 -9.612750 8.774725 3.152225 0.898700 98090.dat
9 0 -0.047057 -0.000000 -0.998892 -0.000000 -1.000000 0.000000 -0.998892 0.000000 0.047057 -7.743025 -5.822525 -0.178928 7.406400 5.572525 1.069350 98090.dat
9 0 1.000000 0.000000 0.000000 0.000000 -1.000000 0.000000 0.000000 0.000000 -1.000000 8.656025 -3.771475 -0.102147 2.281025 3.521475 1.340000 98090.dat
9 0 1.000000 0.000000 0.000000 0.000000 -1.000000 0.000000 0.000000 0.000000 -1.000000 0.130903 -3.771475 -8.451651 1.246100 3.521475 2.076650 98090.dat
9 0 0.600341 -0.663621 -0.446315 -0.508063 -0.747459 0.427990 -0.617626 -0.030184 -0.785892 15.840178 -3.982850 -8.689195 0.412850 4.452600 2.076650 98090.dat
9 0 0.456787 -0.885752 -0.082393 -0.885995 -0.461294 0.047113 -0.079738 0.051479 -0.995486 18.614775 -8.498725 -1.247869 0.412850 4.141125 2.303150 98090.dat
9 0 0.862120 -0.433062 0.263072 -0.446360 -0.894795 -0.010212 0.239818 -0.108620 -0.964722 18.649122 -3.208750 8.511255 1.315025 2.188900 1.295075 98090.dat
9 0 0.130988 -0.991384 -0.000000 -0.985630 -0.130228 0.107583 -0.106656 -0.014092 -0.994196 2.671425 -8.841200 -1.311924 1.001000 10.372225 7.363075 98090.dat
9 0 -0.047057 -0.000000 -0.998892 -0.000000 -1.000000 0.000000 -0.998892 0.000000 0.047057 -0.894800 -16.861425 0.334125 5.445225 5.572525 4.410175 98090.dat
9 0 -0.973222 -0.221897 -0.060002 -0.218813 0.974275 -0.053928 0.070425 -0.039355 -0.996740 85.770248 -72.831001 -1.316122 4.173775 1.848400 4.485600 98090.dat
9 0 0.171473 -0.978592 0.113823 -0.982811 -0.161891 0.088737 -0.068411 -0.127082 -0.989530 89.766251 -67.188751 -1.754671 3.714175 0.451200 3.384625 98090.dat
9 0 -0.883664 0.467730 0.019127 0.463607 0.880072 -0.102672 -0.064856 -0.081860 -0.994531 75.408249 -68.487251 -0.962950 8.449175 2.356050 3.313575 98090.dat
9 0 -0.533601 -0.845736 -0.000000 -0.845736 0.533601 -0.000000 0.000000 0.000000 -1.000000 2.489403 -74.244247 -9.999999 21.620800 6.161000 2.841850 98090.dat
10 0 -129.958496 0.000000 -30.000002 87.299004 123.702003 10.810776 98090.dat
2 22 -1.000000 0.000000 -0.000000 0.000000 1.000000 0.000000 0.000000 0.000000 -1.000000 10.000003 0.000000 -9.999997 2 2 22:1:1,22:2:1,22:1:1,22:2:1,15:4:0,22:2:1,22:1:1,22:2:1,22:1:1, 98090.dat
2 22 -1.000000 0.000000 -0.000000 0.000000 1.000000 0.000000 0.000000 0.000000 -1.000000 70.000008 0.000000 -29.999977 2 2 22:1:1,22:2:1,22:1:1,22:2:1,15:4:0,22:2:1,22:1:1,22:2:1,22:1:1, 98090.dat
0 6 0.000000 1.000000 0.000000 -0.000000 -0.000000 1.000000 1.000000 0.000000 0.000000 120.000008 -94.000000 -6.860961 0 0 0.251120 1 0 98090.dat
3 23 -1.000000 0.000000 -0.000000 0.000000 1.000000 0.000000 0.000000 0.000000 -1.000000 40.000008 -88.000000 -19.999987 2 2 18:1:1,23:4:1,18:1:1,23:4:1,1:4:1,23:4:1,18:1:1,23:4:1,18:1:1, 98090.dat
