9 0 -0.944166 0.121979 -0.306059 0.187746 0.962553 -0.195558 0.270744 -0.242101 -0.931711 4.059801 5.651534 -0.725385 1.730075 7.818625 2.223550 981.dat
9 0 -0.988725 -0.110994 -0.100515 0.007302 0.634716 -0.772711 0.149565 -0.764733 -0.626749 4.286768 14.116314 -5.452753 3.291725 3.619000 2.223550 981.dat
10 0 -3.750000 -12.693575 -6.231000 10.875000 6.231425 19.575125 981.dat
6 15 -0.149565 0.764733 0.626749 0.988725 0.110994 0.100515 0.007302 0.634716 -0.772711 -3.707719 -0.416227 -0.376933 0.000000 0.000000 0.000000 0.000000 1 981.dat
6 16 -0.149565 0.764733 0.626749 0.007302 0.634716 -0.772711 -0.988725 -0.110994 -0.100515 4.267906 17.614861 -9.201862 0.000000 0.000000 0.000000 0.000000 1 981.dat
6 141 0.149565 -0.764733 -0.626749 0.007302 0.634716 -0.772711 0.988725 0.110994 0.100515 4.249651 16.028072 -7.270085 0.000000 0.000000 0.000000 0.000000 0 981.dat
