9 0 1.000000 0.000000 0.000000 0.000000 1.000000 0.000000 0.000000 0.000000 1.000000 15.597124 17.483274 8.329075 4.452775 1.902675 1.464725 98128.dat
9 0 0.924327 0.000000 0.381602 0.251621 0.751809 -0.609484 -0.286892 0.659381 0.694917 4.829575 1.667450 -15.643825 4.356650 2.854275 1.040100 98128.dat
9 0 1.000000 0.000000 0.000000 0.000000 0.759359 0.650672 0.000000 -0.650672 0.759359 0.000000 -14.117975 -9.123800 3.745000 3.894750 0.906075 98128.dat
9 0 1.000000 0.000000 0.000000 0.000000 0.626734 0.779233 0.000000 -0.779233 0.626734 0.000000 -6.490675 -16.307100 3.745000 4.024100 0.906075 98128.dat
9 0 1.000000 0.000000 0.000000 0.000000 1.000000 0.000000 0.000000 0.000000 1.000000 13.895801 11.348600 2.587950 0.531175 4.393500 3.776375 98128.dat
9 0 0.978863 -0.204515 0.000000 0.204515 0.978863 0.000000 0.000000 0.000000 1.000000 11.845850 -0.308025 0.124375 0.531175 5.974350 6.239975 98128.dat
9 0 1.000000 0.000000 0.000000 0.000000 0.736467 -0.676474 0.000000 0.676474 0.736467 0.662350 -5.011225 -10.277451 7.009676 3.394900 0.766025 98128.dat
9 0 -0.672937 0.010935 0.739619 0.205967 0.963117 0.173158 -0.710446 0.268861 -0.650369 14.343925 13.472775 12.026500 5.240875 6.308050 0.703125 98128.dat
9 0 0.734188 -0.460276 -0.499114 0.312119 0.881656 -0.353928 0.602951 0.104066 0.790961 10.123950 -0.951550 -8.880525 0.531175 6.082500 2.736225 98128.dat
9 0 0.762995 -0.350601 0.543063 0.313226 0.935439 0.163842 -0.565445 0.045090 0.823552 9.780650 1.317575 8.775475 0.531175 5.974350 3.750150 98128.dat
9 0 1.000000 0.000000 0.000000 0.000000 1.000000 0.000000 0.000000 0.000000 1.000000 0.000000 -5.838250 0.338325 5.532725 5.588250 7.026175 98128.dat
9 0 0.446675 -0.894696 0.000000 0.894696 0.446675 0.000000 0.000000 0.000000 1.000000 7.623975 -6.838550 1.104875 1.879675 2.862525 6.035975 98128.dat
9 0 -0.791690 -0.262705 0.551554 -0.142640 0.957355 0.251246 -0.594037 0.120236 -0.795401 -10.193874 1.838525 8.932550 0.531175 5.974350 3.750150 98128.dat
9 0 -1.000000 0.000000 -0.000000 0.000000 1.000000 0.000000 0.000000 0.000000 -1.000000 -15.597124 17.483274 8.329075 4.452775 1.902675 1.464725 98128.dat
9 0 0.672937 0.010935 0.739619 -0.205967 0.963117 0.173158 -0.710446 -0.268862 0.650369 -14.343925 13.472775 12.026500 5.240875 6.308050 0.703125 98128.dat
9 0 -1.000000 0.000000 -0.000000 0.000000 1.000000 0.000000 0.000000 0.000000 -1.000000 -13.895801 11.348600 2.587950 0.531175 4.393500 3.776375 98128.dat
9 0 -0.978863 -0.204517 -0.000000 -0.204517 0.978863 -0.000000 0.000000 0.000000 -1.000000 -11.845850 -0.308025 0.124375 0.531175 5.974350 6.239975 98128.dat
9 0 -0.446675 -0.894696 -0.000000 -0.894696 0.446675 -0.000000 0.000000 0.000000 -1.000000 -7.623975 -6.838550 1.104875 1.879675 2.862525 6.035975 98128.dat
9 0 -0.685081 -0.486451 -0.542245 -0.287443 0.864481 -0.412371 0.669359 -0.126643 -0.732066 -9.451200 -1.078525 -9.650725 0.531175 6.077050 2.736225 98128.dat
9 0 -0.000000 -0.356663 0.934233 -0.000000 0.934233 0.356663 -1.000000 0.000000 -0.000000 -0.046150 0.682550 12.114750 0.531175 6.617275 7.693250 98128.dat
9 0 -0.000000 -0.356663 0.934233 -0.000000 0.934233 0.356663 -1.000000 0.000000 -0.000000 -0.046150 13.433925 17.430601 0.531175 6.067100 9.403026 98128.dat
10 0 -20.299900 -19.794500 -22.480850 20.299900 18.017550 23.558176 98128.dat
2 22 1.000000 0.000000 0.000000 0.000000 1.000000 0.000000 0.000000 0.000000 1.000000 -10.000000 0.000000 10.000000 2 2 29:0:0,29:0:0,29:0:0,29:0:0,5:4:34,29:0:0,29:0:0,29:0:0,29:0:0, 98128.dat
0 6 0.000000 1.000000 -0.000000 1.000000 0.000000 0.000000 0.000000 -0.000000 -1.000000 3.995000 -10.750000 -13.249999 0 0 0.319600 1 0 98128.dat
6 50 -0.000000 1.000000 0.000000 -1.000000 -0.000000 0.000000 0.000000 0.000000 1.000000 0.000000 11.375000 1.250000 0.000000 0.000000 0.000000 0.000000 0 98128.dat
