9 0 -0.707107 0.000000 -0.707107 0.000000 1.000000 0.000000 0.707107 0.000000 -0.707107 0.000000 -8.998050 0.000000 2.565425 8.749975 2.565425 98139.dat
9 0 -1.000000 0.000000 -0.000000 0.000000 1.000000 0.000000 0.000000 0.000000 -1.000000 -3.742625 -21.023699 -0.000001 0.466925 2.324725 3.885775 98139.dat
9 0 -0.500000 -0.866025 -0.000000 -0.866025 0.500000 -0.000000 0.000000 0.000000 -1.000000 -1.871300 -24.264900 -0.000001 0.466925 2.324725 3.885775 98139.dat
9 0 0.500000 -0.866025 0.000000 -0.866025 -0.500000 -0.000000 0.000000 0.000000 -1.000000 1.871300 -24.264925 0.000001 0.466925 2.324725 3.885775 98139.dat
9 0 1.000000 0.000000 0.000000 0.000000 -1.000000 0.000000 0.000000 0.000000 -1.000000 3.742625 -21.023699 0.000001 0.466925 2.324725 3.885775 98139.dat
9 0 0.500000 0.866025 0.000000 0.866025 -0.500000 0.000000 0.000000 0.000000 -1.000000 1.871300 -17.782501 0.000001 0.466925 2.324725 3.885775 98139.dat
9 0 -0.500000 0.866025 -0.000000 0.866025 0.500000 0.000000 0.000000 0.000000 -1.000000 -1.871300 -17.782501 -0.000001 0.466925 2.324725 3.885775 98139.dat
9 0 -0.707107 -0.707107 -0.000000 -0.707107 0.707107 -0.000000 0.000000 0.000000 -1.000000 -0.000001 -21.023849 1.610300 3.391100 3.391100 2.247700 98139.dat
9 0 -1.000000 0.000000 -0.000000 0.000000 1.000000 0.000000 0.000000 0.000000 -1.000000 0.000000 -49.897499 0.000000 1.735250 9.365826 1.388450 98139.dat
9 0 -0.997211 -0.074632 -0.000000 -0.074632 0.997211 -0.000000 0.000000 0.000000 -1.000000 -2.363650 -33.719250 -0.000001 0.942775 9.365826 1.388450 98139.dat
9 0 -0.996950 0.078044 -0.000000 0.078044 0.996950 0.000000 0.000000 0.000000 -1.000000 -11.633326 -24.327301 -0.000004 1.198700 7.553500 0.826475 98139.dat
9 0 -1.000000 0.000000 -0.000000 0.000000 1.000000 0.000000 0.000000 0.000000 -1.000000 -6.486400 -19.366451 -0.000002 3.210700 3.239925 2.321550 98139.dat
9 0 0.997211 -0.074632 0.000000 0.074632 0.997211 0.000000 -0.000000 0.000000 1.000000 2.363650 -33.719250 0.000001 0.942775 9.365826 1.388450 98139.dat
9 0 0.996950 0.078042 0.000000 -0.078042 0.996950 -0.000000 -0.000000 -0.000000 1.000000 11.633326 -24.327301 0.000004 1.198700 7.553500 0.826475 98139.dat
9 0 1.000000 0.000000 0.000000 0.000000 1.000000 0.000000 -0.000000 0.000000 1.000000 6.486400 -19.366451 0.000002 3.210700 3.239925 2.321550 98139.dat
10 0 -13.920750 -0.001925 -4.135775 13.920750 59.552753 4.135775 98139.dat
0 7 0.000000 0.000000 -1.000000 0.000000 1.000000 0.000000 1.000000 0.000000 0.000000 0.000000 0.000000 0.000000 0 1 0.635062 0 0 98139.dat
2 22 -1.000000 0.000000 -0.000000 0.000000 1.000000 0.000000 0.000000 0.000000 -1.000000 10.000003 0.000000 -9.999997 2 2 29:0:0,29:0:0,29:0:0,29:0:0,9:4:32,29:0:0,29:0:0,29:0:0,29:0:0, 98139.dat
