9 0 0.707107 0.000000 -0.707107 0.000000 1.000000 0.000000 0.707107 0.000000 0.707107 0.000000 -39.950001 0.000000 2.578425 39.700001 2.578425 98137.dat
9 0 0.177862 0.036547 -0.983377 0.000000 0.999310 0.037139 0.984055 -0.006606 0.177739 -1.098975 -55.872749 -4.432850 5.839175 24.023075 0.750000 98137.dat
9 0 0.000000 0.007964 -0.999968 -0.000000 0.999968 0.007964 1.000000 0.000000 0.000000 0.000000 -110.185005 -3.991500 7.499825 29.974249 0.750000 98137.dat
9 0 0.000000 -0.020594 -0.999788 0.000000 0.999788 -0.020594 1.000000 0.000000 0.000000 0.000000 -163.173996 -2.990275 8.269424 22.757725 0.750000 98137.dat
9 0 0.000000 -0.104996 -0.994473 0.000000 0.994473 -0.104996 1.000000 0.000000 0.000000 0.000000 -164.489243 -0.865950 8.269424 24.926250 0.750000 98137.dat
9 0 0.000000 -0.860008 -0.510280 0.000000 0.510280 -0.860008 1.000000 0.000000 0.000000 -0.000000 -192.244003 0.551000 1.795625 10.514050 0.750000 98137.dat
9 0 0.707107 0.000000 -0.707107 0.000000 1.000000 0.000000 0.707107 0.000000 0.707107 -0.575700 -89.936501 0.575700 1.240775 9.786474 2.054950 98137.dat
9 0 -0.000000 0.000000 1.000000 -0.000000 -1.000000 0.000000 1.000000 0.000000 0.000000 0.000000 -90.000000 -2.750000 3.285400 3.360875 4.250000 98137.dat
9 0 -0.183644 0.036507 -0.982315 0.000000 0.999310 0.037139 0.982993 0.006820 -0.183517 1.123400 -55.870499 -4.496900 5.774675 24.023075 0.750000 98137.dat
10 0 -10.909975 0.000000 -4.500000 11.981700 199.346237 4.500000 98137.dat
0 7 0.000000 0.000000 -1.000000 0.000000 1.000000 0.000000 1.000000 0.000000 0.000000 0.000000 0.000000 0.000000 0 0 3.196000 0 0 98137.dat
2 22 0.000000 0.000000 -1.000000 0.000000 1.000000 0.000000 1.000000 0.000000 0.000000 10.000000 0.000000 10.000000 2 2 29:0:0,29:0:0,29:0:0,29:0:0,9:4:32,29:0:0,29:0:0,29:0:0,29:0:0, 98137.dat
