9 0 -0.559193 -0.829038 -0.000000 -0.829038 0.559193 -0.000000 0.000000 0.000000 -1.000000 -2.398005 -3.555175 14.810373 0.244450 3.161825 14.560374 98162.dat
9 0 0.559193 0.829038 0.000000 -0.829038 0.559193 -0.000000 -0.000000 -0.000000 1.000000 2.397995 3.555175 14.810376 0.244450 3.161825 14.560374 98162.dat
9 0 -0.559193 -0.829038 -0.000000 -0.829038 0.559193 -0.000000 0.000000 0.000000 -1.000000 -0.000009 0.000000 26.747250 5.711775 4.000000 6.497200 98162.dat
9 0 -0.895724 -0.444610 -0.000000 -0.435640 0.877652 -0.199862 0.088861 -0.179021 -0.979824 5.422194 101.947998 18.969301 21.347675 30.236752 4.916675 98162.dat
9 0 -0.842585 -0.538552 -0.003474 -0.538372 0.842098 0.032028 -0.014323 0.028857 -0.999481 -2.598381 117.159248 16.407099 21.347675 15.938775 9.670000 98162.dat
9 0 -0.995997 0.087792 0.016808 0.088231 0.995721 0.027484 -0.014323 0.028857 -0.999481 -8.565206 134.579758 16.077896 20.077900 18.075100 9.670000 98162.dat
9 0 -0.022578 -0.992564 0.119615 -0.998011 0.015333 -0.061154 0.058865 -0.120757 -0.990935 44.745739 63.204498 28.733015 17.026224 15.938775 9.434350 98162.dat
9 0 0.681698 -0.719430 0.133075 -0.721589 -0.631086 0.284675 -0.120822 -0.290088 -0.949342 30.518991 87.779495 25.247007 21.347675 15.938775 12.582600 98162.dat
9 0 -0.019274 0.999615 0.019936 -0.999429 -0.018710 -0.028127 -0.027743 -0.020467 0.999406 -7.071934 133.553757 26.450998 21.347675 14.843125 9.670000 98162.dat
9 0 -0.649283 0.736160 -0.191050 -0.746793 -0.664656 -0.023101 -0.143989 0.127676 0.981308 14.474190 91.876251 32.584507 33.882000 12.841175 9.670000 98162.dat
9 0 0.463921 0.884176 -0.054859 -0.885507 0.461051 -0.057525 -0.025570 0.075265 0.996836 13.852713 27.327251 36.811756 48.840000 21.558376 8.941375 98162.dat
9 0 0.268018 0.963414 0.000000 -0.963414 0.268018 -0.000000 -0.000000 -0.000000 1.000000 37.500744 19.895876 27.469263 29.203001 14.918301 7.219350 98162.dat
9 0 0.727812 0.685777 0.000000 -0.685777 0.727812 -0.000000 -0.000000 -0.000000 1.000000 18.887316 -20.170549 25.910255 23.834326 11.306325 5.660250 98162.dat
9 0 0.980019 -0.198905 0.000000 0.198905 0.980019 0.000000 -0.000000 0.000000 1.000000 -11.348584 -27.998501 26.549747 23.834326 11.306325 6.299825 98162.dat
9 0 0.350670 -0.936499 0.000000 0.936499 0.350670 0.000000 -0.000000 0.000000 1.000000 -30.687508 -9.498225 26.657990 21.369549 11.306325 6.408075 98162.dat
9 0 -0.665024 -0.746822 -0.000000 0.746822 -0.665024 0.000000 -0.000000 0.000000 1.000000 -14.573884 28.081751 26.657993 38.676498 11.306325 6.408075 98162.dat
9 0 -0.665024 -0.746822 -0.000000 0.746822 -0.665024 0.000000 -0.000000 0.000000 1.000000 19.566742 38.847500 26.658005 25.184000 29.643749 6.408075 98162.dat
9 0 0.375365 0.899093 0.225240 -0.895198 0.414658 -0.163336 -0.240252 -0.140324 0.960514 -0.748437 162.688507 35.901497 21.347675 14.843125 2.111775 98162.dat
9 0 0.971791 0.235744 -0.006860 -0.010348 0.071677 0.997374 0.235616 -0.969168 0.072094 44.873245 165.915253 18.715990 21.347675 9.919624 1.681975 98162.dat
9 0 0.832309 0.354700 0.425969 -0.484009 0.090480 0.870373 0.270180 -0.930592 0.246985 31.497988 166.208008 39.670761 21.347675 7.796350 1.259325 98162.dat
9 0 0.764208 0.397073 -0.508251 0.550025 0.010323 0.835084 0.336836 -0.917729 -0.210511 30.011749 163.915756 1.460785 21.347675 7.796350 2.111775 98162.dat
9 0 -0.034195 0.988774 -0.145454 0.972840 -0.000408 -0.231476 -0.228937 -0.149418 -0.961905 11.663826 174.019760 -1.350121 10.551425 23.035749 2.111775 98162.dat
9 0 -0.081582 0.995517 0.047865 0.994899 0.084202 -0.055553 -0.059334 0.043089 -0.997308 -23.463205 173.066498 19.244892 15.164250 5.347275 2.800850 98162.dat
9 0 -1.000000 0.000000 -0.000000 0.000000 1.000000 0.000000 0.000000 0.000000 -1.000000 52.500240 179.894745 19.858841 14.465125 9.855350 3.585825 98162.dat
9 0 -1.000000 0.000000 -0.000000 0.000000 1.000000 0.000000 0.000000 0.000000 -1.000000 85.407997 186.364990 19.995428 3.109275 3.385125 3.213475 98162.dat
9 0 -0.902310 0.000000 -0.431088 0.000000 1.000000 0.000000 0.431088 0.000000 -0.902310 59.615730 186.364990 56.080021 4.296675 3.385125 3.213475 98162.dat
9 0 -0.871504 0.000000 0.490389 0.000000 1.000000 0.000000 -0.490389 0.000000 -0.871504 59.272003 186.364990 -14.359130 3.024800 3.385125 3.213475 98162.dat
9 0 -0.778736 0.000000 0.627352 0.000000 1.000000 0.000000 -0.627352 0.000000 -0.778736 52.311504 179.492996 -12.014208 3.024800 5.017100 5.570800 98162.dat
9 0 -0.993053 0.000000 0.117664 0.000000 1.000000 0.000000 -0.117664 0.000000 -0.993053 72.486748 179.268509 20.216099 5.267625 5.017100 4.619150 98162.dat
9 0 -0.987263 0.000000 -0.159096 0.000000 1.000000 0.000000 0.159096 0.000000 -0.987263 48.365738 179.203751 49.888767 5.948550 5.017100 5.220050 98162.dat
9 0 -0.503724 0.000000 -0.863865 0.000000 1.000000 0.000000 0.863865 0.000000 -0.503724 41.239254 179.894745 -5.989462 9.738125 9.855350 1.908475 98162.dat
9 0 0.000000 0.000000 -1.000000 0.000000 1.000000 0.000000 1.000000 0.000000 0.000000 39.244244 177.813492 18.957415 17.473299 11.936625 2.231750 98162.dat
9 0 0.501873 0.000000 -0.864941 0.000000 1.000000 0.000000 0.864941 0.000000 0.501873 42.082233 180.128998 44.501015 8.892449 9.620951 1.908475 98162.dat
9 0 -0.018429 0.000000 -0.999830 0.000000 1.000000 0.000000 0.999830 0.000000 -0.018429 60.315247 179.309494 19.301844 9.789949 10.440599 2.446875 98162.dat
9 0 0.977081 0.000000 0.212868 0.000000 1.000000 0.000000 -0.212868 0.000000 0.977081 9.808937 179.309494 41.147503 13.548274 10.440599 2.028850 98162.dat
9 0 1.000000 0.000000 0.000000 0.000000 1.000000 0.000000 -0.000000 0.000000 1.000000 16.159500 179.309494 2.128830 20.592699 10.440599 0.874400 98162.dat
9 0 -1.000000 0.000000 -0.000000 0.000000 1.000000 0.000000 0.000000 0.000000 -1.000000 -0.000004 175.759491 13.524175 3.998825 13.990450 0.633375 98162.dat
9 0 -0.500000 0.000000 0.866025 0.000000 1.000000 0.000000 -0.866025 0.000000 -0.500000 -5.608231 175.759491 16.762098 3.998825 13.990450 0.633375 98162.dat
9 0 0.500000 0.000000 0.866026 0.000000 1.000000 0.000000 -0.866026 0.000000 0.500000 -5.608232 175.759491 23.237900 3.998825 13.990450 0.633375 98162.dat
9 0 1.000000 0.000000 0.000000 0.000000 1.000000 0.000000 -0.000000 0.000000 1.000000 -0.000009 175.759491 26.475752 3.998825 13.990450 0.633375 98162.dat
9 0 0.500000 0.000000 -0.866025 0.000000 1.000000 0.000000 0.866025 0.000000 0.500000 5.608217 175.759491 23.237902 3.998825 13.990450 0.633375 98162.dat
9 0 -0.500000 0.000000 -0.866026 0.000000 1.000000 0.000000 0.866026 0.000000 -0.500000 5.608219 175.759491 16.762102 3.998825 13.990450 0.633375 98162.dat
9 0 -1.000000 0.000000 -0.000000 0.000000 1.000000 0.000000 0.000000 0.000000 -1.000000 19.999996 175.759491 13.524180 3.998825 13.990450 0.633375 98162.dat
9 0 -0.500000 0.000000 0.866025 0.000000 1.000000 0.000000 -0.866025 0.000000 -0.500000 14.391769 175.759491 16.762104 3.998825 13.990450 0.633375 98162.dat
9 0 0.500000 0.000000 0.866026 0.000000 1.000000 0.000000 -0.866026 0.000000 0.500000 14.391768 175.759491 23.237906 3.998825 13.990450 0.633375 98162.dat
9 0 1.000000 0.000000 0.000000 0.000000 1.000000 0.000000 -0.000000 0.000000 1.000000 19.999990 175.759491 26.475758 3.998825 13.990450 0.633375 98162.dat
9 0 0.500000 0.000000 -0.866025 0.000000 1.000000 0.000000 0.866025 0.000000 0.500000 25.608242 175.759491 23.237909 3.998825 13.990450 0.633375 98162.dat
9 0 -0.500000 0.000000 -0.866026 0.000000 1.000000 0.000000 0.866026 0.000000 -0.500000 25.608244 175.759491 16.762110 3.998825 13.990450 0.633375 98162.dat
9 0 1.000000 0.000000 0.000000 0.000000 1.000000 0.000000 -0.000000 0.000000 1.000000 16.159489 179.309494 38.034756 20.592699 10.440599 0.874400 98162.dat
9 0 0.931412 0.000000 -0.363968 0.000000 1.000000 0.000000 0.363968 0.000000 0.931412 13.245874 179.309494 -1.158121 12.336625 10.440599 0.874400 98162.dat
10 0 -89.203003 -190.000000 -19.530075 49.326500 45.313000 60.831749 98162.dat
0 3 -1.000000 0.000000 -0.000000 0.000000 -0.000000 -1.000000 -0.000000 -1.000000 0.000000 0.000000 0.000000 0.000000 0 1 0.800000 0 0 98162.dat
2 22 -1.000000 0.000000 -0.000000 0.000000 1.000000 0.000000 0.000000 0.000000 -1.000000 40.000000 190.000000 0.000013 4 6 22:2:1,22:2:1,22:2:1,22:2:1,22:2:1,29:0:1,29:0:1,22:2:1,15:4:1,23:4:1,15:4:1,23:4:1,15:4:0,29:0:1,22:2:1,23:4:1,7:4:2,23:4:1,7:4:2,23:4:1,22:2:1,22:2:1,15:4:1,23:4:1,15:4:1,23:4:1,15:4:0,29:0:1,22:2:1,22:2:1,22:2:1,22:2:1,22:2:1,29:0:1,29:0:1, 98162.dat
