9 0 -0.959637 -0.045436 0.277546 -0.110788 0.968140 -0.224569 -0.258500 -0.246253 -0.934097 -3.582058 5.870811 -1.344483 1.730075 7.818625 2.223550 982.dat
9 0 -0.994546 0.071031 0.076372 -0.013147 0.641031 -0.767402 -0.103466 -0.764221 -0.636602 -4.676130 13.984095 -5.445427 3.291725 3.619000 2.223550 982.dat
10 0 -10.875000 -12.693575 -6.231000 3.750000 6.231425 19.575125 982.dat
6 16 0.103466 0.764221 0.636601 -0.013147 0.641031 -0.767402 -0.994546 0.071031 0.076372 -4.730884 17.519823 -9.159504 0.000000 0.000000 0.000000 0.000000 1 982.dat
6 15 0.103466 0.764221 0.636601 -0.994546 0.071031 0.076372 0.013147 -0.641031 0.767402 3.729548 -0.266366 -0.286395 0.000000 0.000000 0.000000 0.000000 1 982.dat
6 141 -0.103466 -0.764221 -0.636601 -0.013147 0.641031 -0.767402 0.994546 -0.071031 -0.076372 -4.698017 15.917246 -7.240999 0.000000 0.000000 0.000000 0.000000 0 982.dat
