9 0 -1.000000 0.000000 -0.000000 0.000000 1.000000 0.000000 0.000000 0.000000 -1.000000 0.000001 4.000000 6.697346 3.875000 3.750000 0.197350 98284.dat
9 0 0.000000 0.000000 -1.000000 0.000000 1.000000 0.000000 1.000000 0.000000 0.000000 -16.961998 4.000000 -0.000009 8.647024 3.750000 0.461900 98284.dat
9 0 1.000000 0.000000 0.000000 0.000000 1.000000 0.000000 -0.000000 0.000000 1.000000 0.000009 4.000000 -16.962004 8.647024 3.750000 0.461900 98284.dat
9 0 -0.000000 0.000000 1.000000 0.000000 1.000000 0.000000 -1.000000 0.000000 -0.000000 16.961903 4.000000 0.000002 8.647024 3.750000 0.461900 98284.dat
9 0 -1.000000 0.000000 -0.000000 0.000000 1.000000 0.000000 0.000000 0.000000 -1.000000 -0.000002 4.000000 16.961897 8.647024 3.750000 0.461900 98284.dat
9 0 -0.500000 0.000000 -0.866026 0.000000 1.000000 0.000000 0.866026 0.000000 -0.500000 -5.800074 4.000000 3.348670 3.875000 3.750000 0.197350 98284.dat
9 0 0.500000 0.000000 -0.866025 0.000000 1.000000 0.000000 0.866025 0.000000 0.500000 -5.800071 4.000000 -3.348679 3.875000 3.750000 0.197350 98284.dat
9 0 1.000000 0.000000 0.000000 0.000000 1.000000 0.000000 -0.000000 0.000000 1.000000 0.000005 4.000000 -6.697353 3.875000 3.750000 0.197350 98284.dat
9 0 0.500000 0.000000 0.866026 0.000000 1.000000 0.000000 -0.866026 0.000000 0.500000 5.800079 4.000000 -3.348676 3.875000 3.750000 0.197350 98284.dat
9 0 -0.500000 0.000000 0.866025 0.000000 1.000000 0.000000 -0.866025 0.000000 -0.500000 5.800077 4.000000 3.348674 3.875000 3.750000 0.197350 98284.dat
9 0 -1.000000 0.000000 -0.000000 0.000000 1.000000 0.000000 0.000000 0.000000 -1.000000 0.000000 1.375000 10.779947 12.818000 1.125000 4.279950 98284.dat
9 0 0.000000 0.000000 -1.000000 0.000000 1.000000 0.000000 1.000000 0.000000 0.000000 -10.779946 1.375000 -0.000007 12.818000 1.125000 4.279950 98284.dat
9 0 1.000000 0.000000 0.000000 0.000000 1.000000 0.000000 -0.000000 0.000000 1.000000 0.000007 1.375000 -10.779952 12.818000 1.125000 4.279950 98284.dat
9 0 -0.000000 0.000000 1.000000 0.000000 1.000000 0.000000 -1.000000 0.000000 -0.000000 10.779954 1.375000 0.000000 12.818000 1.125000 4.279950 98284.dat
9 0 -1.000000 0.000000 -0.000000 0.000000 1.000000 0.000000 0.000000 0.000000 -1.000000 0.000000 1.375000 10.779947 12.818000 1.125000 4.279950 98284.dat
9 0 -0.707107 -0.707107 -0.000000 -0.707107 0.707107 -0.000000 0.000000 0.000000 -1.000000 -0.000004 4.000000 23.124996 2.578425 2.578425 6.625000 98284.dat
9 0 -0.707106 -0.000000 -0.707107 -0.707107 0.000000 0.707106 0.000000 1.000000 -0.000000 -0.000007 -6.000000 29.999998 2.578425 2.578425 9.750000 98284.dat
9 0 0.000000 -0.707107 -0.707106 0.000000 0.707106 -0.707107 1.000000 -0.000000 0.000000 -23.124998 4.000000 -0.000010 2.578425 2.578425 6.625000 98284.dat
9 0 0.707107 0.000001 -0.707107 -0.707107 -0.000000 -0.707106 -0.000001 1.000000 0.000000 -29.999998 -6.000000 -0.000013 2.578425 2.578425 9.750000 98284.dat
9 0 0.707108 -0.707106 0.000000 0.707106 0.707108 0.000000 -0.000000 0.000000 1.000000 0.000010 4.000000 -23.125004 2.578425 2.578425 6.625000 98284.dat
9 0 0.707106 -0.000001 0.707107 0.707107 -0.000000 -0.707106 0.000001 1.000000 0.000000 0.000013 -6.000000 -30.000004 2.578425 2.578425 9.750000 98284.dat
9 0 -0.000000 -0.707107 0.707106 -0.000000 0.707106 0.707107 -1.000000 0.000000 -0.000001 23.125002 4.000000 0.000004 2.578425 2.578425 6.625000 98284.dat
9 0 -0.707107 0.000000 0.707107 0.707107 0.000000 0.707107 -0.000000 1.000000 -0.000000 30.000004 -6.000000 0.000007 2.578425 2.578425 9.750000 98284.dat
10 0 -24.000000 0.000000 -44.000000 44.000000 24.000000 24.000000 98284.dat
0 7 0.000000 0.000000 -1.000000 0.000000 1.000000 0.000000 1.000000 0.000000 0.000000 30.000004 0.000000 0.000007 1 0 0.640000 0 0 98284.dat
0 7 0.000000 1.000000 0.000000 1.000000 -0.000000 0.000000 0.000000 0.000000 -1.000000 30.000004 4.000000 0.000007 1 1 0.400000 0 1 98284.dat
0 7 1.000000 0.000000 0.000000 0.000000 1.000000 0.000000 -0.000000 0.000000 1.000000 -0.000007 0.000000 29.999998 1 0 0.640000 0 0 98284.dat
0 7 0.000000 1.000000 0.000000 -0.000000 -0.000000 1.000000 1.000000 0.000000 0.000000 -0.000007 4.000000 29.999998 1 1 0.400000 0 1 98284.dat
0 7 -0.000000 0.000000 1.000000 0.000000 1.000000 0.000000 -1.000000 0.000000 -0.000000 -29.999998 0.000000 -0.000013 1 0 0.640000 0 0 98284.dat
0 7 -0.000000 1.000000 0.000000 -1.000000 0.000000 -0.000000 -0.000000 -0.000000 1.000000 -29.999998 4.000000 -0.000013 1 1 0.400000 0 1 98284.dat
0 7 -1.000000 0.000000 -0.000000 0.000000 1.000000 0.000000 0.000000 0.000000 -1.000000 0.000013 0.000000 -30.000004 1 0 0.640000 0 0 98284.dat
0 7 0.000000 1.000000 -0.000000 0.000000 -0.000000 -1.000000 -1.000000 0.000000 -0.000000 0.000013 4.000000 -30.000004 1 1 0.400000 0 1 98284.dat
0 8 0.000000 0.000000 -1.000000 0.000000 1.000000 0.000000 1.000000 0.000000 0.000000 0.000003 8.000000 -0.000003 0 0 0.320000 0 0 98284.dat
3 23 -1.000000 0.000000 -0.000000 0.000000 1.000000 0.000000 0.000000 0.000000 -1.000000 20.000011 0.000000 -19.999998 4 4 29:0:1,23:4:1,18:2:1,23:4:1,29:0:1,23:4:1,0:4:0,23:4:1,0:4:0,23:4:1,18:2:1,23:4:1,18:4:0,23:4:1,18:2:1,23:4:1,0:4:0,23:4:1,0:4:0,23:4:1,29:0:1,23:4:1,18:2:1,23:4:1,29:0:1, 98284.dat
2 22 -1.000000 0.000000 -0.000000 0.000000 1.000000 0.000000 0.000000 0.000000 -1.000000 20.000011 8.000000 -19.999998 4 4 22:1:1,22:2:1,22:2:1,22:2:1,22:1:1,22:2:1,15:4:0,23:4:1,15:4:0,22:2:1,22:2:1,23:4:1,7:4:0,23:4:1,22:2:1,22:2:1,15:4:0,23:4:1,15:4:0,22:2:1,22:1:1,22:2:1,22:2:1,22:2:1,22:1:1, 98284.dat
2 22 -1.000000 0.000000 -0.000000 -0.000000 -1.000000 0.000000 -0.000000 0.000000 1.000000 9.999990 -16.000000 40.000000 2 2 29:0:0,29:0:0,29:0:0,29:0:0,9:4:32,29:0:0,29:0:0,29:0:0,29:0:0, 98284.dat
2 22 -1.000000 0.000000 -0.000000 -0.000000 -1.000000 0.000000 -0.000000 0.000000 1.000000 -20.000002 -16.000000 9.999990 2 2 29:0:0,29:0:0,29:0:0,29:0:0,9:4:32,29:0:0,29:0:0,29:0:0,29:0:0, 98284.dat
2 22 -1.000000 0.000000 -0.000000 -0.000000 -1.000000 0.000000 -0.000000 0.000000 1.000000 40.000000 -16.000000 10.000010 2 2 29:0:0,29:0:0,29:0:0,29:0:0,9:4:32,29:0:0,29:0:0,29:0:0,29:0:0, 98284.dat
2 22 -1.000000 0.000000 -0.000000 -0.000000 -1.000000 0.000000 -0.000000 0.000000 1.000000 10.000010 -16.000000 -20.000002 2 2 29:0:0,29:0:0,29:0:0,29:0:0,9:4:32,29:0:0,29:0:0,29:0:0,29:0:0, 98284.dat
6 28 0.000000 0.000000 -1.000000 0.000000 1.000000 0.000000 1.000000 0.000000 0.000000 0.000003 4.000000 -0.000003 0.000000 0.000000 0.000000 0.000000 0 98284.dat
