9 0 0.000000 0.000000 -1.000000 0.000000 1.000000 0.000000 1.000000 0.000000 0.000000 0.000001 3.437500 -35.940750 3.809200 3.187500 19.750000 98286.dat
9 0 0.000000 0.000000 -1.000000 0.000000 1.000000 0.000000 1.000000 0.000000 0.000000 0.000001 4.000000 -32.797752 5.702175 3.750000 19.750000 98286.dat
9 0 0.000000 0.000000 -1.000000 0.000000 1.000000 0.000000 1.000000 0.000000 0.000000 0.000000 4.000000 -10.000000 3.156675 3.750000 19.750000 98286.dat
9 0 0.000000 0.000000 -1.000000 0.000000 1.000000 0.000000 1.000000 0.000000 0.000000 0.000000 4.000000 10.000000 3.156675 3.750000 19.750000 98286.dat
9 0 0.000000 0.000000 -1.000000 0.000000 1.000000 0.000000 1.000000 0.000000 0.000000 0.000000 4.000000 28.291801 1.458200 3.750000 19.750000 98286.dat
9 0 0.000000 0.000000 -1.000000 0.000000 1.000000 0.000000 1.000000 0.000000 0.000000 18.125000 11.937500 26.725000 5.275000 3.687500 1.625000 98286.dat
9 0 0.000000 0.000000 -1.000000 0.000000 1.000000 0.000000 1.000000 0.000000 0.000000 10.000000 17.744551 39.931999 2.872775 0.197075 9.750000 98286.dat
9 0 -0.000000 0.000000 1.000000 -0.000000 -1.000000 0.000000 1.000000 0.000000 0.000000 10.000000 0.727300 35.000000 4.750000 0.477300 9.750000 98286.dat
9 0 0.000000 0.000000 -1.000000 0.000000 1.000000 0.000000 1.000000 0.000000 0.000000 -13.345200 4.000000 -4.375000 34.125000 3.750000 6.404800 98286.dat
9 0 0.000000 0.000000 -1.000000 0.000000 1.000000 0.000000 1.000000 0.000000 0.000000 13.345200 4.000000 -4.375000 34.125000 3.750000 6.404800 98286.dat
9 0 0.000000 -0.707107 -0.707107 0.000000 0.707107 -0.707107 1.000000 0.000000 0.000000 10.000000 15.282625 34.122749 2.872775 0.197075 9.750000 98286.dat
9 0 -0.000000 -1.000000 0.000000 0.000000 -0.000000 -1.000000 1.000000 0.000000 0.000000 10.000000 9.434050 31.755825 2.872775 0.197075 9.750000 98286.dat
9 0 -0.000000 -0.707107 0.707107 0.000000 -0.707107 -0.707107 1.000000 0.000000 0.000000 10.000000 3.597750 34.190701 2.872775 0.162375 9.750000 98286.dat
9 0 -0.000000 0.000000 1.000000 -0.000000 -1.000000 0.000000 1.000000 0.000000 0.000000 10.000000 1.257875 40.066250 2.872775 0.197075 9.750000 98286.dat
9 0 -0.000000 0.707107 0.707107 -0.000000 -0.707107 0.707107 1.000000 0.000000 0.000000 10.000000 3.719800 45.875500 2.872775 0.197075 9.750000 98286.dat
9 0 -0.000000 1.000000 0.000000 -0.000000 -0.000000 1.000000 1.000000 0.000000 0.000000 10.000000 9.568375 48.242500 2.872775 0.197075 9.750000 98286.dat
9 0 0.000000 0.707107 -0.707107 -0.000000 0.707107 0.707107 1.000000 0.000000 0.000000 10.000000 15.377625 45.780502 2.872775 0.197075 9.750000 98286.dat
10 0 -40.000000 -11.500000 -30.000002 50.000000 12.450000 10.000000 98286.dat
2 22 0.000000 0.000000 -1.000000 0.000000 1.000000 0.000000 1.000000 0.000000 0.000000 20.000002 8.000000 40.000000 4 8 29:0:1,22:2:1,22:2:1,22:2:1,22:2:1,22:2:1,22:2:1,22:2:1,22:1:1,29:0:1,22:2:1,23:4:1,15:4:0,23:4:1,15:4:0,23:4:1,15:4:0,22:2:1,29:0:1,22:2:1,7:4:0,23:4:1,7:4:0,23:4:1,7:4:0,23:4:1,22:2:1,29:0:1,22:2:1,23:4:1,15:4:0,23:4:1,15:4:0,23:4:1,15:4:0,22:2:1,29:0:1,22:1:1,22:2:1,22:2:1,22:2:1,22:2:1,22:2:1,22:2:1,22:1:1, 98286.dat
3 23 0.000000 0.000000 -1.000000 0.000000 1.000000 0.000000 1.000000 0.000000 0.000000 20.000002 0.000000 40.000000 4 8 29:0:1,29:0:1,18:2:1,23:4:1,18:2:1,23:4:1,18:2:1,23:4:1,18:1:1,29:0:1,29:0:1,23:4:1,0:4:0,23:4:1,0:4:0,23:4:1,0:4:0,23:4:1,29:0:1,18:3:1,18:4:0,23:4:1,18:4:0,23:4:1,18:4:0,23:4:1,18:2:1,29:0:1,18:2:1,23:4:1,0:4:0,23:4:1,0:4:0,23:4:1,0:4:0,23:4:1,29:0:1,18:1:1,18:2:1,23:4:1,18:2:1,23:4:1,18:2:1,23:4:1,18:1:1, 98286.dat
0 2 -0.000000 1.000000 0.000000 -1.000000 -0.000000 -0.000000 -0.000000 0.000000 1.000000 0.000000 9.500000 40.000000 0 0 0.800000 0 0 98286.dat
0 8 1.000000 0.000000 0.000000 0.000000 1.000000 0.000000 -0.000000 0.000000 1.000000 0.000000 8.000000 20.000000 0 0 0.320000 0 0 98286.dat
0 8 1.000000 0.000000 0.000000 0.000000 1.000000 0.000000 -0.000000 0.000000 1.000000 0.000000 8.000000 0.000000 0 0 0.320000 0 0 98286.dat
0 8 1.000000 0.000000 0.000000 0.000000 1.000000 0.000000 -0.000000 0.000000 1.000000 0.000000 8.000000 -20.000002 0 0 0.320000 0 0 98286.dat
2 22 -0.000000 0.000000 1.000000 1.000000 0.000000 0.000000 0.000000 1.000000 -0.000000 20.000002 19.500000 30.000002 2 2 22:1:1,22:2:1,22:1:1,22:2:1,16:4:64,22:2:1,22:1:1,22:2:1,22:1:1, 98286.dat
6 28 1.000000 0.000000 0.000000 0.000000 1.000000 0.000000 -0.000000 0.000000 1.000000 0.000000 4.000000 20.000000 0.000000 0.000000 0.000000 0.000000 0 98286.dat
6 28 1.000000 0.000000 0.000000 0.000000 1.000000 0.000000 -0.000000 0.000000 1.000000 0.000000 4.000000 0.000000 0.000000 0.000000 0.000000 0.000000 0 98286.dat
6 28 1.000000 0.000000 0.000000 0.000000 1.000000 0.000000 -0.000000 0.000000 1.000000 0.000000 4.000000 -20.000002 0.000000 0.000000 0.000000 0.000000 0 98286.dat
