9 0 1.000000 0.000000 0.000000 0.000000 1.000000 0.000000 0.000000 0.000000 1.000000 0.000000 12.000000 10.000000 19.750000 11.750000 9.750000 98282.dat
9 0 1.000000 0.000000 0.000000 0.000000 1.000000 0.000000 0.000000 0.000000 1.000000 -18.311449 3.679350 -10.000000 1.438550 3.429350 9.750000 98282.dat
9 0 1.000000 0.000000 0.000000 0.000000 1.000000 0.000000 0.000000 0.000000 1.000000 0.000000 -1.852252 -22.941250 12.233275 4.352150 1.816375 98282.dat
9 0 -1.000000 0.000000 -0.000000 0.000000 1.000000 0.000000 0.000000 0.000000 -1.000000 18.311501 3.679350 -10.000000 1.438550 3.429350 9.750000 98282.dat
9 0 1.000000 0.000000 0.000000 0.000000 1.000000 0.000000 0.000000 0.000000 1.000000 0.000000 1.375000 -14.432499 19.750000 1.125000 14.182501 98282.dat
9 0 1.000000 0.000000 0.000000 0.000000 1.000000 0.000000 0.000000 0.000000 1.000000 34.004749 19.806000 -22.625000 3.992150 3.944000 1.500000 98282.dat
9 0 0.640703 0.767789 0.000000 -0.767789 0.640703 0.000000 0.000000 0.000000 1.000000 27.780251 8.702825 -21.906250 9.325150 4.185475 0.781250 98282.dat
9 0 0.640700 0.767792 0.000000 -0.767792 0.640700 0.000000 0.000000 0.000000 1.000000 26.065001 11.265150 -24.869999 9.325150 1.065025 3.745000 98282.dat
9 0 -1.000000 0.000000 -0.000000 0.000000 1.000000 0.000000 0.000000 0.000000 -1.000000 -34.004650 19.806000 -22.625000 3.992150 3.944000 1.500000 98282.dat
9 0 -0.640703 0.767789 -0.000000 0.767789 0.640703 0.000000 0.000000 -0.000000 -1.000000 -27.780199 8.702825 -21.906250 9.325150 4.185475 0.781250 98282.dat
9 0 -0.640699 0.767792 -0.000000 0.767792 0.640699 0.000000 0.000000 -0.000000 -1.000000 -26.065052 11.265150 -24.869999 9.325150 1.065025 3.745000 98282.dat
9 0 1.000000 0.000000 0.000000 0.000000 0.715341 0.698775 0.000000 -0.698775 0.715341 31.490999 20.519400 -25.328503 1.478475 2.906175 1.500000 98282.dat
9 0 -1.000000 0.000000 -0.000000 -0.000000 0.715341 0.698776 0.000000 0.698776 -0.715341 -31.490976 20.519400 -25.328503 1.478475 2.906175 1.500000 98282.dat
10 0 -29.762501 0.000000 -10.000000 49.762501 31.959999 38.865002 98282.dat
2 22 1.000000 0.000000 0.000000 0.000000 1.000000 0.000000 0.000000 0.000000 1.000000 -20.000000 24.000000 20.000000 2 4 22:1:1,22:2:1,22:2:1,22:2:1,22:1:1,22:2:1,15:4:1,9:4:1,15:4:1,22:2:1,22:1:1,22:2:1,22:2:1,22:2:1,22:1:1, 98282.dat
3 23 1.000000 0.000000 0.000000 0.000000 1.000000 0.000000 0.000000 0.000000 1.000000 -20.000000 0.000000 20.000000 4 4 18:1:1,23:4:1,18:2:1,23:4:1,18:1:1,23:4:1,0:4:1,23:4:1,0:4:1,23:4:1,18:2:1,23:4:1,18:4:1,23:4:1,18:2:1,23:4:1,0:4:1,23:4:1,0:4:1,23:4:1,29:0:1,29:0:1,29:0:1,29:0:1,29:0:1, 98282.dat
