9 0 0.000000 0.000000 -1.000000 1.000000 -0.000000 0.000000 -0.000000 -1.000000 -0.000000 -13.360025 4.000000 -4.861748 34.888248 6.390000 3.750000 98285.dat
9 0 0.000000 0.000000 -1.000000 1.000000 -0.000000 0.000000 -0.000000 -1.000000 -0.000000 13.360023 4.000000 -6.169000 33.581001 6.390000 3.750000 98285.dat
9 0 0.000000 0.000000 -1.000000 1.000000 -0.000000 0.000000 -0.000000 -1.000000 -0.000000 0.000001 4.000000 -38.437496 1.312500 19.750000 3.750000 98285.dat
9 0 0.000000 0.000000 -1.000000 1.000000 -0.000000 0.000000 -0.000000 -1.000000 -0.000000 0.000000 4.000000 29.785902 3.035900 19.750000 3.750000 98285.dat
9 0 0.000000 0.000000 -1.000000 1.000000 -0.000000 0.000000 -0.000000 -1.000000 -0.000000 0.000001 4.000000 -33.250000 6.500000 19.750000 3.750000 98285.dat
9 0 0.000000 0.000000 -1.000000 1.000000 -0.000000 0.000000 -0.000000 -1.000000 -0.000000 0.000001 4.000000 -9.999999 3.500000 19.750000 3.750000 98285.dat
9 0 0.000000 0.000000 -1.000000 1.000000 -0.000000 0.000000 -0.000000 -1.000000 -0.000000 0.000000 4.000000 10.000001 3.500000 19.750000 3.750000 98285.dat
9 0 0.000000 0.000000 -1.000000 1.000000 -0.000000 0.000000 -0.000000 -1.000000 -0.000000 0.000000 5.500000 33.125000 6.625000 19.750000 2.250000 98285.dat
9 0 0.000000 0.000000 -1.000000 0.000000 1.000000 0.000000 1.000000 0.000000 0.000000 -18.500000 -3.932500 27.836626 4.163400 3.682500 1.250000 98285.dat
9 0 0.000000 -0.135843 -0.990730 0.000000 0.990730 -0.135843 1.000000 0.000000 0.000000 -18.500000 -1.217350 24.785826 4.163400 3.682500 1.250000 98285.dat
9 0 0.000000 0.000000 -1.000000 1.000000 -0.000000 0.000000 -0.000000 -1.000000 -0.000000 -10.000000 -14.648600 40.000000 2.642850 9.750000 0.147750 98285.dat
9 0 0.000000 -0.707107 -0.707106 1.000000 0.000000 -0.000000 0.000000 -0.707106 0.707107 -10.000000 -12.262199 45.761326 2.642850 9.750000 0.147750 98285.dat
9 0 0.000000 -1.000000 -0.000000 1.000000 0.000000 -0.000000 0.000000 -0.000000 1.000000 -10.000000 -6.500875 48.147728 2.642850 9.750000 0.147750 98285.dat
9 0 -0.000001 -0.707107 0.707106 1.000000 -0.000000 0.000001 -0.000000 0.707106 0.707107 -10.000000 -0.739550 45.761326 2.642850 9.750000 0.147750 98285.dat
9 0 -0.000000 0.000000 1.000000 1.000000 0.000000 0.000000 0.000000 1.000000 -0.000000 -10.000000 1.646850 40.000000 2.642850 9.750000 0.147750 98285.dat
9 0 0.000001 0.707107 0.707106 1.000000 -0.000000 -0.000001 -0.000000 0.707106 -0.707107 -10.000000 -0.739575 34.238674 2.642850 9.750000 0.147750 98285.dat
9 0 0.000000 1.000000 0.000000 1.000000 -0.000000 -0.000000 -0.000000 0.000000 -1.000000 -10.000000 -2.076100 31.852276 7.067625 9.750000 0.147750 98285.dat
9 0 -0.000000 0.707107 -0.707106 1.000000 0.000000 0.000000 0.000000 -0.707106 -0.707107 -10.000000 -12.262199 34.238674 2.642850 9.750000 0.147750 98285.dat
10 0 -20.000000 0.000000 -30.000002 70.000000 24.500875 10.000000 98285.dat
3 23 0.000000 0.000000 -1.000000 0.000000 1.000000 0.000000 1.000000 0.000000 0.000000 20.000002 0.000000 40.000000 4 8 29:0:0,29:0:0,18:2:1,23:4:1,18:2:1,23:4:1,18:2:1,23:4:1,18:1:1,29:0:0,29:0:0,23:4:1,29:0:1,23:4:1,0:4:0,23:4:1,0:4:0,23:4:1,29:0:0,29:0:0,18:4:0,23:4:1,18:4:0,23:4:1,18:4:0,23:4:1,18:2:1,29:0:0,29:0:0,23:4:1,29:0:1,23:4:1,0:4:0,23:4:1,0:4:0,23:4:1,29:0:0,29:0:0,18:2:1,23:4:1,18:2:1,23:4:1,18:2:1,23:4:1,18:1:1, 98285.dat
2 22 0.000000 0.000000 -1.000000 0.000000 1.000000 0.000000 1.000000 0.000000 0.000000 20.000002 8.000000 40.000000 4 8 22:1:1,22:2:1,22:2:1,22:2:1,22:2:1,22:2:1,22:2:1,22:2:1,22:1:1,22:2:1,15:4:0,23:4:1,15:4:0,23:4:1,15:4:0,23:4:1,15:4:0,22:2:1,22:2:1,23:4:1,7:4:0,23:4:1,7:4:0,23:4:1,7:4:0,23:4:1,22:2:1,22:2:1,15:4:0,23:4:1,15:4:0,23:4:1,15:4:0,23:4:1,15:4:0,22:2:1,22:1:1,22:2:1,22:2:1,22:2:1,22:2:1,22:2:1,22:2:1,22:2:1,22:1:1, 98285.dat
0 8 1.000000 0.000000 0.000000 0.000000 1.000000 0.000000 -0.000000 0.000000 1.000000 0.000000 8.000000 20.000002 0 0 0.320000 0 0 98285.dat
0 8 1.000000 0.000000 0.000000 0.000000 1.000000 0.000000 -0.000000 0.000000 1.000000 0.000000 8.000000 0.000000 0 0 0.320000 0 0 98285.dat
0 8 1.000000 0.000000 0.000000 0.000000 1.000000 0.000000 -0.000000 0.000000 1.000000 0.000001 8.000000 -19.999998 0 0 0.320000 0 0 98285.dat
0 2 -0.000000 1.000000 0.000000 -1.000000 -0.000000 -0.000000 -0.000000 0.000000 1.000000 -20.000000 -6.500875 40.000000 0 0 0.800000 0 0 98285.dat
2 22 0.000000 0.000000 -1.000000 -1.000000 -0.000000 -0.000000 -0.000000 1.000000 -0.000000 -20.000000 3.499125 50.000000 2 2 22:1:1,22:2:1,22:1:1,22:2:1,16:4:64,22:2:1,22:1:1,22:2:1,22:1:1, 98285.dat
6 28 1.000000 0.000000 0.000000 0.000000 1.000000 0.000000 -0.000000 0.000000 1.000000 0.000000 4.000000 20.000002 0.000000 0.000000 0.000000 0.000000 0 98285.dat
6 28 1.000000 0.000000 0.000000 0.000000 1.000000 0.000000 -0.000000 0.000000 1.000000 0.000000 4.000000 0.000000 0.000000 0.000000 0.000000 0.000000 0 98285.dat
6 28 1.000000 0.000000 0.000000 0.000000 1.000000 0.000000 -0.000000 0.000000 1.000000 0.000001 4.000000 -19.999998 0.000000 0.000000 0.000000 0.000000 0 98285.dat
