9 0 -1.000000 -0.000000 -0.000000 0.000000 0.000000 -1.000000 0.000000 -1.000000 0.000000 -0.016925 -1.019875 -2.312025 2.054275 2.437025 2.116600 983.dat
9 0 0.903290 -0.110039 0.414680 0.429031 0.231677 -0.873074 0.000000 0.966549 0.256482 -4.871000 0.995875 -11.649876 0.293750 1.746675 2.549325 983.dat
9 0 -0.967059 0.065289 -0.246039 0.254554 0.248034 -0.934709 -0.000000 -0.966549 -0.256483 4.541150 0.497225 -7.957500 0.568350 2.723875 3.028500 983.dat
9 0 -0.903290 -0.110039 0.414680 -0.429031 0.231677 -0.873074 0.000000 -0.966549 -0.256482 4.871000 0.995875 -11.649876 0.293750 1.746675 2.549325 983.dat
9 0 0.967058 0.065288 -0.246039 -0.254554 0.248033 -0.934709 0.000000 0.966549 0.256482 -4.541150 0.497225 -7.957500 0.568350 2.723875 3.028500 983.dat
9 0 0.018268 0.256439 -0.966388 0.999833 -0.004686 0.017657 -0.000000 -0.966549 -0.256481 0.000000 -0.489175 -4.240275 0.950350 2.723875 3.028500 983.dat
10 0 -6.132375 -5.800300 0.000000 6.132375 7.275150 16.601675 983.dat
0 6 0.000000 -0.258818 0.965926 0.000000 0.965926 0.258818 -1.000000 -0.000000 0.000000 0.000000 4.000000 -8.375000 0 0 0.440000 1 0 983.dat
6 17 -0.000000 1.000000 -0.000000 0.000000 -0.000000 -1.000000 -1.000000 0.000000 -0.000000 0.000000 -1.000000 -0.875000 0.000000 0.000000 0.000000 0.000000 1 983.dat
3 23 1.000000 0.000000 0.000000 0.000000 0.965926 0.258819 0.000000 -0.258819 0.965926 -10.000000 -4.912825 -0.419100 2 2 29:0:0,29:0:0,29:0:0,29:0:0,0:4:40,29:0:0,29:0:0,29:0:0,29:0:0, 983.dat
