9 0 -1.000000 0.000000 0.000001 0.000000 1.000000 0.000000 -0.000001 0.000000 -1.000000 0.000000 4.000000 0.000006 19.750000 3.750000 9.750000 98302.dat
9 0 -1.000000 0.000000 0.000001 0.000000 1.000000 0.000000 -0.000001 0.000000 -1.000000 0.000010 4.000000 16.937506 15.815025 2.250000 6.687500 98302.dat
9 0 -1.000000 0.000000 0.000001 0.000000 1.000000 0.000000 -0.000001 0.000000 -1.000000 0.000022 8.187500 34.187504 21.000000 1.687500 1.687500 98302.dat
9 0 -1.000000 0.000000 0.000001 0.000000 1.000000 0.000000 -0.000001 0.000000 -1.000000 0.000022 4.000000 36.187508 1.000000 2.000000 1.687500 98302.dat
9 0 -1.000000 0.000000 0.000001 -0.000001 -0.000000 -1.000000 0.000000 -1.000000 0.000000 0.000016 8.191400 25.816505 21.000000 1.687500 1.687500 98302.dat
9 0 -1.000000 0.000000 0.000001 0.000000 -1.000000 0.000000 0.000001 0.000000 1.000000 0.000016 -0.179675 25.812508 21.000000 1.687500 1.687500 98302.dat
9 0 -1.000000 0.000000 0.000001 0.000001 -0.000000 1.000000 0.000000 1.000000 0.000000 0.000022 -0.183600 34.183506 21.000000 1.687500 1.687500 98302.dat
9 0 -1.000000 0.000000 0.000001 0.000001 -0.000000 1.000000 0.000000 1.000000 0.000000 0.000019 -2.183600 29.996004 1.000000 2.000000 1.687500 98302.dat
9 0 -1.000000 0.000000 0.000001 0.000000 -1.000000 0.000000 0.000001 0.000000 1.000000 0.000015 4.007825 23.812506 1.000000 2.000000 1.687500 98302.dat
9 0 -1.000000 0.000000 0.000001 0.000001 -0.000000 1.000000 0.000000 1.000000 0.000000 -27.499985 4.003900 23.108774 11.000000 0.512325 4.168800 98302.dat
9 0 -1.000000 0.000000 0.000001 0.000000 -1.000000 0.000000 0.000001 0.000000 1.000000 -29.908234 10.895149 30.000025 8.591750 0.512325 4.168800 98302.dat
9 0 -1.000000 0.000000 0.000001 -0.000001 -0.000000 -1.000000 0.000000 -1.000000 0.000000 -27.499977 4.003900 36.891273 11.000000 0.512325 4.168800 98302.dat
9 0 -1.000000 0.000000 0.000001 0.000000 1.000000 0.000000 -0.000001 0.000000 -1.000000 -27.499983 -2.887350 30.000025 11.000000 0.512325 4.168800 98302.dat
9 0 1.000000 0.000000 -0.000001 0.000001 0.000000 1.000000 0.000000 -1.000000 -0.000000 27.500015 4.003900 23.108740 11.000000 0.512325 4.168800 98302.dat
9 0 1.000000 0.000000 -0.000001 0.000000 -1.000000 -0.000000 -0.000001 0.000000 -1.000000 29.908293 10.895149 29.999989 8.591750 0.512325 4.168800 98302.dat
9 0 1.000000 0.000000 -0.000001 -0.000001 0.000000 -1.000000 -0.000000 1.000000 0.000000 27.500025 4.003900 36.891235 11.000000 0.512325 4.168800 98302.dat
9 0 1.000000 0.000000 -0.000001 0.000000 1.000000 0.000000 0.000001 0.000000 1.000000 27.500019 -2.887350 29.999989 11.000000 0.512325 4.168800 98302.dat
9 0 -1.000000 0.000000 0.000001 0.000000 0.707107 0.707107 -0.000000 0.707107 -0.707107 0.000015 -1.838600 24.157480 16.000000 1.883650 5.750000 98302.dat
9 0 -1.000000 0.000000 0.000001 0.000000 -0.707107 0.707107 0.000000 0.707107 0.707107 0.000014 8.692875 23.003956 16.000000 1.883650 4.118650 98302.dat
9 0 -1.000000 0.000000 0.000001 -0.000000 0.707107 -0.707107 -0.000000 -0.707107 -0.707107 0.000022 -1.838600 35.842506 16.000000 1.883650 5.750000 98302.dat
9 0 -1.000000 0.000000 0.000001 -0.000000 -0.707107 -0.707107 0.000000 -0.707107 0.707107 0.000023 8.692875 36.996006 16.000000 1.883650 4.118650 98302.dat
10 0 -28.750000 -7.787175 -10.000000 48.750000 16.000000 42.000000 98302.dat
3 23 -1.000000 0.000000 0.000001 0.000000 1.000000 0.000000 -0.000001 0.000000 -1.000000 19.999994 0.000000 -10.000006 2 4 18:1:1,23:4:1,18:2:1,23:4:1,18:1:1,23:4:1,0:4:1,23:4:1,0:4:1,23:4:1,18:1:1,23:4:1,18:2:1,23:4:1,18:1:1, 98302.dat
2 22 -1.000000 0.000000 0.000001 0.000000 1.000000 0.000000 -0.000001 0.000000 -1.000000 19.999994 8.000000 -10.000006 2 4 22:1:1,22:2:1,22:2:1,22:2:1,22:1:1,22:2:1,15:4:1,9:4:1,15:4:1,22:2:1,22:1:1,22:2:1,22:2:1,22:2:1,22:1:1, 98302.dat
0 4 0.000000 1.000000 0.000000 -1.000000 0.000000 0.000001 0.000001 -0.000000 1.000000 -21.249983 4.003900 30.000023 0 0 0.800000 0 0 98302.dat
0 4 0.000000 1.000000 0.000000 -1.000000 0.000000 0.000001 0.000001 -0.000000 1.000000 1.250019 4.003900 30.000008 0 0 0.800000 0 0 98302.dat
2 22 0.000000 -1.000000 -0.000000 -1.000000 -0.000000 0.000001 -0.000001 0.000000 -1.000000 -38.749989 14.003900 20.000032 2 2 29:0:0,29:0:0,29:0:0,29:0:0,5:4:32,29:0:0,29:0:0,29:0:0,29:0:0, 98302.dat
2 22 0.000000 1.000000 -0.000000 1.000000 -0.000000 -0.000001 -0.000001 0.000000 -1.000000 38.750011 -5.996100 19.999983 2 2 29:0:0,29:0:0,29:0:0,29:0:0,5:4:32,29:0:0,29:0:0,29:0:0,29:0:0, 98302.dat
