9 0 0.707107 0.000000 0.707107 0.000000 1.000000 0.000000 -0.707107 0.000000 0.707107 0.000850 1.099625 -0.001125 2.578125 11.150375 2.579725 98372.dat
9 0 0.817718 -0.575620 0.000000 0.575620 0.817718 0.000000 0.000000 0.000000 1.000000 2.722050 12.932350 0.000000 2.637950 4.576600 2.295050 98372.dat
9 0 0.584635 0.811296 0.000000 -0.811296 0.584635 0.000000 0.000000 0.000000 1.000000 -3.661600 12.265800 0.000000 2.023925 4.576600 2.295050 98372.dat
9 0 0.995344 -0.096382 0.000000 0.096382 0.995344 0.000000 0.000000 0.000000 1.000000 -0.917225 -20.958126 -0.088250 4.028075 12.250000 3.665450 98372.dat
9 0 0.660653 0.750691 0.000000 -0.750691 0.660653 0.000000 0.000000 0.000000 1.000000 0.205750 -21.643751 -0.088250 5.758075 11.229300 3.665450 98372.dat
9 0 0.999963 -0.008652 0.000000 0.008652 0.999963 0.000000 0.000000 0.000000 1.000000 -0.136150 -31.095999 -0.088250 13.360900 5.691050 3.665450 98372.dat
9 0 0.999963 -0.008639 0.000000 0.008639 0.999963 0.000000 0.000000 0.000000 1.000000 -0.953075 -30.007250 -0.088250 9.429450 9.954350 3.665450 98372.dat
10 0 -14.600600 -18.927824 -4.003700 14.626925 42.115501 4.003700 98372.dat
0 7 1.000000 0.000000 0.000000 0.000000 1.000000 0.000000 0.000000 0.000000 1.000000 0.000000 7.539425 0.000000 1 1 0.597592 0 1 98372.dat
