9 0 0.889939 0.000000 0.456079 0.000000 1.000000 0.000000 -0.456079 0.000000 0.889939 -13.356376 8.163600 -4.941375 0.455425 6.731275 1.754825 98371.dat
9 0 0.889942 0.000000 -0.456073 0.000000 1.000000 0.000000 0.456073 0.000000 0.889942 13.350550 8.163600 -4.941375 0.455425 6.731275 1.754825 98371.dat
9 0 1.000000 0.000000 0.000000 0.000000 1.000000 0.000000 0.000000 0.000000 1.000000 0.000000 5.840375 15.316699 6.835900 11.692500 1.975550 98371.dat
9 0 1.000000 0.000000 0.000000 0.000000 1.000000 0.000000 0.000000 0.000000 1.000000 0.000000 18.438601 15.231951 1.380575 0.399800 1.897350 98371.dat
9 0 0.824825 0.000000 -0.565387 0.000000 1.000000 0.000000 0.565387 0.000000 0.824825 -7.974200 -3.062525 -10.983450 6.835900 4.369725 0.578950 98371.dat
9 0 0.824827 0.000000 0.565385 0.000000 1.000000 0.000000 -0.565385 0.000000 0.824827 7.946050 -3.062525 -10.707800 6.835900 4.369725 0.680075 98371.dat
9 0 0.885798 0.000000 0.464070 0.000000 1.000000 0.000000 -0.464070 0.000000 0.885798 -2.881050 -10.865900 -7.186400 3.828825 1.499900 7.538350 98371.dat
9 0 1.000000 0.000000 0.000000 0.000000 1.000000 0.000000 0.000000 0.000000 1.000000 0.000000 -4.189300 -13.356625 5.091250 6.010250 0.535775 98371.dat
9 0 0.763770 0.000000 -0.645488 0.000000 1.000000 0.000000 0.645488 0.000000 0.763770 -9.881725 4.930875 11.370275 1.260600 10.827325 6.578925 98371.dat
9 0 1.000000 0.000000 0.000000 0.000000 1.000000 0.000000 0.000000 0.000000 1.000000 14.001700 0.532675 0.234100 0.486750 7.730850 6.578925 98371.dat
9 0 -0.763770 0.000000 -0.645488 0.000000 1.000000 0.000000 0.645488 0.000000 -0.763770 9.881725 4.930875 11.370275 1.260600 10.827325 6.578925 98371.dat
9 0 -1.000000 0.000000 -0.000000 0.000000 1.000000 0.000000 0.000000 0.000000 -1.000000 -14.001700 0.532675 0.234100 0.486750 7.730850 6.578925 98371.dat
9 0 1.000000 0.000000 0.000000 0.000000 1.000000 0.000000 0.000000 0.000000 1.000000 0.000000 -4.644050 0.000000 9.967875 4.394050 9.516500 98371.dat
10 0 -16.156675 -19.370899 -19.617451 16.347624 14.513625 16.726475 98371.dat
2 22 1.000000 0.000000 0.000000 0.000000 1.000000 0.000000 0.000000 0.000000 1.000000 -10.000000 0.000000 10.000000 2 2 29:0:0,29:0:0,29:0:0,29:0:0,5:4:34,29:0:0,29:0:0,29:0:0,29:0:0, 98371.dat
