9 0 -1.000000 0.000000 -0.000000 0.000000 1.000000 0.000000 0.000000 0.000000 -1.000000 5.234950 -51.974998 0.000002 0.398075 7.761400 2.815125 98376.dat
9 0 -1.000000 0.000000 -0.000000 0.000000 1.000000 0.000000 0.000000 0.000000 -1.000000 -13.776501 -51.997002 -0.000004 0.497125 7.739300 3.155550 98376.dat
9 0 -1.000000 0.000000 -0.000000 0.000000 1.000000 0.000000 0.000000 0.000000 -1.000000 -5.034975 -51.997002 -0.000002 0.398075 7.739300 2.815125 98376.dat
9 0 -1.000000 0.000000 -0.000000 0.000000 1.000000 0.000000 0.000000 0.000000 -1.000000 -9.869777 -51.997002 4.829522 2.387400 7.739300 0.893775 98376.dat
9 0 -1.000000 0.000000 -0.000000 0.000000 1.000000 0.000000 0.000000 0.000000 -1.000000 -9.869774 -51.997002 -4.891104 2.387400 7.739300 0.570200 98376.dat
9 0 -1.000000 0.000000 -0.000000 0.000000 1.000000 0.000000 0.000000 0.000000 -1.000000 9.816776 -51.974998 -4.891097 2.387400 7.761400 0.570200 98376.dat
9 0 -1.000000 0.000000 -0.000000 0.000000 1.000000 0.000000 0.000000 0.000000 -1.000000 9.816773 -51.974998 4.829528 2.387400 7.761400 0.893775 98376.dat
9 0 -1.000000 0.000000 -0.000000 0.000000 1.000000 0.000000 0.000000 0.000000 -1.000000 -0.061250 -43.641750 -0.000000 17.245350 4.085125 9.361475 98376.dat
9 0 -0.927813 -0.373046 -0.000000 -0.373046 0.927813 -0.000000 0.000000 0.000000 -1.000000 10.103750 -33.213749 0.000003 3.704500 8.991250 5.099100 98376.dat
9 0 -0.907638 0.419754 -0.000000 0.419754 0.907638 0.000000 0.000000 0.000000 -1.000000 -10.206150 -33.264751 -0.000003 3.704500 8.448800 5.099100 98376.dat
9 0 -1.000000 0.000000 -0.000000 -0.000000 0.983541 0.180685 0.000000 0.180685 -0.983541 7.427375 -14.884600 -0.006773 4.220050 8.030025 5.297075 98376.dat
9 0 -1.000000 0.000000 -0.000000 0.000000 1.000000 0.000000 0.000000 0.000000 -1.000000 -1.009350 -3.195450 -0.371125 7.798825 2.964150 6.107900 98376.dat
9 0 -0.899578 -0.436761 -0.000000 -0.420678 0.866454 0.268862 -0.117428 0.241863 -0.963179 -18.157299 -9.900675 -3.051906 2.201975 3.161725 2.366225 98376.dat
9 0 -1.000000 0.000000 -0.000000 0.000000 1.000000 0.000000 0.000000 0.000000 -1.000000 13.827374 -51.974998 0.000005 0.497125 7.761400 3.155550 98376.dat
9 0 -0.695568 0.000000 -0.718461 0.000000 1.000000 0.000000 0.718461 0.000000 -0.695568 5.528152 -3.891725 -5.468898 3.074425 3.636825 1.285175 98376.dat
9 0 -1.000000 0.000000 -0.000000 0.000000 1.000000 0.000000 0.000000 0.000000 -1.000000 1.757000 -30.662998 -0.165249 10.337825 8.718800 8.483900 98376.dat
9 0 -1.000000 0.000000 -0.000000 0.000000 1.000000 0.000000 0.000000 0.000000 -1.000000 -12.979897 -14.489250 -4.939029 3.784400 2.771200 2.807475 98376.dat
9 0 -1.000000 0.000000 -0.000000 0.000000 1.000000 0.000000 0.000000 0.000000 -1.000000 -9.229498 -8.899799 -4.687603 2.864000 2.700825 3.765675 98376.dat
9 0 -1.000000 0.000000 -0.000000 0.000000 1.000000 0.000000 0.000000 0.000000 -1.000000 -1.009350 -3.195450 -0.371125 4.124900 2.964150 9.306726 98376.dat
10 0 -17.643875 -0.010650 -9.800000 21.746101 59.986504 9.826775 98376.dat
2 22 -1.000000 0.000000 -0.000000 0.000000 1.000000 0.000000 0.000000 0.000000 -1.000000 10.000003 0.000000 -9.999997 2 2 29:0:0,29:0:0,29:0:0,29:0:0,15:4:34,29:0:0,29:0:0,29:0:0,29:0:0, 98376.dat
4 5 1.000000 0.000000 0.000000 0.000000 1.000000 0.000000 -0.000000 0.000000 1.000000 -12.500000 -48.000000 -0.000004 2 98376.dat
4 5 -1.000000 0.000000 -0.000000 0.000000 1.000000 0.000000 0.000000 0.000000 -1.000000 12.500000 -48.000000 0.000004 2 98376.dat
