9 0 1.000000 0.000000 0.000000 0.000000 1.000000 0.000000 0.000000 0.000000 1.000000 0.000000 12.000000 -8.549974 13.636451 11.750000 0.999975 98384.dat
9 0 1.000000 0.000000 0.000000 0.000000 1.000000 0.000000 0.000000 0.000000 1.000000 0.000000 12.000000 8.549974 13.636451 11.750000 0.999975 98384.dat
9 0 1.000000 0.000000 0.000000 0.000000 1.000000 0.000000 0.000000 0.000000 1.000000 -7.022300 12.000000 0.000000 0.521200 11.750000 4.249575 98384.dat
9 0 0.500000 0.000000 0.866025 0.000000 1.000000 0.000000 -0.866025 0.000000 0.500000 -3.511150 12.000000 -6.081475 0.521200 11.750000 4.249575 98384.dat
9 0 -0.500000 0.000000 0.866025 0.000000 1.000000 0.000000 -0.866025 0.000000 -0.500000 3.511150 12.000000 -6.081475 0.521200 11.750000 4.249575 98384.dat
9 0 -1.000000 0.000000 -0.000000 0.000000 1.000000 0.000000 0.000000 0.000000 -1.000000 7.022300 12.000000 0.000000 0.521200 11.750000 4.249575 98384.dat
9 0 -0.500000 0.000000 -0.866025 0.000000 1.000000 0.000000 0.866025 0.000000 -0.500000 3.511150 12.000000 6.081475 0.521200 11.750000 4.249575 98384.dat
9 0 0.500000 0.000000 -0.866025 0.000000 1.000000 0.000000 0.866025 0.000000 0.500000 -3.511150 12.000000 6.081475 0.521200 11.750000 4.249575 98384.dat
9 0 0.707107 -0.707107 0.000000 0.707107 0.707107 0.000000 0.000000 0.000000 1.000000 6.125550 8.394949 -10.612499 2.755250 2.755250 0.562525 98384.dat
9 0 0.000000 -0.707107 0.707106 0.000000 0.707106 0.707107 -1.000000 -0.000000 0.000000 14.878175 12.750000 0.003625 3.074075 3.074075 0.562525 98384.dat
9 0 0.000000 -0.707107 0.707106 0.000000 0.707106 0.707107 -1.000000 -0.000000 0.000000 16.378201 12.750000 0.003625 1.936050 1.936050 0.437475 98384.dat
9 0 0.707107 0.000000 0.707107 0.000000 1.000000 0.000000 -0.707107 0.000000 0.707107 13.982150 6.924425 -0.012750 0.567400 1.599550 0.567400 98384.dat
9 0 1.000000 0.000000 0.000000 0.000000 0.707107 0.707107 0.000000 -0.707107 0.707107 14.608325 4.289749 0.000000 0.471900 0.924150 0.924150 98384.dat
9 0 1.000000 0.000000 0.000000 0.000000 1.000000 0.000000 0.000000 0.000000 1.000000 -12.679200 12.000000 0.000000 0.957250 11.750000 9.549950 98384.dat
9 0 -0.707108 -0.707106 -0.000000 -0.707106 0.707108 -0.000000 0.000000 0.000000 -1.000000 -6.125550 8.394949 -10.612499 2.755250 2.755250 0.562525 98384.dat
9 0 0.000000 -0.707107 0.707106 0.000000 0.707106 0.707107 -1.000000 -0.000000 0.000000 -14.878175 12.750000 0.003625 3.074075 3.074075 0.562525 98384.dat
9 0 0.000000 -0.707107 0.707106 0.000000 0.707106 0.707107 -1.000000 -0.000000 0.000000 -16.378201 12.750000 0.003625 1.936050 1.936050 0.437475 98384.dat
9 0 -0.707107 0.000000 0.707107 0.000000 1.000000 0.000000 -0.707107 0.000000 -0.707107 -13.982150 6.924425 -0.012750 0.567400 1.599550 0.567400 98384.dat
9 0 -1.000000 0.000000 -0.000000 -0.000000 0.707108 0.707106 0.000000 0.707106 -0.707108 -14.608325 4.289749 0.000000 0.471900 0.924150 0.924150 98384.dat
9 0 -1.000000 0.000000 -0.000000 0.000000 1.000000 0.000000 0.000000 0.000000 -1.000000 12.679200 12.000000 0.000000 0.957250 11.750000 9.549950 98384.dat
9 0 1.000000 0.000000 0.000000 0.000000 1.000000 0.000000 0.000000 0.000000 1.000000 -9.036825 1.375000 0.000000 4.599625 1.125000 9.549950 98384.dat
9 0 1.000000 0.000000 0.000000 0.000000 1.000000 0.000000 0.000000 0.000000 1.000000 9.036825 1.375000 0.000000 4.599625 1.125000 9.549950 98384.dat
10 0 -17.065676 0.000000 -9.799950 17.065676 28.450001 12.300025 98384.dat
3 23 1.000000 0.000000 0.000000 0.000000 1.000000 0.000000 0.000000 0.000000 1.000000 -10.000000 -0.025001 10.000000 2 2 29:0:0,29:0:0,29:0:0,29:0:0,1:4:32,29:0:0,29:0:0,29:0:0,29:0:0, 98384.dat
2 22 1.000000 0.000000 0.000000 0.000000 1.000000 0.000000 0.000000 0.000000 1.000000 -10.000000 24.000000 10.000000 2 2 29:0:0,29:0:0,29:0:0,29:0:0,5:4:32,29:0:0,29:0:0,29:0:0,29:0:0, 98384.dat
6 200 -0.000000 0.000000 1.000000 0.000000 1.000000 0.000000 -1.000000 0.000000 -0.000000 0.000000 24.000000 0.000000 0.000000 0.000000 0.000000 0.000000 1 98384.dat
