9 0 0.000001 0.000001 1.000000 -1.000000 0.000001 0.000001 -0.000001 -1.000000 0.000001 8.323350 -0.000005 -0.000006 4.077525 0.323350 7.337975 98577.dat
9 0 0.866026 -0.000000 0.499999 -0.499999 0.000001 0.866026 -0.000001 -1.000000 0.000001 4.161670 -0.000007 -7.208228 4.077525 0.323350 7.337975 98577.dat
9 0 0.866025 -0.000001 -0.500001 0.500001 0.000000 0.866025 -0.000001 -1.000000 0.000001 -4.161680 -0.000002 -7.208222 4.077525 0.323350 7.337975 98577.dat
9 0 -0.000001 -0.000001 -1.000000 1.000000 -0.000001 -0.000001 -0.000001 -1.000000 0.000001 -8.323350 0.000005 0.000006 4.077525 0.323350 7.337975 98577.dat
9 0 -0.866026 0.000000 -0.499999 0.499999 -0.000001 -0.866026 -0.000001 -1.000000 0.000001 -4.161670 0.000007 7.208228 4.077525 0.323350 7.337975 98577.dat
9 0 -0.866025 0.000001 0.500001 -0.500001 -0.000000 -0.866025 -0.000001 -1.000000 0.000001 4.161680 0.000002 7.208222 4.077525 0.323350 7.337975 98577.dat
9 0 0.000001 0.000001 1.000000 -1.000000 0.000001 0.000001 -0.000001 -1.000000 0.000001 8.152586 -0.000017 -20.000006 2.329950 0.152600 9.750000 98577.dat
9 0 0.707107 -0.000000 0.707106 -0.707106 0.000001 0.707107 -0.000001 -1.000000 0.000001 5.764758 -0.000019 -25.764755 2.329950 0.152600 9.750000 98577.dat
9 0 1.000000 -0.000001 -0.000001 0.000001 0.000001 1.000000 -0.000001 -1.000000 0.000001 -0.000018 -0.000017 -28.152498 2.329950 0.152600 9.750000 98577.dat
9 0 0.707106 -0.000001 -0.707107 0.707107 -0.000000 0.707106 -0.000001 -1.000000 0.000001 -5.764792 -0.000012 -25.764748 2.329950 0.152600 9.750000 98577.dat
9 0 -0.000001 -0.000001 -1.000000 1.000000 -0.000001 -0.000001 -0.000001 -1.000000 0.000001 -8.152613 -0.000007 -19.999994 2.329950 0.152600 9.750000 98577.dat
9 0 -0.707107 0.000000 -0.707106 0.707106 -0.000001 -0.707107 -0.000001 -1.000000 0.000001 -5.764784 -0.000005 -14.235221 2.329950 0.152600 9.750000 98577.dat
9 0 -0.707106 0.000001 0.707107 -0.707107 0.000000 -0.707106 -0.000001 -1.000000 0.000001 5.764766 -0.000012 -14.235229 2.329950 0.152600 9.750000 98577.dat
9 0 0.000001 0.000001 1.000000 -1.000000 0.000001 0.000001 -0.000001 -1.000000 0.000001 8.152613 0.000007 19.999994 2.329950 0.152600 9.750000 98577.dat
9 0 0.707107 -0.000000 0.707106 -0.707106 0.000001 0.707107 -0.000001 -1.000000 0.000001 5.764784 0.000005 14.235221 2.329950 0.152600 9.750000 98577.dat
9 0 0.707106 -0.000001 -0.707107 0.707107 -0.000000 0.707106 -0.000001 -1.000000 0.000001 -5.764766 0.000012 14.235229 2.329950 0.152600 9.750000 98577.dat
9 0 -0.000001 -0.000001 -1.000000 1.000000 -0.000001 -0.000001 -0.000001 -1.000000 0.000001 -8.152586 0.000017 20.000006 2.329950 0.152600 9.750000 98577.dat
9 0 -0.707107 0.000000 -0.707106 0.707106 -0.000001 -0.707107 -0.000001 -1.000000 0.000001 -5.764758 0.000019 25.764755 2.329950 0.152600 9.750000 98577.dat
9 0 -1.000000 0.000001 0.000001 -0.000001 -0.000001 -1.000000 -0.000001 -1.000000 0.000001 0.000018 0.000017 28.152498 2.329950 0.152600 9.750000 98577.dat
9 0 -0.707106 0.000001 0.707107 -0.707107 0.000000 -0.707106 -0.000001 -1.000000 0.000001 5.764792 0.000012 25.764748 2.329950 0.152600 9.750000 98577.dat
9 0 0.000001 0.000001 1.000000 0.000001 1.000000 -0.000001 -1.000000 0.000001 0.000001 0.068507 -0.044143 11.050000 0.950000 9.505850 6.074425 98577.dat
9 0 0.000001 0.000001 1.000000 -1.000000 0.000001 0.000001 -0.000001 -1.000000 0.000001 0.000007 0.000007 11.050000 0.950000 9.505850 6.074425 98577.dat
9 0 -0.000001 -0.000001 -1.000000 0.000001 1.000000 -0.000001 1.000000 -0.000001 -0.000001 0.068493 -0.044157 -11.050000 0.950000 9.505850 6.074425 98577.dat
9 0 -0.000001 -0.000001 -1.000000 -1.000000 0.000001 0.000001 0.000001 1.000000 -0.000001 -0.000007 -0.000007 -11.050000 0.950000 9.505850 6.074425 98577.dat
9 0 -0.258818 0.000001 0.965926 0.000001 1.000000 -0.000001 -0.965926 0.000000 -0.258818 6.506858 0.000004 13.027646 2.129275 6.074425 2.476075 98577.dat
9 0 0.258819 0.000000 0.965926 0.000001 1.000000 -0.000001 -0.965926 0.000001 0.258819 -6.506842 0.000012 13.027655 2.129275 6.074425 2.476075 98577.dat
9 0 -0.258820 -0.000000 -0.965925 0.000001 1.000000 -0.000000 0.965925 -0.000001 -0.258820 6.506842 -0.000012 -13.027655 2.129275 6.074425 2.476075 98577.dat
9 0 0.258819 -0.000001 -0.965926 0.000001 1.000000 -0.000001 0.965926 -0.000000 0.258819 -6.506858 -0.000004 -13.027646 2.129275 6.074425 2.476075 98577.dat
10 0 -30.000002 -12.812500 -12.500000 30.000002 12.812500 12.500000 98577.dat
4 91 -1.000000 0.000001 0.000001 0.000001 0.000001 1.000000 0.000001 1.000000 -0.000001 12.500000 -0.000008 -0.000008 2 98577.dat
4 91 -1.000000 0.000001 0.000001 -0.000001 -0.000001 -1.000000 -0.000001 -1.000000 0.000001 12.500000 -0.000008 -0.000008 2 98577.dat
0 2 -1.000000 0.000001 0.000001 0.000001 1.000000 -0.000001 -0.000001 -0.000001 -1.000000 -0.000007 9.999989 -20.000006 0 0 0.800000 0 0 98577.dat
0 2 -1.000000 0.000001 0.000001 0.000001 1.000000 -0.000001 -0.000001 -0.000001 -1.000000 0.000007 10.000000 -0.000006 0 0 0.800000 0 0 98577.dat
0 2 -1.000000 0.000001 0.000001 0.000001 1.000000 -0.000001 -0.000001 -0.000001 -1.000000 0.000020 10.000012 19.999994 0 0 0.800000 0 0 98577.dat
1 5 0.000001 0.000001 1.000000 -1.000000 0.000001 0.000001 -0.000001 -1.000000 0.000001 0.000000 0.000000 0.000000 98577.dat
2 22 0.000001 0.000001 1.000000 -0.000001 -1.000000 0.000001 1.000000 -0.000001 -0.000001 9.999974 -10.000024 -30.000002 2 6 22:1:1,22:2:1,22:2:1,22:2:1,22:2:1,22:2:1,22:1:1,22:2:1,16:4:64,22:2:1,16:4:64,22:2:1,16:4:64,22:2:1,22:1:1,22:2:1,22:2:1,22:2:1,22:2:1,22:2:1,22:1:1, 98577.dat
2 22 0.000001 0.000001 1.000000 0.000001 1.000000 -0.000001 -1.000000 0.000001 0.000001 -10.000012 9.999989 -30.000002 2 6 22:1:1,22:2:1,22:2:1,22:2:1,22:2:1,22:2:1,22:1:1,22:2:1,16:4:64,22:2:1,16:4:64,22:2:1,16:4:64,22:2:1,22:1:1,22:2:1,22:2:1,22:2:1,22:2:1,22:2:1,22:1:1, 98577.dat
4 91 1.000000 -0.000001 -0.000001 0.000001 0.000001 1.000000 -0.000001 -1.000000 0.000001 -12.500000 0.000008 0.000008 2 98577.dat
4 91 -0.000001 -1.000000 0.000001 0.000001 0.000001 1.000000 -1.000000 0.000001 0.000001 0.000008 12.500000 -0.000007 2 98577.dat
4 91 0.000001 1.000000 -0.000001 0.000001 0.000001 1.000000 1.000000 -0.000001 -0.000001 -0.000008 -12.500000 0.000007 2 98577.dat
4 91 1.000000 -0.000001 -0.000001 -0.000001 -0.000001 -1.000000 0.000001 1.000000 -0.000001 -12.500000 0.000008 0.000008 2 98577.dat
4 91 0.000001 1.000000 -0.000001 -0.000001 -0.000001 -1.000000 -1.000000 0.000001 0.000001 -0.000008 -12.500000 0.000007 2 98577.dat
4 91 -0.000001 -1.000000 0.000001 -0.000001 -0.000001 -1.000000 1.000000 -0.000001 -0.000001 0.000008 12.500000 -0.000007 2 98577.dat
