9 0 1.000000 0.000000 0.000000 0.000000 1.000000 0.000000 0.000000 0.000000 1.000000 7.273350 -20.187500 7.237675 4.750000 19.750000 4.750000 98578.dat
9 0 0.707107 0.000000 -0.707107 0.000000 1.000000 0.000000 0.707107 0.000000 0.707107 43.735500 -1.935100 43.589500 4.100675 1.483575 4.232525 98578.dat
9 0 1.000000 0.000000 0.000000 0.000000 1.000000 0.000000 0.000000 0.000000 1.000000 0.003500 -23.649574 37.283501 6.700925 19.620026 1.349375 98578.dat
9 0 0.707107 0.000000 -0.707107 0.000000 1.000000 0.000000 0.707107 0.000000 0.707107 30.383501 -1.935100 30.251499 10.269700 1.483575 5.253425 98578.dat
9 0 0.707107 0.000000 -0.707107 -0.306797 0.900972 -0.306797 0.637084 0.433876 0.637084 32.775249 -6.838151 32.629002 6.092125 0.916675 11.153075 98578.dat
9 0 0.707107 0.000000 -0.707107 -0.374622 0.848126 -0.374621 0.599715 0.529795 0.599716 14.150526 -31.831751 14.223599 6.500500 0.916675 8.580800 98578.dat
9 0 0.707107 0.000000 -0.707107 -0.570529 0.590757 -0.570529 0.417728 0.806850 0.417728 23.430300 -19.254801 23.503376 5.440000 0.916675 8.580800 98578.dat
9 0 0.858939 -0.172959 -0.481985 -0.411879 0.325921 -0.850959 0.304271 0.929441 0.208708 15.412550 -13.130350 32.121502 5.440000 0.611125 8.580800 98578.dat
9 0 0.376480 -0.133054 -0.916820 -0.827443 0.396789 -0.397363 0.416655 0.908215 0.039288 31.555250 -14.881475 15.775900 5.440000 0.491125 8.580800 98578.dat
9 0 1.000000 0.000000 0.000000 0.000000 -0.369920 0.929064 0.000000 -0.929064 -0.369920 0.003500 -39.681000 29.174000 3.190350 17.465525 1.522875 98578.dat
9 0 1.000000 0.000000 0.000000 0.000000 -0.369920 0.929064 0.000000 -0.929064 -0.369920 0.003500 -32.240250 27.021751 10.164525 7.178850 1.522875 98578.dat
9 0 0.984711 -0.168437 0.044425 0.174197 0.952151 -0.251126 -0.000000 0.255025 0.966935 5.617650 -22.954300 41.551502 0.695875 22.910299 1.522875 98578.dat
9 0 0.984710 0.168443 -0.044422 -0.174202 0.952150 -0.251126 -0.000004 0.255025 0.966935 -5.643000 -22.954300 41.551502 0.695875 22.910299 1.522875 98578.dat
9 0 -0.000000 0.000000 1.000000 0.000000 1.000000 0.000000 -1.000000 0.000000 -0.000000 -7.237675 -20.187500 7.273350 4.750000 19.750000 4.750000 98578.dat
9 0 0.707107 0.000000 0.707107 0.000000 1.000000 0.000000 -0.707107 0.000000 0.707107 -43.589500 -1.935100 43.735500 4.100675 1.483575 4.232525 98578.dat
9 0 -0.000000 0.000000 1.000000 0.000000 1.000000 0.000000 -1.000000 0.000000 -0.000000 -37.283501 -23.649574 0.003500 6.700925 19.620026 1.349375 98578.dat
9 0 0.707107 0.000000 0.707107 0.000000 1.000000 0.000000 -0.707107 0.000000 0.707107 -30.251499 -1.935100 30.383501 10.269700 1.483575 5.253425 98578.dat
9 0 0.707107 -0.000000 0.707107 0.306797 0.900972 -0.306797 -0.637084 0.433876 0.637084 -32.629002 -6.838151 32.775249 6.092125 0.916675 11.153075 98578.dat
9 0 0.707107 -0.000000 0.707107 0.374622 0.848126 -0.374621 -0.599715 0.529795 0.599716 -14.223599 -31.831751 14.150526 6.500500 0.916675 8.580800 98578.dat
9 0 0.707107 -0.000000 0.707107 0.570529 0.590757 -0.570529 -0.417728 0.806850 0.417728 -23.503376 -19.254801 23.430300 5.440000 0.916675 8.580800 98578.dat
9 0 0.481985 -0.172959 0.858939 0.850959 0.325921 -0.411879 -0.208708 0.929441 0.304270 -32.121502 -13.130350 15.412550 5.440000 0.611125 8.580800 98578.dat
9 0 0.916820 -0.133055 0.376481 0.397363 0.396789 -0.827443 -0.039288 0.908216 0.416655 -15.775900 -14.881475 31.555250 5.440000 0.491125 8.580800 98578.dat
9 0 0.000000 0.000001 1.000000 -0.929063 -0.369921 0.000000 0.369921 -0.929063 0.000000 -29.174000 -39.681000 0.003500 3.190350 17.465525 1.522875 98578.dat
9 0 0.000000 0.000001 1.000000 -0.929063 -0.369921 0.000000 0.369921 -0.929063 0.000000 -27.021751 -32.240250 0.003500 10.164525 7.178850 1.522875 98578.dat
9 0 -0.044425 -0.168437 0.984711 0.251126 0.952151 0.174197 -0.966935 0.255025 -0.000000 -41.551502 -22.954300 5.617650 0.695875 22.910299 1.522875 98578.dat
9 0 0.044422 0.168444 0.984710 0.251126 0.952150 -0.174203 -0.966935 0.255024 -0.000005 -41.551502 -22.954300 -5.643000 0.695875 22.910299 1.522875 98578.dat
9 0 -1.000000 0.000000 -0.000000 0.000000 1.000000 0.000000 0.000000 0.000000 -1.000000 -7.273350 -20.187500 -7.237675 4.750000 19.750000 4.750000 98578.dat
9 0 -0.707107 0.000000 0.707107 0.000000 1.000000 0.000000 -0.707107 0.000000 -0.707107 -43.735500 -1.935100 -43.589500 4.100675 1.483575 4.232525 98578.dat
9 0 -1.000000 0.000000 -0.000000 0.000000 1.000000 0.000000 0.000000 0.000000 -1.000000 -0.003500 -23.649574 -37.283501 6.700925 19.620026 1.349375 98578.dat
9 0 -0.707107 0.000000 0.707107 0.000000 1.000000 0.000000 -0.707107 0.000000 -0.707107 -30.383501 -1.935100 -30.251499 10.269700 1.483575 5.253425 98578.dat
9 0 -0.707107 0.000001 0.707107 0.306798 0.900972 0.306797 -0.637083 0.433877 -0.637084 -32.775249 -6.838151 -32.629002 6.092125 0.916675 11.153075 98578.dat
9 0 -0.707107 -0.000000 0.707107 0.374621 0.848126 0.374622 -0.599715 0.529795 -0.599716 -14.150526 -31.831751 -14.223599 6.500500 0.916675 8.580800 98578.dat
9 0 -0.707107 -0.000000 0.707107 0.570529 0.590757 0.570529 -0.417728 0.806850 -0.417728 -23.430300 -19.254801 -23.503376 5.440000 0.916675 8.580800 98578.dat
9 0 -0.858938 -0.172959 0.481985 0.411879 0.325921 0.850959 -0.304270 0.929441 -0.208708 -15.412550 -13.130350 -32.121502 5.440000 0.611125 8.580800 98578.dat
9 0 -0.376480 -0.133054 0.916820 0.827443 0.396789 0.397363 -0.416655 0.908215 -0.039289 -31.555250 -14.881475 -15.775900 5.440000 0.491125 8.580800 98578.dat
9 0 -1.000000 0.000000 0.000000 -0.000000 -0.369920 -0.929063 -0.000000 -0.929063 0.369920 -0.003500 -39.681000 -29.174000 3.190350 17.465525 1.522875 98578.dat
9 0 -1.000000 0.000000 0.000000 -0.000000 -0.369920 -0.929063 -0.000000 -0.929063 0.369920 -0.003500 -32.240250 -27.021751 10.164525 7.178850 1.522875 98578.dat
9 0 -0.984711 -0.168437 -0.044425 -0.174197 0.952151 0.251127 0.000001 0.255026 -0.966934 -5.617650 -22.954300 -41.551502 0.695875 22.910299 1.522875 98578.dat
9 0 -0.984710 0.168443 0.044420 0.174202 0.952150 0.251125 0.000005 0.255024 -0.966935 5.643000 -22.954300 -41.551502 0.695875 22.910299 1.522875 98578.dat
9 0 -0.000000 0.000000 -1.000000 0.000000 1.000000 0.000000 1.000000 0.000000 -0.000000 7.237675 -20.187500 -7.273350 4.750000 19.750000 4.750000 98578.dat
9 0 -0.707107 0.000000 -0.707107 0.000000 1.000000 0.000000 0.707107 0.000000 -0.707107 43.589500 -1.935100 -43.735500 4.100675 1.483575 4.232525 98578.dat
9 0 -0.000000 0.000000 -1.000000 0.000000 1.000000 0.000000 1.000000 0.000000 -0.000000 37.283501 -23.649574 -0.003500 6.700925 19.620026 1.349375 98578.dat
9 0 -0.707107 0.000000 -0.707107 0.000000 1.000000 0.000000 0.707107 0.000000 -0.707107 30.251499 -1.935100 -30.383501 10.269700 1.483575 5.253425 98578.dat
9 0 -0.707107 -0.000001 -0.707107 -0.306798 0.900972 0.306797 0.637083 0.433877 -0.637084 32.629002 -6.838151 -32.775249 6.092125 0.916675 11.153075 98578.dat
9 0 -0.707107 0.000000 -0.707107 -0.374621 0.848126 0.374622 0.599715 0.529795 -0.599716 14.223599 -31.831751 -14.150526 6.500500 0.916675 8.580800 98578.dat
9 0 -0.707107 0.000000 -0.707107 -0.570529 0.590757 0.570529 0.417728 0.806850 -0.417728 23.503376 -19.254801 -23.430300 5.440000 0.916675 8.580800 98578.dat
9 0 -0.481985 -0.172959 -0.858939 -0.850959 0.325921 0.411879 0.208708 0.929441 -0.304270 32.121502 -13.130350 -15.412550 5.440000 0.611125 8.580800 98578.dat
9 0 -0.916820 -0.133054 -0.376480 -0.397362 0.396790 0.827442 0.039289 0.908215 -0.416655 15.775900 -14.881475 -31.555250 5.440000 0.491125 8.580800 98578.dat
9 0 0.000000 -0.000001 -1.000000 0.929063 -0.369921 0.000000 -0.369921 -0.929063 0.000000 29.174000 -39.681000 -0.003500 3.190350 17.465525 1.522875 98578.dat
9 0 0.000000 -0.000001 -1.000000 0.929063 -0.369921 0.000000 -0.369921 -0.929063 0.000000 27.021751 -32.240250 -0.003500 10.164525 7.178850 1.522875 98578.dat
9 0 0.044425 -0.168436 -0.984711 -0.251126 0.952151 -0.174196 0.966934 0.255025 0.000000 41.551502 -22.954300 -5.617650 0.695875 22.910299 1.522875 98578.dat
9 0 -0.044421 0.168443 -0.984710 -0.251126 0.952150 0.174202 0.966935 0.255024 0.000005 41.551502 -22.954300 5.643000 0.695875 22.910299 1.522875 98578.dat
10 0 -49.856003 0.000000 -49.856003 49.856003 49.735252 49.856003 98578.dat
0 4 1.000000 0.000000 0.000000 0.000000 1.000000 0.000000 0.000000 0.000000 1.000000 0.000000 0.000000 0.000000 0 1 0.800000 0 0 98578.dat
0 4 1.000000 0.000000 0.000000 0.000000 1.000000 0.000000 0.000000 0.000000 1.000000 0.000000 -20.152500 0.000000 1 0 0.800000 0 0 98578.dat
