9 0 1.000000 0.000000 0.000000 0.000000 1.000000 0.000000 0.000000 0.000000 1.000000 -4.962725 3.362925 0.000000 2.383100 0.860275 9.750000 98585.dat
9 0 1.000000 0.000000 0.000000 0.000000 1.000000 0.000000 0.000000 0.000000 1.000000 0.000000 10.005300 0.000000 4.204675 3.597425 9.750000 98585.dat
9 0 1.000000 0.000000 0.000000 0.000000 1.000000 0.000000 0.000000 0.000000 1.000000 -4.147525 15.779474 0.000000 1.633825 1.684050 9.750000 98585.dat
9 0 1.000000 0.000000 0.000000 0.000000 1.000000 0.000000 0.000000 0.000000 1.000000 -4.388225 24.833250 0.000000 1.868150 2.312175 9.750000 98585.dat
9 0 1.000000 0.000000 0.000000 0.000000 1.000000 0.000000 0.000000 0.000000 1.000000 0.000000 27.629000 0.000000 2.022125 1.243225 9.750000 98585.dat
9 0 1.000000 0.000000 0.000000 0.000000 1.000000 0.000000 0.000000 0.000000 1.000000 -13.865675 21.874399 0.000000 3.004775 1.530050 9.750000 98585.dat
9 0 1.000000 0.000000 0.000000 0.000000 1.000000 0.000000 0.000000 0.000000 1.000000 -10.709700 6.150350 -1.500000 2.894375 3.980575 1.250000 98585.dat
9 0 1.000000 0.000000 0.000000 0.000000 1.000000 0.000000 0.000000 0.000000 1.000000 4.962725 3.362925 0.000000 2.383100 0.860275 9.750000 98585.dat
9 0 1.000000 0.000000 0.000000 0.000000 1.000000 0.000000 0.000000 0.000000 1.000000 4.147525 15.779474 0.000000 1.633825 1.684050 9.750000 98585.dat
9 0 1.000000 0.000000 0.000000 0.000000 1.000000 0.000000 0.000000 0.000000 1.000000 4.388225 24.833250 0.000000 1.868150 2.312175 9.750000 98585.dat
9 0 1.000000 0.000000 0.000000 0.000000 1.000000 0.000000 0.000000 0.000000 1.000000 13.865675 21.874399 0.000000 3.004775 1.530050 9.750000 98585.dat
9 0 1.000000 0.000000 0.000000 0.000000 1.000000 0.000000 0.000000 0.000000 1.000000 10.709700 6.150350 -1.500000 2.894375 3.980575 1.250000 98585.dat
9 0 1.000000 0.000000 0.000000 0.000000 1.000000 0.000000 0.000000 0.000000 1.000000 9.165225 0.000000 0.000000 2.757725 3.625000 9.750000 98585.dat
9 0 1.000000 0.000000 0.000000 0.000000 1.000000 0.000000 0.000000 0.000000 1.000000 4.962725 -3.362925 0.000000 2.383100 0.860275 9.750000 98585.dat
9 0 1.000000 0.000000 0.000000 0.000000 1.000000 0.000000 0.000000 0.000000 1.000000 4.147525 -15.779474 0.000000 1.633825 1.684050 9.750000 98585.dat
9 0 1.000000 0.000000 0.000000 0.000000 1.000000 0.000000 0.000000 0.000000 1.000000 4.388225 -24.833250 0.000000 1.868150 2.312175 9.750000 98585.dat
9 0 1.000000 0.000000 0.000000 0.000000 1.000000 0.000000 0.000000 0.000000 1.000000 13.865675 -21.874399 0.000000 3.004775 1.530050 9.750000 98585.dat
9 0 1.000000 0.000000 0.000000 0.000000 1.000000 0.000000 0.000000 0.000000 1.000000 10.709700 -6.150350 -1.500000 2.894375 3.980575 1.250000 98585.dat
9 0 1.000000 0.000000 0.000000 0.000000 1.000000 0.000000 0.000000 0.000000 1.000000 -9.165225 0.000000 0.000000 2.757725 3.625000 9.750000 98585.dat
9 0 1.000000 0.000000 0.000000 0.000000 1.000000 0.000000 0.000000 0.000000 1.000000 -4.962725 -3.362925 0.000000 2.383100 0.860275 9.750000 98585.dat
9 0 1.000000 0.000000 0.000000 0.000000 1.000000 0.000000 0.000000 0.000000 1.000000 0.000000 -10.005300 0.000000 4.204675 3.597425 9.750000 98585.dat
9 0 1.000000 0.000000 0.000000 0.000000 1.000000 0.000000 0.000000 0.000000 1.000000 -4.140675 -15.797700 0.000000 1.640675 1.702300 9.750000 98585.dat
9 0 1.000000 0.000000 0.000000 0.000000 1.000000 0.000000 0.000000 0.000000 1.000000 -4.388225 -24.833250 0.000000 1.868150 2.312175 9.750000 98585.dat
9 0 1.000000 0.000000 0.000000 0.000000 1.000000 0.000000 0.000000 0.000000 1.000000 -13.865675 -21.874399 0.000000 3.004775 1.530050 9.750000 98585.dat
9 0 1.000000 0.000000 0.000000 0.000000 1.000000 0.000000 0.000000 0.000000 1.000000 -10.677050 -6.150350 -1.500000 2.927000 3.980600 1.250000 98585.dat
9 0 -0.500001 0.866025 -0.000000 0.866025 0.500001 0.000000 0.000000 -0.000000 -1.000000 15.668575 7.181600 0.000000 0.365925 3.625000 9.750000 98585.dat
9 0 -0.500001 -0.866025 -0.000000 -0.866025 0.500001 -0.000000 0.000000 0.000000 -1.000000 15.663851 -7.189750 0.000000 0.356475 3.625000 9.750000 98585.dat
9 0 0.500000 0.866025 0.000000 -0.866025 0.500000 0.000000 0.000000 0.000000 1.000000 -15.668750 7.181250 0.000000 0.366300 3.625000 9.750000 98585.dat
9 0 0.500000 -0.866025 0.000000 0.866025 0.500000 0.000000 0.000000 0.000000 1.000000 -15.669325 -7.180275 0.000000 0.367425 3.625000 9.750000 98585.dat
9 0 -0.923815 0.382838 0.000000 -0.382838 -0.923815 0.000000 0.000000 0.000000 1.000000 22.525524 -10.913750 0.000000 1.483575 2.685125 9.750000 98585.dat
9 0 -0.707107 0.707107 0.000000 -0.707107 -0.707107 0.000000 0.000000 0.000000 1.000000 16.797949 -12.685249 -1.500000 4.248725 4.997675 1.250000 98585.dat
9 0 -0.707107 0.707107 0.000000 -0.707107 -0.707107 0.000000 0.000000 0.000000 1.000000 19.148525 -19.148525 0.000000 1.483575 4.783375 9.750000 98585.dat
9 0 0.923815 0.382839 0.000000 0.382839 -0.923815 -0.000000 -0.000000 0.000000 -1.000000 -22.525524 -10.913750 0.000000 1.483575 2.685125 9.750000 98585.dat
9 0 0.707108 0.707106 0.000000 0.707106 -0.707108 -0.000000 -0.000000 0.000000 -1.000000 -16.797949 -12.685249 -1.500000 4.248725 4.997675 1.250000 98585.dat
9 0 0.707108 0.707106 0.000000 0.707106 -0.707108 -0.000000 -0.000000 0.000000 -1.000000 -19.148525 -19.148525 0.000000 1.483575 4.783375 9.750000 98585.dat
9 0 -0.923815 -0.382839 -0.000000 -0.382839 0.923815 -0.000000 0.000000 0.000000 -1.000000 22.525524 10.913750 0.000000 1.483575 2.685125 9.750000 98585.dat
9 0 -0.707108 -0.707106 -0.000000 -0.707106 0.707108 -0.000000 0.000000 0.000000 -1.000000 16.797949 12.685249 -1.500000 4.248725 4.997675 1.250000 98585.dat
9 0 -0.707108 -0.707106 -0.000000 -0.707106 0.707108 -0.000000 0.000000 0.000000 -1.000000 19.148525 19.148525 0.000000 1.483575 4.783375 9.750000 98585.dat
9 0 0.923815 -0.382838 0.000000 0.382838 0.923815 0.000000 0.000000 0.000000 1.000000 -22.525524 10.913750 0.000000 1.483575 2.685125 9.750000 98585.dat
9 0 0.707107 -0.707107 0.000000 0.707107 0.707107 0.000000 0.000000 0.000000 1.000000 -16.797949 12.685249 -1.500000 4.248725 4.997675 1.250000 98585.dat
9 0 0.707107 -0.707107 0.000000 0.707107 0.707107 0.000000 0.000000 0.000000 1.000000 -19.148525 19.148525 0.000000 1.483575 4.783375 9.750000 98585.dat
9 0 0.707108 0.707106 0.000000 0.707106 -0.707108 -0.000000 -0.000000 0.000000 -1.000000 25.856251 5.856125 0.000000 0.281850 3.625000 9.750000 98585.dat
9 0 0.707108 -0.707106 -0.000000 -0.707106 -0.707108 -0.000000 0.000000 0.000000 -1.000000 25.856251 -5.856125 0.000000 0.281850 3.625000 9.750000 98585.dat
9 0 1.000000 0.000000 0.000000 0.000000 -1.000000 -0.000000 0.000000 0.000000 -1.000000 28.281752 0.000000 0.000000 0.281850 3.625000 9.750000 98585.dat
9 0 -0.707108 -0.707106 -0.000000 -0.707106 0.707108 -0.000000 0.000000 0.000000 -1.000000 -25.856251 -5.856125 0.000000 0.281850 3.625000 9.750000 98585.dat
9 0 -0.707108 0.707106 -0.000000 0.707106 0.707108 0.000000 0.000000 -0.000000 -1.000000 -25.856251 5.856125 0.000000 0.281850 3.625000 9.750000 98585.dat
9 0 -1.000000 0.000000 -0.000000 0.000000 1.000000 0.000000 0.000000 0.000000 -1.000000 -28.281752 0.000000 0.000000 0.281850 3.625000 9.750000 98585.dat
9 0 1.000000 0.000000 0.000000 0.000000 1.000000 0.000000 0.000000 0.000000 1.000000 0.000000 -27.629000 0.000000 2.022125 1.243225 9.750000 98585.dat
9 0 0.923880 0.382683 0.000000 -0.382683 0.923880 0.000000 0.000000 0.000000 1.000000 9.988325 -24.077526 0.000000 4.502925 1.611825 6.000000 98585.dat
9 0 0.382683 0.923880 0.000000 -0.923880 0.382683 0.000000 0.000000 0.000000 1.000000 24.088200 -9.962575 0.000000 4.502925 1.611825 6.000000 98585.dat
9 0 -0.382683 0.923880 0.000000 -0.923880 -0.382683 0.000000 0.000000 0.000000 1.000000 24.077526 9.988325 0.000000 4.502925 1.611825 6.000000 98585.dat
9 0 -0.923880 0.382683 0.000000 -0.382683 -0.923880 0.000000 0.000000 0.000000 1.000000 9.962575 24.088200 0.000000 4.502925 1.611825 6.000000 98585.dat
9 0 -0.923880 -0.382683 0.000000 0.382683 -0.923880 0.000000 0.000000 0.000000 1.000000 -9.988325 24.077526 0.000000 4.502925 1.611825 6.000000 98585.dat
9 0 -0.382683 -0.923880 0.000000 0.923880 -0.382683 0.000000 0.000000 0.000000 1.000000 -24.088200 9.962575 0.000000 4.502925 1.611825 6.000000 98585.dat
9 0 0.382683 -0.923880 0.000000 0.923880 0.382683 0.000000 0.000000 0.000000 1.000000 -24.077526 -9.988325 0.000000 4.502925 1.611825 6.000000 98585.dat
9 0 0.923880 -0.382683 0.000000 0.382683 0.923880 0.000000 0.000000 0.000000 1.000000 -9.962575 -24.088200 0.000000 4.502925 1.611825 6.000000 98585.dat
10 0 -30.000002 -29.201252 -20.000000 30.000002 29.201252 0.000000 98585.dat
0 4 1.000000 0.000000 0.000000 0.000000 -0.000000 -1.000000 0.000000 1.000000 -0.000000 0.000000 20.000000 -10.000000 0 0 0.800000 0 0 98585.dat
0 4 1.000000 0.000000 0.000000 0.000000 -0.000000 -1.000000 0.000000 1.000000 -0.000000 0.000000 0.000000 -10.000000 0 0 0.800000 0 0 98585.dat
0 4 1.000000 0.000000 0.000000 0.000000 -0.000000 -1.000000 0.000000 1.000000 -0.000000 0.000000 -20.000000 -10.000000 0 0 0.800000 0 0 98585.dat
0 2 -0.000000 1.000000 -0.000000 0.000000 -0.000000 -1.000000 -1.000000 0.000000 -0.000000 -20.000000 0.000000 -10.000000 0 0 0.800000 0 0 98585.dat
0 2 -0.000000 1.000000 -0.000000 0.000000 -0.000000 -1.000000 -1.000000 0.000000 -0.000000 20.000000 0.000000 -10.000000 0 0 0.800000 0 0 98585.dat
2 22 1.000000 0.000000 0.000000 0.000000 -0.000000 -1.000000 0.000000 1.000000 -0.000000 10.000000 10.000000 -10.000000 2 2 22:1:1,22:2:1,22:1:1,22:2:1,16:4:64,22:2:1,22:1:1,22:2:1,22:1:1, 98585.dat
2 22 1.000000 0.000000 0.000000 0.000000 -0.000000 -1.000000 0.000000 1.000000 -0.000000 -30.000002 10.000000 -10.000000 2 2 22:1:1,22:2:1,22:1:1,22:2:1,16:4:64,22:2:1,22:1:1,22:2:1,22:1:1, 98585.dat
2 22 -1.000000 0.000000 -0.000000 -0.000000 0.000000 1.000000 0.000000 1.000000 0.000000 -10.000000 10.000000 10.000000 2 2 22:1:1,22:2:1,22:1:1,22:2:1,16:4:64,22:2:1,22:1:1,22:2:1,22:1:1, 98585.dat
2 22 -1.000000 0.000000 -0.000000 -0.000000 0.000000 1.000000 0.000000 1.000000 0.000000 30.000002 10.000000 10.000000 2 2 22:1:1,22:2:1,22:1:1,22:2:1,16:4:64,22:2:1,22:1:1,22:2:1,22:1:1, 98585.dat
