9 0 1.000000 0.000000 0.000000 0.000000 1.000000 0.000000 0.000000 0.000000 1.000000 0.000000 -4.085375 0.687675 6.332825 3.835375 7.987100 98726.dat
9 0 0.899226 0.419796 -0.123140 -0.436188 0.881965 -0.178545 0.033653 0.214265 0.976196 -1.874875 0.443525 -12.918900 1.424125 6.183825 1.130325 98726.dat
9 0 1.000000 0.000000 0.000000 0.000000 0.598062 0.801450 0.000000 -0.801450 0.598062 0.000000 -3.583100 -10.219275 5.785375 0.794800 4.367050 98726.dat
9 0 1.000000 0.000000 0.000000 0.000000 0.068147 -0.997675 0.000000 0.997675 0.068147 0.000000 7.574625 13.567950 7.514975 0.417125 11.464650 98726.dat
9 0 -0.500000 -0.000000 0.866025 0.772982 0.450922 0.446282 -0.390510 0.892563 -0.225461 -10.383850 -2.244425 -4.646700 6.347200 0.749150 3.550650 98726.dat
9 0 0.500000 -0.000001 0.866026 0.864012 0.068147 -0.498838 -0.059017 0.997675 0.034074 -10.661675 5.887875 8.438900 5.537500 0.417125 9.773974 98726.dat
9 0 -0.393354 -0.007285 0.919358 0.918698 0.035595 0.393354 -0.035590 0.999340 -0.007308 -13.019925 5.480175 -4.044025 1.569600 0.468900 6.465400 98726.dat
9 0 0.500000 -0.000000 0.866025 -0.772983 0.450922 0.446282 -0.390510 -0.892564 0.225461 10.383850 -2.244425 -4.646700 6.347200 0.749150 3.550650 98726.dat
9 0 -0.500000 0.000000 0.866026 -0.864012 0.068146 -0.498837 -0.059017 -0.997675 -0.034073 10.661675 5.887875 8.438900 5.537500 0.417125 9.773974 98726.dat
9 0 0.393354 -0.007286 0.919358 -0.918698 0.035595 0.393353 -0.035590 -0.999340 0.007308 13.019925 5.480175 -4.044025 1.569600 0.468900 6.465400 98726.dat
10 0 -15.839450 -19.831776 -16.558975 15.716401 9.870299 16.019199 98726.dat
2 22 1.000000 0.000000 0.000000 0.000000 1.000000 0.000000 0.000000 0.000000 1.000000 -10.000000 0.000000 10.000000 2 2 29:0:0,29:0:0,29:0:0,29:0:0,5:4:34,29:0:0,29:0:0,29:0:0,29:0:0, 98726.dat
