9 0 -1.000000 0.000000 0.000001 0.000000 1.000000 0.000000 -0.000001 0.000000 -1.000000 0.000008 19.412500 12.000000 9.862499 19.912500 1.750000 98722.dat
9 0 -1.000000 0.000000 0.000001 0.000000 1.000000 0.000000 -0.000001 0.000000 -1.000000 0.000006 -1.500000 9.121425 9.862499 1.250000 2.628575 98722.dat
9 0 -1.000000 0.000000 0.000001 0.000000 1.000000 0.000000 -0.000001 0.000000 -1.000000 -8.177674 -1.500000 1.100005 1.684825 1.250000 10.650000 98722.dat
9 0 -0.228592 0.973522 0.000000 0.973522 0.228592 -0.000001 -0.000001 0.000000 -1.000000 -22.330193 -4.168175 11.962239 0.544050 12.486449 1.643950 98722.dat
9 0 -0.515016 0.857180 0.000000 0.857180 0.515016 -0.000001 -0.000001 0.000000 -1.000000 -40.762489 -10.664474 11.962251 0.544025 6.785000 1.643950 98722.dat
9 0 0.243590 0.969878 -0.000000 0.969878 -0.243590 -0.000001 -0.000001 0.000000 -1.000000 -70.159492 -8.143575 11.950668 0.544050 24.269600 1.467825 98722.dat
9 0 0.828813 0.559526 -0.000001 0.559526 -0.828813 -0.000000 -0.000001 0.000000 -1.000000 -52.208996 -5.842300 11.950658 0.544050 9.339825 1.467825 98722.dat
9 0 0.929202 0.369572 -0.000001 0.369572 -0.929202 -0.000000 -0.000001 0.000000 -1.000000 -61.872746 11.994650 11.950664 0.544025 8.890025 1.467825 98722.dat
9 0 0.929202 0.369572 -0.000001 0.369572 -0.929202 -0.000000 -0.000001 0.000000 -1.000000 -61.152996 10.184950 11.950664 0.544025 8.890025 1.467825 98722.dat
9 0 0.984710 0.174204 -0.000001 0.174204 -0.984710 -0.000000 -0.000001 0.000000 -1.000000 -66.466995 27.346001 11.950666 0.544025 6.620275 1.337575 98722.dat
9 0 0.998307 -0.058171 -0.000001 -0.058171 -0.998307 0.000000 -0.000001 0.000000 -1.000000 -45.764992 -5.581800 11.950654 0.544025 7.525675 1.467825 98722.dat
9 0 0.973708 -0.227800 -0.000001 -0.227800 -0.973708 0.000000 -0.000001 0.000000 -1.000000 -42.386742 13.286824 11.950651 0.544025 11.860700 1.467825 98722.dat
9 0 0.936953 -0.349455 -0.000001 -0.349455 -0.936953 0.000000 -0.000001 0.000000 -1.000000 -35.634239 35.379250 11.957647 0.544050 11.860700 1.474825 98722.dat
9 0 -0.523408 0.852082 0.000000 0.852082 0.523408 -0.000001 -0.000001 0.000000 -1.000000 -37.399742 16.168501 12.000024 20.254601 19.912500 1.250000 98722.dat
9 0 -0.871824 0.489819 0.000001 0.489819 0.871824 -0.000000 -0.000001 0.000000 -1.000000 -20.619793 16.231125 12.000012 13.679400 14.115150 1.250000 98722.dat
9 0 -0.841492 0.540269 0.000001 0.540269 0.841492 -0.000000 -0.000001 0.000000 -1.000000 -64.519997 9.356074 12.000040 13.679400 15.348875 1.250000 98722.dat
9 0 -0.631934 0.775022 0.000000 0.775022 0.631934 -0.000000 -0.000001 0.000000 -1.000000 -82.024246 3.698250 12.000051 4.547775 7.364000 1.250000 98722.dat
9 0 0.038674 0.999252 -0.000000 0.999252 -0.038674 -0.000001 -0.000001 0.000000 -1.000000 -59.104244 27.940250 12.000037 4.547775 7.364000 1.250000 98722.dat
9 0 -0.179802 0.983703 0.000000 0.983703 0.179802 -0.000001 -0.000001 0.000000 -1.000000 -21.404167 2.194675 12.000013 4.547775 12.741250 1.250000 98722.dat
9 0 1.000000 0.000000 -0.000001 0.000000 1.000000 0.000000 0.000001 0.000000 1.000000 8.177676 -1.500000 1.099995 1.684825 1.250000 10.650000 98722.dat
9 0 0.228592 0.973522 -0.000000 -0.973522 0.228592 0.000001 0.000001 -0.000000 1.000000 22.330208 -4.168175 11.962212 0.544050 12.486449 1.643950 98722.dat
9 0 0.515015 0.857181 -0.000000 -0.857181 0.515015 0.000000 0.000001 -0.000000 1.000000 40.762508 -10.664474 11.962200 0.544025 6.785000 1.643950 98722.dat
9 0 -0.243590 0.969878 0.000000 -0.969878 -0.243590 0.000001 0.000001 0.000000 1.000000 70.159508 -8.143575 11.950581 0.544050 24.269600 1.467825 98722.dat
9 0 -0.828813 0.559526 0.000000 -0.559526 -0.828813 0.000000 0.000001 0.000000 1.000000 52.209007 -5.842300 11.950592 0.544050 9.339825 1.467825 98722.dat
9 0 -0.929202 0.369572 0.000001 -0.369572 -0.929202 0.000000 0.000001 0.000000 1.000000 61.872757 11.994650 11.950586 0.544025 8.890025 1.467825 98722.dat
9 0 -0.929202 0.369572 0.000001 -0.369572 -0.929202 0.000000 0.000001 0.000000 1.000000 61.153008 10.184950 11.950586 0.544025 8.890025 1.467825 98722.dat
9 0 -0.984710 0.174204 0.000001 -0.174204 -0.984710 0.000000 0.000001 0.000000 1.000000 66.467003 27.346001 11.950583 0.544025 6.620275 1.337575 98722.dat
9 0 -0.998307 -0.058169 0.000001 0.058169 -0.998307 0.000000 0.000001 0.000000 1.000000 45.765011 -5.581800 11.950596 0.544025 7.525675 1.467825 98722.dat
9 0 -0.973708 -0.227800 0.000001 0.227800 -0.973708 -0.000000 0.000001 0.000000 1.000000 42.386757 13.286824 11.950598 0.544025 11.860700 1.467825 98722.dat
9 0 -0.936953 -0.349454 0.000001 0.349454 -0.936953 -0.000000 0.000001 0.000000 1.000000 35.634258 35.379250 11.957603 0.544050 11.860700 1.474825 98722.dat
9 0 0.523408 0.852082 -0.000000 -0.852082 0.523408 0.000000 0.000001 -0.000000 1.000000 37.399761 16.168501 11.999976 20.254601 19.912500 1.250000 98722.dat
9 0 0.871824 0.489819 -0.000000 -0.489819 0.871824 0.000000 0.000001 -0.000000 1.000000 20.619808 16.231125 11.999987 13.679400 14.115150 1.250000 98722.dat
9 0 0.841492 0.540270 -0.000000 -0.540270 0.841492 0.000000 0.000001 -0.000000 1.000000 64.520004 9.356074 11.999960 13.679400 15.348875 1.250000 98722.dat
9 0 0.631934 0.775023 -0.000000 -0.775023 0.631934 0.000000 0.000001 -0.000000 1.000000 82.024261 3.698250 11.999949 4.547775 7.364000 1.250000 98722.dat
9 0 -0.038674 0.999252 -0.000000 -0.999252 -0.038674 0.000001 0.000001 0.000000 1.000000 59.104259 27.940250 11.999963 4.547775 7.364000 1.250000 98722.dat
9 0 0.179801 0.983703 -0.000000 -0.983703 0.179801 0.000001 0.000001 -0.000000 1.000000 21.404182 2.194675 11.999987 4.547775 12.741250 1.250000 98722.dat
9 0 -1.000000 0.000000 0.000001 0.000000 1.000000 0.000000 -0.000001 0.000000 -1.000000 -0.000005 -1.500000 -8.021424 9.862499 1.250000 1.528575 98722.dat
10 0 -95.057999 -47.785000 -9.800000 95.057999 15.878224 18.449999 98722.dat
3 23 -1.000000 0.000000 0.000001 -0.000001 -0.000000 -1.000000 0.000000 -1.000000 0.000000 10.000010 0.000000 13.999994 4 2 18:1:1,23:4:1,18:1:1,23:4:1,0:4:1,23:4:1,18:2:1,23:4:1,18:2:1,23:4:1,0:4:1,23:4:1,18:1:1,23:4:1,18:1:1, 98722.dat
4 30 -1.000000 0.000000 0.000001 0.000000 1.000000 0.000000 -0.000001 0.000000 -1.000000 0.000000 0.000000 0.000000 2 98722.dat
4 30 1.000000 0.000000 -0.000001 0.000000 1.000000 0.000000 0.000001 0.000000 1.000000 -7.500000 0.000000 0.000005 2 98722.dat
2 22 -1.000000 0.000000 0.000001 0.000000 1.000000 0.000000 -0.000001 0.000000 -1.000000 9.999994 0.000000 -10.000006 2 2 29:0:0,29:0:0,29:0:0,29:0:0,15:4:32,29:0:0,29:0:0,29:0:0,29:0:0, 98722.dat
2 22 1.000000 0.000000 -0.000001 0.000000 -1.000000 -0.000000 -0.000001 0.000000 -1.000000 -10.000006 -3.000000 -9.999994 2 2 29:0:0,29:0:0,29:0:0,29:0:0,15:4:32,29:0:0,29:0:0,29:0:0,29:0:0, 98722.dat
4 30 -1.000000 0.000000 0.000001 0.000000 1.000000 0.000000 -0.000001 0.000000 -1.000000 7.500000 0.000000 -0.000005 2 98722.dat
