9 0 -1.000000 0.000000 -0.000000 0.000000 0.707107 -0.707107 0.000000 -0.707107 -0.707107 0.000000 0.000000 0.000000 8.500000 2.578425 2.578425 98721.dat
9 0 -1.000000 0.000000 -0.000000 0.000000 1.000000 0.000000 0.000000 0.000000 -1.000000 8.687500 0.409150 0.000003 0.937500 5.324250 2.000000 98721.dat
9 0 -0.978153 0.207888 -0.000000 0.207888 0.978153 0.000000 0.000000 0.000000 -1.000000 19.976851 -0.918150 0.000007 0.937500 7.027025 2.000000 98721.dat
9 0 0.250429 0.968135 0.000000 0.968135 -0.250429 0.000000 0.000000 0.000000 -1.000000 14.712575 -5.410100 0.000005 0.937500 5.410025 2.000000 98721.dat
9 0 -0.274727 0.961522 -0.000000 0.961522 0.274727 0.000000 0.000000 0.000000 -1.000000 27.837500 -4.762800 0.000009 0.741100 9.343825 2.000000 98721.dat
9 0 0.017187 0.999852 0.000000 0.999852 -0.017187 0.000000 0.000000 0.000000 -1.000000 15.995500 -0.796825 0.000005 4.301575 6.413975 1.125000 98721.dat
9 0 0.001859 0.999998 0.000000 0.999998 -0.001859 0.000000 0.000000 0.000000 -1.000000 27.456501 -2.490150 0.000009 1.298850 6.413975 1.125000 98721.dat
9 0 1.000000 0.000000 0.000000 0.000000 1.000000 0.000000 -0.000000 0.000000 1.000000 -8.687500 0.409150 -0.000003 0.937500 5.324250 2.000000 98721.dat
9 0 0.978153 0.207887 0.000000 -0.207887 0.978153 -0.000000 -0.000000 -0.000000 1.000000 -19.976851 -0.918150 -0.000007 0.937500 7.027025 2.000000 98721.dat
9 0 -0.250429 0.968135 -0.000000 -0.968135 -0.250429 -0.000000 -0.000000 0.000000 1.000000 -14.712575 -5.410100 -0.000005 0.937500 5.410025 2.000000 98721.dat
9 0 0.274728 0.961522 0.000000 -0.961522 0.274728 -0.000000 -0.000000 -0.000000 1.000000 -27.837500 -4.762800 -0.000009 0.741100 9.343825 2.000000 98721.dat
9 0 -0.017188 0.999852 -0.000000 -0.999852 -0.017188 -0.000000 -0.000000 0.000000 1.000000 -15.995500 -0.796825 -0.000005 4.301575 6.413975 1.125000 98721.dat
9 0 -0.001860 0.999998 -0.000000 -0.999998 -0.001860 -0.000000 -0.000000 0.000000 1.000000 -27.456501 -2.490150 -0.000009 1.298850 6.413975 1.125000 98721.dat
10 0 -37.446499 -6.632300 -4.000000 37.446499 8.369474 4.000000 98721.dat
0 7 0.000000 1.000000 0.000000 1.000000 -0.000000 0.000000 0.000000 0.000000 -1.000000 7.500000 0.000000 0.000002 1 1 0.600000 0 1 98721.dat
