9 0 0.707107 -0.707107 0.000000 0.707107 0.707107 0.000000 0.000000 0.000000 1.000000 4.006150 25.968849 0.000000 0.224075 2.773475 9.750000 98989.dat
9 0 -0.000000 -1.000000 0.000000 1.000000 -0.000000 0.000000 0.000000 0.000000 1.000000 9.975000 28.441227 0.000000 0.224075 2.773475 9.750000 98989.dat
9 0 -0.707107 -0.707107 0.000000 0.707107 -0.707107 0.000000 0.000000 0.000000 1.000000 15.943750 25.968849 0.000000 0.224075 2.773475 9.750000 98989.dat
9 0 -1.000000 0.000000 0.000000 -0.000000 -1.000000 0.000000 0.000000 0.000000 1.000000 18.416250 20.000000 0.000000 0.224075 2.773475 9.750000 98989.dat
9 0 -0.707107 0.707107 0.000000 -0.707107 -0.707107 0.000000 0.000000 0.000000 1.000000 15.943750 14.031151 0.000000 0.224075 2.773475 9.750000 98989.dat
9 0 0.707107 0.707107 0.000000 -0.707107 0.707107 0.000000 0.000000 0.000000 1.000000 4.156075 14.181074 0.000000 0.224075 2.773475 9.750000 98989.dat
9 0 1.000000 0.000000 0.000000 0.000000 1.000000 0.000000 0.000000 0.000000 1.000000 0.000000 -30.812252 -0.003675 9.537500 2.812200 1.623150 98989.dat
9 0 1.000000 0.000000 0.000000 0.000000 1.000000 0.000000 0.000000 0.000000 1.000000 0.093750 -43.643253 3.640775 9.631250 1.143225 1.142000 98989.dat
9 0 1.000000 0.000000 0.000000 0.000000 -0.000000 1.000000 0.000000 -1.000000 -0.000000 0.093750 -43.644501 -3.646900 9.631250 1.143225 1.142000 98989.dat
9 0 1.000000 0.000000 0.000000 0.000000 -1.000000 -0.000000 0.000000 0.000000 -1.000000 0.093750 -36.356754 -3.648125 9.631250 1.143225 1.142000 98989.dat
9 0 1.000000 0.000000 0.000000 0.000000 -0.000000 -1.000000 0.000000 1.000000 -0.000000 0.093750 -36.355503 3.639524 9.631250 1.143225 1.142000 98989.dat
9 0 1.000000 0.000000 0.000000 0.000000 1.000000 0.000000 0.000000 0.000000 1.000000 0.000000 -9.904750 -0.003675 9.537500 1.751950 8.998175 98989.dat
9 0 1.000000 0.000000 0.000000 0.000000 1.000000 0.000000 0.000000 0.000000 1.000000 0.000000 -10.000001 -8.612700 9.537500 13.599674 0.366000 98989.dat
9 0 1.000000 0.000000 0.000000 0.000000 1.000000 0.000000 0.000000 0.000000 1.000000 0.000000 -10.000001 8.635700 9.537500 13.599674 0.366000 98989.dat
9 0 1.000000 0.000000 0.000000 0.000000 1.000000 0.000000 0.000000 0.000000 1.000000 0.000000 -46.522747 -0.003675 9.537500 0.148475 0.950450 98989.dat
9 0 1.000000 0.000000 0.000000 0.000000 1.000000 0.000000 0.000000 0.000000 1.000000 -18.318300 20.000000 0.000000 0.224075 2.773475 9.750000 98989.dat
9 0 0.707107 -0.707107 0.000000 0.707107 0.707107 0.000000 0.000000 0.000000 1.000000 -15.881926 25.881926 0.000000 0.224075 2.773475 9.750000 98989.dat
9 0 -0.000000 -1.000000 0.000000 1.000000 -0.000000 0.000000 0.000000 0.000000 1.000000 -10.000000 28.318300 0.000000 0.224075 2.773475 9.750000 98989.dat
9 0 -0.707107 -0.707107 0.000000 0.707107 -0.707107 0.000000 0.000000 0.000000 1.000000 -4.118075 25.881926 0.000000 0.224075 2.773475 9.750000 98989.dat
9 0 -0.707107 0.707107 0.000000 -0.707107 -0.707107 0.000000 0.000000 0.000000 1.000000 -4.181075 14.181074 0.000000 0.224075 2.773475 9.750000 98989.dat
9 0 -0.000000 1.000000 0.000000 -1.000000 -0.000000 0.000000 0.000000 0.000000 1.000000 -0.012500 11.869201 0.000000 0.131000 12.562375 9.750000 98989.dat
9 0 0.707107 0.707107 0.000000 -0.707107 0.707107 0.000000 0.000000 0.000000 1.000000 -15.881926 14.118075 0.000000 0.224075 2.773475 9.750000 98989.dat
9 0 -1.000000 0.000000 0.000000 -0.000000 -1.000000 0.000000 0.000000 0.000000 1.000000 0.000000 20.000000 0.000000 2.000200 4.229150 9.750000 98989.dat
9 0 0.000000 -0.707107 0.707106 0.000000 0.707106 0.707107 -1.000000 -0.000000 0.000000 0.000000 6.004600 -6.008300 0.131000 2.574875 9.537500 98989.dat
9 0 -0.000000 -0.707107 -0.707106 -0.000001 -0.707106 0.707107 -1.000000 0.000001 -0.000000 0.000000 6.004600 6.000925 0.131000 2.574875 9.537500 98989.dat
9 0 -0.000000 0.707107 -0.707106 0.000001 -0.707106 -0.707107 -1.000000 -0.000001 -0.000000 0.000000 -6.004749 6.000925 0.131000 2.574875 9.537500 98989.dat
9 0 0.000000 0.707107 0.707106 -0.000000 0.707106 -0.707107 -1.000000 0.000000 0.000000 0.000000 -6.004749 -6.008300 0.131000 2.574875 9.537500 98989.dat
9 0 0.000000 -0.707107 0.707106 0.000000 0.707106 0.707107 -1.000000 -0.000000 0.000000 0.000000 -13.995500 -6.008300 0.131000 2.574875 9.537500 98989.dat
9 0 -0.000000 -0.707107 -0.707106 -0.000001 -0.707106 0.707107 -1.000000 0.000001 -0.000000 0.000000 -13.995500 6.000925 0.131000 2.574875 9.537500 98989.dat
9 0 -0.000000 0.707107 -0.707106 0.000001 -0.707106 -0.707107 -1.000000 -0.000001 -0.000000 0.000000 -26.004749 6.000925 0.131000 2.574875 9.537500 98989.dat
9 0 0.000000 0.707107 0.707106 -0.000000 0.707106 -0.707107 -1.000000 0.000000 0.000000 0.000000 -26.004749 -6.008300 0.131000 2.574875 9.537500 98989.dat
9 0 1.000000 0.000000 0.000000 0.000000 1.000000 0.000000 0.000000 0.000000 1.000000 0.000000 9.962026 -0.003700 9.537500 1.962050 8.998175 98989.dat
9 0 1.000000 0.000000 0.000000 0.000000 1.000000 0.000000 0.000000 0.000000 1.000000 8.287500 -13.911249 -8.502775 1.250000 25.835249 0.499100 98989.dat
9 0 1.000000 0.000000 0.000000 0.000000 -0.000000 -1.000000 0.000000 1.000000 -0.000000 8.287500 -47.868504 -0.003675 1.250000 2.968950 0.243425 98989.dat
9 0 1.000000 0.000000 0.000000 0.000000 0.707107 -0.707107 0.000000 0.707107 0.707107 8.287500 -45.563751 -5.567500 1.250000 2.968950 0.243425 98989.dat
9 0 1.000000 0.000000 0.000000 0.000000 1.000000 0.000000 0.000000 0.000000 1.000000 8.287500 -40.000004 -7.872100 1.250000 2.968950 0.243425 98989.dat
9 0 1.000000 0.000000 0.000000 0.000000 -1.000000 -0.000000 0.000000 0.000000 -1.000000 8.287500 -40.000004 7.864725 1.250000 2.968950 0.243425 98989.dat
9 0 1.000000 0.000000 0.000000 0.000000 -0.707107 -0.707107 0.000000 0.707107 -0.707107 8.287500 -45.563751 5.560125 1.250000 2.968950 0.243425 98989.dat
9 0 1.000000 0.000000 0.000000 0.000000 1.000000 0.000000 0.000000 0.000000 1.000000 8.287500 -30.187500 -0.003225 1.250000 2.187500 8.998625 98989.dat
9 0 1.000000 0.000000 0.000000 0.000000 1.000000 0.000000 0.000000 0.000000 1.000000 8.287500 -13.911249 8.502774 1.250000 25.835249 0.499100 98989.dat
9 0 -1.000000 0.000000 -0.000000 0.000000 1.000000 0.000000 0.000000 0.000000 -1.000000 -8.287499 9.962026 -0.003700 1.250000 1.962050 8.998175 98989.dat
9 0 -1.000000 0.000000 -0.000000 0.000000 1.000000 0.000000 0.000000 0.000000 -1.000000 -8.287499 -13.911249 -8.502775 1.250000 25.835249 0.499100 98989.dat
9 0 -1.000000 -0.000000 -0.000000 0.000000 0.000000 -1.000000 0.000000 -1.000000 0.000000 -8.287499 -47.868504 -0.003675 1.250000 2.968950 0.243425 98989.dat
9 0 -1.000000 -0.000000 -0.000000 0.000000 0.707108 -0.707106 0.000000 -0.707106 -0.707108 -8.287499 -45.563751 -5.567500 1.250000 2.968950 0.243425 98989.dat
9 0 -1.000000 0.000000 -0.000000 0.000000 1.000000 0.000000 0.000000 0.000000 -1.000000 -8.287499 -40.000004 -7.872100 1.250000 2.968950 0.243425 98989.dat
9 0 -1.000000 0.000000 0.000000 -0.000000 -1.000000 0.000000 0.000000 0.000000 1.000000 -8.287499 -40.000004 7.864725 1.250000 2.968950 0.243425 98989.dat
9 0 -1.000000 0.000000 0.000000 -0.000000 -0.707108 -0.707106 -0.000000 -0.707106 0.707108 -8.287499 -45.563751 5.560125 1.250000 2.968950 0.243425 98989.dat
9 0 -1.000000 0.000000 -0.000000 0.000000 1.000000 0.000000 0.000000 0.000000 -1.000000 -8.287499 -30.187500 -0.003225 1.250000 2.187500 8.998625 98989.dat
9 0 -1.000000 0.000000 -0.000000 0.000000 1.000000 0.000000 0.000000 0.000000 -1.000000 -8.287499 -13.911249 8.502774 1.250000 25.835249 0.499100 98989.dat
10 0 -10.000000 -10.000000 -20.000000 30.000002 69.250000 0.003800 98989.dat
0 4 -0.000000 1.000000 0.000000 -1.000000 -0.000000 0.000000 0.000000 0.000000 1.000000 -10.000000 -39.996498 -0.003675 0 0 0.800000 0 0 98989.dat
0 2 -0.000000 1.000000 -0.000000 0.000000 -0.000000 -1.000000 -1.000000 0.000000 -0.000000 -10.000000 20.000000 -10.000000 0 0 0.800000 0 0 98989.dat
0 2 -0.000000 1.000000 -0.000000 0.000000 -0.000000 -1.000000 -1.000000 0.000000 -0.000000 10.000000 20.000000 -10.000000 0 0 0.800000 0 0 98989.dat
0 2 -0.000000 0.000000 1.000000 1.000000 -0.000000 0.000000 0.000000 1.000000 -0.000000 9.787499 -0.000025 0.000000 0 0 0.800000 0 0 98989.dat
0 2 -0.000000 0.000000 1.000000 1.000000 -0.000000 0.000000 0.000000 1.000000 -0.000000 9.787499 -20.000000 0.000000 0 0 0.800000 0 0 98989.dat
2 22 1.000000 0.000000 0.000000 0.000000 -0.000000 -1.000000 0.000000 1.000000 -0.000000 -20.000000 30.000002 -10.000000 2 4 22:1:1,22:2:1,22:2:1,22:2:1,22:1:1,22:2:1,16:4:64,22:2:1,16:4:64,22:2:1,22:1:1,22:2:1,22:2:1,22:2:1,22:1:1, 98989.dat
2 22 -1.000000 0.000000 -0.000000 -0.000000 0.000000 1.000000 0.000000 1.000000 0.000000 20.000002 30.000002 10.000000 2 4 22:1:1,22:2:1,22:2:1,22:2:1,22:1:1,22:2:1,16:4:64,22:2:1,16:4:64,22:2:1,22:1:1,22:2:1,22:2:1,22:2:1,22:1:1, 98989.dat
2 22 -0.000000 1.000000 0.000000 -1.000000 -0.000000 0.000000 0.000000 0.000000 1.000000 -10.000000 -30.000002 10.000000 2 4 22:1:1,22:2:1,22:2:1,22:2:1,22:1:1,22:2:1,16:4:64,22:2:1,16:4:64,22:2:1,22:1:1,22:2:1,22:2:1,22:2:1,22:1:1, 98989.dat
2 22 0.000000 1.000000 -0.000000 1.000000 0.000000 0.000000 0.000000 -0.000000 -1.000000 10.000000 -30.000002 -10.000000 2 4 22:1:1,22:2:1,22:2:1,22:2:1,22:1:1,22:2:1,16:4:64,22:2:1,16:4:64,22:2:1,22:1:1,22:2:1,22:2:1,22:2:1,22:1:1, 98989.dat
