9 0 1.000000 0.000000 0.000000 0.000000 1.000000 0.000000 0.000000 0.000000 1.000000 0.000000 7.378675 18.187500 5.652550 2.133850 3.887500 99009.dat
9 0 1.000000 0.000000 0.000000 0.000000 1.000000 0.000000 0.000000 0.000000 1.000000 0.000000 2.828675 23.309099 6.648800 6.683825 0.734100 99009.dat
9 0 0.707107 0.000000 0.707107 0.000000 1.000000 0.000000 -0.707107 0.000000 0.707107 -16.482025 2.828675 16.482025 9.000125 6.683825 0.734100 99009.dat
9 0 -0.000000 0.000000 1.000000 0.000000 1.000000 0.000000 -1.000000 0.000000 -0.000000 -23.309099 2.828675 0.000000 9.000125 6.683825 0.734100 99009.dat
9 0 -0.707107 0.000000 0.707107 0.000000 1.000000 0.000000 -0.707107 0.000000 -0.707107 -16.482025 2.828675 -16.482025 9.000125 6.683825 0.734100 99009.dat
9 0 -1.000000 0.000000 -0.000000 0.000000 1.000000 0.000000 0.000000 0.000000 -1.000000 0.000000 2.828675 -23.309099 9.000125 6.683825 0.734100 99009.dat
9 0 -0.707107 0.000000 -0.707107 0.000000 1.000000 0.000000 0.707107 0.000000 -0.707107 16.482025 2.828675 -16.482025 9.000125 6.683825 0.734100 99009.dat
9 0 -0.000000 0.000000 -1.000000 0.000000 1.000000 0.000000 1.000000 0.000000 -0.000000 23.309099 2.828675 0.000000 9.000125 6.683825 0.734100 99009.dat
9 0 0.707107 0.000000 -0.707107 0.000000 1.000000 0.000000 0.707107 0.000000 0.707107 16.482025 2.828675 16.482025 9.000125 6.683825 0.734100 99009.dat
9 0 1.000000 0.000000 0.000000 0.000000 1.000000 0.000000 0.000000 0.000000 1.000000 0.000000 2.828675 23.309099 9.000125 6.683825 0.734100 99009.dat
9 0 1.000000 0.000000 0.000000 0.000000 1.000000 0.000000 0.000000 0.000000 1.000000 0.000000 3.878675 12.300000 9.750000 5.633825 1.500000 99009.dat
9 0 0.707107 0.000000 0.707107 0.000000 1.000000 0.000000 -0.707107 0.000000 0.707107 -11.443749 3.878675 11.243751 2.755200 5.633825 0.713425 99009.dat
9 0 -0.000000 0.000000 1.000000 0.000000 1.000000 0.000000 -1.000000 0.000000 -0.000000 -12.412499 3.878675 0.000000 9.750000 5.633825 1.387500 99009.dat
9 0 -0.707107 0.000000 0.707107 0.000000 1.000000 0.000000 -0.707107 0.000000 -0.707107 -11.243751 3.878675 -11.443749 2.755200 5.633825 0.713425 99009.dat
9 0 -1.000000 0.000000 -0.000000 0.000000 1.000000 0.000000 0.000000 0.000000 -1.000000 0.000000 3.878675 -12.500000 9.750000 5.633825 1.300000 99009.dat
9 0 -0.707107 0.000000 -0.707107 0.000000 1.000000 0.000000 0.707107 0.000000 -0.707107 11.443749 3.878675 -11.243751 2.755200 5.633825 0.713425 99009.dat
9 0 -0.000000 0.000000 -1.000000 0.000000 1.000000 0.000000 1.000000 0.000000 -0.000000 12.412499 3.878675 0.000000 9.750000 5.633825 1.387500 99009.dat
9 0 0.707107 0.000000 -0.707107 0.000000 1.000000 0.000000 0.707107 0.000000 0.707107 11.243751 3.878675 11.443749 2.755200 5.633825 0.713425 99009.dat
9 0 1.000000 0.000000 0.000000 0.000000 1.000000 0.000000 0.000000 0.000000 1.000000 0.000000 8.003675 15.354549 15.988951 1.508850 4.554550 99009.dat
9 0 -0.000000 0.000000 1.000000 0.000000 1.000000 0.000000 -1.000000 0.000000 -0.000000 -15.467051 8.003675 0.000000 15.988951 1.508850 4.442050 99009.dat
9 0 -1.000000 0.000000 -0.000000 0.000000 1.000000 0.000000 0.000000 0.000000 -1.000000 0.000000 8.003675 -15.554550 15.988951 1.508850 4.354550 99009.dat
9 0 -0.000000 0.000000 -1.000000 0.000000 1.000000 0.000000 1.000000 0.000000 -0.000000 15.467051 8.003675 0.000000 15.988951 1.508850 4.442050 99009.dat
9 0 1.000000 0.000000 0.000000 0.000000 1.000000 0.000000 0.000000 0.000000 1.000000 19.665600 11.006250 -0.200000 8.640600 0.993750 9.550000 99009.dat
9 0 1.000000 0.000000 0.000000 0.000000 1.000000 0.000000 0.000000 0.000000 1.000000 28.512499 15.905375 -0.200000 0.512500 5.892875 7.130450 99009.dat
9 0 1.000000 0.000000 0.000000 0.000000 1.000000 0.000000 0.000000 0.000000 1.000000 11.512500 15.008725 -0.200000 0.487500 4.996225 9.550000 99009.dat
9 0 -0.000000 -1.000000 0.000000 1.000000 -0.000000 0.000000 0.000000 0.000000 1.000000 20.000824 28.409000 -0.200000 0.153225 2.875000 9.550000 99009.dat
9 0 -0.707107 -0.707107 0.000000 0.707107 -0.707107 0.000000 0.000000 0.000000 1.000000 25.766500 26.020750 -0.200000 0.153225 2.875000 9.550000 99009.dat
9 0 0.707107 -0.707107 0.000000 0.707107 0.707107 0.000000 0.000000 0.000000 1.000000 14.235049 26.020750 -0.200000 0.153225 2.875000 9.550000 99009.dat
9 0 1.000000 0.000000 0.000000 0.000000 1.000000 0.000000 0.000000 0.000000 1.000000 11.846775 20.254950 -0.200000 0.153225 2.875000 9.550000 99009.dat
9 0 -1.000000 0.000000 -0.000000 0.000000 1.000000 0.000000 0.000000 0.000000 -1.000000 -19.665600 11.006250 -0.200000 8.640600 0.993750 9.550000 99009.dat
9 0 -1.000000 0.000000 -0.000000 0.000000 1.000000 0.000000 0.000000 0.000000 -1.000000 -28.512499 15.905375 -0.200000 0.512500 5.892875 7.130450 99009.dat
9 0 -1.000000 0.000000 -0.000000 0.000000 1.000000 0.000000 0.000000 0.000000 -1.000000 -11.512500 15.008725 -0.200000 0.487500 4.996225 9.550000 99009.dat
9 0 0.000000 -1.000000 -0.000000 -1.000000 0.000000 -0.000000 0.000000 0.000000 -1.000000 -20.000824 28.409000 -0.200000 0.153225 2.875000 9.550000 99009.dat
9 0 0.707108 -0.707106 -0.000000 -0.707106 -0.707108 -0.000000 0.000000 0.000000 -1.000000 -25.766500 26.020750 -0.200000 0.153225 2.875000 9.550000 99009.dat
9 0 -0.707108 -0.707106 -0.000000 -0.707106 0.707108 -0.000000 0.000000 0.000000 -1.000000 -14.235049 26.020750 -0.200000 0.153225 2.875000 9.550000 99009.dat
9 0 -1.000000 0.000000 -0.000000 0.000000 1.000000 0.000000 0.000000 0.000000 -1.000000 -11.846775 20.254950 -0.200000 0.153225 2.875000 9.550000 99009.dat
10 0 -30.000002 -30.000002 -26.495001 30.000002 4.105175 26.495001 99009.dat
0 2 -0.000000 1.000000 -0.000000 0.000000 -0.000000 -1.000000 -1.000000 0.000000 -0.000000 20.000824 20.000000 -10.000000 0 0 0.800000 0 0 99009.dat
0 2 -0.000000 1.000000 -0.000000 0.000000 -0.000000 -1.000000 -1.000000 0.000000 -0.000000 -20.000000 20.000000 -10.000000 0 0 0.800000 0 0 99009.dat
2 22 1.000000 0.000000 0.000000 0.000000 -0.000000 -1.000000 0.000000 1.000000 -0.000000 10.000000 30.000002 -10.000000 2 2 22:1:1,22:2:1,22:1:1,22:2:1,16:4:64,22:2:1,22:1:1,22:2:1,22:1:1, 99009.dat
2 22 1.000000 0.000000 0.000000 0.000000 -0.000000 -1.000000 0.000000 1.000000 -0.000000 -30.000002 30.000002 -10.000000 2 2 22:1:1,22:2:1,22:1:1,22:2:1,16:4:64,22:2:1,22:1:1,22:2:1,22:1:1, 99009.dat
2 22 -1.000000 0.000000 -0.000000 -0.000000 0.000000 1.000000 0.000000 1.000000 0.000000 -10.000000 30.000002 10.000000 2 2 22:1:1,22:2:1,22:1:1,22:2:1,16:4:64,22:2:1,22:1:1,22:2:1,22:1:1, 99009.dat
2 22 -1.000000 0.000000 -0.000000 -0.000000 0.000000 1.000000 0.000000 1.000000 0.000000 30.000002 30.000002 10.000000 2 2 22:1:1,22:2:1,22:1:1,22:2:1,16:4:64,22:2:1,22:1:1,22:2:1,22:1:1, 99009.dat
6 177 1.000000 0.000000 0.000000 0.000000 1.000000 0.000000 0.000000 0.000000 1.000000 0.000000 8.000000 0.000000 0.000000 0.000000 0.000000 0.000000 1 99009.dat
