9 0 0.000001 -0.000001 -1.000000 1.000000 0.000001 0.000001 0.000001 -1.000000 0.000001 3.506984 20.193750 -3.600042 1.100050 1.006975 9.556251 99012.dat
9 0 0.000001 -0.000001 -1.000000 1.000000 0.000001 0.000001 0.000001 -1.000000 0.000001 7.147351 28.551006 0.000006 4.088075 0.772325 1.199000 99012.dat
9 0 0.000001 -0.000001 -1.000000 1.000000 0.000001 0.000001 0.000001 -1.000000 0.000001 6.585457 18.874981 0.000011 1.651075 0.210450 10.875025 99012.dat
9 0 0.000001 -0.000001 -1.000000 1.000000 0.000001 0.000001 0.000001 -1.000000 0.000001 -4.868690 -61.952507 0.000052 1.429250 13.868751 41.599499 99012.dat
9 0 -1.000000 -0.000001 -0.000001 0.000001 -0.000001 -1.000000 0.000001 -1.000000 0.000001 -3.600042 20.193747 -3.506972 1.100050 1.006975 9.556251 99012.dat
9 0 -1.000000 -0.000001 -0.000001 0.000001 -0.000001 -1.000000 0.000001 -1.000000 0.000001 0.000006 28.550997 -7.147349 4.088075 0.772325 1.199000 99012.dat
9 0 -0.000001 0.000001 1.000000 -1.000000 -0.000001 -0.000001 0.000001 -1.000000 0.000001 -3.506971 20.193750 3.600054 1.100050 1.006975 9.556251 99012.dat
9 0 -0.000001 0.000001 1.000000 -1.000000 -0.000001 -0.000001 0.000001 -1.000000 0.000001 -7.147349 28.550997 -0.000004 4.088075 0.772325 1.199000 99012.dat
9 0 -0.000001 0.000001 1.000000 -1.000000 -0.000001 -0.000001 0.000001 -1.000000 0.000001 -6.585442 18.874971 0.000002 1.651075 0.210450 10.875025 99012.dat
9 0 1.000000 0.000001 0.000001 -0.000001 0.000001 1.000000 0.000001 -1.000000 0.000001 3.600054 20.193756 3.506984 1.100050 1.006975 9.556251 99012.dat
9 0 1.000000 0.000001 0.000001 -0.000001 0.000001 1.000000 0.000001 -1.000000 0.000001 -0.000004 28.551006 7.147351 4.088075 0.772325 1.199000 99012.dat
9 0 0.000001 -0.000001 -1.000000 1.000000 0.000001 0.000001 0.000001 -1.000000 0.000001 7.147365 7.068656 0.000018 3.676025 0.772325 5.779350 99012.dat
9 0 -0.866025 -0.000001 -0.500001 0.500001 -0.000000 -0.866025 0.000001 -1.000000 0.000001 3.667017 10.423975 -6.351436 3.676025 0.585650 2.424000 99012.dat
9 0 -0.866026 -0.000000 0.499999 -0.499999 -0.000001 -0.866026 0.000001 -1.000000 0.000001 -3.666983 10.423970 -6.351440 3.676025 0.585650 2.424000 99012.dat
9 0 -0.000001 0.000001 1.000000 -1.000000 -0.000001 -0.000001 0.000001 -1.000000 0.000001 -7.147335 7.068647 0.000009 3.676025 0.772325 5.779350 99012.dat
9 0 0.866025 0.000001 0.500001 -0.500001 0.000000 0.866025 0.000001 -1.000000 0.000001 -3.666991 10.423978 6.351460 3.676025 0.585650 2.424000 99012.dat
9 0 0.866026 0.000000 -0.499999 0.499999 0.000001 0.866026 0.000001 -1.000000 0.000001 3.667008 10.423983 6.351464 3.676025 0.585650 2.424000 99012.dat
9 0 0.000001 -0.000001 -1.000000 1.000000 0.000001 0.000001 0.000001 -1.000000 0.000001 0.000014 8.299576 0.000013 5.989300 5.989300 1.337925 99012.dat
9 0 0.000001 -0.000001 -1.000000 1.000000 0.000001 0.000001 0.000001 -1.000000 0.000001 8.178045 0.000006 -0.999977 8.750000 0.178050 2.382150 99012.dat
9 0 0.000001 -0.000001 -1.000000 1.000000 0.000001 0.000001 0.000001 -1.000000 0.000001 0.149157 -19.375000 0.000030 3.012175 8.017850 12.875000 99012.dat
9 0 0.000001 -0.000001 -1.000000 0.691013 0.722843 0.000000 0.722843 -0.691013 0.000001 -5.429542 -19.778002 0.000026 1.624525 9.353675 8.545176 99012.dat
9 0 0.000001 -0.000001 -1.000000 0.534330 0.845276 -0.000000 0.845276 -0.534330 0.000001 -5.611356 -113.848259 0.000082 1.426350 12.834024 8.545176 99012.dat
9 0 0.000001 -0.000001 -1.000000 -0.000001 1.000000 -0.000001 1.000000 0.000001 0.000001 -10.192235 -107.787750 0.000075 1.378525 12.834024 8.545176 99012.dat
9 0 0.000001 -0.000001 -1.000000 0.500001 -0.866025 0.000001 -0.866025 -0.500001 -0.000000 4.089050 -7.082495 -0.999975 8.750000 0.178050 2.382150 99012.dat
9 0 0.000001 -0.000001 -1.000000 -0.499999 -0.866026 0.000000 -0.866026 0.500000 -0.000001 -4.089000 -7.082501 -0.999981 8.750000 0.178050 2.382150 99012.dat
9 0 0.000001 -0.000001 -1.000000 -1.000000 -0.000001 -0.000001 -0.000001 1.000000 -0.000001 -8.178004 -0.000006 -0.999988 8.750000 0.178050 2.382150 99012.dat
9 0 0.000001 -0.000001 -1.000000 -0.500001 0.866025 -0.000001 0.866025 0.500001 0.000000 -4.089009 7.082373 -0.999989 8.750000 0.178050 2.382150 99012.dat
9 0 0.000001 -0.000001 -1.000000 0.499999 0.866026 -0.000000 0.866026 -0.499999 0.000001 4.089041 7.082377 -0.999983 8.750000 0.178050 2.382150 99012.dat
10 0 -10.000000 -10.000000 -159.262497 10.000000 19.692101 0.000000 99012.dat
0 2 1.000000 0.000001 0.000001 0.000001 -0.000001 -1.000000 -0.000001 1.000000 -0.000001 0.000026 -0.000006 -9.999982 0 0 0.800000 0 0 99012.dat
0 4 1.000000 0.000001 0.000001 -0.000001 1.000000 -0.000001 -0.000001 0.000001 1.000000 0.000000 30.000002 0.000000 0 0 0.800000 0 0 99012.dat
2 22 0.000001 -1.000000 0.000001 0.000001 -0.000001 -1.000000 1.000000 0.000001 0.000001 10.000020 10.000001 -9.999982 2 2 22:1:1,22:2:1,22:1:1,22:2:1,16:4:64,22:2:1,22:1:1,22:2:1,22:1:1, 99012.dat
2 22 0.000001 -1.000000 0.000001 -0.000001 0.000001 1.000000 -1.000000 -0.000001 -0.000001 -9.999993 10.000001 10.000006 2 2 22:1:1,22:2:1,22:1:1,22:2:1,16:4:64,22:2:1,22:1:1,22:2:1,22:1:1, 99012.dat
