9 0 1.000000 0.000000 0.000000 0.000000 1.000000 0.000000 0.000000 0.000000 1.000000 0.000000 -5.115300 0.478575 10.571199 4.865300 10.810800 99243.dat
9 0 1.000000 0.000000 0.000000 0.000000 0.988524 0.151063 0.000000 -0.151063 0.988524 0.000000 -4.289875 -20.084475 5.101725 3.310475 9.566125 99243.dat
9 0 1.000000 0.000000 0.000000 0.000000 0.999925 0.012221 0.000000 -0.012221 0.999925 0.000000 21.215551 -16.902176 5.551675 2.990500 3.401475 99243.dat
9 0 1.000000 0.000000 0.000000 0.000000 0.951662 -0.307147 0.000000 0.307147 0.951662 0.000000 -20.040150 9.348475 3.224525 13.939425 15.166475 99243.dat
9 0 0.819854 -0.175863 -0.544895 0.319648 0.930137 0.180747 0.475041 -0.322361 0.818792 7.080550 -4.824375 24.478901 2.744200 19.225325 11.159025 99243.dat
9 0 0.819855 -0.175863 -0.544895 -0.066439 0.916014 -0.395607 0.568704 0.360542 0.739314 9.870150 15.216875 25.316250 0.781225 12.859100 11.158999 99243.dat
9 0 -0.660245 0.068215 0.747947 0.097991 0.995178 -0.004263 -0.744631 0.070477 -0.663745 9.970350 8.155525 10.574300 6.545500 14.903026 1.009025 99243.dat
9 0 0.118090 -0.087627 0.989129 0.176206 0.982140 0.065971 -0.977244 0.166499 0.131422 14.453925 6.458425 1.586850 6.545500 14.903026 0.801300 99243.dat
9 0 0.370453 -0.180926 0.911060 0.357352 0.933113 0.040000 -0.857359 0.310751 0.410329 8.822200 -1.454125 -9.951400 8.550725 2.990500 0.801300 99243.dat
9 0 0.615699 -0.015227 0.787834 -0.068930 0.994940 0.073099 -0.784961 -0.099313 0.611534 10.298075 20.261126 -9.822175 8.550725 2.990500 0.801300 99243.dat
9 0 0.005231 0.041087 0.999142 0.955858 0.293333 -0.017067 -0.293783 0.955127 -0.037739 19.816776 23.819574 4.521925 6.545500 6.303650 1.641600 99243.dat
9 0 -0.819855 -0.175863 -0.544895 -0.319648 0.930138 0.180746 0.475041 0.322360 -0.818792 -7.080550 -4.824375 24.478901 2.744200 19.225325 11.159025 99243.dat
9 0 -0.819854 -0.175864 -0.544895 0.066439 0.916014 -0.395606 0.568704 -0.360542 -0.739314 -9.870150 15.216875 25.316250 0.781225 12.859100 11.158999 99243.dat
9 0 0.660245 0.068215 0.747946 -0.097990 0.995178 -0.004263 -0.744631 -0.070477 0.663746 -9.970350 8.155525 10.574300 6.545500 14.903026 1.009025 99243.dat
9 0 -0.118090 -0.087626 0.989129 -0.176206 0.982140 0.065970 -0.977244 -0.166500 -0.131422 -14.453925 6.458425 1.586850 6.545500 14.903026 0.801300 99243.dat
9 0 -0.370452 -0.180927 0.911060 -0.357352 0.933113 0.040001 -0.857359 -0.310751 -0.410328 -8.822200 -1.454125 -9.951400 8.550725 2.990500 0.801300 99243.dat
9 0 -0.615699 -0.015226 0.787834 0.068931 0.994940 0.073099 -0.784961 0.099313 -0.611534 -10.298075 20.261126 -9.822175 8.550725 2.990500 0.801300 99243.dat
9 0 -0.005231 0.041086 0.999142 -0.955858 0.293332 -0.017067 -0.293782 -0.955127 0.037738 -19.816776 23.819574 4.521925 6.545500 6.303650 1.641600 99243.dat
10 0 -28.624252 -33.352749 -39.078999 28.624252 37.964001 30.041000 99243.dat
2 22 1.000000 0.000000 0.000000 0.000000 1.000000 0.000000 0.000000 0.000000 1.000000 -10.000000 0.000000 10.000000 2 2 29:0:0,29:0:0,29:0:0,29:0:0,5:4:34,29:0:0,29:0:0,29:0:0,29:0:0, 99243.dat
