9 0 -0.707107 0.000000 -0.707107 0.000000 1.000000 0.000000 0.707107 0.000000 -0.707107 0.000000 -13.124999 0.000000 2.578425 12.875000 2.578425 99253.dat
9 0 -0.707107 0.000000 -0.707107 0.000000 1.000000 0.000000 0.707107 0.000000 -0.707107 0.000000 -39.791500 0.000000 1.694550 13.291475 1.694550 99253.dat
9 0 -0.981081 0.069882 0.180545 0.191080 0.199601 0.961066 0.031124 0.977382 -0.209178 -2.601846 -56.825249 -12.758401 1.480550 13.291475 1.480550 99253.dat
9 0 -0.649637 -0.279234 -0.707107 -0.394897 0.918725 0.000000 0.649637 0.279235 -0.707107 -0.339025 -52.198498 -0.149725 3.263775 0.955650 3.263775 99253.dat
9 0 -0.856740 0.111532 0.503545 0.513895 0.267318 0.815140 -0.043692 0.957132 -0.286338 -8.766364 -61.102001 -31.963253 1.480550 7.866350 1.480550 99253.dat
9 0 -0.147524 0.063675 0.987007 0.842786 0.530371 0.091752 -0.517637 0.845371 -0.131907 -19.370512 -67.307503 -39.077507 1.480550 7.866350 1.480550 99253.dat
9 0 0.795321 0.217136 0.565966 0.500405 0.291791 -0.815139 -0.342140 0.931510 0.123412 -30.887239 -74.112747 -31.773508 1.480550 10.313625 1.480550 99253.dat
9 0 0.939350 0.342851 -0.008634 -0.017029 0.021482 -0.999624 -0.342537 0.939144 0.026017 -35.798244 -76.989502 -11.197087 1.480550 12.883475 1.480550 99253.dat
9 0 0.687888 0.265735 -0.675422 -0.589208 -0.338963 -0.733443 -0.423844 0.902490 -0.076596 -29.657503 -73.733253 8.682515 1.480550 10.770000 1.480550 99253.dat
9 0 0.122321 -0.026758 -0.992130 -0.858358 -0.504696 -0.092217 -0.498257 0.862882 -0.084703 -16.855957 -66.211998 16.999670 1.480550 8.389650 1.480550 99253.dat
9 0 -0.561700 -0.399236 -0.724640 -0.614069 -0.385789 0.688540 -0.554448 0.831732 -0.028461 -5.415654 -59.216999 12.407848 1.480550 8.389650 1.480550 99253.dat
10 0 -4.632775 0.000000 -42.446751 39.269249 79.892746 20.071800 99253.dat
2 22 -1.000000 0.000000 -0.000000 0.000000 1.000000 0.000000 0.000000 0.000000 -1.000000 10.000003 0.000000 -9.999997 2 2 29:0:0,29:0:0,29:0:0,29:0:0,9:4:32,29:0:0,29:0:0,29:0:0,29:0:0, 99253.dat
0 7 0.000000 0.000000 -1.000000 0.000000 1.000000 0.000000 1.000000 0.000000 0.000000 0.000000 0.000000 0.000000 0 0 1.050000 0 0 99253.dat
