9 0 -0.978148 -0.207912 -0.000000 -0.147015 0.691655 -0.707107 0.147016 -0.691655 -0.707107 -20.938074 -27.492500 -0.000007 37.250000 2.578425 2.578425 99809.dat
9 0 -0.978148 -0.207912 -0.000000 -0.147015 0.691655 -0.707107 0.147016 -0.691655 -0.707107 -19.251024 -23.044600 -0.000006 19.411499 2.578425 2.578425 99809.dat
9 0 -0.707107 0.000000 -0.707107 0.000000 1.000000 0.000000 0.707107 0.000000 -0.707107 0.000000 -10.500000 0.000000 2.578425 10.250000 2.578425 99809.dat
9 0 -0.707106 0.707107 -0.000000 -0.000000 0.000000 1.000000 0.707107 0.707106 0.000000 0.000000 -21.000000 0.000000 1.517775 3.875000 1.517775 99809.dat
9 0 -0.838670 0.544639 -0.000000 -0.000000 0.000000 1.000000 0.544639 0.838671 0.000000 -11.059725 -23.347450 -0.484754 2.049650 3.512650 2.048675 99809.dat
9 0 -0.978148 -0.207912 -0.000000 -0.207912 0.978148 -0.000000 0.000000 0.000000 -1.000000 -13.145849 -23.794050 -2.997379 1.884900 3.000800 1.000000 99809.dat
9 0 -0.978148 -0.207912 -0.000000 -0.207912 0.978148 -0.000000 0.000000 0.000000 -1.000000 -7.040450 -17.146975 -0.000002 6.624774 3.000800 1.625000 99809.dat
9 0 -0.730227 0.683205 -0.000000 0.683205 0.730227 0.000000 0.000000 0.000000 -1.000000 -7.229825 -18.286224 -0.000002 6.624774 2.516300 1.625000 99809.dat
9 0 -0.232357 0.972631 -0.000000 0.972631 0.232357 0.000000 0.000000 0.000000 -1.000000 -5.091925 -17.379025 -0.000002 6.624774 3.523975 1.625000 99809.dat
9 0 -0.925255 0.379345 -0.000000 0.379345 0.925255 0.000000 0.000000 0.000000 -1.000000 21.993700 -23.717424 0.000007 6.199150 1.165775 2.750000 99809.dat
9 0 -0.867452 -0.497521 -0.000000 -0.497521 0.867452 -0.000000 0.000000 0.000000 -1.000000 22.858601 -20.551600 0.000007 2.229150 4.342025 2.750000 99809.dat
9 0 0.322659 -0.946515 0.000000 -0.946515 -0.322659 -0.000000 0.000000 0.000000 -1.000000 19.916750 -17.880325 0.000006 2.485900 4.342025 2.750000 99809.dat
9 0 0.207912 -0.978148 0.000000 -0.978148 -0.207912 -0.000000 0.000000 0.000000 -1.000000 -19.048300 -25.532249 -2.000006 4.725525 3.750000 2.750000 99809.dat
9 0 0.207912 -0.978148 0.000000 -0.978148 -0.207912 -0.000000 0.000000 0.000000 -1.000000 -20.289000 -19.695326 -0.000007 0.741875 3.750000 2.250000 99809.dat
9 0 0.207912 -0.978148 0.000000 -0.978148 -0.207912 -0.000000 0.000000 0.000000 -1.000000 -17.641924 -32.148998 -0.000006 4.725525 3.750000 3.955450 99809.dat
9 0 0.207912 -0.978148 0.000000 -0.978148 -0.207912 -0.000000 0.000000 0.000000 -1.000000 -15.819248 -40.723999 -5.170030 3.835225 3.750000 0.920025 99809.dat
9 0 0.207912 -0.978148 0.000000 -0.978148 -0.207912 -0.000000 0.000000 0.000000 -1.000000 -15.819252 -40.723999 5.170020 3.835225 3.750000 0.920025 99809.dat
10 0 -28.636751 0.000000 -7.623800 58.450253 45.755249 7.623800 99809.dat
0 6 -0.207912 0.978148 -0.000000 0.978148 0.207912 0.000000 0.000000 0.000000 -1.000000 -11.833125 -40.189499 -0.000004 0 0 0.320404 1 0 99809.dat
0 7 -0.207912 0.978148 -0.000000 0.978148 0.207912 0.000000 0.000000 0.000000 -1.000000 -22.643951 -27.855249 -0.000007 1 0 1.430240 0 0 99809.dat
0 7 -0.207912 0.978148 -0.000000 0.978148 0.207912 0.000000 0.000000 0.000000 -1.000000 -23.475574 -23.942575 -0.000008 1 0 0.613702 0 0 99809.dat
0 7 -0.207912 0.978148 -0.000000 0.978148 0.207912 0.000000 0.000000 0.000000 -1.000000 15.133275 -19.825350 0.000005 1 1 0.924056 0 1 99809.dat
0 7 -1.000000 0.000000 -0.000000 0.000000 1.000000 0.000000 0.000000 0.000000 -1.000000 0.000000 0.000000 0.000000 0 1 0.724098 0 0 99809.dat
2 22 -1.000000 0.000000 -0.000000 0.000000 1.000000 0.000000 0.000000 0.000000 -1.000000 10.000003 0.000000 -9.999997 2 2 29:0:0,29:0:0,29:0:0,29:0:0,9:4:32,29:0:0,29:0:0,29:0:0,29:0:0, 99809.dat
2 22 0.207912 -0.978148 0.000000 -0.978148 -0.207912 -0.000000 0.000000 0.000000 -1.000000 -59.697742 -25.507751 -10.000019 2 2 29:0:0,29:0:0,29:0:0,29:0:0,9:4:32,29:0:0,29:0:0,29:0:0,29:0:0, 99809.dat
