9 0 -0.009725 0.939689 -0.341891 0.690177 -0.241099 -0.682295 -0.723575 -0.242600 -0.646208 -0.001528 17.647648 -3.553720 7.407125 2.578425 2.578425 x156.dat
9 0 -0.017518 0.755562 -0.654843 0.693734 -0.462458 -0.552145 -0.720018 -0.463959 -0.516058 -0.220757 29.134434 -11.664374 2.251475 4.081025 4.081025 x156.dat
9 0 -0.000649 0.999869 0.016157 0.688823 0.012160 -0.724828 -0.724929 0.010659 -0.688740 0.100784 3.301847 -0.142297 2.251475 4.081025 4.081025 x156.dat
10 0 -23.171326 -7.500000 -11.899200 22.406750 7.500000 6.235800 x156.dat
3 23 -0.999674 -0.001061 0.025518 -0.000649 0.999869 0.016157 -0.025531 0.016136 -0.999544 9.843831 0.972687 -10.433331 2 2 29:0:0,29:0:0,29:0:0,29:0:0,1:4:34,29:0:0,29:0:0,29:0:0,29:0:0, x156.dat
3 23 0.999674 0.001061 -0.025518 0.017518 -0.755562 0.654843 -0.018585 -0.655076 -0.755334 -10.447166 24.463060 -20.600603 2 2 29:0:0,29:0:0,29:0:0,29:0:0,1:4:34,29:0:0,29:0:0,29:0:0,29:0:0, x156.dat
0 7 0.999674 0.001061 -0.025518 0.009725 -0.939689 0.341891 -0.023616 -0.342027 -0.939393 0.048624 12.801552 -1.790546 1 1 0.440908 0 1 x156.dat
9 0 -0.017518 0.755562 -0.654843 0.693734 -0.462458 -0.552145 -0.720018 -0.463959 -0.516058 -0.220757 29.134434 -11.664374 2.251475 4.081025 4.081025 x156.dat
9 0 -0.000649 0.999869 0.016157 0.688823 0.012160 -0.724828 -0.724929 0.010659 -0.688740 0.100784 3.301847 -0.142297 2.251475 4.081025 4.081025 x156.dat
10 0 -23.171326 -7.500000 -11.899200 22.406750 7.500000 6.235800 x156.dat
3 23 -0.999674 -0.001061 0.025518 -0.000649 0.999869 0.016157 -0.025531 0.016136 -0.999544 9.843831 0.972687 -10.433331 2 2 29:0:0,29:0:0,29:0:0,29:0:0,1:4:34,29:0:0,29:0:0,29:0:0,29:0:0, x156.dat
3 23 0.999674 0.001061 -0.025518 0.017518 -0.755562 0.654843 -0.018585 -0.655076 -0.755334 -10.447166 24.463060 -20.600603 2 2 29:0:0,29:0:0,29:0:0,29:0:0,1:4:34,29:0:0,29:0:0,29:0:0,29:0:0, x156.dat