9 0 -1.000000 0.000000 -0.000000 0.000000 -1.000000 -0.000000 -0.000000 -0.000000 1.000000 -0.000004 3.289049 13.785701 6.680525 2.769125 0.634500 x787.dat
9 0 -0.707107 0.000000 -0.707107 0.000000 -1.000000 -0.000000 -0.707107 -0.000000 0.707107 -9.747952 3.289049 9.747947 6.680525 2.769125 0.634500 x787.dat
9 0 0.000000 0.000000 -1.000000 0.000000 -1.000000 -0.000000 -1.000000 0.000000 -0.000000 -13.785701 3.289050 -0.000004 6.680525 2.769125 0.634500 x787.dat
9 0 0.707107 0.000000 -0.707107 0.000000 -1.000000 -0.000000 -0.707107 0.000000 -0.707107 -9.747946 5.914526 -9.747952 6.680525 5.394625 0.634500 x787.dat
9 0 1.000000 -0.000000 0.000000 0.000000 -1.000000 -0.000000 0.000000 0.000000 -1.000000 0.000004 5.914526 -13.785701 6.680525 5.394625 0.634500 x787.dat
9 0 0.707107 -0.000000 0.707107 0.000000 -1.000000 -0.000000 0.707107 0.000000 -0.707107 9.747952 5.914526 -9.747946 6.680525 5.394625 0.634500 x787.dat
9 0 -0.000000 -0.000000 1.000000 0.000000 -1.000000 -0.000000 1.000000 0.000000 0.000000 13.785702 3.289050 0.000005 6.680525 2.769125 0.634500 x787.dat
9 0 -0.707107 -0.000000 0.707107 0.000000 -1.000000 -0.000000 0.707107 -0.000000 0.707107 9.747946 3.289049 9.747953 6.680525 2.769125 0.634500 x787.dat
9 0 -1.000000 0.000000 -0.000000 0.000000 -1.000000 -0.000000 -0.000000 -0.000000 1.000000 -0.000000 -3.019125 0.367750 10.489825 2.769125 9.996824 x787.dat
10 0 -15.555575 -13.063749 -16.269325 15.555575 7.509875 16.102999 x787.dat
2 22 -1.000000 0.000000 -0.000000 0.000000 -1.000000 -0.000000 -0.000000 -0.000000 1.000000 10.000002 0.000001 -9.999997 2 2 29:0:0,29:0:0,29:0:0,29:0:0,15:4:34,29:0:0,29:0:0,29:0:0,29:0:0, x787.dat
